Analysis by Brandon Lampe, performed on: 2016/07/06 15:32:59
Experimental results below begin at: 2016/04/21 16:38:02
Duration (sec),Duration (day),Elapsed Time (sec),Elapsed Time (day),Interpolated Fractional Density,Fit to Fractional Density,Fit to Volume Strain,Fit to Volume Strain Rate (1/sec),Confining Pressure (MPa),Pore Pressure (MPa),Terzaghi Pressure (MPa),Solid Pressure (MPa),Temperature (C))
1.149120e+06,1.330000e+01,0.000000e+00,0.000000e+00,9.472387e-01,9.471567e-01,-8.657618e-05,1.085832e-08,3.800055e+01,8.001264e+00,2.999929e+01,3.967151e+01,1.696000e+02
1.149130e+06,1.330012e+01,1.000068e+01,1.157486e-04,9.472329e-01,9.471568e-01,-8.646759e-05,1.085832e-08,3.800055e+01,8.001516e+00,2.999904e+01,3.967170e+01,1.696000e+02
1.149140e+06,1.330023e+01,2.000136e+01,2.314972e-04,9.472270e-01,9.471569e-01,-8.635900e-05,1.085832e-08,3.800055e+01,8.001769e+00,2.999878e+01,3.967188e+01,1.696000e+02
1.149150e+06,1.330035e+01,3.000204e+01,3.472459e-04,9.472212e-01,9.471570e-01,-8.625040e-05,1.085832e-08,3.800055e+01,8.002021e+00,2.999853e+01,3.967206e+01,1.696000e+02
1.149160e+06,1.330046e+01,4.000272e+01,4.629945e-04,9.472153e-01,9.471571e-01,-8.614181e-05,1.085832e-08,3.800055e+01,8.002273e+00,2.999828e+01,3.967224e+01,1.696000e+02
1.149170e+06,1.330058e+01,5.000340e+01,5.787431e-04,9.472095e-01,9.471572e-01,-8.603322e-05,1.085832e-08,3.800055e+01,8.002526e+00,2.999803e+01,3.967242e+01,1.696000e+02
1.149180e+06,1.330069e+01,6.000409e+01,6.944917e-04,9.472036e-01,9.471573e-01,-8.592463e-05,1.085831e-08,3.800055e+01,8.002778e+00,2.999777e+01,3.967260e+01,1.696000e+02
1.149190e+06,1.330081e+01,7.000477e+01,8.102403e-04,9.471978e-01,9.471574e-01,-8.581604e-05,1.085831e-08,3.800055e+01,8.003031e+00,2.999752e+01,3.967279e+01,1.696000e+02
1.149200e+06,1.330093e+01,8.000545e+01,9.259890e-04,9.471919e-01,9.471575e-01,-8.570745e-05,1.085831e-08,3.800055e+01,8.003283e+00,2.999727e+01,3.967297e+01,1.696000e+02
1.149210e+06,1.330104e+01,9.000613e+01,1.041738e-03,9.471861e-01,9.471576e-01,-8.559886e-05,1.085831e-08,3.800055e+01,8.003535e+00,2.999702e+01,3.967315e+01,1.696000e+02
1.149220e+06,1.330116e+01,1.000068e+02,1.157486e-03,9.471833e-01,9.471577e-01,-8.549027e-05,1.085831e-08,3.800055e+01,8.003788e+00,2.999676e+01,3.967323e+01,1.696000e+02
1.149230e+06,1.330127e+01,1.100075e+02,1.273235e-03,9.471838e-01,9.471578e-01,-8.538168e-05,1.085831e-08,3.800055e+01,8.003793e+00,2.999676e+01,3.967321e+01,1.696039e+02
1.149240e+06,1.330139e+01,1.200082e+02,1.388983e-03,9.471843e-01,9.471579e-01,-8.527309e-05,1.085831e-08,3.800055e+01,8.003793e+00,2.999676e+01,3.967319e+01,1.696080e+02
1.149250e+06,1.330150e+01,1.300089e+02,1.504732e-03,9.471848e-01,9.471580e-01,-8.516450e-05,1.085831e-08,3.800055e+01,8.003793e+00,2.999676e+01,3.967318e+01,1.696120e+02
1.149260e+06,1.330162e+01,1.400095e+02,1.620481e-03,9.471853e-01,9.471582e-01,-8.505591e-05,1.085830e-08,3.800055e+01,8.003793e+00,2.999676e+01,3.967316e+01,1.696160e+02
1.149270e+06,1.330174e+01,1.500102e+02,1.736229e-03,9.471859e-01,9.471583e-01,-8.494732e-05,1.085830e-08,3.800055e+01,8.003793e+00,2.999676e+01,3.967314e+01,1.696200e+02
1.149280e+06,1.330185e+01,1.600109e+02,1.851978e-03,9.471864e-01,9.471584e-01,-8.483873e-05,1.085830e-08,3.800055e+01,8.003793e+00,2.999676e+01,3.967312e+01,1.696240e+02
1.149290e+06,1.330197e+01,1.700116e+02,1.967727e-03,9.471869e-01,9.471585e-01,-8.473014e-05,1.085830e-08,3.800055e+01,8.003793e+00,2.999676e+01,3.967311e+01,1.696280e+02
1.149300e+06,1.330208e+01,1.800123e+02,2.083475e-03,9.471874e-01,9.471586e-01,-8.462155e-05,1.085830e-08,3.800055e+01,8.003793e+00,2.999676e+01,3.967309e+01,1.696321e+02
1.149310e+06,1.330220e+01,1.900129e+02,2.199224e-03,9.471879e-01,9.471587e-01,-8.451296e-05,1.085830e-08,3.800055e+01,8.003793e+00,2.999676e+01,3.967307e+01,1.696361e+02
1.149320e+06,1.330231e+01,2.000136e+02,2.314972e-03,9.471884e-01,9.471588e-01,-8.440437e-05,1.085830e-08,3.800055e+01,8.003793e+00,2.999676e+01,3.967306e+01,1.696401e+02
1.149330e+06,1.330243e+01,2.100143e+02,2.430721e-03,9.471889e-01,9.471589e-01,-8.429578e-05,1.085830e-08,3.800055e+01,8.003793e+00,2.999676e+01,3.967304e+01,1.696441e+02
1.149340e+06,1.330255e+01,2.200150e+02,2.546470e-03,9.471895e-01,9.471590e-01,-8.418719e-05,1.085830e-08,3.800055e+01,8.003793e+00,2.999676e+01,3.967302e+01,1.696481e+02
1.149350e+06,1.330266e+01,2.300157e+02,2.662218e-03,9.471900e-01,9.471591e-01,-8.407860e-05,1.085829e-08,3.800055e+01,8.003793e+00,2.999676e+01,3.967300e+01,1.696522e+02
1.149360e+06,1.330278e+01,2.400163e+02,2.777967e-03,9.471905e-01,9.471592e-01,-8.397001e-05,1.085829e-08,3.800055e+01,8.003793e+00,2.999676e+01,3.967299e+01,1.696562e+02
1.149370e+06,1.330289e+01,2.500170e+02,2.893716e-03,9.471910e-01,9.471593e-01,-8.386142e-05,1.085829e-08,3.800055e+01,8.003793e+00,2.999676e+01,3.967297e+01,1.696602e+02
1.149380e+06,1.330301e+01,2.600177e+02,3.009464e-03,9.471915e-01,9.471594e-01,-8.375282e-05,1.085829e-08,3.800055e+01,8.003793e+00,2.999676e+01,3.967295e+01,1.696642e+02
1.149390e+06,1.330313e+01,2.700184e+02,3.125213e-03,9.471920e-01,9.471595e-01,-8.364423e-05,1.085829e-08,3.800055e+01,8.003793e+00,2.999676e+01,3.967293e+01,1.696682e+02
1.149400e+06,1.330324e+01,2.800191e+02,3.240961e-03,9.471926e-01,9.471596e-01,-8.353564e-05,1.085829e-08,3.800055e+01,8.003793e+00,2.999676e+01,3.967292e+01,1.696723e+02
1.149410e+06,1.330336e+01,2.900197e+02,3.356710e-03,9.471931e-01,9.471597e-01,-8.342705e-05,1.085829e-08,3.800055e+01,8.003793e+00,2.999676e+01,3.967290e+01,1.696763e+02
1.149420e+06,1.330347e+01,3.000204e+02,3.472459e-03,9.471936e-01,9.471598e-01,-8.331846e-05,1.085829e-08,3.800055e+01,8.003793e+00,2.999676e+01,3.967288e+01,1.696803e+02
1.149430e+06,1.330359e+01,3.100211e+02,3.588207e-03,9.471941e-01,9.471599e-01,-8.320987e-05,1.085828e-08,3.800055e+01,8.003793e+00,2.999676e+01,3.967287e+01,1.696843e+02
1.149440e+06,1.330370e+01,3.200218e+02,3.703956e-03,9.471946e-01,9.471600e-01,-8.310128e-05,1.085828e-08,3.800055e+01,8.003793e+00,2.999676e+01,3.967285e+01,1.696883e+02
1.149450e+06,1.330382e+01,3.300225e+02,3.819705e-03,9.471951e-01,9.471601e-01,-8.299269e-05,1.085828e-08,3.800055e+01,8.003793e+00,2.999676e+01,3.967283e+01,1.696924e+02
1.149460e+06,1.330394e+01,3.400231e+02,3.935453e-03,9.471950e-01,9.471602e-01,-8.288410e-05,1.085828e-08,3.800055e+01,8.003793e+00,2.999676e+01,3.967283e+01,1.696964e+02
1.149470e+06,1.330405e+01,3.500238e+02,4.051202e-03,9.471893e-01,9.471603e-01,-8.277551e-05,1.085828e-08,3.800058e+01,8.003818e+00,2.999676e+01,3.967305e+01,1.696996e+02
1.149480e+06,1.330417e+01,3.600245e+02,4.166950e-03,9.471854e-01,9.471604e-01,-8.266692e-05,1.085828e-08,3.800083e+01,8.004071e+00,2.999676e+01,3.967344e+01,1.696956e+02
1.149490e+06,1.330428e+01,3.700252e+02,4.282699e-03,9.471815e-01,9.471605e-01,-8.255833e-05,1.085828e-08,3.800109e+01,8.004324e+00,2.999676e+01,3.967382e+01,1.696916e+02
1.149500e+06,1.330440e+01,3.800259e+02,4.398448e-03,9.471776e-01,9.471606e-01,-8.244974e-05,1.085828e-08,3.800134e+01,8.004577e+00,2.999677e+01,3.967421e+01,1.696876e+02
1.149510e+06,1.330451e+01,3.900266e+02,4.514196e-03,9.471737e-01,9.471607e-01,-8.234115e-05,1.085828e-08,3.800160e+01,8.004831e+00,2.999677e+01,3.967460e+01,1.696836e+02
1.149520e+06,1.330463e+01,4.000272e+02,4.629945e-03,9.471697e-01,9.471608e-01,-8.223256e-05,1.085827e-08,3.800186e+01,8.005084e+00,2.999677e+01,3.967499e+01,1.696797e+02
1.149530e+06,1.330475e+01,4.100279e+02,4.745693e-03,9.471658e-01,9.471609e-01,-8.212397e-05,1.085827e-08,3.800211e+01,8.005337e+00,2.999678e+01,3.967537e+01,1.696757e+02
1.149540e+06,1.330486e+01,4.200286e+02,4.861442e-03,9.471619e-01,9.471610e-01,-8.201538e-05,1.085827e-08,3.800237e+01,8.005590e+00,2.999678e+01,3.967576e+01,1.696717e+02
1.149550e+06,1.330498e+01,4.300293e+02,4.977191e-03,9.471580e-01,9.471611e-01,-8.190679e-05,1.085827e-08,3.800262e+01,8.005844e+00,2.999678e+01,3.967615e+01,1.696677e+02
1.149560e+06,1.330509e+01,4.400300e+02,5.092939e-03,9.471541e-01,9.471612e-01,-8.179820e-05,1.085827e-08,3.800288e+01,8.006097e+00,2.999678e+01,3.967653e+01,1.696637e+02
1.149570e+06,1.330521e+01,4.500306e+02,5.208688e-03,9.471502e-01,9.471613e-01,-8.168961e-05,1.085827e-08,3.800314e+01,8.006350e+00,2.999679e+01,3.967692e+01,1.696597e+02
1.149580e+06,1.330532e+01,4.600313e+02,5.324437e-03,9.471463e-01,9.471614e-01,-8.158102e-05,1.085827e-08,3.800339e+01,8.006603e+00,2.999679e+01,3.967731e+01,1.696557e+02
1.149590e+06,1.330544e+01,4.700320e+02,5.440185e-03,9.471423e-01,9.471615e-01,-8.147243e-05,1.085827e-08,3.800365e+01,8.006857e+00,2.999679e+01,3.967769e+01,1.696517e+02
1.149600e+06,1.330556e+01,4.800327e+02,5.555934e-03,9.471384e-01,9.471616e-01,-8.136384e-05,1.085826e-08,3.800390e+01,8.007110e+00,2.999679e+01,3.967808e+01,1.696477e+02
1.149610e+06,1.330567e+01,4.900334e+02,5.671682e-03,9.471345e-01,9.471618e-01,-8.125525e-05,1.085826e-08,3.800416e+01,8.007363e+00,2.999680e+01,3.967847e+01,1.696437e+02
1.149620e+06,1.330579e+01,5.000340e+02,5.787431e-03,9.471306e-01,9.471619e-01,-8.114666e-05,1.085826e-08,3.800442e+01,8.007616e+00,2.999680e+01,3.967886e+01,1.696397e+02
1.149630e+06,1.330590e+01,5.100347e+02,5.903180e-03,9.471267e-01,9.471620e-01,-8.103807e-05,1.085826e-08,3.800467e+01,8.007870e+00,2.999680e+01,3.967924e+01,1.696358e+02
1.149640e+06,1.330602e+01,5.200354e+02,6.018928e-03,9.471228e-01,9.471621e-01,-8.092948e-05,1.085826e-08,3.800493e+01,8.008123e+00,2.999681e+01,3.967963e+01,1.696318e+02
1.149650e+06,1.330613e+01,5.300361e+02,6.134677e-03,9.471188e-01,9.471622e-01,-8.082089e-05,1.085826e-08,3.800518e+01,8.008376e+00,2.999681e+01,3.968002e+01,1.696278e+02
1.149660e+06,1.330625e+01,5.400368e+02,6.250426e-03,9.471149e-01,9.471623e-01,-8.071230e-05,1.085826e-08,3.800544e+01,8.008629e+00,2.999681e+01,3.968040e+01,1.696238e+02
1.149670e+06,1.330637e+01,5.500374e+02,6.366174e-03,9.471110e-01,9.471624e-01,-8.060371e-05,1.085826e-08,3.800570e+01,8.008882e+00,2.999681e+01,3.968079e+01,1.696198e+02
1.149680e+06,1.330648e+01,5.600381e+02,6.481923e-03,9.471071e-01,9.471625e-01,-8.049512e-05,1.085826e-08,3.800595e+01,8.009136e+00,2.999682e+01,3.968118e+01,1.696158e+02
1.149690e+06,1.330660e+01,5.700388e+02,6.597671e-03,9.471032e-01,9.471626e-01,-8.038653e-05,1.085825e-08,3.800621e+01,8.009389e+00,2.999682e+01,3.968157e+01,1.696118e+02
1.149700e+06,1.330671e+01,5.800395e+02,6.713420e-03,9.470993e-01,9.471627e-01,-8.027794e-05,1.085825e-08,3.800646e+01,8.009642e+00,2.999682e+01,3.968195e+01,1.696078e+02
1.149710e+06,1.330683e+01,5.900402e+02,6.829169e-03,9.470956e-01,9.471628e-01,-8.016935e-05,1.085825e-08,3.800672e+01,8.009895e+00,2.999682e+01,3.968233e+01,1.696038e+02
1.149720e+06,1.330694e+01,6.000409e+02,6.944917e-03,9.470985e-01,9.471629e-01,-8.006076e-05,1.085825e-08,3.800687e+01,8.010138e+00,2.999674e+01,3.968238e+01,1.696002e+02
1.149730e+06,1.330706e+01,6.100415e+02,7.060666e-03,9.471109e-01,9.471630e-01,-7.995217e-05,1.085825e-08,3.800473e+01,8.010138e+00,2.999460e+01,3.967971e+01,1.696042e+02
1.149740e+06,1.330718e+01,6.200422e+02,7.176415e-03,9.471233e-01,9.471631e-01,-7.984358e-05,1.085825e-08,3.800259e+01,8.010138e+00,2.999246e+01,3.967703e+01,1.696082e+02
1.149750e+06,1.330729e+01,6.300429e+02,7.292163e-03,9.471358e-01,9.471632e-01,-7.973499e-05,1.085825e-08,3.800045e+01,8.010138e+00,2.999031e+01,3.967436e+01,1.696122e+02
1.149760e+06,1.330741e+01,6.400436e+02,7.407912e-03,9.471482e-01,9.471633e-01,-7.962640e-05,1.085825e-08,3.799831e+01,8.010138e+00,2.998817e+01,3.967168e+01,1.696162e+02
1.149770e+06,1.330752e+01,6.500443e+02,7.523660e-03,9.471606e-01,9.471634e-01,-7.951781e-05,1.085824e-08,3.799617e+01,8.010138e+00,2.998603e+01,3.966901e+01,1.696202e+02
1.149780e+06,1.330764e+01,6.600449e+02,7.639409e-03,9.471730e-01,9.471635e-01,-7.940922e-05,1.085824e-08,3.799403e+01,8.010138e+00,2.998389e+01,3.966633e+01,1.696242e+02
1.149790e+06,1.330776e+01,6.700456e+02,7.755158e-03,9.471854e-01,9.471636e-01,-7.930063e-05,1.085824e-08,3.799189e+01,8.010138e+00,2.998175e+01,3.966366e+01,1.696282e+02
1.149800e+06,1.330787e+01,6.800463e+02,7.870906e-03,9.471978e-01,9.471637e-01,-7.919204e-05,1.085824e-08,3.798975e+01,8.010138e+00,2.997961e+01,3.966098e+01,1.696322e+02
1.149810e+06,1.330799e+01,6.900470e+02,7.986655e-03,9.472102e-01,9.471638e-01,-7.908345e-05,1.085824e-08,3.798761e+01,8.010138e+00,2.997747e+01,3.965831e+01,1.696362e+02
1.149820e+06,1.330810e+01,7.000477e+02,8.102403e-03,9.472226e-01,9.471639e-01,-7.897486e-05,1.085824e-08,3.798547e+01,8.010138e+00,2.997533e+01,3.965563e+01,1.696402e+02
1.149830e+06,1.330822e+01,7.100483e+02,8.218152e-03,9.472350e-01,9.471640e-01,-7.886627e-05,1.085824e-08,3.798333e+01,8.010138e+00,2.997319e+01,3.965296e+01,1.696442e+02
1.149840e+06,1.330833e+01,7.200490e+02,8.333901e-03,9.472474e-01,9.471641e-01,-7.875768e-05,1.085824e-08,3.798119e+01,8.010138e+00,2.997105e+01,3.965029e+01,1.696482e+02
1.149850e+06,1.330845e+01,7.300497e+02,8.449649e-03,9.472598e-01,9.471642e-01,-7.864909e-05,1.085824e-08,3.797905e+01,8.010138e+00,2.996891e+01,3.964761e+01,1.696522e+02
1.149860e+06,1.330857e+01,7.400504e+02,8.565398e-03,9.472722e-01,9.471643e-01,-7.854050e-05,1.085823e-08,3.797691e+01,8.010138e+00,2.996677e+01,3.964494e+01,1.696562e+02
1.149870e+06,1.330868e+01,7.500511e+02,8.681147e-03,9.472847e-01,9.471644e-01,-7.843191e-05,1.085823e-08,3.797476e+01,8.010138e+00,2.996463e+01,3.964226e+01,1.696602e+02
1.149880e+06,1.330880e+01,7.600517e+02,8.796895e-03,9.472971e-01,9.471645e-01,-7.832332e-05,1.085823e-08,3.797262e+01,8.010138e+00,2.996249e+01,3.963959e+01,1.696643e+02
1.149890e+06,1.330891e+01,7.700524e+02,8.912644e-03,9.473095e-01,9.471646e-01,-7.821474e-05,1.085823e-08,3.797048e+01,8.010138e+00,2.996035e+01,3.963691e+01,1.696683e+02
1.149900e+06,1.330903e+01,7.800531e+02,9.028392e-03,9.473219e-01,9.471647e-01,-7.810615e-05,1.085823e-08,3.796834e+01,8.010138e+00,2.995820e+01,3.963424e+01,1.696723e+02
1.149910e+06,1.330914e+01,7.900538e+02,9.144141e-03,9.473343e-01,9.471648e-01,-7.799756e-05,1.085823e-08,3.796620e+01,8.010138e+00,2.995606e+01,3.963157e+01,1.696763e+02
1.149920e+06,1.330926e+01,8.000545e+02,9.259890e-03,9.473467e-01,9.471649e-01,-7.788897e-05,1.085823e-08,3.796406e+01,8.010138e+00,2.995392e+01,3.962889e+01,1.696803e+02
1.149930e+06,1.330938e+01,8.100552e+02,9.375638e-03,9.473591e-01,9.471650e-01,-7.778038e-05,1.085823e-08,3.796192e+01,8.010138e+00,2.995178e+01,3.962622e+01,1.696843e+02
1.149940e+06,1.330949e+01,8.200558e+02,9.491387e-03,9.473715e-01,9.471651e-01,-7.767179e-05,1.085822e-08,3.795978e+01,8.010138e+00,2.994964e+01,3.962355e+01,1.696883e+02
1.149950e+06,1.330961e+01,8.300565e+02,9.607136e-03,9.473839e-01,9.471652e-01,-7.756320e-05,1.085822e-08,3.795764e+01,8.010138e+00,2.994750e+01,3.962087e+01,1.696923e+02
1.149960e+06,1.330972e+01,8.400572e+02,9.722884e-03,9.473963e-01,9.471653e-01,-7.745461e-05,1.085822e-08,3.795550e+01,8.010138e+00,2.994536e+01,3.961820e+01,1.696963e+02
1.149970e+06,1.330984e+01,8.500579e+02,9.838633e-03,9.474075e-01,9.471655e-01,-7.734602e-05,1.085822e-08,3.795366e+01,8.010157e+00,2.994350e+01,3.961588e+01,1.697003e+02
1.149980e+06,1.330995e+01,8.600586e+02,9.954381e-03,9.474030e-01,9.471656e-01,-7.723743e-05,1.085822e-08,3.795553e+01,8.010413e+00,2.994512e+01,3.961800e+01,1.697043e+02
1.149990e+06,1.331007e+01,8.700592e+02,1.007013e-02,9.473986e-01,9.471657e-01,-7.712884e-05,1.085822e-08,3.795741e+01,8.010669e+00,2.994674e+01,3.962011e+01,1.697083e+02
1.150000e+06,1.331019e+01,8.800599e+02,1.018588e-02,9.473942e-01,9.471658e-01,-7.702025e-05,1.085822e-08,3.795929e+01,8.010925e+00,2.994836e+01,3.962223e+01,1.697123e+02
1.150010e+06,1.331030e+01,8.900606e+02,1.030163e-02,9.473897e-01,9.471659e-01,-7.691166e-05,1.085822e-08,3.796117e+01,8.011181e+00,2.994999e+01,3.962434e+01,1.697163e+02
1.150020e+06,1.331042e+01,9.000613e+02,1.041738e-02,9.473853e-01,9.471660e-01,-7.680307e-05,1.085821e-08,3.796304e+01,8.011437e+00,2.995161e+01,3.962646e+01,1.697203e+02
1.150030e+06,1.331053e+01,9.100620e+02,1.053312e-02,9.473809e-01,9.471661e-01,-7.669448e-05,1.085821e-08,3.796492e+01,8.011693e+00,2.995323e+01,3.962857e+01,1.697242e+02
1.150040e+06,1.331065e+01,9.200626e+02,1.064887e-02,9.473765e-01,9.471662e-01,-7.658589e-05,1.085821e-08,3.796680e+01,8.011949e+00,2.995485e+01,3.963069e+01,1.697282e+02
1.150050e+06,1.331076e+01,9.300633e+02,1.076462e-02,9.473720e-01,9.471663e-01,-7.647730e-05,1.085821e-08,3.796868e+01,8.012205e+00,2.995647e+01,3.963280e+01,1.697322e+02
1.150060e+06,1.331088e+01,9.400640e+02,1.088037e-02,9.473676e-01,9.471664e-01,-7.636871e-05,1.085821e-08,3.797055e+01,8.012461e+00,2.995809e+01,3.963492e+01,1.697362e+02
1.150070e+06,1.331100e+01,9.500647e+02,1.099612e-02,9.473632e-01,9.471665e-01,-7.626012e-05,1.085821e-08,3.797243e+01,8.012717e+00,2.995971e+01,3.963703e+01,1.697402e+02
1.150080e+06,1.331111e+01,9.600654e+02,1.111187e-02,9.473587e-01,9.471666e-01,-7.615153e-05,1.085821e-08,3.797431e+01,8.012973e+00,2.996133e+01,3.963915e+01,1.697442e+02
1.150090e+06,1.331123e+01,9.700660e+02,1.122762e-02,9.473543e-01,9.471667e-01,-7.604294e-05,1.085821e-08,3.797618e+01,8.013229e+00,2.996296e+01,3.964126e+01,1.697482e+02
1.150100e+06,1.331134e+01,9.800667e+02,1.134336e-02,9.473499e-01,9.471668e-01,-7.593435e-05,1.085821e-08,3.797806e+01,8.013485e+00,2.996458e+01,3.964338e+01,1.697522e+02
1.150110e+06,1.331146e+01,9.900674e+02,1.145911e-02,9.473454e-01,9.471669e-01,-7.582576e-05,1.085820e-08,3.797994e+01,8.013741e+00,2.996620e+01,3.964550e+01,1.697562e+02
1.150120e+06,1.331157e+01,1.000068e+03,1.157486e-02,9.473410e-01,9.471670e-01,-7.571718e-05,1.085820e-08,3.798182e+01,8.013997e+00,2.996782e+01,3.964761e+01,1.697602e+02
1.150130e+06,1.331169e+01,1.010069e+03,1.169061e-02,9.473366e-01,9.471671e-01,-7.560859e-05,1.085820e-08,3.798369e+01,8.014253e+00,2.996944e+01,3.964973e+01,1.697642e+02
1.150140e+06,1.331181e+01,1.020069e+03,1.180636e-02,9.473322e-01,9.471672e-01,-7.550000e-05,1.085820e-08,3.798557e+01,8.014509e+00,2.997106e+01,3.965184e+01,1.697682e+02
1.150150e+06,1.331192e+01,1.030070e+03,1.192211e-02,9.473277e-01,9.471673e-01,-7.539141e-05,1.085820e-08,3.798745e+01,8.014765e+00,2.997268e+01,3.965396e+01,1.697721e+02
1.150160e+06,1.331204e+01,1.040071e+03,1.203786e-02,9.473233e-01,9.471674e-01,-7.528282e-05,1.085820e-08,3.798933e+01,8.015021e+00,2.997431e+01,3.965607e+01,1.697761e+02
1.150170e+06,1.331215e+01,1.050071e+03,1.215361e-02,9.473189e-01,9.471675e-01,-7.517423e-05,1.085820e-08,3.799120e+01,8.015277e+00,2.997593e+01,3.965819e+01,1.697801e+02
1.150180e+06,1.331227e+01,1.060072e+03,1.226935e-02,9.473144e-01,9.471676e-01,-7.506564e-05,1.085820e-08,3.799308e+01,8.015533e+00,2.997755e+01,3.966030e+01,1.697841e+02
1.150190e+06,1.331239e+01,1.070073e+03,1.238510e-02,9.473100e-01,9.471677e-01,-7.495705e-05,1.085819e-08,3.799496e+01,8.015789e+00,2.997917e+01,3.966242e+01,1.697881e+02
1.150200e+06,1.331250e+01,1.080074e+03,1.250085e-02,9.473056e-01,9.471678e-01,-7.484846e-05,1.085819e-08,3.799684e+01,8.016045e+00,2.998079e+01,3.966453e+01,1.697921e+02
1.150210e+06,1.331262e+01,1.090074e+03,1.261660e-02,9.473011e-01,9.471679e-01,-7.473987e-05,1.085819e-08,3.799871e+01,8.016301e+00,2.998241e+01,3.966665e+01,1.697961e+02
1.150220e+06,1.331273e+01,1.100075e+03,1.273235e-02,9.472934e-01,9.471680e-01,-7.463128e-05,1.085819e-08,3.800056e+01,8.016552e+00,2.998401e+01,3.966884e+01,1.698000e+02
1.150230e+06,1.331285e+01,1.110076e+03,1.284810e-02,9.472842e-01,9.471681e-01,-7.452269e-05,1.085819e-08,3.800081e+01,8.016552e+00,2.998426e+01,3.966942e+01,1.698000e+02
1.150240e+06,1.331296e+01,1.120076e+03,1.296385e-02,9.472750e-01,9.471682e-01,-7.441410e-05,1.085819e-08,3.800107e+01,8.016552e+00,2.998452e+01,3.967000e+01,1.698000e+02
1.150250e+06,1.331308e+01,1.130077e+03,1.307959e-02,9.472657e-01,9.471683e-01,-7.430551e-05,1.085819e-08,3.800133e+01,8.016552e+00,2.998478e+01,3.967058e+01,1.698000e+02
1.150260e+06,1.331320e+01,1.140078e+03,1.319534e-02,9.472565e-01,9.471684e-01,-7.419692e-05,1.085819e-08,3.800159e+01,8.016552e+00,2.998504e+01,3.967116e+01,1.698000e+02
1.150270e+06,1.331331e+01,1.150078e+03,1.331109e-02,9.472473e-01,9.471685e-01,-7.408834e-05,1.085819e-08,3.800185e+01,8.016552e+00,2.998529e+01,3.967174e+01,1.698000e+02
1.150280e+06,1.331343e+01,1.160079e+03,1.342684e-02,9.472381e-01,9.471686e-01,-7.397975e-05,1.085818e-08,3.800210e+01,8.016552e+00,2.998555e+01,3.967232e+01,1.698000e+02
1.150290e+06,1.331354e+01,1.170080e+03,1.354259e-02,9.472288e-01,9.471687e-01,-7.387116e-05,1.085818e-08,3.800236e+01,8.016552e+00,2.998581e+01,3.967290e+01,1.698000e+02
1.150300e+06,1.331366e+01,1.180080e+03,1.365834e-02,9.472196e-01,9.471688e-01,-7.376257e-05,1.085818e-08,3.800262e+01,8.016552e+00,2.998607e+01,3.967348e+01,1.698000e+02
1.150310e+06,1.331377e+01,1.190081e+03,1.377409e-02,9.472104e-01,9.471689e-01,-7.365398e-05,1.085818e-08,3.800288e+01,8.016552e+00,2.998633e+01,3.967407e+01,1.698000e+02
1.150320e+06,1.331389e+01,1.200082e+03,1.388983e-02,9.472011e-01,9.471691e-01,-7.354539e-05,1.085818e-08,3.800313e+01,8.016552e+00,2.998658e+01,3.967465e+01,1.698000e+02
1.150330e+06,1.331401e+01,1.210082e+03,1.400558e-02,9.471919e-01,9.471692e-01,-7.343680e-05,1.085818e-08,3.800339e+01,8.016552e+00,2.998684e+01,3.967523e+01,1.698000e+02
1.150340e+06,1.331412e+01,1.220083e+03,1.412133e-02,9.471827e-01,9.471693e-01,-7.332821e-05,1.085818e-08,3.800365e+01,8.016552e+00,2.998710e+01,3.967581e+01,1.698000e+02
1.150350e+06,1.331424e+01,1.230084e+03,1.423708e-02,9.471735e-01,9.471694e-01,-7.321962e-05,1.085818e-08,3.800391e+01,8.016552e+00,2.998736e+01,3.967639e+01,1.698000e+02
1.150360e+06,1.331435e+01,1.240084e+03,1.435283e-02,9.471642e-01,9.471695e-01,-7.311103e-05,1.085817e-08,3.800417e+01,8.016552e+00,2.998761e+01,3.967697e+01,1.698000e+02
1.150370e+06,1.331447e+01,1.250085e+03,1.446858e-02,9.471550e-01,9.471696e-01,-7.300244e-05,1.085817e-08,3.800442e+01,8.016552e+00,2.998787e+01,3.967755e+01,1.698000e+02
1.150380e+06,1.331458e+01,1.260086e+03,1.458433e-02,9.471458e-01,9.471697e-01,-7.289385e-05,1.085817e-08,3.800468e+01,8.016552e+00,2.998813e+01,3.967813e+01,1.698000e+02
1.150390e+06,1.331470e+01,1.270086e+03,1.470007e-02,9.471366e-01,9.471698e-01,-7.278527e-05,1.085817e-08,3.800494e+01,8.016552e+00,2.998839e+01,3.967871e+01,1.698000e+02
1.150400e+06,1.331482e+01,1.280087e+03,1.481582e-02,9.471273e-01,9.471699e-01,-7.267668e-05,1.085817e-08,3.800520e+01,8.016552e+00,2.998865e+01,3.967929e+01,1.698000e+02
1.150410e+06,1.331493e+01,1.290088e+03,1.493157e-02,9.471181e-01,9.471700e-01,-7.256809e-05,1.085817e-08,3.800545e+01,8.016552e+00,2.998890e+01,3.967987e+01,1.698000e+02
1.150420e+06,1.331505e+01,1.300089e+03,1.504732e-02,9.471089e-01,9.471701e-01,-7.245950e-05,1.085817e-08,3.800571e+01,8.016552e+00,2.998916e+01,3.968045e+01,1.698000e+02
1.150430e+06,1.331516e+01,1.310089e+03,1.516307e-02,9.470996e-01,9.471702e-01,-7.235091e-05,1.085817e-08,3.800597e+01,8.016552e+00,2.998942e+01,3.968103e+01,1.698000e+02
1.150440e+06,1.331528e+01,1.320090e+03,1.527882e-02,9.470904e-01,9.471703e-01,-7.224232e-05,1.085817e-08,3.800623e+01,8.016552e+00,2.998968e+01,3.968161e+01,1.698000e+02
1.150450e+06,1.331539e+01,1.330091e+03,1.539457e-02,9.470812e-01,9.471704e-01,-7.213373e-05,1.085816e-08,3.800649e+01,8.016552e+00,2.998993e+01,3.968219e+01,1.698000e+02
1.150460e+06,1.331551e+01,1.340091e+03,1.551032e-02,9.470724e-01,9.471705e-01,-7.202514e-05,1.085816e-08,3.800674e+01,8.016552e+00,2.999019e+01,3.968276e+01,1.698000e+02
1.150470e+06,1.331563e+01,1.350092e+03,1.562606e-02,9.470690e-01,9.471706e-01,-7.191655e-05,1.085816e-08,3.800693e+01,8.016587e+00,2.999034e+01,3.968307e+01,1.698006e+02
1.150480e+06,1.331574e+01,1.360093e+03,1.574181e-02,9.470819e-01,9.471707e-01,-7.180796e-05,1.085816e-08,3.800667e+01,8.016839e+00,2.998984e+01,3.968235e+01,1.698045e+02
1.150490e+06,1.331586e+01,1.370093e+03,1.585756e-02,9.470948e-01,9.471708e-01,-7.169937e-05,1.085816e-08,3.800642e+01,8.017091e+00,2.998933e+01,3.968164e+01,1.698085e+02
1.150500e+06,1.331597e+01,1.380094e+03,1.597331e-02,9.471078e-01,9.471709e-01,-7.159079e-05,1.085816e-08,3.800616e+01,8.017344e+00,2.998882e+01,3.968092e+01,1.698125e+02
1.150510e+06,1.331609e+01,1.390095e+03,1.608906e-02,9.471207e-01,9.471710e-01,-7.148220e-05,1.085816e-08,3.800591e+01,8.017596e+00,2.998831e+01,3.968021e+01,1.698165e+02
1.150520e+06,1.331620e+01,1.400095e+03,1.620481e-02,9.471336e-01,9.471711e-01,-7.137361e-05,1.085816e-08,3.800565e+01,8.017849e+00,2.998781e+01,3.967949e+01,1.698204e+02
1.150530e+06,1.331632e+01,1.410096e+03,1.632056e-02,9.471465e-01,9.471712e-01,-7.126502e-05,1.085815e-08,3.800540e+01,8.018101e+00,2.998730e+01,3.967878e+01,1.698244e+02
1.150540e+06,1.331644e+01,1.420097e+03,1.643630e-02,9.471595e-01,9.471713e-01,-7.115643e-05,1.085815e-08,3.800514e+01,8.018353e+00,2.998679e+01,3.967806e+01,1.698284e+02
1.150550e+06,1.331655e+01,1.430097e+03,1.655205e-02,9.471724e-01,9.471714e-01,-7.104784e-05,1.085815e-08,3.800489e+01,8.018606e+00,2.998628e+01,3.967734e+01,1.698324e+02
1.150560e+06,1.331667e+01,1.440098e+03,1.666780e-02,9.471853e-01,9.471715e-01,-7.093925e-05,1.085815e-08,3.800463e+01,8.018858e+00,2.998578e+01,3.967663e+01,1.698364e+02
1.150570e+06,1.331678e+01,1.450099e+03,1.678355e-02,9.471983e-01,9.471716e-01,-7.083066e-05,1.085815e-08,3.800438e+01,8.019110e+00,2.998527e+01,3.967591e+01,1.698403e+02
1.150580e+06,1.331690e+01,1.460099e+03,1.689930e-02,9.472112e-01,9.471717e-01,-7.072207e-05,1.085815e-08,3.800412e+01,8.019363e+00,2.998476e+01,3.967520e+01,1.698443e+02
1.150590e+06,1.331702e+01,1.470100e+03,1.701505e-02,9.472241e-01,9.471718e-01,-7.061349e-05,1.085815e-08,3.800387e+01,8.019615e+00,2.998425e+01,3.967448e+01,1.698483e+02
1.150600e+06,1.331713e+01,1.480101e+03,1.713080e-02,9.472370e-01,9.471719e-01,-7.050490e-05,1.085815e-08,3.800361e+01,8.019868e+00,2.998375e+01,3.967377e+01,1.698523e+02
1.150610e+06,1.331725e+01,1.490101e+03,1.724654e-02,9.472500e-01,9.471720e-01,-7.039631e-05,1.085815e-08,3.800336e+01,8.020120e+00,2.998324e+01,3.967305e+01,1.698562e+02
1.150620e+06,1.331736e+01,1.500102e+03,1.736229e-02,9.472629e-01,9.471721e-01,-7.028772e-05,1.085814e-08,3.800310e+01,8.020372e+00,2.998273e+01,3.967234e+01,1.698602e+02
1.150630e+06,1.331748e+01,1.510103e+03,1.747804e-02,9.472758e-01,9.471722e-01,-7.017913e-05,1.085814e-08,3.800285e+01,8.020625e+00,2.998222e+01,3.967162e+01,1.698642e+02
1.150640e+06,1.331759e+01,1.520103e+03,1.759379e-02,9.472887e-01,9.471723e-01,-7.007054e-05,1.085814e-08,3.800259e+01,8.020877e+00,2.998172e+01,3.967091e+01,1.698682e+02
1.150650e+06,1.331771e+01,1.530104e+03,1.770954e-02,9.473017e-01,9.471724e-01,-6.996195e-05,1.085814e-08,3.800234e+01,8.021129e+00,2.998121e+01,3.967019e+01,1.698721e+02
1.150660e+06,1.331783e+01,1.540105e+03,1.782529e-02,9.473146e-01,9.471725e-01,-6.985336e-05,1.085814e-08,3.800208e+01,8.021382e+00,2.998070e+01,3.966948e+01,1.698761e+02
1.150670e+06,1.331794e+01,1.550106e+03,1.794104e-02,9.473275e-01,9.471727e-01,-6.974477e-05,1.085814e-08,3.800183e+01,8.021634e+00,2.998019e+01,3.966876e+01,1.698801e+02
1.150680e+06,1.331806e+01,1.560106e+03,1.805678e-02,9.473404e-01,9.471728e-01,-6.963619e-05,1.085814e-08,3.800157e+01,8.021887e+00,2.997969e+01,3.966805e+01,1.698841e+02
1.150690e+06,1.331817e+01,1.570107e+03,1.817253e-02,9.473534e-01,9.471729e-01,-6.952760e-05,1.085814e-08,3.800132e+01,8.022139e+00,2.997918e+01,3.966733e+01,1.698881e+02
1.150700e+06,1.331829e+01,1.580108e+03,1.828828e-02,9.473663e-01,9.471730e-01,-6.941901e-05,1.085813e-08,3.800106e+01,8.022391e+00,2.997867e+01,3.966662e+01,1.698920e+02
1.150710e+06,1.331840e+01,1.590108e+03,1.840403e-02,9.473792e-01,9.471731e-01,-6.931042e-05,1.085813e-08,3.800081e+01,8.022644e+00,2.997816e+01,3.966590e+01,1.698960e+02
1.150720e+06,1.331852e+01,1.600109e+03,1.851978e-02,9.473922e-01,9.471732e-01,-6.920183e-05,1.085813e-08,3.800055e+01,8.022896e+00,2.997766e+01,3.966518e+01,1.699000e+02
1.150730e+06,1.331864e+01,1.610110e+03,1.863553e-02,9.473822e-01,9.471733e-01,-6.909324e-05,1.085813e-08,3.800030e+01,8.022897e+00,2.997740e+01,3.966525e+01,1.699040e+02
1.150740e+06,1.331875e+01,1.620110e+03,1.875128e-02,9.473722e-01,9.471734e-01,-6.898465e-05,1.085813e-08,3.800004e+01,8.022897e+00,2.997714e+01,3.966531e+01,1.699080e+02
1.150750e+06,1.331887e+01,1.630111e+03,1.886703e-02,9.473622e-01,9.471735e-01,-6.887606e-05,1.085813e-08,3.799978e+01,8.022897e+00,2.997689e+01,3.966537e+01,1.699120e+02
1.150760e+06,1.331898e+01,1.640112e+03,1.898277e-02,9.473522e-01,9.471736e-01,-6.876748e-05,1.085813e-08,3.799952e+01,8.022897e+00,2.997663e+01,3.966544e+01,1.699160e+02
1.150770e+06,1.331910e+01,1.650112e+03,1.909852e-02,9.473422e-01,9.471737e-01,-6.865889e-05,1.085813e-08,3.799927e+01,8.022897e+00,2.997637e+01,3.966550e+01,1.699200e+02
1.150780e+06,1.331921e+01,1.660113e+03,1.921427e-02,9.473321e-01,9.471738e-01,-6.855030e-05,1.085813e-08,3.799901e+01,8.022897e+00,2.997611e+01,3.966556e+01,1.699240e+02
1.150790e+06,1.331933e+01,1.670114e+03,1.933002e-02,9.473221e-01,9.471739e-01,-6.844171e-05,1.085812e-08,3.799875e+01,8.022897e+00,2.997586e+01,3.966563e+01,1.699280e+02
1.150800e+06,1.331945e+01,1.680114e+03,1.944577e-02,9.473121e-01,9.471740e-01,-6.833312e-05,1.085812e-08,3.799850e+01,8.022897e+00,2.997560e+01,3.966569e+01,1.699320e+02
1.150810e+06,1.331956e+01,1.690115e+03,1.956152e-02,9.473021e-01,9.471741e-01,-6.822453e-05,1.085812e-08,3.799824e+01,8.022897e+00,2.997534e+01,3.966575e+01,1.699360e+02
1.150820e+06,1.331968e+01,1.700116e+03,1.967727e-02,9.472921e-01,9.471742e-01,-6.811594e-05,1.085812e-08,3.799798e+01,8.022897e+00,2.997509e+01,3.966582e+01,1.699400e+02
1.150830e+06,1.331979e+01,1.710116e+03,1.979301e-02,9.472821e-01,9.471743e-01,-6.800736e-05,1.085812e-08,3.799773e+01,8.022897e+00,2.997483e+01,3.966588e+01,1.699440e+02
1.150840e+06,1.331991e+01,1.720117e+03,1.990876e-02,9.472721e-01,9.471744e-01,-6.789877e-05,1.085812e-08,3.799747e+01,8.022897e+00,2.997457e+01,3.966594e+01,1.699481e+02
1.150850e+06,1.332002e+01,1.730118e+03,2.002451e-02,9.472621e-01,9.471745e-01,-6.779018e-05,1.085812e-08,3.799721e+01,8.022897e+00,2.997432e+01,3.966601e+01,1.699521e+02
1.150860e+06,1.332014e+01,1.740118e+03,2.014026e-02,9.472520e-01,9.471746e-01,-6.768159e-05,1.085812e-08,3.799696e+01,8.022897e+00,2.997406e+01,3.966607e+01,1.699561e+02
1.150870e+06,1.332026e+01,1.750119e+03,2.025601e-02,9.472420e-01,9.471747e-01,-6.757300e-05,1.085811e-08,3.799670e+01,8.022897e+00,2.997380e+01,3.966613e+01,1.699601e+02
1.150880e+06,1.332037e+01,1.760120e+03,2.037176e-02,9.472320e-01,9.471748e-01,-6.746441e-05,1.085811e-08,3.799644e+01,8.022897e+00,2.997355e+01,3.966620e+01,1.699641e+02
1.150890e+06,1.332049e+01,1.770121e+03,2.048751e-02,9.472220e-01,9.471749e-01,-6.735582e-05,1.085811e-08,3.799619e+01,8.022897e+00,2.997329e+01,3.966626e+01,1.699681e+02
1.150900e+06,1.332060e+01,1.780121e+03,2.060325e-02,9.472120e-01,9.471750e-01,-6.724724e-05,1.085811e-08,3.799593e+01,8.022897e+00,2.997303e+01,3.966632e+01,1.699721e+02
1.150910e+06,1.332072e+01,1.790122e+03,2.071900e-02,9.472020e-01,9.471751e-01,-6.713865e-05,1.085811e-08,3.799567e+01,8.022897e+00,2.997277e+01,3.966639e+01,1.699761e+02
1.150920e+06,1.332083e+01,1.800123e+03,2.083475e-02,9.471920e-01,9.471752e-01,-6.703006e-05,1.085811e-08,3.799541e+01,8.022897e+00,2.997252e+01,3.966645e+01,1.699801e+02
1.150930e+06,1.332095e+01,1.810123e+03,2.095050e-02,9.471820e-01,9.471753e-01,-6.692147e-05,1.085811e-08,3.799516e+01,8.022897e+00,2.997226e+01,3.966651e+01,1.699841e+02
1.150940e+06,1.332107e+01,1.820124e+03,2.106625e-02,9.471719e-01,9.471754e-01,-6.681288e-05,1.085811e-08,3.799490e+01,8.022897e+00,2.997200e+01,3.966658e+01,1.699881e+02
1.150950e+06,1.332118e+01,1.830125e+03,2.118200e-02,9.471619e-01,9.471755e-01,-6.670429e-05,1.085811e-08,3.799464e+01,8.022897e+00,2.997175e+01,3.966664e+01,1.699921e+02
1.150960e+06,1.332130e+01,1.840125e+03,2.129775e-02,9.471518e-01,9.471756e-01,-6.659571e-05,1.085810e-08,3.799439e+01,8.022897e+00,2.997149e+01,3.966670e+01,1.699961e+02
1.150970e+06,1.332141e+01,1.850126e+03,2.141349e-02,9.471390e-01,9.471757e-01,-6.648712e-05,1.085810e-08,3.799413e+01,8.022897e+00,2.997123e+01,3.966686e+01,1.700000e+02
1.150980e+06,1.332153e+01,1.860127e+03,2.152924e-02,9.471397e-01,9.471758e-01,-6.637853e-05,1.085810e-08,3.799387e+01,8.022897e+00,2.997098e+01,3.966656e+01,1.700000e+02
1.150990e+06,1.332164e+01,1.870127e+03,2.164499e-02,9.471405e-01,9.471759e-01,-6.626994e-05,1.085810e-08,3.799361e+01,8.022897e+00,2.997072e+01,3.966627e+01,1.700000e+02
1.151000e+06,1.332176e+01,1.880128e+03,2.176074e-02,9.471412e-01,9.471760e-01,-6.616135e-05,1.085810e-08,3.799336e+01,8.022897e+00,2.997046e+01,3.966597e+01,1.700000e+02
1.151010e+06,1.332188e+01,1.890129e+03,2.187649e-02,9.471419e-01,9.471761e-01,-6.605276e-05,1.085810e-08,3.799310e+01,8.022897e+00,2.997020e+01,3.966568e+01,1.700000e+02
1.151020e+06,1.332199e+01,1.900129e+03,2.199224e-02,9.471426e-01,9.471763e-01,-6.594417e-05,1.085810e-08,3.799284e+01,8.022897e+00,2.996994e+01,3.966538e+01,1.700000e+02
1.151030e+06,1.332211e+01,1.910130e+03,2.210799e-02,9.471434e-01,9.471764e-01,-6.583559e-05,1.085810e-08,3.799258e+01,8.022897e+00,2.996969e+01,3.966508e+01,1.700000e+02
1.151040e+06,1.332222e+01,1.920131e+03,2.222374e-02,9.471441e-01,9.471765e-01,-6.572700e-05,1.085809e-08,3.799233e+01,8.022897e+00,2.996943e+01,3.966479e+01,1.700000e+02
1.151050e+06,1.332234e+01,1.930131e+03,2.233948e-02,9.471448e-01,9.471766e-01,-6.561841e-05,1.085809e-08,3.799207e+01,8.022897e+00,2.996917e+01,3.966449e+01,1.700000e+02
1.151060e+06,1.332246e+01,1.940132e+03,2.245523e-02,9.471455e-01,9.471767e-01,-6.550982e-05,1.085809e-08,3.799181e+01,8.022897e+00,2.996891e+01,3.966419e+01,1.700000e+02
1.151070e+06,1.332257e+01,1.950133e+03,2.257098e-02,9.471463e-01,9.471768e-01,-6.540123e-05,1.085809e-08,3.799155e+01,8.022897e+00,2.996866e+01,3.966390e+01,1.700000e+02
1.151080e+06,1.332269e+01,1.960133e+03,2.268673e-02,9.471470e-01,9.471769e-01,-6.529264e-05,1.085809e-08,3.799129e+01,8.022897e+00,2.996840e+01,3.966360e+01,1.700000e+02
1.151090e+06,1.332280e+01,1.970134e+03,2.280248e-02,9.471477e-01,9.471770e-01,-6.518406e-05,1.085809e-08,3.799104e+01,8.022897e+00,2.996814e+01,3.966331e+01,1.700000e+02
1.151100e+06,1.332292e+01,1.980135e+03,2.291823e-02,9.471484e-01,9.471771e-01,-6.507547e-05,1.085809e-08,3.799078e+01,8.022897e+00,2.996788e+01,3.966301e+01,1.700000e+02
1.151110e+06,1.332303e+01,1.990135e+03,2.303398e-02,9.471491e-01,9.471772e-01,-6.496688e-05,1.085809e-08,3.799052e+01,8.022897e+00,2.996762e+01,3.966271e+01,1.700000e+02
1.151120e+06,1.332315e+01,2.000136e+03,2.314972e-02,9.471499e-01,9.471773e-01,-6.485829e-05,1.085809e-08,3.799026e+01,8.022897e+00,2.996737e+01,3.966242e+01,1.700000e+02
1.151130e+06,1.332327e+01,2.010137e+03,2.326547e-02,9.471506e-01,9.471774e-01,-6.474970e-05,1.085808e-08,3.799001e+01,8.022897e+00,2.996711e+01,3.966212e+01,1.700000e+02
1.151140e+06,1.332338e+01,2.020138e+03,2.338122e-02,9.471513e-01,9.471775e-01,-6.464112e-05,1.085808e-08,3.798975e+01,8.022897e+00,2.996685e+01,3.966182e+01,1.700000e+02
1.151150e+06,1.332350e+01,2.030138e+03,2.349697e-02,9.471520e-01,9.471776e-01,-6.453253e-05,1.085808e-08,3.798949e+01,8.022897e+00,2.996659e+01,3.966153e+01,1.700000e+02
1.151160e+06,1.332361e+01,2.040139e+03,2.361272e-02,9.471528e-01,9.471777e-01,-6.442394e-05,1.085808e-08,3.798923e+01,8.022897e+00,2.996634e+01,3.966123e+01,1.700000e+02
1.151170e+06,1.332373e+01,2.050140e+03,2.372847e-02,9.471535e-01,9.471778e-01,-6.431535e-05,1.085808e-08,3.798897e+01,8.022897e+00,2.996608e+01,3.966093e+01,1.700000e+02
1.151180e+06,1.332384e+01,2.060140e+03,2.384422e-02,9.471542e-01,9.471779e-01,-6.420676e-05,1.085808e-08,3.798872e+01,8.022897e+00,2.996582e+01,3.966064e+01,1.700000e+02
1.151190e+06,1.332396e+01,2.070141e+03,2.395996e-02,9.471549e-01,9.471780e-01,-6.409817e-05,1.085808e-08,3.798846e+01,8.022897e+00,2.996556e+01,3.966034e+01,1.700000e+02
1.151200e+06,1.332408e+01,2.080142e+03,2.407571e-02,9.471557e-01,9.471781e-01,-6.398959e-05,1.085808e-08,3.798820e+01,8.022897e+00,2.996530e+01,3.966005e+01,1.700000e+02
1.151210e+06,1.332419e+01,2.090142e+03,2.419146e-02,9.471559e-01,9.471782e-01,-6.388100e-05,1.085807e-08,3.798794e+01,8.022897e+00,2.996505e+01,3.965977e+01,1.700000e+02
1.151220e+06,1.332431e+01,2.100143e+03,2.430721e-02,9.471533e-01,9.471783e-01,-6.377241e-05,1.085807e-08,3.798780e+01,8.022934e+00,2.996487e+01,3.965970e+01,1.699994e+02
1.151230e+06,1.332442e+01,2.110144e+03,2.442296e-02,9.471495e-01,9.471784e-01,-6.366382e-05,1.085807e-08,3.798831e+01,8.023186e+00,2.996512e+01,3.966035e+01,1.699954e+02
1.151240e+06,1.332454e+01,2.120144e+03,2.453871e-02,9.471457e-01,9.471785e-01,-6.355523e-05,1.085807e-08,3.798882e+01,8.023439e+00,2.996538e+01,3.966100e+01,1.699915e+02
1.151250e+06,1.332465e+01,2.130145e+03,2.465446e-02,9.471418e-01,9.471786e-01,-6.344665e-05,1.085807e-08,3.798933e+01,8.023691e+00,2.996564e+01,3.966165e+01,1.699875e+02
1.151260e+06,1.332477e+01,2.140146e+03,2.477020e-02,9.471380e-01,9.471787e-01,-6.333806e-05,1.085807e-08,3.798984e+01,8.023944e+00,2.996590e+01,3.966231e+01,1.699835e+02
1.151270e+06,1.332489e+01,2.150146e+03,2.488595e-02,9.471342e-01,9.471788e-01,-6.322947e-05,1.085807e-08,3.799035e+01,8.024196e+00,2.996616e+01,3.966296e+01,1.699795e+02
1.151280e+06,1.332500e+01,2.160147e+03,2.500170e-02,9.471304e-01,9.471789e-01,-6.312088e-05,1.085807e-08,3.799086e+01,8.024448e+00,2.996641e+01,3.966361e+01,1.699755e+02
1.151290e+06,1.332512e+01,2.170148e+03,2.511745e-02,9.471266e-01,9.471790e-01,-6.301229e-05,1.085807e-08,3.799137e+01,8.024701e+00,2.996667e+01,3.966426e+01,1.699716e+02
1.151300e+06,1.332523e+01,2.180148e+03,2.523320e-02,9.471228e-01,9.471791e-01,-6.290371e-05,1.085806e-08,3.799188e+01,8.024953e+00,2.996693e+01,3.966491e+01,1.699676e+02
1.151310e+06,1.332535e+01,2.190149e+03,2.534895e-02,9.471190e-01,9.471792e-01,-6.279512e-05,1.085806e-08,3.799239e+01,8.025205e+00,2.996719e+01,3.966556e+01,1.699636e+02
1.151320e+06,1.332546e+01,2.200150e+03,2.546470e-02,9.471152e-01,9.471793e-01,-6.268653e-05,1.085806e-08,3.799290e+01,8.025458e+00,2.996744e+01,3.966622e+01,1.699596e+02
1.151330e+06,1.332558e+01,2.210150e+03,2.558045e-02,9.471114e-01,9.471794e-01,-6.257794e-05,1.085806e-08,3.799341e+01,8.025710e+00,2.996770e+01,3.966687e+01,1.699557e+02
1.151340e+06,1.332570e+01,2.220151e+03,2.569619e-02,9.471076e-01,9.471795e-01,-6.246935e-05,1.085806e-08,3.799392e+01,8.025963e+00,2.996796e+01,3.966752e+01,1.699517e+02
1.151350e+06,1.332581e+01,2.230152e+03,2.581194e-02,9.471038e-01,9.471796e-01,-6.236077e-05,1.085806e-08,3.799443e+01,8.026215e+00,2.996822e+01,3.966817e+01,1.699477e+02
1.151360e+06,1.332593e+01,2.240153e+03,2.592769e-02,9.471000e-01,9.471797e-01,-6.225218e-05,1.085806e-08,3.799494e+01,8.026467e+00,2.996848e+01,3.966882e+01,1.699437e+02
1.151370e+06,1.332604e+01,2.250153e+03,2.604344e-02,9.470962e-01,9.471799e-01,-6.214359e-05,1.085806e-08,3.799545e+01,8.026720e+00,2.996873e+01,3.966947e+01,1.699397e+02
1.151380e+06,1.332616e+01,2.260154e+03,2.615919e-02,9.470924e-01,9.471800e-01,-6.203500e-05,1.085805e-08,3.799596e+01,8.026972e+00,2.996899e+01,3.967013e+01,1.699358e+02
1.151390e+06,1.332627e+01,2.270155e+03,2.627494e-02,9.470886e-01,9.471801e-01,-6.192641e-05,1.085805e-08,3.799647e+01,8.027224e+00,2.996925e+01,3.967078e+01,1.699318e+02
1.151400e+06,1.332639e+01,2.280155e+03,2.639069e-02,9.470848e-01,9.471802e-01,-6.181783e-05,1.085805e-08,3.799698e+01,8.027477e+00,2.996951e+01,3.967143e+01,1.699278e+02
1.151410e+06,1.332651e+01,2.290156e+03,2.650643e-02,9.470810e-01,9.471803e-01,-6.170924e-05,1.085805e-08,3.799749e+01,8.027729e+00,2.996977e+01,3.967208e+01,1.699238e+02
1.151420e+06,1.332662e+01,2.300157e+03,2.662218e-02,9.470772e-01,9.471804e-01,-6.160065e-05,1.085805e-08,3.799800e+01,8.027982e+00,2.997002e+01,3.967273e+01,1.699199e+02
1.151430e+06,1.332674e+01,2.310157e+03,2.673793e-02,9.470734e-01,9.471805e-01,-6.149206e-05,1.085805e-08,3.799851e+01,8.028234e+00,2.997028e+01,3.967338e+01,1.699159e+02
1.151440e+06,1.332685e+01,2.320158e+03,2.685368e-02,9.470696e-01,9.471806e-01,-6.138347e-05,1.085805e-08,3.799903e+01,8.028486e+00,2.997054e+01,3.967404e+01,1.699119e+02
1.151450e+06,1.332697e+01,2.330159e+03,2.696943e-02,9.470658e-01,9.471807e-01,-6.127489e-05,1.085805e-08,3.799954e+01,8.028739e+00,2.997080e+01,3.967469e+01,1.699079e+02
1.151460e+06,1.332709e+01,2.340159e+03,2.708518e-02,9.470620e-01,9.471808e-01,-6.116630e-05,1.085805e-08,3.800005e+01,8.028991e+00,2.997105e+01,3.967534e+01,1.699039e+02
1.151470e+06,1.332720e+01,2.350160e+03,2.720093e-02,9.470550e-01,9.471809e-01,-6.105771e-05,1.085804e-08,3.800055e+01,8.029241e+00,2.997131e+01,3.967610e+01,1.698999e+02
1.151480e+06,1.332732e+01,2.360161e+03,2.731667e-02,9.470504e-01,9.471810e-01,-6.094912e-05,1.085804e-08,3.800081e+01,8.029241e+00,2.997157e+01,3.967652e+01,1.698919e+02
1.151490e+06,1.332743e+01,2.370161e+03,2.743242e-02,9.470458e-01,9.471811e-01,-6.084053e-05,1.085804e-08,3.800107e+01,8.029241e+00,2.997183e+01,3.967695e+01,1.698839e+02
1.151500e+06,1.332755e+01,2.380162e+03,2.754817e-02,9.470413e-01,9.471812e-01,-6.073195e-05,1.085804e-08,3.800133e+01,8.029241e+00,2.997209e+01,3.967737e+01,1.698758e+02
1.151510e+06,1.332766e+01,2.390163e+03,2.766392e-02,9.470367e-01,9.471813e-01,-6.062336e-05,1.085804e-08,3.800158e+01,8.029241e+00,2.997234e+01,3.967780e+01,1.698678e+02
1.151520e+06,1.332778e+01,2.400163e+03,2.777967e-02,9.470321e-01,9.471814e-01,-6.051477e-05,1.085804e-08,3.800184e+01,8.029241e+00,2.997260e+01,3.967822e+01,1.698597e+02
1.151530e+06,1.332790e+01,2.410164e+03,2.789542e-02,9.470276e-01,9.471815e-01,-6.040618e-05,1.085804e-08,3.800210e+01,8.029241e+00,2.997286e+01,3.967865e+01,1.698517e+02
1.151540e+06,1.332801e+01,2.420165e+03,2.801117e-02,9.470230e-01,9.471816e-01,-6.029760e-05,1.085804e-08,3.800236e+01,8.029241e+00,2.997312e+01,3.967907e+01,1.698437e+02
1.151550e+06,1.332813e+01,2.430165e+03,2.812691e-02,9.470185e-01,9.471817e-01,-6.018901e-05,1.085803e-08,3.800262e+01,8.029241e+00,2.997337e+01,3.967950e+01,1.698356e+02
1.151560e+06,1.332824e+01,2.440166e+03,2.824266e-02,9.470139e-01,9.471818e-01,-6.008042e-05,1.085803e-08,3.800287e+01,8.029241e+00,2.997363e+01,3.967992e+01,1.698276e+02
1.151570e+06,1.332836e+01,2.450167e+03,2.835841e-02,9.470093e-01,9.471819e-01,-5.997183e-05,1.085803e-08,3.800313e+01,8.029241e+00,2.997389e+01,3.968034e+01,1.698196e+02
1.151580e+06,1.332847e+01,2.460167e+03,2.847416e-02,9.470048e-01,9.471820e-01,-5.986324e-05,1.085803e-08,3.800339e+01,8.029241e+00,2.997415e+01,3.968077e+01,1.698115e+02
1.151590e+06,1.332859e+01,2.470168e+03,2.858991e-02,9.470002e-01,9.471821e-01,-5.975466e-05,1.085803e-08,3.800365e+01,8.029241e+00,2.997441e+01,3.968119e+01,1.698035e+02
1.151600e+06,1.332871e+01,2.480169e+03,2.870566e-02,9.469956e-01,9.471822e-01,-5.964607e-05,1.085803e-08,3.800390e+01,8.029241e+00,2.997466e+01,3.968162e+01,1.697954e+02
1.151610e+06,1.332882e+01,2.490170e+03,2.882141e-02,9.469911e-01,9.471823e-01,-5.953748e-05,1.085803e-08,3.800416e+01,8.029241e+00,2.997492e+01,3.968204e+01,1.697874e+02
1.151620e+06,1.332894e+01,2.500170e+03,2.893716e-02,9.469865e-01,9.471824e-01,-5.942889e-05,1.085803e-08,3.800442e+01,8.029241e+00,2.997518e+01,3.968247e+01,1.697794e+02
1.151630e+06,1.332905e+01,2.510171e+03,2.905290e-02,9.469819e-01,9.471825e-01,-5.932031e-05,1.085803e-08,3.800468e+01,8.029241e+00,2.997544e+01,3.968289e+01,1.697713e+02
1.151640e+06,1.332917e+01,2.520172e+03,2.916865e-02,9.469774e-01,9.471826e-01,-5.921172e-05,1.085802e-08,3.800494e+01,8.029241e+00,2.997569e+01,3.968332e+01,1.697633e+02
1.151650e+06,1.332928e+01,2.530172e+03,2.928440e-02,9.469728e-01,9.471827e-01,-5.910313e-05,1.085802e-08,3.800519e+01,8.029241e+00,2.997595e+01,3.968374e+01,1.697552e+02
1.151660e+06,1.332940e+01,2.540173e+03,2.940015e-02,9.469682e-01,9.471828e-01,-5.899454e-05,1.085802e-08,3.800545e+01,8.029241e+00,2.997621e+01,3.968417e+01,1.697472e+02
1.151670e+06,1.332952e+01,2.550174e+03,2.951590e-02,9.469637e-01,9.471829e-01,-5.888596e-05,1.085802e-08,3.800571e+01,8.029241e+00,2.997647e+01,3.968459e+01,1.697392e+02
1.151680e+06,1.332963e+01,2.560174e+03,2.963165e-02,9.469591e-01,9.471830e-01,-5.877737e-05,1.085802e-08,3.800597e+01,8.029241e+00,2.997673e+01,3.968502e+01,1.697311e+02
1.151690e+06,1.332975e+01,2.570175e+03,2.974740e-02,9.469545e-01,9.471831e-01,-5.866878e-05,1.085802e-08,3.800622e+01,8.029241e+00,2.997698e+01,3.968544e+01,1.697231e+02
1.151700e+06,1.332986e+01,2.580176e+03,2.986314e-02,9.469500e-01,9.471832e-01,-5.856019e-05,1.085802e-08,3.800648e+01,8.029241e+00,2.997724e+01,3.968587e+01,1.697151e+02
1.151710e+06,1.332998e+01,2.590176e+03,2.997889e-02,9.469462e-01,9.471833e-01,-5.845161e-05,1.085802e-08,3.800674e+01,8.029241e+00,2.997750e+01,3.968626e+01,1.697070e+02
1.151720e+06,1.333009e+01,2.600177e+03,3.009464e-02,9.469488e-01,9.471835e-01,-5.834302e-05,1.085801e-08,3.800693e+01,8.029241e+00,2.997769e+01,3.968638e+01,1.697000e+02
1.151730e+06,1.333021e+01,2.610178e+03,3.021039e-02,9.469562e-01,9.471836e-01,-5.823443e-05,1.085801e-08,3.800668e+01,8.029241e+00,2.997744e+01,3.968586e+01,1.697000e+02
1.151740e+06,1.333033e+01,2.620178e+03,3.032614e-02,9.469636e-01,9.471837e-01,-5.812584e-05,1.085801e-08,3.800642e+01,8.029241e+00,2.997718e+01,3.968535e+01,1.697000e+02
1.151750e+06,1.333044e+01,2.630179e+03,3.044189e-02,9.469710e-01,9.471838e-01,-5.801726e-05,1.085801e-08,3.800617e+01,8.029241e+00,2.997692e+01,3.968483e+01,1.697000e+02
1.151760e+06,1.333056e+01,2.640180e+03,3.055764e-02,9.469785e-01,9.471839e-01,-5.790867e-05,1.085801e-08,3.800591e+01,8.029241e+00,2.997667e+01,3.968431e+01,1.697000e+02
1.151770e+06,1.333067e+01,2.650180e+03,3.067338e-02,9.469859e-01,9.471840e-01,-5.780008e-05,1.085801e-08,3.800565e+01,8.029241e+00,2.997641e+01,3.968379e+01,1.697000e+02
1.151780e+06,1.333079e+01,2.660181e+03,3.078913e-02,9.469933e-01,9.471841e-01,-5.769149e-05,1.085801e-08,3.800540e+01,8.029241e+00,2.997616e+01,3.968327e+01,1.697000e+02
1.151790e+06,1.333090e+01,2.670182e+03,3.090488e-02,9.470007e-01,9.471842e-01,-5.758291e-05,1.085801e-08,3.800514e+01,8.029241e+00,2.997590e+01,3.968276e+01,1.697000e+02
1.151800e+06,1.333102e+01,2.680182e+03,3.102063e-02,9.470081e-01,9.471843e-01,-5.747432e-05,1.085801e-08,3.800489e+01,8.029241e+00,2.997564e+01,3.968224e+01,1.697000e+02
1.151810e+06,1.333114e+01,2.690183e+03,3.113638e-02,9.470155e-01,9.471844e-01,-5.736573e-05,1.085800e-08,3.800463e+01,8.029241e+00,2.997539e+01,3.968172e+01,1.697000e+02
1.151820e+06,1.333125e+01,2.700184e+03,3.125213e-02,9.470229e-01,9.471845e-01,-5.725714e-05,1.085800e-08,3.800437e+01,8.029241e+00,2.997513e+01,3.968120e+01,1.697000e+02
1.151830e+06,1.333137e+01,2.710185e+03,3.136788e-02,9.470304e-01,9.471846e-01,-5.714856e-05,1.085800e-08,3.800412e+01,8.029241e+00,2.997488e+01,3.968068e+01,1.697000e+02
1.151840e+06,1.333148e+01,2.720185e+03,3.148362e-02,9.470378e-01,9.471847e-01,-5.703997e-05,1.085800e-08,3.800386e+01,8.029241e+00,2.997462e+01,3.968016e+01,1.697000e+02
1.151850e+06,1.333160e+01,2.730186e+03,3.159937e-02,9.470452e-01,9.471848e-01,-5.693138e-05,1.085800e-08,3.800361e+01,8.029241e+00,2.997436e+01,3.967965e+01,1.697000e+02
1.151860e+06,1.333172e+01,2.740187e+03,3.171512e-02,9.470526e-01,9.471849e-01,-5.682279e-05,1.085800e-08,3.800335e+01,8.029241e+00,2.997411e+01,3.967913e+01,1.697000e+02
1.151870e+06,1.333183e+01,2.750187e+03,3.183087e-02,9.470600e-01,9.471850e-01,-5.671421e-05,1.085800e-08,3.800309e+01,8.029241e+00,2.997385e+01,3.967861e+01,1.697000e+02
1.151880e+06,1.333195e+01,2.760188e+03,3.194662e-02,9.470674e-01,9.471851e-01,-5.660562e-05,1.085800e-08,3.800284e+01,8.029241e+00,2.997360e+01,3.967809e+01,1.697000e+02
1.151890e+06,1.333206e+01,2.770189e+03,3.206237e-02,9.470748e-01,9.471852e-01,-5.649703e-05,1.085799e-08,3.800258e+01,8.029241e+00,2.997334e+01,3.967757e+01,1.697000e+02
1.151900e+06,1.333218e+01,2.780189e+03,3.217812e-02,9.470822e-01,9.471853e-01,-5.638844e-05,1.085799e-08,3.800233e+01,8.029241e+00,2.997308e+01,3.967706e+01,1.697000e+02
1.151910e+06,1.333229e+01,2.790190e+03,3.229387e-02,9.470897e-01,9.471854e-01,-5.627986e-05,1.085799e-08,3.800207e+01,8.029241e+00,2.997283e+01,3.967654e+01,1.697000e+02
1.151920e+06,1.333241e+01,2.800191e+03,3.240961e-02,9.470971e-01,9.471855e-01,-5.617127e-05,1.085799e-08,3.800181e+01,8.029241e+00,2.997257e+01,3.967602e+01,1.697000e+02
1.151930e+06,1.333253e+01,2.810191e+03,3.252536e-02,9.471045e-01,9.471856e-01,-5.606268e-05,1.085799e-08,3.800156e+01,8.029241e+00,2.997232e+01,3.967550e+01,1.697000e+02
1.151940e+06,1.333264e+01,2.820192e+03,3.264111e-02,9.471119e-01,9.471857e-01,-5.595410e-05,1.085799e-08,3.800130e+01,8.029241e+00,2.997206e+01,3.967498e+01,1.697000e+02
1.151950e+06,1.333276e+01,2.830193e+03,3.275686e-02,9.471193e-01,9.471858e-01,-5.584551e-05,1.085799e-08,3.800105e+01,8.029241e+00,2.997180e+01,3.967447e+01,1.697000e+02
1.151960e+06,1.333287e+01,2.840193e+03,3.287261e-02,9.471267e-01,9.471859e-01,-5.573692e-05,1.085799e-08,3.800079e+01,8.029241e+00,2.997155e+01,3.967395e+01,1.697000e+02
1.151970e+06,1.333299e+01,2.850194e+03,3.298836e-02,9.471339e-01,9.471860e-01,-5.562833e-05,1.085799e-08,3.800057e+01,8.029241e+00,2.997133e+01,3.967348e+01,1.697000e+02
1.151980e+06,1.333310e+01,2.860195e+03,3.310411e-02,9.471373e-01,9.471861e-01,-5.551975e-05,1.085798e-08,3.800083e+01,8.029241e+00,2.997159e+01,3.967364e+01,1.697000e+02
1.151990e+06,1.333322e+01,2.870195e+03,3.321985e-02,9.471407e-01,9.471862e-01,-5.541116e-05,1.085798e-08,3.800108e+01,8.029241e+00,2.997184e+01,3.967379e+01,1.697000e+02
1.152000e+06,1.333334e+01,2.880196e+03,3.333560e-02,9.471441e-01,9.471863e-01,-5.530257e-05,1.085798e-08,3.800134e+01,8.029241e+00,2.997210e+01,3.967395e+01,1.697000e+02
1.152010e+06,1.333345e+01,2.890197e+03,3.345135e-02,9.471475e-01,9.471864e-01,-5.519398e-05,1.085798e-08,3.800160e+01,8.029241e+00,2.997236e+01,3.967411e+01,1.697000e+02
1.152020e+06,1.333357e+01,2.900197e+03,3.356710e-02,9.471509e-01,9.471865e-01,-5.508540e-05,1.085798e-08,3.800185e+01,8.029241e+00,2.997261e+01,3.967427e+01,1.697000e+02
1.152030e+06,1.333368e+01,2.910198e+03,3.368285e-02,9.471543e-01,9.471866e-01,-5.497681e-05,1.085798e-08,3.800211e+01,8.029241e+00,2.997287e+01,3.967442e+01,1.697000e+02
1.152040e+06,1.333380e+01,2.920199e+03,3.379860e-02,9.471577e-01,9.471867e-01,-5.486822e-05,1.085798e-08,3.800237e+01,8.029241e+00,2.997313e+01,3.967458e+01,1.697000e+02
1.152050e+06,1.333391e+01,2.930199e+03,3.391435e-02,9.471611e-01,9.471868e-01,-5.475964e-05,1.085798e-08,3.800263e+01,8.029241e+00,2.997338e+01,3.967474e+01,1.697000e+02
1.152060e+06,1.333403e+01,2.940200e+03,3.403009e-02,9.471645e-01,9.471869e-01,-5.465105e-05,1.085797e-08,3.800288e+01,8.029241e+00,2.997364e+01,3.967489e+01,1.697000e+02
1.152070e+06,1.333415e+01,2.950201e+03,3.414584e-02,9.471680e-01,9.471871e-01,-5.454246e-05,1.085797e-08,3.800314e+01,8.029241e+00,2.997390e+01,3.967505e+01,1.697000e+02
1.152080e+06,1.333426e+01,2.960202e+03,3.426159e-02,9.471714e-01,9.471872e-01,-5.443387e-05,1.085797e-08,3.800340e+01,8.029241e+00,2.997415e+01,3.967521e+01,1.697000e+02
1.152090e+06,1.333438e+01,2.970202e+03,3.437734e-02,9.471748e-01,9.471873e-01,-5.432529e-05,1.085797e-08,3.800365e+01,8.029241e+00,2.997441e+01,3.967537e+01,1.697000e+02
1.152100e+06,1.333449e+01,2.980203e+03,3.449309e-02,9.471782e-01,9.471874e-01,-5.421670e-05,1.085797e-08,3.800391e+01,8.029241e+00,2.997467e+01,3.967552e+01,1.697000e+02
1.152110e+06,1.333461e+01,2.990204e+03,3.460884e-02,9.471816e-01,9.471875e-01,-5.410811e-05,1.085797e-08,3.800417e+01,8.029241e+00,2.997493e+01,3.967568e+01,1.697000e+02
1.152120e+06,1.333472e+01,3.000204e+03,3.472459e-02,9.471850e-01,9.471876e-01,-5.399953e-05,1.085797e-08,3.800442e+01,8.029241e+00,2.997518e+01,3.967584e+01,1.697000e+02
1.152130e+06,1.333484e+01,3.010205e+03,3.484033e-02,9.471884e-01,9.471877e-01,-5.389094e-05,1.085797e-08,3.800468e+01,8.029241e+00,2.997544e+01,3.967600e+01,1.697000e+02
1.152140e+06,1.333496e+01,3.020206e+03,3.495608e-02,9.471918e-01,9.471878e-01,-5.378235e-05,1.085796e-08,3.800494e+01,8.029241e+00,2.997570e+01,3.967615e+01,1.697000e+02
1.152150e+06,1.333507e+01,3.030206e+03,3.507183e-02,9.471952e-01,9.471879e-01,-5.367376e-05,1.085796e-08,3.800519e+01,8.029241e+00,2.997595e+01,3.967631e+01,1.697000e+02
1.152160e+06,1.333519e+01,3.040207e+03,3.518758e-02,9.471986e-01,9.471880e-01,-5.356518e-05,1.085796e-08,3.800545e+01,8.029241e+00,2.997621e+01,3.967647e+01,1.697000e+02
1.152170e+06,1.333530e+01,3.050208e+03,3.530333e-02,9.472021e-01,9.471881e-01,-5.345659e-05,1.085796e-08,3.800571e+01,8.029241e+00,2.997647e+01,3.967662e+01,1.697000e+02
1.152180e+06,1.333542e+01,3.060208e+03,3.541908e-02,9.472055e-01,9.471882e-01,-5.334800e-05,1.085796e-08,3.800596e+01,8.029241e+00,2.997672e+01,3.967678e+01,1.697000e+02
1.152190e+06,1.333553e+01,3.070209e+03,3.553483e-02,9.472089e-01,9.471883e-01,-5.323942e-05,1.085796e-08,3.800622e+01,8.029241e+00,2.997698e+01,3.967694e+01,1.697000e+02
1.152200e+06,1.333565e+01,3.080210e+03,3.565058e-02,9.472123e-01,9.471884e-01,-5.313083e-05,1.085796e-08,3.800648e+01,8.029241e+00,2.997724e+01,3.967710e+01,1.697000e+02
1.152210e+06,1.333577e+01,3.090210e+03,3.576632e-02,9.472154e-01,9.471885e-01,-5.302224e-05,1.085796e-08,3.800674e+01,8.029241e+00,2.997749e+01,3.967726e+01,1.697000e+02
1.152220e+06,1.333588e+01,3.100211e+03,3.588207e-02,9.472148e-01,9.471886e-01,-5.291366e-05,1.085796e-08,3.800694e+01,8.029241e+00,2.997770e+01,3.967750e+01,1.696996e+02
1.152230e+06,1.333600e+01,3.110212e+03,3.599782e-02,9.472076e-01,9.471887e-01,-5.280507e-05,1.085795e-08,3.800668e+01,8.029241e+00,2.997744e+01,3.967747e+01,1.696956e+02
1.152240e+06,1.333611e+01,3.120212e+03,3.611357e-02,9.472004e-01,9.471888e-01,-5.269648e-05,1.085795e-08,3.800643e+01,8.029241e+00,2.997719e+01,3.967744e+01,1.696916e+02
1.152250e+06,1.333623e+01,3.130213e+03,3.622932e-02,9.471932e-01,9.471889e-01,-5.258790e-05,1.085795e-08,3.800617e+01,8.029241e+00,2.997693e+01,3.967741e+01,1.696876e+02
1.152260e+06,1.333635e+01,3.140214e+03,3.634507e-02,9.471860e-01,9.471890e-01,-5.247931e-05,1.085795e-08,3.800591e+01,8.029241e+00,2.997667e+01,3.967738e+01,1.696836e+02
1.152270e+06,1.333646e+01,3.150214e+03,3.646082e-02,9.471788e-01,9.471891e-01,-5.237072e-05,1.085795e-08,3.800566e+01,8.029241e+00,2.997642e+01,3.967735e+01,1.696796e+02
1.152280e+06,1.333658e+01,3.160215e+03,3.657656e-02,9.471715e-01,9.471892e-01,-5.226213e-05,1.085795e-08,3.800540e+01,8.029241e+00,2.997616e+01,3.967732e+01,1.696756e+02
1.152290e+06,1.333669e+01,3.170216e+03,3.669231e-02,9.471643e-01,9.471893e-01,-5.215355e-05,1.085795e-08,3.800515e+01,8.029241e+00,2.997591e+01,3.967729e+01,1.696716e+02
1.152300e+06,1.333681e+01,3.180217e+03,3.680806e-02,9.471571e-01,9.471894e-01,-5.204496e-05,1.085795e-08,3.800489e+01,8.029241e+00,2.997565e+01,3.967726e+01,1.696677e+02
1.152310e+06,1.333692e+01,3.190217e+03,3.692381e-02,9.471499e-01,9.471895e-01,-5.193637e-05,1.085794e-08,3.800463e+01,8.029241e+00,2.997539e+01,3.967723e+01,1.696637e+02
1.152320e+06,1.333704e+01,3.200218e+03,3.703956e-02,9.471427e-01,9.471896e-01,-5.182779e-05,1.085794e-08,3.800438e+01,8.029241e+00,2.997514e+01,3.967720e+01,1.696597e+02
1.152330e+06,1.333716e+01,3.210219e+03,3.715531e-02,9.471355e-01,9.471897e-01,-5.171920e-05,1.085794e-08,3.800412e+01,8.029241e+00,2.997488e+01,3.967718e+01,1.696557e+02
1.152340e+06,1.333727e+01,3.220219e+03,3.727106e-02,9.471283e-01,9.471898e-01,-5.161061e-05,1.085794e-08,3.800387e+01,8.029241e+00,2.997463e+01,3.967715e+01,1.696517e+02
1.152350e+06,1.333739e+01,3.230220e+03,3.738680e-02,9.471211e-01,9.471899e-01,-5.150203e-05,1.085794e-08,3.800361e+01,8.029241e+00,2.997437e+01,3.967712e+01,1.696477e+02
1.152360e+06,1.333750e+01,3.240221e+03,3.750255e-02,9.471139e-01,9.471900e-01,-5.139344e-05,1.085794e-08,3.800335e+01,8.029241e+00,2.997411e+01,3.967709e+01,1.696437e+02
1.152370e+06,1.333762e+01,3.250221e+03,3.761830e-02,9.471067e-01,9.471901e-01,-5.128485e-05,1.085794e-08,3.800310e+01,8.029241e+00,2.997386e+01,3.967706e+01,1.696397e+02
1.152380e+06,1.333773e+01,3.260222e+03,3.773405e-02,9.470994e-01,9.471902e-01,-5.117627e-05,1.085794e-08,3.800284e+01,8.029241e+00,2.997360e+01,3.967703e+01,1.696357e+02
1.152390e+06,1.333785e+01,3.270223e+03,3.784980e-02,9.470922e-01,9.471903e-01,-5.106768e-05,1.085794e-08,3.800259e+01,8.029241e+00,2.997335e+01,3.967700e+01,1.696317e+02
1.152400e+06,1.333797e+01,3.280223e+03,3.796555e-02,9.470850e-01,9.471904e-01,-5.095909e-05,1.085793e-08,3.800233e+01,8.029241e+00,2.997309e+01,3.967697e+01,1.696277e+02
1.152410e+06,1.333808e+01,3.290224e+03,3.808130e-02,9.470778e-01,9.471905e-01,-5.085051e-05,1.085793e-08,3.800207e+01,8.029241e+00,2.997283e+01,3.967694e+01,1.696237e+02
1.152420e+06,1.333820e+01,3.300225e+03,3.819705e-02,9.470706e-01,9.471907e-01,-5.074192e-05,1.085793e-08,3.800182e+01,8.029241e+00,2.997258e+01,3.967691e+01,1.696198e+02
1.152430e+06,1.333831e+01,3.310225e+03,3.831279e-02,9.470634e-01,9.471908e-01,-5.063333e-05,1.085793e-08,3.800156e+01,8.029241e+00,2.997232e+01,3.967688e+01,1.696158e+02
1.152440e+06,1.333843e+01,3.320226e+03,3.842854e-02,9.470562e-01,9.471909e-01,-5.052475e-05,1.085793e-08,3.800131e+01,8.029241e+00,2.997207e+01,3.967685e+01,1.696118e+02
1.152450e+06,1.333854e+01,3.330227e+03,3.854429e-02,9.470490e-01,9.471910e-01,-5.041616e-05,1.085793e-08,3.800105e+01,8.029241e+00,2.997181e+01,3.967682e+01,1.696078e+02
1.152460e+06,1.333866e+01,3.340227e+03,3.866004e-02,9.470421e-01,9.471911e-01,-5.030757e-05,1.085793e-08,3.800079e+01,8.029241e+00,2.997155e+01,3.967678e+01,1.696038e+02
1.152470e+06,1.333878e+01,3.350228e+03,3.877579e-02,9.470416e-01,9.471912e-01,-5.019899e-05,1.085793e-08,3.800053e+01,8.029229e+00,2.997130e+01,3.967652e+01,1.696002e+02
1.152480e+06,1.333889e+01,3.360229e+03,3.889154e-02,9.470470e-01,9.471913e-01,-5.009040e-05,1.085792e-08,3.800001e+01,8.028974e+00,2.997104e+01,3.967581e+01,1.696042e+02
1.152490e+06,1.333901e+01,3.370229e+03,3.900729e-02,9.470524e-01,9.471914e-01,-4.998181e-05,1.085792e-08,3.799949e+01,8.028719e+00,2.997078e+01,3.967510e+01,1.696082e+02
1.152500e+06,1.333912e+01,3.380230e+03,3.912303e-02,9.470578e-01,9.471915e-01,-4.987323e-05,1.085792e-08,3.799898e+01,8.028464e+00,2.997052e+01,3.967438e+01,1.696123e+02
1.152510e+06,1.333924e+01,3.390231e+03,3.923878e-02,9.470632e-01,9.471916e-01,-4.976464e-05,1.085792e-08,3.799846e+01,8.028209e+00,2.997026e+01,3.967367e+01,1.696163e+02
1.152520e+06,1.333935e+01,3.400231e+03,3.935453e-02,9.470686e-01,9.471917e-01,-4.965605e-05,1.085792e-08,3.799795e+01,8.027954e+00,2.996999e+01,3.967296e+01,1.696203e+02
1.152530e+06,1.333947e+01,3.410232e+03,3.947028e-02,9.470739e-01,9.471918e-01,-4.954747e-05,1.085792e-08,3.799743e+01,8.027699e+00,2.996973e+01,3.967225e+01,1.696243e+02
1.152540e+06,1.333959e+01,3.420233e+03,3.958603e-02,9.470793e-01,9.471919e-01,-4.943888e-05,1.085792e-08,3.799692e+01,8.027444e+00,2.996947e+01,3.967154e+01,1.696283e+02
1.152550e+06,1.333970e+01,3.430234e+03,3.970178e-02,9.470847e-01,9.471920e-01,-4.933029e-05,1.085792e-08,3.799640e+01,8.027189e+00,2.996921e+01,3.967083e+01,1.696324e+02
1.152560e+06,1.333982e+01,3.440234e+03,3.981753e-02,9.470901e-01,9.471921e-01,-4.922171e-05,1.085792e-08,3.799589e+01,8.026934e+00,2.996895e+01,3.967012e+01,1.696364e+02
1.152570e+06,1.333993e+01,3.450235e+03,3.993327e-02,9.470955e-01,9.471922e-01,-4.911312e-05,1.085791e-08,3.799537e+01,8.026679e+00,2.996869e+01,3.966941e+01,1.696404e+02
1.152580e+06,1.334005e+01,3.460236e+03,4.004902e-02,9.471009e-01,9.471923e-01,-4.900453e-05,1.085791e-08,3.799485e+01,8.026424e+00,2.996843e+01,3.966870e+01,1.696444e+02
1.152590e+06,1.334016e+01,3.470236e+03,4.016477e-02,9.471063e-01,9.471924e-01,-4.889595e-05,1.085791e-08,3.799434e+01,8.026169e+00,2.996817e+01,3.966799e+01,1.696484e+02
1.152600e+06,1.334028e+01,3.480237e+03,4.028052e-02,9.471117e-01,9.471925e-01,-4.878736e-05,1.085791e-08,3.799382e+01,8.025914e+00,2.996791e+01,3.966728e+01,1.696524e+02
1.152610e+06,1.334040e+01,3.490238e+03,4.039627e-02,9.471171e-01,9.471926e-01,-4.867877e-05,1.085791e-08,3.799331e+01,8.025659e+00,2.996765e+01,3.966657e+01,1.696565e+02
1.152620e+06,1.334051e+01,3.500238e+03,4.051202e-02,9.471225e-01,9.471927e-01,-4.857019e-05,1.085791e-08,3.799279e+01,8.025404e+00,2.996739e+01,3.966586e+01,1.696605e+02
1.152630e+06,1.334063e+01,3.510239e+03,4.062777e-02,9.471279e-01,9.471928e-01,-4.846160e-05,1.085791e-08,3.799228e+01,8.025149e+00,2.996713e+01,3.966515e+01,1.696645e+02
1.152640e+06,1.334074e+01,3.520240e+03,4.074351e-02,9.471333e-01,9.471929e-01,-4.835301e-05,1.085791e-08,3.799176e+01,8.024894e+00,2.996687e+01,3.966444e+01,1.696685e+02
1.152650e+06,1.334086e+01,3.530240e+03,4.085926e-02,9.471386e-01,9.471930e-01,-4.824443e-05,1.085790e-08,3.799125e+01,8.024639e+00,2.996661e+01,3.966373e+01,1.696725e+02
1.152660e+06,1.334098e+01,3.540241e+03,4.097501e-02,9.471440e-01,9.471931e-01,-4.813584e-05,1.085790e-08,3.799073e+01,8.024384e+00,2.996635e+01,3.966302e+01,1.696766e+02
1.152670e+06,1.334109e+01,3.550242e+03,4.109076e-02,9.471494e-01,9.471932e-01,-4.802726e-05,1.085790e-08,3.799022e+01,8.024129e+00,2.996609e+01,3.966231e+01,1.696806e+02
1.152680e+06,1.334121e+01,3.560242e+03,4.120651e-02,9.471548e-01,9.471933e-01,-4.791867e-05,1.085790e-08,3.798970e+01,8.023874e+00,2.996583e+01,3.966160e+01,1.696846e+02
1.152690e+06,1.334132e+01,3.570243e+03,4.132226e-02,9.471602e-01,9.471934e-01,-4.781008e-05,1.085790e-08,3.798918e+01,8.023619e+00,2.996557e+01,3.966089e+01,1.696886e+02
1.152700e+06,1.334144e+01,3.580244e+03,4.143801e-02,9.471656e-01,9.471935e-01,-4.770150e-05,1.085790e-08,3.798867e+01,8.023364e+00,2.996530e+01,3.966018e+01,1.696926e+02
1.152710e+06,1.334155e+01,3.590244e+03,4.155376e-02,9.471705e-01,9.471936e-01,-4.759291e-05,1.085790e-08,3.798815e+01,8.023109e+00,2.996504e+01,3.965949e+01,1.696967e+02
1.152720e+06,1.334167e+01,3.600245e+03,4.166950e-02,9.471720e-01,9.471937e-01,-4.748432e-05,1.085790e-08,3.798800e+01,8.022854e+00,2.996514e+01,3.965929e+01,1.697000e+02
1.152730e+06,1.334179e+01,3.610246e+03,4.178525e-02,9.471705e-01,9.471938e-01,-4.737574e-05,1.085790e-08,3.798961e+01,8.022602e+00,2.996701e+01,3.966106e+01,1.697000e+02
1.152740e+06,1.334190e+01,3.620246e+03,4.190100e-02,9.471689e-01,9.471939e-01,-4.726715e-05,1.085789e-08,3.799123e+01,8.022349e+00,2.996888e+01,3.966283e+01,1.697000e+02
1.152750e+06,1.334202e+01,3.630247e+03,4.201675e-02,9.471674e-01,9.471940e-01,-4.715856e-05,1.085789e-08,3.799284e+01,8.022097e+00,2.997075e+01,3.966460e+01,1.697000e+02
1.152760e+06,1.334213e+01,3.640248e+03,4.213250e-02,9.471659e-01,9.471941e-01,-4.704998e-05,1.085789e-08,3.799446e+01,8.021845e+00,2.997261e+01,3.966637e+01,1.697000e+02
1.152770e+06,1.334225e+01,3.650249e+03,4.224825e-02,9.471643e-01,9.471943e-01,-4.694139e-05,1.085789e-08,3.799608e+01,8.021592e+00,2.997448e+01,3.966814e+01,1.697000e+02
1.152780e+06,1.334236e+01,3.660249e+03,4.236400e-02,9.471628e-01,9.471944e-01,-4.683281e-05,1.085789e-08,3.799769e+01,8.021340e+00,2.997635e+01,3.966991e+01,1.697000e+02
1.152790e+06,1.334248e+01,3.670250e+03,4.247974e-02,9.471612e-01,9.471945e-01,-4.672422e-05,1.085789e-08,3.799931e+01,8.021087e+00,2.997822e+01,3.967168e+01,1.697000e+02
1.152800e+06,1.334260e+01,3.680251e+03,4.259549e-02,9.471597e-01,9.471946e-01,-4.661563e-05,1.085789e-08,3.800092e+01,8.020835e+00,2.998009e+01,3.967346e+01,1.697000e+02
1.152810e+06,1.334271e+01,3.690251e+03,4.271124e-02,9.471582e-01,9.471947e-01,-4.650705e-05,1.085789e-08,3.800254e+01,8.020583e+00,2.998196e+01,3.967523e+01,1.697000e+02
1.152820e+06,1.334283e+01,3.700252e+03,4.282699e-02,9.471566e-01,9.471948e-01,-4.639846e-05,1.085788e-08,3.800415e+01,8.020330e+00,2.998382e+01,3.967700e+01,1.697000e+02
1.152830e+06,1.334294e+01,3.710253e+03,4.294274e-02,9.471551e-01,9.471949e-01,-4.628987e-05,1.085788e-08,3.800577e+01,8.020078e+00,2.998569e+01,3.967877e+01,1.697000e+02
1.152840e+06,1.334306e+01,3.720253e+03,4.305849e-02,9.471536e-01,9.471950e-01,-4.618129e-05,1.085788e-08,3.800739e+01,8.019826e+00,2.998756e+01,3.968054e+01,1.697000e+02
1.152850e+06,1.334317e+01,3.730254e+03,4.317424e-02,9.471520e-01,9.471951e-01,-4.607270e-05,1.085788e-08,3.800900e+01,8.019573e+00,2.998943e+01,3.968231e+01,1.697000e+02
1.152860e+06,1.334329e+01,3.740255e+03,4.328998e-02,9.471505e-01,9.471952e-01,-4.596412e-05,1.085788e-08,3.801062e+01,8.019321e+00,2.999130e+01,3.968408e+01,1.697000e+02
1.152870e+06,1.334341e+01,3.750255e+03,4.340573e-02,9.471489e-01,9.471953e-01,-4.585553e-05,1.085788e-08,3.801223e+01,8.019068e+00,2.999316e+01,3.968586e+01,1.697000e+02
1.152880e+06,1.334352e+01,3.760256e+03,4.352148e-02,9.471474e-01,9.471954e-01,-4.574694e-05,1.085788e-08,3.801385e+01,8.018816e+00,2.999503e+01,3.968763e+01,1.697000e+02
1.152890e+06,1.334364e+01,3.770257e+03,4.363723e-02,9.471459e-01,9.471955e-01,-4.563836e-05,1.085788e-08,3.801546e+01,8.018564e+00,2.999690e+01,3.968940e+01,1.697000e+02
1.152900e+06,1.334375e+01,3.780257e+03,4.375298e-02,9.471443e-01,9.471956e-01,-4.552977e-05,1.085788e-08,3.801708e+01,8.018311e+00,2.999877e+01,3.969117e+01,1.697000e+02
1.152910e+06,1.334387e+01,3.790258e+03,4.386873e-02,9.471428e-01,9.471957e-01,-4.542118e-05,1.085787e-08,3.801870e+01,8.018059e+00,3.000064e+01,3.969294e+01,1.697000e+02
1.152920e+06,1.334398e+01,3.800259e+03,4.398448e-02,9.471413e-01,9.471958e-01,-4.531260e-05,1.085787e-08,3.802031e+01,8.017807e+00,3.000250e+01,3.969471e+01,1.697000e+02
1.152930e+06,1.334410e+01,3.810259e+03,4.410022e-02,9.471397e-01,9.471959e-01,-4.520401e-05,1.085787e-08,3.802193e+01,8.017554e+00,3.000437e+01,3.969648e+01,1.697000e+02
1.152940e+06,1.334422e+01,3.820260e+03,4.421597e-02,9.471382e-01,9.471960e-01,-4.509543e-05,1.085787e-08,3.802354e+01,8.017302e+00,3.000624e+01,3.969826e+01,1.697000e+02
1.152950e+06,1.334433e+01,3.830261e+03,4.433172e-02,9.471366e-01,9.471961e-01,-4.498684e-05,1.085787e-08,3.802516e+01,8.017049e+00,3.000811e+01,3.970003e+01,1.697000e+02
1.152960e+06,1.334445e+01,3.840261e+03,4.444747e-02,9.471351e-01,9.471962e-01,-4.487825e-05,1.085787e-08,3.802677e+01,8.016797e+00,3.000998e+01,3.970180e+01,1.697000e+02
1.152970e+06,1.334456e+01,3.850262e+03,4.456322e-02,9.471339e-01,9.471963e-01,-4.476967e-05,1.085787e-08,3.802833e+01,8.016545e+00,3.001178e+01,3.970349e+01,1.697000e+02
1.152980e+06,1.334468e+01,3.860263e+03,4.467897e-02,9.471448e-01,9.471964e-01,-4.466108e-05,1.085787e-08,3.802773e+01,8.016288e+00,3.001144e+01,3.970251e+01,1.697000e+02
1.152990e+06,1.334479e+01,3.870263e+03,4.479472e-02,9.471556e-01,9.471965e-01,-4.455250e-05,1.085786e-08,3.802713e+01,8.016031e+00,3.001110e+01,3.970153e+01,1.697000e+02
1.153000e+06,1.334491e+01,3.880264e+03,4.491047e-02,9.471665e-01,9.471966e-01,-4.444391e-05,1.085786e-08,3.802653e+01,8.015774e+00,3.001076e+01,3.970055e+01,1.697000e+02
1.153010e+06,1.334503e+01,3.890265e+03,4.502621e-02,9.471773e-01,9.471967e-01,-4.433532e-05,1.085786e-08,3.802593e+01,8.015517e+00,3.001041e+01,3.969957e+01,1.697000e+02
1.153020e+06,1.334514e+01,3.900266e+03,4.514196e-02,9.471882e-01,9.471968e-01,-4.422674e-05,1.085786e-08,3.802533e+01,8.015260e+00,3.001007e+01,3.969859e+01,1.697000e+02
1.153030e+06,1.334526e+01,3.910266e+03,4.525771e-02,9.471990e-01,9.471969e-01,-4.411815e-05,1.085786e-08,3.802473e+01,8.015003e+00,3.000973e+01,3.969760e+01,1.697000e+02
1.153040e+06,1.334537e+01,3.920267e+03,4.537346e-02,9.472099e-01,9.471970e-01,-4.400957e-05,1.085786e-08,3.802413e+01,8.014746e+00,3.000939e+01,3.969662e+01,1.697000e+02
1.153050e+06,1.334549e+01,3.930268e+03,4.548921e-02,9.472207e-01,9.471971e-01,-4.390098e-05,1.085786e-08,3.802353e+01,8.014490e+00,3.000904e+01,3.969564e+01,1.697000e+02
1.153060e+06,1.334560e+01,3.940268e+03,4.560496e-02,9.472316e-01,9.471972e-01,-4.379239e-05,1.085786e-08,3.802293e+01,8.014233e+00,3.000870e+01,3.969466e+01,1.697000e+02
1.153070e+06,1.334572e+01,3.950269e+03,4.572071e-02,9.472425e-01,9.471973e-01,-4.368381e-05,1.085786e-08,3.802233e+01,8.013976e+00,3.000836e+01,3.969368e+01,1.697000e+02
1.153080e+06,1.334584e+01,3.960270e+03,4.583645e-02,9.472533e-01,9.471974e-01,-4.357522e-05,1.085785e-08,3.802173e+01,8.013719e+00,3.000802e+01,3.969270e+01,1.697000e+02
1.153090e+06,1.334595e+01,3.970270e+03,4.595220e-02,9.472642e-01,9.471975e-01,-4.346664e-05,1.085785e-08,3.802114e+01,8.013462e+00,3.000767e+01,3.969171e+01,1.697000e+02
1.153100e+06,1.334607e+01,3.980271e+03,4.606795e-02,9.472750e-01,9.471976e-01,-4.335805e-05,1.085785e-08,3.802054e+01,8.013205e+00,3.000733e+01,3.969073e+01,1.697000e+02
1.153110e+06,1.334618e+01,3.990272e+03,4.618370e-02,9.472859e-01,9.471977e-01,-4.324946e-05,1.085785e-08,3.801994e+01,8.012948e+00,3.000699e+01,3.968975e+01,1.697000e+02
1.153120e+06,1.334630e+01,4.000272e+03,4.629945e-02,9.472967e-01,9.471979e-01,-4.314088e-05,1.085785e-08,3.801934e+01,8.012691e+00,3.000665e+01,3.968877e+01,1.697000e+02
1.153130e+06,1.334642e+01,4.010273e+03,4.641520e-02,9.473076e-01,9.471980e-01,-4.303229e-05,1.085785e-08,3.801874e+01,8.012434e+00,3.000630e+01,3.968779e+01,1.697000e+02
1.153140e+06,1.334653e+01,4.020274e+03,4.653095e-02,9.473184e-01,9.471981e-01,-4.292371e-05,1.085785e-08,3.801814e+01,8.012178e+00,3.000596e+01,3.968681e+01,1.697000e+02
1.153150e+06,1.334665e+01,4.030274e+03,4.664669e-02,9.473293e-01,9.471982e-01,-4.281512e-05,1.085785e-08,3.801754e+01,8.011921e+00,3.000562e+01,3.968583e+01,1.697000e+02
1.153160e+06,1.334676e+01,4.040275e+03,4.676244e-02,9.473401e-01,9.471983e-01,-4.270653e-05,1.085784e-08,3.801694e+01,8.011664e+00,3.000528e+01,3.968485e+01,1.697000e+02
1.153170e+06,1.334688e+01,4.050276e+03,4.687819e-02,9.473510e-01,9.471984e-01,-4.259795e-05,1.085784e-08,3.801634e+01,8.011407e+00,3.000493e+01,3.968386e+01,1.697000e+02
1.153180e+06,1.334699e+01,4.060276e+03,4.699394e-02,9.473618e-01,9.471985e-01,-4.248936e-05,1.085784e-08,3.801574e+01,8.011150e+00,3.000459e+01,3.968288e+01,1.697000e+02
1.153190e+06,1.334711e+01,4.070277e+03,4.710969e-02,9.473727e-01,9.471986e-01,-4.238078e-05,1.085784e-08,3.801514e+01,8.010893e+00,3.000425e+01,3.968190e+01,1.697000e+02
1.153200e+06,1.334723e+01,4.080278e+03,4.722544e-02,9.473835e-01,9.471987e-01,-4.227219e-05,1.085784e-08,3.801454e+01,8.010636e+00,3.000391e+01,3.968092e+01,1.697000e+02
1.153210e+06,1.334734e+01,4.090278e+03,4.734119e-02,9.473944e-01,9.471988e-01,-4.216361e-05,1.085784e-08,3.801394e+01,8.010379e+00,3.000356e+01,3.967994e+01,1.697000e+02
1.153220e+06,1.334746e+01,4.100279e+03,4.745693e-02,9.474045e-01,9.471989e-01,-4.205502e-05,1.085784e-08,3.801333e+01,8.010123e+00,3.000321e+01,3.967897e+01,1.697000e+02
1.153230e+06,1.334757e+01,4.110280e+03,4.757268e-02,9.474019e-01,9.471990e-01,-4.194643e-05,1.085784e-08,3.801257e+01,8.009870e+00,3.000270e+01,3.967826e+01,1.697000e+02
1.153240e+06,1.334769e+01,4.120281e+03,4.768843e-02,9.473993e-01,9.471991e-01,-4.183785e-05,1.085784e-08,3.801180e+01,8.009616e+00,3.000218e+01,3.967755e+01,1.697000e+02
1.153250e+06,1.334780e+01,4.130281e+03,4.780418e-02,9.473967e-01,9.471992e-01,-4.172926e-05,1.085783e-08,3.801103e+01,8.009363e+00,3.000167e+01,3.967684e+01,1.697000e+02
1.153260e+06,1.334792e+01,4.140282e+03,4.791993e-02,9.473942e-01,9.471993e-01,-4.162068e-05,1.085783e-08,3.801026e+01,8.009110e+00,3.000115e+01,3.967613e+01,1.697000e+02
1.153270e+06,1.334804e+01,4.150283e+03,4.803568e-02,9.473916e-01,9.471994e-01,-4.151209e-05,1.085783e-08,3.800949e+01,8.008857e+00,3.000064e+01,3.967542e+01,1.697000e+02
1.153280e+06,1.334815e+01,4.160283e+03,4.815143e-02,9.473890e-01,9.471995e-01,-4.140351e-05,1.085783e-08,3.800873e+01,8.008603e+00,3.000012e+01,3.967471e+01,1.697000e+02
1.153290e+06,1.334827e+01,4.170284e+03,4.826718e-02,9.473864e-01,9.471996e-01,-4.129492e-05,1.085783e-08,3.800796e+01,8.008350e+00,2.999961e+01,3.967400e+01,1.697000e+02
1.153300e+06,1.334838e+01,4.180285e+03,4.838292e-02,9.473838e-01,9.471997e-01,-4.118633e-05,1.085783e-08,3.800719e+01,8.008097e+00,2.999909e+01,3.967329e+01,1.697000e+02
1.153310e+06,1.334850e+01,4.190285e+03,4.849867e-02,9.473813e-01,9.471998e-01,-4.107775e-05,1.085783e-08,3.800642e+01,8.007844e+00,2.999858e+01,3.967258e+01,1.697000e+02
1.153320e+06,1.334861e+01,4.200286e+03,4.861442e-02,9.473787e-01,9.471999e-01,-4.096916e-05,1.085783e-08,3.800565e+01,8.007590e+00,2.999806e+01,3.967187e+01,1.697000e+02
1.153330e+06,1.334873e+01,4.210287e+03,4.873017e-02,9.473761e-01,9.472000e-01,-4.086058e-05,1.085782e-08,3.800489e+01,8.007337e+00,2.999755e+01,3.967116e+01,1.697000e+02
1.153340e+06,1.334885e+01,4.220287e+03,4.884592e-02,9.473735e-01,9.472001e-01,-4.075199e-05,1.085782e-08,3.800412e+01,8.007084e+00,2.999703e+01,3.967045e+01,1.697000e+02
1.153350e+06,1.334896e+01,4.230288e+03,4.896167e-02,9.473710e-01,9.472002e-01,-4.064341e-05,1.085782e-08,3.800335e+01,8.006831e+00,2.999652e+01,3.966974e+01,1.697000e+02
1.153360e+06,1.334908e+01,4.240289e+03,4.907742e-02,9.473684e-01,9.472003e-01,-4.053482e-05,1.085782e-08,3.800258e+01,8.006577e+00,2.999600e+01,3.966903e+01,1.697000e+02
1.153370e+06,1.334919e+01,4.250289e+03,4.919316e-02,9.473658e-01,9.472004e-01,-4.042623e-05,1.085782e-08,3.800181e+01,8.006324e+00,2.999549e+01,3.966832e+01,1.697000e+02
1.153380e+06,1.334931e+01,4.260290e+03,4.930891e-02,9.473632e-01,9.472005e-01,-4.031765e-05,1.085782e-08,3.800105e+01,8.006071e+00,2.999497e+01,3.966761e+01,1.697000e+02
1.153390e+06,1.334942e+01,4.270291e+03,4.942466e-02,9.473607e-01,9.472006e-01,-4.020906e-05,1.085782e-08,3.800028e+01,8.005818e+00,2.999446e+01,3.966690e+01,1.697000e+02
1.153400e+06,1.334954e+01,4.280291e+03,4.954041e-02,9.473581e-01,9.472007e-01,-4.010048e-05,1.085782e-08,3.799951e+01,8.005564e+00,2.999395e+01,3.966619e+01,1.697000e+02
1.153410e+06,1.334966e+01,4.290292e+03,4.965616e-02,9.473555e-01,9.472008e-01,-3.999189e-05,1.085782e-08,3.799874e+01,8.005311e+00,2.999343e+01,3.966547e+01,1.697000e+02
1.153420e+06,1.334977e+01,4.300293e+03,4.977191e-02,9.473529e-01,9.472009e-01,-3.988331e-05,1.085781e-08,3.799797e+01,8.005058e+00,2.999292e+01,3.966476e+01,1.697000e+02
1.153430e+06,1.334989e+01,4.310293e+03,4.988766e-02,9.473504e-01,9.472010e-01,-3.977472e-05,1.085781e-08,3.799721e+01,8.004805e+00,2.999240e+01,3.966405e+01,1.697000e+02
1.153440e+06,1.335000e+01,4.320294e+03,5.000340e-02,9.473478e-01,9.472011e-01,-3.966614e-05,1.085781e-08,3.799644e+01,8.004551e+00,2.999189e+01,3.966334e+01,1.697000e+02
1.153450e+06,1.335012e+01,4.330295e+03,5.011915e-02,9.473452e-01,9.472012e-01,-3.955755e-05,1.085781e-08,3.799567e+01,8.004298e+00,2.999137e+01,3.966263e+01,1.697000e+02
1.153460e+06,1.335023e+01,4.340295e+03,5.023490e-02,9.473426e-01,9.472013e-01,-3.944897e-05,1.085781e-08,3.799490e+01,8.004045e+00,2.999086e+01,3.966192e+01,1.697000e+02
1.153470e+06,1.335035e+01,4.350296e+03,5.035065e-02,9.473400e-01,9.472015e-01,-3.934038e-05,1.085781e-08,3.799414e+01,8.003792e+00,2.999035e+01,3.966122e+01,1.697000e+02
1.153480e+06,1.335047e+01,4.360297e+03,5.046640e-02,9.473352e-01,9.472016e-01,-3.923179e-05,1.085781e-08,3.799414e+01,8.003538e+00,2.999060e+01,3.966139e+01,1.697000e+02
1.153490e+06,1.335058e+01,4.370298e+03,5.058215e-02,9.473303e-01,9.472017e-01,-3.912321e-05,1.085781e-08,3.799414e+01,8.003283e+00,2.999085e+01,3.966157e+01,1.697000e+02
1.153500e+06,1.335070e+01,4.380298e+03,5.069790e-02,9.473255e-01,9.472018e-01,-3.901462e-05,1.085780e-08,3.799414e+01,8.003029e+00,2.999111e+01,3.966175e+01,1.697000e+02
1.153510e+06,1.335081e+01,4.390299e+03,5.081364e-02,9.473206e-01,9.472019e-01,-3.890604e-05,1.085780e-08,3.799414e+01,8.002775e+00,2.999136e+01,3.966192e+01,1.697000e+02
1.153520e+06,1.335093e+01,4.400300e+03,5.092939e-02,9.473158e-01,9.472020e-01,-3.879745e-05,1.085780e-08,3.799414e+01,8.002521e+00,2.999162e+01,3.966210e+01,1.697000e+02
1.153530e+06,1.335105e+01,4.410300e+03,5.104514e-02,9.473109e-01,9.472021e-01,-3.868887e-05,1.085780e-08,3.799414e+01,8.002267e+00,2.999187e+01,3.966228e+01,1.697000e+02
1.153540e+06,1.335116e+01,4.420301e+03,5.116089e-02,9.473060e-01,9.472022e-01,-3.858028e-05,1.085780e-08,3.799414e+01,8.002013e+00,2.999213e+01,3.966245e+01,1.697000e+02
1.153550e+06,1.335128e+01,4.430302e+03,5.127664e-02,9.473012e-01,9.472023e-01,-3.847170e-05,1.085780e-08,3.799414e+01,8.001759e+00,2.999238e+01,3.966263e+01,1.697000e+02
1.153560e+06,1.335139e+01,4.440302e+03,5.139239e-02,9.472963e-01,9.472024e-01,-3.836311e-05,1.085780e-08,3.799414e+01,8.001505e+00,2.999263e+01,3.966281e+01,1.697000e+02
1.153570e+06,1.335151e+01,4.450303e+03,5.150814e-02,9.472915e-01,9.472025e-01,-3.825453e-05,1.085780e-08,3.799414e+01,8.001250e+00,2.999289e+01,3.966298e+01,1.697000e+02
1.153580e+06,1.335162e+01,4.460304e+03,5.162389e-02,9.472866e-01,9.472026e-01,-3.814594e-05,1.085780e-08,3.799414e+01,8.000996e+00,2.999314e+01,3.966316e+01,1.697000e+02
1.153590e+06,1.335174e+01,4.470304e+03,5.173963e-02,9.472817e-01,9.472027e-01,-3.803735e-05,1.085779e-08,3.799414e+01,8.000742e+00,2.999340e+01,3.966333e+01,1.697000e+02
1.153600e+06,1.335186e+01,4.480305e+03,5.185538e-02,9.472769e-01,9.472028e-01,-3.792877e-05,1.085779e-08,3.799414e+01,8.000488e+00,2.999365e+01,3.966351e+01,1.697000e+02
1.153610e+06,1.335197e+01,4.490306e+03,5.197113e-02,9.472720e-01,9.472029e-01,-3.782018e-05,1.085779e-08,3.799414e+01,8.000234e+00,2.999390e+01,3.966369e+01,1.697000e+02
1.153620e+06,1.335209e+01,4.500306e+03,5.208688e-02,9.472672e-01,9.472030e-01,-3.771160e-05,1.085779e-08,3.799414e+01,7.999980e+00,2.999416e+01,3.966386e+01,1.697000e+02
1.153630e+06,1.335220e+01,4.510307e+03,5.220263e-02,9.472623e-01,9.472031e-01,-3.760301e-05,1.085779e-08,3.799414e+01,7.999726e+00,2.999441e+01,3.966404e+01,1.697000e+02
1.153640e+06,1.335232e+01,4.520308e+03,5.231838e-02,9.472574e-01,9.472032e-01,-3.749443e-05,1.085779e-08,3.799414e+01,7.999472e+00,2.999467e+01,3.966422e+01,1.697000e+02
1.153650e+06,1.335243e+01,4.530308e+03,5.243413e-02,9.472526e-01,9.472033e-01,-3.738584e-05,1.085779e-08,3.799414e+01,7.999218e+00,2.999492e+01,3.966439e+01,1.697000e+02
1.153660e+06,1.335255e+01,4.540309e+03,5.254987e-02,9.472477e-01,9.472034e-01,-3.727726e-05,1.085779e-08,3.799414e+01,7.998963e+00,2.999517e+01,3.966457e+01,1.697000e+02
1.153670e+06,1.335267e+01,4.550310e+03,5.266562e-02,9.472429e-01,9.472035e-01,-3.716867e-05,1.085778e-08,3.799414e+01,7.998709e+00,2.999543e+01,3.966475e+01,1.697000e+02
1.153680e+06,1.335278e+01,4.560310e+03,5.278137e-02,9.472380e-01,9.472036e-01,-3.706009e-05,1.085778e-08,3.799414e+01,7.998455e+00,2.999568e+01,3.966492e+01,1.697000e+02
1.153690e+06,1.335290e+01,4.570311e+03,5.289712e-02,9.472331e-01,9.472037e-01,-3.695150e-05,1.085778e-08,3.799414e+01,7.998201e+00,2.999594e+01,3.966510e+01,1.697000e+02
1.153700e+06,1.335301e+01,4.580312e+03,5.301287e-02,9.472283e-01,9.472038e-01,-3.684292e-05,1.085778e-08,3.799414e+01,7.997947e+00,2.999619e+01,3.966528e+01,1.697000e+02
1.153710e+06,1.335313e+01,4.590313e+03,5.312862e-02,9.472234e-01,9.472039e-01,-3.673433e-05,1.085778e-08,3.799414e+01,7.997693e+00,2.999645e+01,3.966545e+01,1.697000e+02
1.153720e+06,1.335324e+01,4.600313e+03,5.324437e-02,9.472188e-01,9.472040e-01,-3.662575e-05,1.085778e-08,3.799416e+01,7.997439e+00,2.999672e+01,3.966564e+01,1.697000e+02
1.153730e+06,1.335336e+01,4.610314e+03,5.336011e-02,9.472195e-01,9.472041e-01,-3.651716e-05,1.085778e-08,3.799467e+01,7.997184e+00,2.999749e+01,3.966618e+01,1.697000e+02
1.153740e+06,1.335348e+01,4.620315e+03,5.347586e-02,9.472202e-01,9.472042e-01,-3.640858e-05,1.085778e-08,3.799519e+01,7.996929e+00,2.999826e+01,3.966671e+01,1.697000e+02
1.153750e+06,1.335359e+01,4.630315e+03,5.359161e-02,9.472209e-01,9.472043e-01,-3.629999e-05,1.085778e-08,3.799570e+01,7.996674e+00,2.999903e+01,3.966725e+01,1.697000e+02
1.153760e+06,1.335371e+01,4.640316e+03,5.370736e-02,9.472217e-01,9.472044e-01,-3.619141e-05,1.085777e-08,3.799622e+01,7.996419e+00,2.999980e+01,3.966778e+01,1.697000e+02
1.153770e+06,1.335382e+01,4.650317e+03,5.382311e-02,9.472224e-01,9.472045e-01,-3.608282e-05,1.085777e-08,3.799674e+01,7.996164e+00,3.000057e+01,3.966832e+01,1.697000e+02
1.153780e+06,1.335394e+01,4.660317e+03,5.393886e-02,9.472231e-01,9.472046e-01,-3.597424e-05,1.085777e-08,3.799725e+01,7.995909e+00,3.000134e+01,3.966885e+01,1.697000e+02
1.153790e+06,1.335405e+01,4.670318e+03,5.405461e-02,9.472238e-01,9.472047e-01,-3.586565e-05,1.085777e-08,3.799777e+01,7.995654e+00,3.000211e+01,3.966938e+01,1.697000e+02
1.153800e+06,1.335417e+01,4.680319e+03,5.417035e-02,9.472246e-01,9.472048e-01,-3.575707e-05,1.085777e-08,3.799828e+01,7.995399e+00,3.000288e+01,3.966992e+01,1.697000e+02
1.153810e+06,1.335429e+01,4.690319e+03,5.428610e-02,9.472253e-01,9.472049e-01,-3.564848e-05,1.085777e-08,3.799880e+01,7.995144e+00,3.000365e+01,3.967045e+01,1.697000e+02
1.153820e+06,1.335440e+01,4.700320e+03,5.440185e-02,9.472260e-01,9.472051e-01,-3.553990e-05,1.085777e-08,3.799931e+01,7.994889e+00,3.000442e+01,3.967099e+01,1.697000e+02
1.153830e+06,1.335452e+01,4.710321e+03,5.451760e-02,9.472267e-01,9.472052e-01,-3.543131e-05,1.085777e-08,3.799983e+01,7.994634e+00,3.000519e+01,3.967152e+01,1.697000e+02
1.153840e+06,1.335463e+01,4.720321e+03,5.463335e-02,9.472275e-01,9.472053e-01,-3.532273e-05,1.085776e-08,3.800034e+01,7.994379e+00,3.000597e+01,3.967206e+01,1.697000e+02
1.153850e+06,1.335475e+01,4.730322e+03,5.474910e-02,9.472282e-01,9.472054e-01,-3.521414e-05,1.085776e-08,3.800086e+01,7.994124e+00,3.000674e+01,3.967259e+01,1.697000e+02
1.153860e+06,1.335486e+01,4.740323e+03,5.486485e-02,9.472289e-01,9.472055e-01,-3.510556e-05,1.085776e-08,3.800138e+01,7.993869e+00,3.000751e+01,3.967312e+01,1.697000e+02
1.153870e+06,1.335498e+01,4.750323e+03,5.498060e-02,9.472296e-01,9.472056e-01,-3.499697e-05,1.085776e-08,3.800189e+01,7.993614e+00,3.000828e+01,3.967366e+01,1.697000e+02
1.153880e+06,1.335510e+01,4.760324e+03,5.509634e-02,9.472304e-01,9.472057e-01,-3.488839e-05,1.085776e-08,3.800241e+01,7.993359e+00,3.000905e+01,3.967419e+01,1.697000e+02
1.153890e+06,1.335521e+01,4.770325e+03,5.521209e-02,9.472311e-01,9.472058e-01,-3.477980e-05,1.085776e-08,3.800292e+01,7.993104e+00,3.000982e+01,3.967473e+01,1.697000e+02
1.153900e+06,1.335533e+01,4.780325e+03,5.532784e-02,9.472318e-01,9.472059e-01,-3.467122e-05,1.085776e-08,3.800344e+01,7.992849e+00,3.001059e+01,3.967526e+01,1.697000e+02
1.153910e+06,1.335544e+01,4.790326e+03,5.544359e-02,9.472325e-01,9.472060e-01,-3.456263e-05,1.085776e-08,3.800395e+01,7.992594e+00,3.001136e+01,3.967579e+01,1.697000e+02
1.153920e+06,1.335556e+01,4.800327e+03,5.555934e-02,9.472333e-01,9.472061e-01,-3.445405e-05,1.085776e-08,3.800447e+01,7.992339e+00,3.001213e+01,3.967633e+01,1.697000e+02
1.153930e+06,1.335568e+01,4.810328e+03,5.567509e-02,9.472340e-01,9.472062e-01,-3.434546e-05,1.085775e-08,3.800498e+01,7.992084e+00,3.001290e+01,3.967686e+01,1.697000e+02
1.153940e+06,1.335579e+01,4.820328e+03,5.579084e-02,9.472347e-01,9.472063e-01,-3.423688e-05,1.085775e-08,3.800550e+01,7.991829e+00,3.001367e+01,3.967740e+01,1.697000e+02
1.153950e+06,1.335591e+01,4.830329e+03,5.590658e-02,9.472354e-01,9.472064e-01,-3.412829e-05,1.085775e-08,3.800601e+01,7.991574e+00,3.001444e+01,3.967793e+01,1.697000e+02
1.153960e+06,1.335602e+01,4.840330e+03,5.602233e-02,9.472357e-01,9.472065e-01,-3.401971e-05,1.085775e-08,3.800653e+01,7.991319e+00,3.001521e+01,3.967848e+01,1.697000e+02
1.153970e+06,1.335614e+01,4.850330e+03,5.613808e-02,9.472335e-01,9.472066e-01,-3.391112e-05,1.085775e-08,3.800685e+01,7.991103e+00,3.001574e+01,3.967890e+01,1.696994e+02
1.153980e+06,1.335625e+01,4.860331e+03,5.625383e-02,9.472328e-01,9.472067e-01,-3.380254e-05,1.085775e-08,3.800608e+01,7.991103e+00,3.001498e+01,3.967812e+01,1.696954e+02
1.153990e+06,1.335637e+01,4.870332e+03,5.636958e-02,9.472320e-01,9.472068e-01,-3.369395e-05,1.085775e-08,3.800532e+01,7.991103e+00,3.001421e+01,3.967733e+01,1.696914e+02
1.154000e+06,1.335649e+01,4.880332e+03,5.648533e-02,9.472313e-01,9.472069e-01,-3.358537e-05,1.085775e-08,3.800455e+01,7.991103e+00,3.001345e+01,3.967655e+01,1.696874e+02
1.154010e+06,1.335660e+01,4.890333e+03,5.660108e-02,9.472306e-01,9.472070e-01,-3.347678e-05,1.085774e-08,3.800378e+01,7.991103e+00,3.001268e+01,3.967576e+01,1.696835e+02
1.154020e+06,1.335672e+01,4.900334e+03,5.671682e-02,9.472299e-01,9.472071e-01,-3.336820e-05,1.085774e-08,3.800302e+01,7.991103e+00,3.001192e+01,3.967498e+01,1.696795e+02
1.154030e+06,1.335683e+01,4.910334e+03,5.683257e-02,9.472292e-01,9.472072e-01,-3.325961e-05,1.085774e-08,3.800225e+01,7.991103e+00,3.001115e+01,3.967420e+01,1.696755e+02
1.154040e+06,1.335695e+01,4.920335e+03,5.694832e-02,9.472285e-01,9.472073e-01,-3.315103e-05,1.085774e-08,3.800149e+01,7.991103e+00,3.001039e+01,3.967341e+01,1.696715e+02
1.154050e+06,1.335706e+01,4.930336e+03,5.706407e-02,9.472277e-01,9.472074e-01,-3.304244e-05,1.085774e-08,3.800072e+01,7.991103e+00,3.000962e+01,3.967263e+01,1.696676e+02
1.154060e+06,1.335718e+01,4.940336e+03,5.717982e-02,9.472270e-01,9.472075e-01,-3.293386e-05,1.085774e-08,3.799996e+01,7.991103e+00,3.000885e+01,3.967184e+01,1.696636e+02
1.154070e+06,1.335730e+01,4.950337e+03,5.729557e-02,9.472263e-01,9.472076e-01,-3.282527e-05,1.085774e-08,3.799919e+01,7.991103e+00,3.000809e+01,3.967106e+01,1.696596e+02
1.154080e+06,1.335741e+01,4.960338e+03,5.741132e-02,9.472256e-01,9.472077e-01,-3.271669e-05,1.085774e-08,3.799843e+01,7.991103e+00,3.000732e+01,3.967028e+01,1.696556e+02
1.154090e+06,1.335753e+01,4.970338e+03,5.752706e-02,9.472249e-01,9.472078e-01,-3.260810e-05,1.085774e-08,3.799766e+01,7.991103e+00,3.000656e+01,3.966949e+01,1.696516e+02
1.154100e+06,1.335764e+01,4.980339e+03,5.764281e-02,9.472242e-01,9.472079e-01,-3.249952e-05,1.085773e-08,3.799690e+01,7.991103e+00,3.000579e+01,3.966871e+01,1.696477e+02
1.154110e+06,1.335776e+01,4.990340e+03,5.775856e-02,9.472234e-01,9.472080e-01,-3.239093e-05,1.085773e-08,3.799613e+01,7.991103e+00,3.000503e+01,3.966792e+01,1.696437e+02
1.154120e+06,1.335787e+01,5.000340e+03,5.787431e-02,9.472227e-01,9.472081e-01,-3.228235e-05,1.085773e-08,3.799537e+01,7.991103e+00,3.000426e+01,3.966714e+01,1.696397e+02
1.154130e+06,1.335799e+01,5.010341e+03,5.799006e-02,9.472220e-01,9.472082e-01,-3.217376e-05,1.085773e-08,3.799460e+01,7.991103e+00,3.000350e+01,3.966636e+01,1.696357e+02
1.154140e+06,1.335811e+01,5.020342e+03,5.810581e-02,9.472213e-01,9.472083e-01,-3.206518e-05,1.085773e-08,3.799384e+01,7.991103e+00,3.000273e+01,3.966557e+01,1.696318e+02
1.154150e+06,1.335822e+01,5.030342e+03,5.822156e-02,9.472206e-01,9.472084e-01,-3.195659e-05,1.085773e-08,3.799307e+01,7.991103e+00,3.000197e+01,3.966479e+01,1.696278e+02
1.154160e+06,1.335834e+01,5.040343e+03,5.833731e-02,9.472199e-01,9.472085e-01,-3.184801e-05,1.085773e-08,3.799230e+01,7.991103e+00,3.000120e+01,3.966400e+01,1.696238e+02
1.154170e+06,1.335845e+01,5.050344e+03,5.845305e-02,9.472191e-01,9.472087e-01,-3.173943e-05,1.085773e-08,3.799154e+01,7.991103e+00,3.000044e+01,3.966322e+01,1.696198e+02
1.154180e+06,1.335857e+01,5.060345e+03,5.856880e-02,9.472184e-01,9.472088e-01,-3.163084e-05,1.085772e-08,3.799077e+01,7.991103e+00,2.999967e+01,3.966244e+01,1.696158e+02
1.154190e+06,1.335868e+01,5.070345e+03,5.868455e-02,9.472177e-01,9.472089e-01,-3.152226e-05,1.085772e-08,3.799001e+01,7.991103e+00,2.999890e+01,3.966165e+01,1.696119e+02
1.154200e+06,1.335880e+01,5.080346e+03,5.880030e-02,9.472170e-01,9.472090e-01,-3.141367e-05,1.085772e-08,3.798924e+01,7.991103e+00,2.999814e+01,3.966087e+01,1.696079e+02
1.154210e+06,1.335892e+01,5.090347e+03,5.891605e-02,9.472164e-01,9.472091e-01,-3.130509e-05,1.085772e-08,3.798848e+01,7.991103e+00,2.999737e+01,3.966008e+01,1.696039e+02
1.154220e+06,1.335903e+01,5.100347e+03,5.903180e-02,9.472220e-01,9.472092e-01,-3.119650e-05,1.085772e-08,3.798771e+01,7.991107e+00,2.999660e+01,3.965908e+01,1.696001e+02
1.154230e+06,1.335915e+01,5.110348e+03,5.914755e-02,9.472243e-01,9.472093e-01,-3.108792e-05,1.085772e-08,3.798659e+01,7.991362e+00,2.999523e+01,3.965781e+01,1.696041e+02
1.154240e+06,1.335926e+01,5.120349e+03,5.926329e-02,9.472266e-01,9.472094e-01,-3.097933e-05,1.085772e-08,3.798547e+01,7.991617e+00,2.999386e+01,3.965654e+01,1.696081e+02
1.154250e+06,1.335938e+01,5.130349e+03,5.937904e-02,9.472288e-01,9.472095e-01,-3.087075e-05,1.085772e-08,3.798436e+01,7.991872e+00,2.999248e+01,3.965527e+01,1.696121e+02
1.154260e+06,1.335949e+01,5.140350e+03,5.949479e-02,9.472311e-01,9.472096e-01,-3.076216e-05,1.085772e-08,3.798324e+01,7.992127e+00,2.999111e+01,3.965400e+01,1.696161e+02
1.154270e+06,1.335961e+01,5.150351e+03,5.961054e-02,9.472334e-01,9.472097e-01,-3.065358e-05,1.085771e-08,3.798212e+01,7.992382e+00,2.998974e+01,3.965273e+01,1.696202e+02
1.154280e+06,1.335973e+01,5.160351e+03,5.972629e-02,9.472357e-01,9.472098e-01,-3.054499e-05,1.085771e-08,3.798100e+01,7.992637e+00,2.998837e+01,3.965146e+01,1.696242e+02
1.154290e+06,1.335984e+01,5.170352e+03,5.984204e-02,9.472380e-01,9.472099e-01,-3.043641e-05,1.085771e-08,3.797989e+01,7.992892e+00,2.998700e+01,3.965019e+01,1.696282e+02
1.154300e+06,1.335996e+01,5.180353e+03,5.995779e-02,9.472403e-01,9.472100e-01,-3.032783e-05,1.085771e-08,3.797877e+01,7.993147e+00,2.998562e+01,3.964892e+01,1.696322e+02
1.154310e+06,1.336007e+01,5.190353e+03,6.007353e-02,9.472425e-01,9.472101e-01,-3.021924e-05,1.085771e-08,3.797765e+01,7.993402e+00,2.998425e+01,3.964765e+01,1.696362e+02
1.154320e+06,1.336019e+01,5.200354e+03,6.018928e-02,9.472448e-01,9.472102e-01,-3.011066e-05,1.085771e-08,3.797654e+01,7.993657e+00,2.998288e+01,3.964638e+01,1.696403e+02
1.154330e+06,1.336031e+01,5.210355e+03,6.030503e-02,9.472471e-01,9.472103e-01,-3.000207e-05,1.085771e-08,3.797542e+01,7.993912e+00,2.998151e+01,3.964511e+01,1.696443e+02
1.154340e+06,1.336042e+01,5.220355e+03,6.042078e-02,9.472494e-01,9.472104e-01,-2.989349e-05,1.085771e-08,3.797430e+01,7.994167e+00,2.998014e+01,3.964384e+01,1.696483e+02
1.154350e+06,1.336054e+01,5.230356e+03,6.053653e-02,9.472517e-01,9.472105e-01,-2.978490e-05,1.085770e-08,3.797319e+01,7.994422e+00,2.997876e+01,3.964257e+01,1.696523e+02
1.154360e+06,1.336065e+01,5.240357e+03,6.065228e-02,9.472540e-01,9.472106e-01,-2.967632e-05,1.085770e-08,3.797207e+01,7.994677e+00,2.997739e+01,3.964130e+01,1.696563e+02
1.154370e+06,1.336077e+01,5.250357e+03,6.076803e-02,9.472562e-01,9.472107e-01,-2.956773e-05,1.085770e-08,3.797095e+01,7.994932e+00,2.997602e+01,3.964003e+01,1.696603e+02
1.154380e+06,1.336088e+01,5.260358e+03,6.088377e-02,9.472585e-01,9.472108e-01,-2.945915e-05,1.085770e-08,3.796983e+01,7.995187e+00,2.997465e+01,3.963876e+01,1.696644e+02
1.154390e+06,1.336100e+01,5.270359e+03,6.099952e-02,9.472608e-01,9.472109e-01,-2.935057e-05,1.085770e-08,3.796872e+01,7.995442e+00,2.997328e+01,3.963749e+01,1.696684e+02
1.154400e+06,1.336112e+01,5.280360e+03,6.111527e-02,9.472631e-01,9.472110e-01,-2.924198e-05,1.085770e-08,3.796760e+01,7.995697e+00,2.997190e+01,3.963622e+01,1.696724e+02
1.154410e+06,1.336123e+01,5.290360e+03,6.123102e-02,9.472654e-01,9.472111e-01,-2.913340e-05,1.085770e-08,3.796648e+01,7.995952e+00,2.997053e+01,3.963495e+01,1.696764e+02
1.154420e+06,1.336135e+01,5.300361e+03,6.134677e-02,9.472677e-01,9.472112e-01,-2.902481e-05,1.085770e-08,3.796537e+01,7.996207e+00,2.996916e+01,3.963368e+01,1.696804e+02
1.154430e+06,1.336146e+01,5.310362e+03,6.146252e-02,9.472699e-01,9.472113e-01,-2.891623e-05,1.085770e-08,3.796425e+01,7.996462e+00,2.996779e+01,3.963242e+01,1.696845e+02
1.154440e+06,1.336158e+01,5.320362e+03,6.157827e-02,9.472722e-01,9.472114e-01,-2.880764e-05,1.085769e-08,3.796313e+01,7.996717e+00,2.996641e+01,3.963115e+01,1.696885e+02
1.154450e+06,1.336169e+01,5.330363e+03,6.169402e-02,9.472745e-01,9.472115e-01,-2.869906e-05,1.085769e-08,3.796202e+01,7.996972e+00,2.996504e+01,3.962988e+01,1.696925e+02
1.154460e+06,1.336181e+01,5.340364e+03,6.180976e-02,9.472764e-01,9.472116e-01,-2.859048e-05,1.085769e-08,3.796090e+01,7.997227e+00,2.996367e+01,3.962862e+01,1.696965e+02
1.154470e+06,1.336193e+01,5.350364e+03,6.192551e-02,9.472740e-01,9.472117e-01,-2.848189e-05,1.085769e-08,3.796001e+01,7.997448e+00,2.996256e+01,3.962775e+01,1.697000e+02
1.154480e+06,1.336204e+01,5.360365e+03,6.204126e-02,9.472625e-01,9.472118e-01,-2.837331e-05,1.085769e-08,3.796061e+01,7.997448e+00,2.996316e+01,3.962877e+01,1.697000e+02
1.154490e+06,1.336216e+01,5.370366e+03,6.215701e-02,9.472509e-01,9.472119e-01,-2.826472e-05,1.085769e-08,3.796121e+01,7.997448e+00,2.996376e+01,3.962978e+01,1.697000e+02
1.154500e+06,1.336227e+01,5.380366e+03,6.227276e-02,9.472394e-01,9.472120e-01,-2.815614e-05,1.085769e-08,3.796180e+01,7.997448e+00,2.996435e+01,3.963080e+01,1.697000e+02
1.154510e+06,1.336239e+01,5.390367e+03,6.238851e-02,9.472279e-01,9.472121e-01,-2.804755e-05,1.085769e-08,3.796240e+01,7.997448e+00,2.996495e+01,3.963181e+01,1.697000e+02
1.154520e+06,1.336250e+01,5.400368e+03,6.250426e-02,9.472163e-01,9.472123e-01,-2.793897e-05,1.085768e-08,3.796300e+01,7.997448e+00,2.996555e+01,3.963283e+01,1.697000e+02
1.154530e+06,1.336262e+01,5.410368e+03,6.262000e-02,9.472048e-01,9.472124e-01,-2.783039e-05,1.085768e-08,3.796360e+01,7.997448e+00,2.996615e+01,3.963385e+01,1.697000e+02
1.154540e+06,1.336274e+01,5.420369e+03,6.273575e-02,9.471932e-01,9.472125e-01,-2.772180e-05,1.085768e-08,3.796419e+01,7.997448e+00,2.996674e+01,3.963486e+01,1.697000e+02
1.154550e+06,1.336285e+01,5.430370e+03,6.285150e-02,9.471817e-01,9.472126e-01,-2.761322e-05,1.085768e-08,3.796479e+01,7.997448e+00,2.996734e+01,3.963588e+01,1.697000e+02
1.154560e+06,1.336297e+01,5.440370e+03,6.296725e-02,9.471702e-01,9.472127e-01,-2.750463e-05,1.085768e-08,3.796539e+01,7.997448e+00,2.996794e+01,3.963689e+01,1.697000e+02
1.154570e+06,1.336308e+01,5.450371e+03,6.308300e-02,9.471586e-01,9.472128e-01,-2.739605e-05,1.085768e-08,3.796598e+01,7.997448e+00,2.996854e+01,3.963791e+01,1.697000e+02
1.154580e+06,1.336320e+01,5.460372e+03,6.319875e-02,9.471471e-01,9.472129e-01,-2.728746e-05,1.085768e-08,3.796658e+01,7.997448e+00,2.996913e+01,3.963893e+01,1.697000e+02
1.154590e+06,1.336331e+01,5.470372e+03,6.331450e-02,9.471356e-01,9.472130e-01,-2.717888e-05,1.085768e-08,3.796718e+01,7.997448e+00,2.996973e+01,3.963994e+01,1.697000e+02
1.154600e+06,1.336343e+01,5.480373e+03,6.343024e-02,9.471240e-01,9.472131e-01,-2.707030e-05,1.085767e-08,3.796778e+01,7.997448e+00,2.997033e+01,3.964096e+01,1.697000e+02
1.154610e+06,1.336355e+01,5.490374e+03,6.354599e-02,9.471125e-01,9.472132e-01,-2.696171e-05,1.085767e-08,3.796837e+01,7.997448e+00,2.997093e+01,3.964197e+01,1.697000e+02
1.154620e+06,1.336366e+01,5.500374e+03,6.366174e-02,9.471009e-01,9.472133e-01,-2.685313e-05,1.085767e-08,3.796897e+01,7.997448e+00,2.997152e+01,3.964299e+01,1.697000e+02
1.154630e+06,1.336378e+01,5.510375e+03,6.377749e-02,9.470894e-01,9.472134e-01,-2.674454e-05,1.085767e-08,3.796957e+01,7.997448e+00,2.997212e+01,3.964401e+01,1.697000e+02
1.154640e+06,1.336389e+01,5.520376e+03,6.389324e-02,9.470779e-01,9.472135e-01,-2.663596e-05,1.085767e-08,3.797017e+01,7.997448e+00,2.997272e+01,3.964502e+01,1.697000e+02
1.154650e+06,1.336401e+01,5.530377e+03,6.400899e-02,9.470663e-01,9.472136e-01,-2.652738e-05,1.085767e-08,3.797076e+01,7.997448e+00,2.997331e+01,3.964604e+01,1.697000e+02
1.154660e+06,1.336412e+01,5.540377e+03,6.412474e-02,9.470548e-01,9.472137e-01,-2.641879e-05,1.085767e-08,3.797136e+01,7.997448e+00,2.997391e+01,3.964706e+01,1.697000e+02
1.154670e+06,1.336424e+01,5.550378e+03,6.424048e-02,9.470433e-01,9.472138e-01,-2.631021e-05,1.085767e-08,3.797196e+01,7.997448e+00,2.997451e+01,3.964807e+01,1.697000e+02
1.154680e+06,1.336436e+01,5.560379e+03,6.435623e-02,9.470317e-01,9.472139e-01,-2.620162e-05,1.085767e-08,3.797255e+01,7.997448e+00,2.997511e+01,3.964909e+01,1.697000e+02
1.154690e+06,1.336447e+01,5.570379e+03,6.447198e-02,9.470202e-01,9.472140e-01,-2.609304e-05,1.085766e-08,3.797315e+01,7.997448e+00,2.997570e+01,3.965010e+01,1.697000e+02
1.154700e+06,1.336459e+01,5.580380e+03,6.458773e-02,9.470086e-01,9.472141e-01,-2.598446e-05,1.085766e-08,3.797375e+01,7.997448e+00,2.997630e+01,3.965112e+01,1.697000e+02
1.154710e+06,1.336470e+01,5.590381e+03,6.470348e-02,9.469974e-01,9.472142e-01,-2.587587e-05,1.085766e-08,3.797435e+01,7.997448e+00,2.997690e+01,3.965213e+01,1.697000e+02
1.154720e+06,1.336482e+01,5.600381e+03,6.481923e-02,9.469913e-01,9.472143e-01,-2.576729e-05,1.085766e-08,3.797498e+01,7.997469e+00,2.997751e+01,3.965300e+01,1.697003e+02
1.154730e+06,1.336493e+01,5.610382e+03,6.493498e-02,9.470110e-01,9.472144e-01,-2.565870e-05,1.085766e-08,3.797601e+01,7.997723e+00,2.997828e+01,3.965341e+01,1.697043e+02
1.154740e+06,1.336505e+01,5.620383e+03,6.505073e-02,9.470308e-01,9.472145e-01,-2.555012e-05,1.085766e-08,3.797703e+01,7.997977e+00,2.997906e+01,3.965382e+01,1.697083e+02
1.154750e+06,1.336517e+01,5.630383e+03,6.516647e-02,9.470505e-01,9.472146e-01,-2.544154e-05,1.085766e-08,3.797806e+01,7.998231e+00,2.997983e+01,3.965423e+01,1.697123e+02
1.154760e+06,1.336528e+01,5.640384e+03,6.528222e-02,9.470702e-01,9.472147e-01,-2.533295e-05,1.085766e-08,3.797909e+01,7.998485e+00,2.998060e+01,3.965464e+01,1.697163e+02
1.154770e+06,1.336540e+01,5.650385e+03,6.539797e-02,9.470900e-01,9.472148e-01,-2.522437e-05,1.085765e-08,3.798012e+01,7.998739e+00,2.998138e+01,3.965505e+01,1.697203e+02
1.154780e+06,1.336551e+01,5.660385e+03,6.551372e-02,9.471097e-01,9.472149e-01,-2.511578e-05,1.085765e-08,3.798114e+01,7.998993e+00,2.998215e+01,3.965546e+01,1.697244e+02
1.154790e+06,1.336563e+01,5.670386e+03,6.562947e-02,9.471295e-01,9.472150e-01,-2.500720e-05,1.085765e-08,3.798217e+01,7.999247e+00,2.998292e+01,3.965587e+01,1.697284e+02
1.154800e+06,1.336575e+01,5.680387e+03,6.574522e-02,9.471492e-01,9.472151e-01,-2.489862e-05,1.085765e-08,3.798320e+01,7.999501e+00,2.998370e+01,3.965628e+01,1.697324e+02
1.154810e+06,1.336586e+01,5.690387e+03,6.586097e-02,9.471690e-01,9.472152e-01,-2.479003e-05,1.085765e-08,3.798423e+01,7.999756e+00,2.998447e+01,3.965670e+01,1.697364e+02
1.154820e+06,1.336598e+01,5.700388e+03,6.597671e-02,9.471887e-01,9.472153e-01,-2.468145e-05,1.085765e-08,3.798525e+01,8.000010e+00,2.998524e+01,3.965711e+01,1.697404e+02
1.154830e+06,1.336609e+01,5.710389e+03,6.609246e-02,9.472084e-01,9.472154e-01,-2.457286e-05,1.085765e-08,3.798628e+01,8.000264e+00,2.998602e+01,3.965752e+01,1.697444e+02
1.154840e+06,1.336621e+01,5.720389e+03,6.620821e-02,9.472282e-01,9.472155e-01,-2.446428e-05,1.085765e-08,3.798731e+01,8.000518e+00,2.998679e+01,3.965793e+01,1.697484e+02
1.154850e+06,1.336632e+01,5.730390e+03,6.632396e-02,9.472479e-01,9.472156e-01,-2.435570e-05,1.085765e-08,3.798834e+01,8.000772e+00,2.998756e+01,3.965834e+01,1.697524e+02
1.154860e+06,1.336644e+01,5.740391e+03,6.643971e-02,9.472677e-01,9.472157e-01,-2.424711e-05,1.085764e-08,3.798936e+01,8.001026e+00,2.998834e+01,3.965875e+01,1.697564e+02
1.154870e+06,1.336656e+01,5.750392e+03,6.655546e-02,9.472874e-01,9.472159e-01,-2.413853e-05,1.085764e-08,3.799039e+01,8.001280e+00,2.998911e+01,3.965916e+01,1.697604e+02
1.154880e+06,1.336667e+01,5.760392e+03,6.667121e-02,9.473072e-01,9.472160e-01,-2.402994e-05,1.085764e-08,3.799142e+01,8.001534e+00,2.998988e+01,3.965957e+01,1.697644e+02
1.154890e+06,1.336679e+01,5.770393e+03,6.678695e-02,9.473269e-01,9.472161e-01,-2.392136e-05,1.085764e-08,3.799245e+01,8.001789e+00,2.999066e+01,3.965998e+01,1.697684e+02
1.154900e+06,1.336690e+01,5.780394e+03,6.690270e-02,9.473466e-01,9.472162e-01,-2.381278e-05,1.085764e-08,3.799347e+01,8.002043e+00,2.999143e+01,3.966039e+01,1.697724e+02
1.154910e+06,1.336702e+01,5.790394e+03,6.701845e-02,9.473664e-01,9.472163e-01,-2.370419e-05,1.085764e-08,3.799450e+01,8.002297e+00,2.999220e+01,3.966080e+01,1.697764e+02
1.154920e+06,1.336713e+01,5.800395e+03,6.713420e-02,9.473861e-01,9.472164e-01,-2.359561e-05,1.085764e-08,3.799553e+01,8.002551e+00,2.999298e+01,3.966121e+01,1.697804e+02
1.154930e+06,1.336725e+01,5.810396e+03,6.724995e-02,9.474059e-01,9.472165e-01,-2.348703e-05,1.085764e-08,3.799656e+01,8.002805e+00,2.999375e+01,3.966162e+01,1.697844e+02
1.154940e+06,1.336737e+01,5.820396e+03,6.736570e-02,9.474256e-01,9.472166e-01,-2.337844e-05,1.085763e-08,3.799758e+01,8.003059e+00,2.999452e+01,3.966204e+01,1.697884e+02
1.154950e+06,1.336748e+01,5.830397e+03,6.748145e-02,9.474454e-01,9.472167e-01,-2.326986e-05,1.085763e-08,3.799861e+01,8.003313e+00,2.999530e+01,3.966245e+01,1.697924e+02
1.154960e+06,1.336760e+01,5.840398e+03,6.759719e-02,9.474651e-01,9.472168e-01,-2.316127e-05,1.085763e-08,3.799964e+01,8.003567e+00,2.999607e+01,3.966286e+01,1.697964e+02
1.154970e+06,1.336771e+01,5.850398e+03,6.771294e-02,9.474816e-01,9.472169e-01,-2.305269e-05,1.085763e-08,3.800058e+01,8.003821e+00,2.999676e+01,3.966328e+01,1.698004e+02
1.154980e+06,1.336783e+01,5.860399e+03,6.782869e-02,9.474723e-01,9.472170e-01,-2.294411e-05,1.085763e-08,3.800084e+01,8.004075e+00,2.999676e+01,3.966385e+01,1.698044e+02
1.154990e+06,1.336794e+01,5.870400e+03,6.794444e-02,9.474630e-01,9.472171e-01,-2.283552e-05,1.085763e-08,3.800109e+01,8.004328e+00,2.999676e+01,3.966442e+01,1.698084e+02
1.155000e+06,1.336806e+01,5.880400e+03,6.806019e-02,9.474538e-01,9.472172e-01,-2.272694e-05,1.085763e-08,3.800135e+01,8.004581e+00,2.999677e+01,3.966498e+01,1.698124e+02
1.155010e+06,1.336818e+01,5.890401e+03,6.817594e-02,9.474445e-01,9.472173e-01,-2.261836e-05,1.085763e-08,3.800160e+01,8.004834e+00,2.999677e+01,3.966555e+01,1.698164e+02
1.155020e+06,1.336829e+01,5.900402e+03,6.829169e-02,9.474352e-01,9.472174e-01,-2.250977e-05,1.085763e-08,3.800186e+01,8.005088e+00,2.999677e+01,3.966611e+01,1.698204e+02
1.155030e+06,1.336841e+01,5.910402e+03,6.840744e-02,9.474260e-01,9.472175e-01,-2.240119e-05,1.085762e-08,3.800212e+01,8.005341e+00,2.999678e+01,3.966668e+01,1.698244e+02
1.155040e+06,1.336852e+01,5.920403e+03,6.852318e-02,9.474167e-01,9.472176e-01,-2.229261e-05,1.085762e-08,3.800237e+01,8.005594e+00,2.999678e+01,3.966725e+01,1.698284e+02
1.155050e+06,1.336864e+01,5.930404e+03,6.863893e-02,9.474074e-01,9.472177e-01,-2.218402e-05,1.085762e-08,3.800263e+01,8.005847e+00,2.999678e+01,3.966781e+01,1.698324e+02
1.155060e+06,1.336875e+01,5.940404e+03,6.875468e-02,9.473981e-01,9.472178e-01,-2.207544e-05,1.085762e-08,3.800288e+01,8.006101e+00,2.999678e+01,3.966838e+01,1.698364e+02
1.155070e+06,1.336887e+01,5.950405e+03,6.887043e-02,9.473889e-01,9.472179e-01,-2.196685e-05,1.085762e-08,3.800314e+01,8.006354e+00,2.999679e+01,3.966895e+01,1.698404e+02
1.155080e+06,1.336899e+01,5.960406e+03,6.898618e-02,9.473796e-01,9.472180e-01,-2.185827e-05,1.085762e-08,3.800340e+01,8.006607e+00,2.999679e+01,3.966951e+01,1.698444e+02
1.155090e+06,1.336910e+01,5.970406e+03,6.910193e-02,9.473703e-01,9.472181e-01,-2.174969e-05,1.085762e-08,3.800365e+01,8.006860e+00,2.999679e+01,3.967008e+01,1.698483e+02
1.155100e+06,1.336922e+01,5.980407e+03,6.921768e-02,9.473610e-01,9.472182e-01,-2.164110e-05,1.085762e-08,3.800391e+01,8.007114e+00,2.999679e+01,3.967064e+01,1.698523e+02
1.155110e+06,1.336933e+01,5.990408e+03,6.933342e-02,9.473518e-01,9.472183e-01,-2.153252e-05,1.085761e-08,3.800416e+01,8.007367e+00,2.999680e+01,3.967121e+01,1.698563e+02
1.155120e+06,1.336945e+01,6.000409e+03,6.944917e-02,9.473425e-01,9.472184e-01,-2.142394e-05,1.085761e-08,3.800442e+01,8.007620e+00,2.999680e+01,3.967178e+01,1.698603e+02
1.155130e+06,1.336956e+01,6.010409e+03,6.956492e-02,9.473332e-01,9.472185e-01,-2.131535e-05,1.085761e-08,3.800468e+01,8.007873e+00,2.999680e+01,3.967234e+01,1.698643e+02
1.155140e+06,1.336968e+01,6.020410e+03,6.968067e-02,9.473240e-01,9.472186e-01,-2.120677e-05,1.085761e-08,3.800493e+01,8.008127e+00,2.999681e+01,3.967291e+01,1.698683e+02
1.155150e+06,1.336980e+01,6.030411e+03,6.979642e-02,9.473147e-01,9.472187e-01,-2.109819e-05,1.085761e-08,3.800519e+01,8.008380e+00,2.999681e+01,3.967347e+01,1.698723e+02
1.155160e+06,1.336991e+01,6.040411e+03,6.991217e-02,9.473054e-01,9.472188e-01,-2.098960e-05,1.085761e-08,3.800544e+01,8.008633e+00,2.999681e+01,3.967404e+01,1.698763e+02
1.155170e+06,1.337003e+01,6.050412e+03,7.002792e-02,9.472961e-01,9.472189e-01,-2.088102e-05,1.085761e-08,3.800570e+01,8.008886e+00,2.999681e+01,3.967461e+01,1.698803e+02
1.155180e+06,1.337014e+01,6.060413e+03,7.014366e-02,9.472869e-01,9.472190e-01,-2.077244e-05,1.085761e-08,3.800596e+01,8.009140e+00,2.999682e+01,3.967517e+01,1.698843e+02
1.155190e+06,1.337026e+01,6.070413e+03,7.025941e-02,9.472776e-01,9.472191e-01,-2.066385e-05,1.085761e-08,3.800621e+01,8.009393e+00,2.999682e+01,3.967574e+01,1.698883e+02
1.155200e+06,1.337038e+01,6.080414e+03,7.037516e-02,9.472683e-01,9.472192e-01,-2.055527e-05,1.085760e-08,3.800647e+01,8.009646e+00,2.999682e+01,3.967630e+01,1.698922e+02
1.155210e+06,1.337049e+01,6.090415e+03,7.049091e-02,9.472589e-01,9.472193e-01,-2.044669e-05,1.085760e-08,3.800672e+01,8.009899e+00,2.999682e+01,3.967688e+01,1.698962e+02
1.155220e+06,1.337061e+01,6.100415e+03,7.060666e-02,9.472472e-01,9.472195e-01,-2.033810e-05,1.085760e-08,3.800686e+01,8.010138e+00,2.999672e+01,3.967739e+01,1.699000e+02
1.155230e+06,1.337072e+01,6.110416e+03,7.072241e-02,9.472488e-01,9.472196e-01,-2.022952e-05,1.085760e-08,3.800497e+01,8.010138e+00,2.999484e+01,3.967535e+01,1.699000e+02
1.155240e+06,1.337084e+01,6.120417e+03,7.083816e-02,9.472503e-01,9.472197e-01,-2.012094e-05,1.085760e-08,3.800309e+01,8.010138e+00,2.999295e+01,3.967331e+01,1.699000e+02
1.155250e+06,1.337095e+01,6.130417e+03,7.095390e-02,9.472519e-01,9.472198e-01,-2.001235e-05,1.085760e-08,3.800121e+01,8.010138e+00,2.999107e+01,3.967127e+01,1.699000e+02
1.155260e+06,1.337107e+01,6.140418e+03,7.106965e-02,9.472534e-01,9.472199e-01,-1.990377e-05,1.085760e-08,3.799932e+01,8.010138e+00,2.998918e+01,3.966923e+01,1.699000e+02
1.155270e+06,1.337119e+01,6.150419e+03,7.118540e-02,9.472550e-01,9.472200e-01,-1.979519e-05,1.085760e-08,3.799744e+01,8.010138e+00,2.998730e+01,3.966719e+01,1.699000e+02
1.155280e+06,1.337130e+01,6.160419e+03,7.130115e-02,9.472565e-01,9.472201e-01,-1.968660e-05,1.085759e-08,3.799555e+01,8.010138e+00,2.998542e+01,3.966515e+01,1.699000e+02
1.155290e+06,1.337142e+01,6.170420e+03,7.141690e-02,9.472581e-01,9.472202e-01,-1.957802e-05,1.085759e-08,3.799367e+01,8.010138e+00,2.998353e+01,3.966311e+01,1.699000e+02
1.155300e+06,1.337153e+01,6.180421e+03,7.153265e-02,9.472596e-01,9.472203e-01,-1.946944e-05,1.085759e-08,3.799179e+01,8.010138e+00,2.998165e+01,3.966107e+01,1.699000e+02
1.155310e+06,1.337165e+01,6.190421e+03,7.164840e-02,9.472612e-01,9.472204e-01,-1.936085e-05,1.085759e-08,3.798990e+01,8.010138e+00,2.997977e+01,3.965903e+01,1.699000e+02
1.155320e+06,1.337176e+01,6.200422e+03,7.176415e-02,9.472627e-01,9.472205e-01,-1.925227e-05,1.085759e-08,3.798802e+01,8.010138e+00,2.997788e+01,3.965699e+01,1.699000e+02
1.155330e+06,1.337188e+01,6.210423e+03,7.187989e-02,9.472643e-01,9.472206e-01,-1.914369e-05,1.085759e-08,3.798614e+01,8.010138e+00,2.997600e+01,3.965495e+01,1.699000e+02
1.155340e+06,1.337200e+01,6.220424e+03,7.199564e-02,9.472658e-01,9.472207e-01,-1.903510e-05,1.085759e-08,3.798425e+01,8.010138e+00,2.997411e+01,3.965291e+01,1.699000e+02
1.155350e+06,1.337211e+01,6.230424e+03,7.211139e-02,9.472674e-01,9.472208e-01,-1.892652e-05,1.085759e-08,3.798237e+01,8.010138e+00,2.997223e+01,3.965087e+01,1.699000e+02
1.155360e+06,1.337223e+01,6.240425e+03,7.222714e-02,9.472689e-01,9.472209e-01,-1.881794e-05,1.085759e-08,3.798048e+01,8.010138e+00,2.997035e+01,3.964883e+01,1.699000e+02
1.155370e+06,1.337234e+01,6.250426e+03,7.234289e-02,9.472705e-01,9.472210e-01,-1.870935e-05,1.085758e-08,3.797860e+01,8.010138e+00,2.996846e+01,3.964679e+01,1.699000e+02
1.155380e+06,1.337246e+01,6.260426e+03,7.245864e-02,9.472720e-01,9.472211e-01,-1.860077e-05,1.085758e-08,3.797672e+01,8.010138e+00,2.996658e+01,3.964474e+01,1.699000e+02
1.155390e+06,1.337257e+01,6.270427e+03,7.257439e-02,9.472736e-01,9.472212e-01,-1.849219e-05,1.085758e-08,3.797483e+01,8.010138e+00,2.996469e+01,3.964270e+01,1.699000e+02
1.155400e+06,1.337269e+01,6.280428e+03,7.269013e-02,9.472751e-01,9.472213e-01,-1.838360e-05,1.085758e-08,3.797295e+01,8.010138e+00,2.996281e+01,3.964066e+01,1.699000e+02
1.155410e+06,1.337281e+01,6.290428e+03,7.280588e-02,9.472767e-01,9.472214e-01,-1.827502e-05,1.085758e-08,3.797106e+01,8.010138e+00,2.996093e+01,3.963862e+01,1.699000e+02
1.155420e+06,1.337292e+01,6.300429e+03,7.292163e-02,9.472782e-01,9.472215e-01,-1.816644e-05,1.085758e-08,3.796918e+01,8.010138e+00,2.995904e+01,3.963658e+01,1.699000e+02
1.155430e+06,1.337304e+01,6.310430e+03,7.303738e-02,9.472798e-01,9.472216e-01,-1.805785e-05,1.085758e-08,3.796730e+01,8.010138e+00,2.995716e+01,3.963454e+01,1.699000e+02
1.155440e+06,1.337315e+01,6.320430e+03,7.315313e-02,9.472814e-01,9.472217e-01,-1.794927e-05,1.085758e-08,3.796541e+01,8.010138e+00,2.995528e+01,3.963250e+01,1.699000e+02
1.155450e+06,1.337327e+01,6.330431e+03,7.326888e-02,9.472829e-01,9.472218e-01,-1.784069e-05,1.085757e-08,3.796353e+01,8.010138e+00,2.995339e+01,3.963046e+01,1.699000e+02
1.155460e+06,1.337338e+01,6.340432e+03,7.338463e-02,9.472847e-01,9.472219e-01,-1.773210e-05,1.085757e-08,3.796165e+01,8.010138e+00,2.995151e+01,3.962841e+01,1.699000e+02
1.155470e+06,1.337350e+01,6.350432e+03,7.350037e-02,9.472891e-01,9.472220e-01,-1.762352e-05,1.085757e-08,3.796010e+01,8.010161e+00,2.994994e+01,3.962663e+01,1.699004e+02
1.155480e+06,1.337362e+01,6.360433e+03,7.361612e-02,9.472900e-01,9.472221e-01,-1.751494e-05,1.085757e-08,3.796198e+01,8.010417e+00,2.995156e+01,3.962857e+01,1.699043e+02
1.155490e+06,1.337373e+01,6.370434e+03,7.373187e-02,9.472908e-01,9.472222e-01,-1.740635e-05,1.085757e-08,3.796385e+01,8.010673e+00,2.995318e+01,3.963051e+01,1.699083e+02
1.155500e+06,1.337385e+01,6.380434e+03,7.384762e-02,9.472916e-01,9.472223e-01,-1.729777e-05,1.085757e-08,3.796573e+01,8.010929e+00,2.995480e+01,3.963245e+01,1.699123e+02
1.155510e+06,1.337396e+01,6.390435e+03,7.396337e-02,9.472925e-01,9.472224e-01,-1.718919e-05,1.085757e-08,3.796761e+01,8.011185e+00,2.995642e+01,3.963439e+01,1.699163e+02
1.155520e+06,1.337408e+01,6.400436e+03,7.407912e-02,9.472933e-01,9.472225e-01,-1.708060e-05,1.085757e-08,3.796949e+01,8.011441e+00,2.995804e+01,3.963633e+01,1.699203e+02
1.155530e+06,1.337419e+01,6.410436e+03,7.419487e-02,9.472941e-01,9.472226e-01,-1.697202e-05,1.085757e-08,3.797136e+01,8.011697e+00,2.995967e+01,3.963827e+01,1.699243e+02
1.155540e+06,1.337431e+01,6.420437e+03,7.431061e-02,9.472949e-01,9.472227e-01,-1.686344e-05,1.085756e-08,3.797324e+01,8.011953e+00,2.996129e+01,3.964021e+01,1.699283e+02
1.155550e+06,1.337443e+01,6.430438e+03,7.442636e-02,9.472958e-01,9.472228e-01,-1.675486e-05,1.085756e-08,3.797512e+01,8.012209e+00,2.996291e+01,3.964215e+01,1.699323e+02
1.155560e+06,1.337454e+01,6.440438e+03,7.454211e-02,9.472966e-01,9.472229e-01,-1.664627e-05,1.085756e-08,3.797700e+01,8.012465e+00,2.996453e+01,3.964409e+01,1.699363e+02
1.155570e+06,1.337466e+01,6.450439e+03,7.465786e-02,9.472974e-01,9.472230e-01,-1.653769e-05,1.085756e-08,3.797887e+01,8.012721e+00,2.996615e+01,3.964603e+01,1.699403e+02
1.155580e+06,1.337477e+01,6.460440e+03,7.477361e-02,9.472983e-01,9.472232e-01,-1.642911e-05,1.085756e-08,3.798075e+01,8.012977e+00,2.996777e+01,3.964797e+01,1.699443e+02
1.155590e+06,1.337489e+01,6.470441e+03,7.488936e-02,9.472991e-01,9.472233e-01,-1.632052e-05,1.085756e-08,3.798263e+01,8.013233e+00,2.996939e+01,3.964991e+01,1.699483e+02
1.155600e+06,1.337501e+01,6.480441e+03,7.500511e-02,9.472999e-01,9.472234e-01,-1.621194e-05,1.085756e-08,3.798450e+01,8.013489e+00,2.997102e+01,3.965185e+01,1.699522e+02
1.155610e+06,1.337512e+01,6.490442e+03,7.512086e-02,9.473007e-01,9.472235e-01,-1.610336e-05,1.085756e-08,3.798638e+01,8.013745e+00,2.997264e+01,3.965379e+01,1.699562e+02
1.155620e+06,1.337524e+01,6.500443e+03,7.523660e-02,9.473016e-01,9.472236e-01,-1.599478e-05,1.085755e-08,3.798826e+01,8.014001e+00,2.997426e+01,3.965573e+01,1.699602e+02
1.155630e+06,1.337535e+01,6.510443e+03,7.535235e-02,9.473024e-01,9.472237e-01,-1.588619e-05,1.085755e-08,3.799014e+01,8.014257e+00,2.997588e+01,3.965767e+01,1.699642e+02
1.155640e+06,1.337547e+01,6.520444e+03,7.546810e-02,9.473032e-01,9.472238e-01,-1.577761e-05,1.085755e-08,3.799201e+01,8.014513e+00,2.997750e+01,3.965961e+01,1.699682e+02
1.155650e+06,1.337558e+01,6.530445e+03,7.558385e-02,9.473041e-01,9.472239e-01,-1.566903e-05,1.085755e-08,3.799389e+01,8.014769e+00,2.997912e+01,3.966155e+01,1.699722e+02
1.155660e+06,1.337570e+01,6.540445e+03,7.569960e-02,9.473049e-01,9.472240e-01,-1.556044e-05,1.085755e-08,3.799577e+01,8.015025e+00,2.998074e+01,3.966349e+01,1.699762e+02
1.155670e+06,1.337582e+01,6.550446e+03,7.581535e-02,9.473057e-01,9.472241e-01,-1.545186e-05,1.085755e-08,3.799765e+01,8.015281e+00,2.998236e+01,3.966543e+01,1.699802e+02
1.155680e+06,1.337593e+01,6.560447e+03,7.593110e-02,9.473065e-01,9.472242e-01,-1.534328e-05,1.085755e-08,3.799952e+01,8.015537e+00,2.998399e+01,3.966737e+01,1.699842e+02
1.155690e+06,1.337605e+01,6.570447e+03,7.604684e-02,9.473074e-01,9.472243e-01,-1.523469e-05,1.085755e-08,3.800140e+01,8.015793e+00,2.998561e+01,3.966931e+01,1.699882e+02
1.155700e+06,1.337616e+01,6.580448e+03,7.616259e-02,9.473082e-01,9.472244e-01,-1.512611e-05,1.085755e-08,3.800328e+01,8.016049e+00,2.998723e+01,3.967125e+01,1.699922e+02
1.155710e+06,1.337628e+01,6.590449e+03,7.627834e-02,9.473089e-01,9.472245e-01,-1.501753e-05,1.085754e-08,3.800515e+01,8.016305e+00,2.998885e+01,3.967319e+01,1.699961e+02
1.155720e+06,1.337639e+01,6.600449e+03,7.639409e-02,9.473064e-01,9.472246e-01,-1.490895e-05,1.085754e-08,3.800697e+01,8.016552e+00,2.999041e+01,3.967517e+01,1.700000e+02
1.155730e+06,1.337651e+01,6.610450e+03,7.650984e-02,9.472997e-01,9.472247e-01,-1.480036e-05,1.085754e-08,3.800697e+01,8.016552e+00,2.999041e+01,3.967540e+01,1.700000e+02
1.155740e+06,1.337663e+01,6.620451e+03,7.662559e-02,9.472930e-01,9.472248e-01,-1.469178e-05,1.085754e-08,3.800697e+01,8.016552e+00,2.999041e+01,3.967562e+01,1.700000e+02
1.155750e+06,1.337674e+01,6.630451e+03,7.674134e-02,9.472863e-01,9.472249e-01,-1.458320e-05,1.085754e-08,3.800697e+01,8.016552e+00,2.999041e+01,3.967585e+01,1.700000e+02
1.155760e+06,1.337686e+01,6.640452e+03,7.685708e-02,9.472795e-01,9.472250e-01,-1.447462e-05,1.085754e-08,3.800697e+01,8.016552e+00,2.999041e+01,3.967607e+01,1.700000e+02
1.155770e+06,1.337697e+01,6.650453e+03,7.697283e-02,9.472728e-01,9.472251e-01,-1.436603e-05,1.085754e-08,3.800697e+01,8.016552e+00,2.999041e+01,3.967629e+01,1.700000e+02
1.155780e+06,1.337709e+01,6.660453e+03,7.708858e-02,9.472661e-01,9.472252e-01,-1.425745e-05,1.085754e-08,3.800697e+01,8.016552e+00,2.999041e+01,3.967652e+01,1.700000e+02
1.155790e+06,1.337720e+01,6.670454e+03,7.720433e-02,9.472594e-01,9.472253e-01,-1.414887e-05,1.085753e-08,3.800697e+01,8.016552e+00,2.999041e+01,3.967674e+01,1.700000e+02
1.155800e+06,1.337732e+01,6.680455e+03,7.732008e-02,9.472527e-01,9.472254e-01,-1.404028e-05,1.085753e-08,3.800697e+01,8.016552e+00,2.999041e+01,3.967697e+01,1.700000e+02
1.155810e+06,1.337744e+01,6.690456e+03,7.743583e-02,9.472460e-01,9.472255e-01,-1.393170e-05,1.085753e-08,3.800697e+01,8.016552e+00,2.999041e+01,3.967719e+01,1.700000e+02
1.155820e+06,1.337755e+01,6.700456e+03,7.755158e-02,9.472393e-01,9.472256e-01,-1.382312e-05,1.085753e-08,3.800697e+01,8.016552e+00,2.999041e+01,3.967742e+01,1.700000e+02
1.155830e+06,1.337767e+01,6.710457e+03,7.766732e-02,9.472325e-01,9.472257e-01,-1.371454e-05,1.085753e-08,3.800697e+01,8.016552e+00,2.999041e+01,3.967764e+01,1.700000e+02
1.155840e+06,1.337778e+01,6.720458e+03,7.778307e-02,9.472258e-01,9.472258e-01,-1.360595e-05,1.085753e-08,3.800697e+01,8.016552e+00,2.999041e+01,3.967787e+01,1.700000e+02
1.155850e+06,1.337790e+01,6.730458e+03,7.789882e-02,9.472191e-01,9.472259e-01,-1.349737e-05,1.085753e-08,3.800697e+01,8.016552e+00,2.999041e+01,3.967809e+01,1.700000e+02
1.155860e+06,1.337801e+01,6.740459e+03,7.801457e-02,9.472124e-01,9.472260e-01,-1.338879e-05,1.085753e-08,3.800697e+01,8.016552e+00,2.999041e+01,3.967831e+01,1.700000e+02
1.155870e+06,1.337813e+01,6.750460e+03,7.813032e-02,9.472057e-01,9.472261e-01,-1.328021e-05,1.085753e-08,3.800697e+01,8.016552e+00,2.999041e+01,3.967854e+01,1.700000e+02
1.155880e+06,1.337825e+01,6.760460e+03,7.824607e-02,9.471990e-01,9.472262e-01,-1.317162e-05,1.085752e-08,3.800697e+01,8.016552e+00,2.999041e+01,3.967876e+01,1.700000e+02
1.155890e+06,1.337836e+01,6.770461e+03,7.836182e-02,9.471923e-01,9.472263e-01,-1.306304e-05,1.085752e-08,3.800697e+01,8.016552e+00,2.999041e+01,3.967899e+01,1.700000e+02
1.155900e+06,1.337848e+01,6.780462e+03,7.847757e-02,9.471855e-01,9.472264e-01,-1.295446e-05,1.085752e-08,3.800697e+01,8.016552e+00,2.999041e+01,3.967921e+01,1.700000e+02
1.155910e+06,1.337859e+01,6.790462e+03,7.859331e-02,9.471788e-01,9.472265e-01,-1.284587e-05,1.085752e-08,3.800697e+01,8.016552e+00,2.999041e+01,3.967944e+01,1.700000e+02
1.155920e+06,1.337871e+01,6.800463e+03,7.870906e-02,9.471721e-01,9.472266e-01,-1.273729e-05,1.085752e-08,3.800697e+01,8.016552e+00,2.999041e+01,3.967966e+01,1.700000e+02
1.155930e+06,1.337882e+01,6.810464e+03,7.882481e-02,9.471654e-01,9.472268e-01,-1.262871e-05,1.085752e-08,3.800697e+01,8.016552e+00,2.999041e+01,3.967989e+01,1.700000e+02
1.155940e+06,1.337894e+01,6.820464e+03,7.894056e-02,9.471587e-01,9.472269e-01,-1.252013e-05,1.085752e-08,3.800697e+01,8.016552e+00,2.999041e+01,3.968011e+01,1.700000e+02
1.155950e+06,1.337906e+01,6.830465e+03,7.905631e-02,9.471520e-01,9.472270e-01,-1.241154e-05,1.085752e-08,3.800697e+01,8.016552e+00,2.999041e+01,3.968033e+01,1.700000e+02
1.155960e+06,1.337917e+01,6.840466e+03,7.917206e-02,9.471455e-01,9.472271e-01,-1.230296e-05,1.085751e-08,3.800697e+01,8.016552e+00,2.999041e+01,3.968055e+01,1.700000e+02
1.155970e+06,1.337929e+01,6.850466e+03,7.928781e-02,9.471432e-01,9.472272e-01,-1.219438e-05,1.085751e-08,3.800693e+01,8.016552e+00,2.999038e+01,3.968059e+01,1.700003e+02
1.155980e+06,1.337940e+01,6.860467e+03,7.940355e-02,9.471570e-01,9.472273e-01,-1.208580e-05,1.085751e-08,3.800642e+01,8.016552e+00,2.998986e+01,3.967958e+01,1.700043e+02
1.155990e+06,1.337952e+01,6.870468e+03,7.951930e-02,9.471709e-01,9.472274e-01,-1.197721e-05,1.085751e-08,3.800590e+01,8.016552e+00,2.998935e+01,3.967857e+01,1.700083e+02
1.156000e+06,1.337964e+01,6.880468e+03,7.963505e-02,9.471848e-01,9.472275e-01,-1.186863e-05,1.085751e-08,3.800538e+01,8.016552e+00,2.998883e+01,3.967757e+01,1.700123e+02
1.156010e+06,1.337975e+01,6.890469e+03,7.975080e-02,9.471987e-01,9.472276e-01,-1.176005e-05,1.085751e-08,3.800487e+01,8.016552e+00,2.998832e+01,3.967656e+01,1.700163e+02
1.156020e+06,1.337987e+01,6.900470e+03,7.986655e-02,9.472126e-01,9.472277e-01,-1.165147e-05,1.085751e-08,3.800435e+01,8.016552e+00,2.998780e+01,3.967555e+01,1.700204e+02
1.156030e+06,1.337998e+01,6.910470e+03,7.998230e-02,9.472265e-01,9.472278e-01,-1.154288e-05,1.085751e-08,3.800384e+01,8.016552e+00,2.998729e+01,3.967454e+01,1.700244e+02
1.156040e+06,1.338010e+01,6.920471e+03,8.009805e-02,9.472404e-01,9.472279e-01,-1.143430e-05,1.085751e-08,3.800332e+01,8.016552e+00,2.998677e+01,3.967353e+01,1.700284e+02
1.156050e+06,1.338021e+01,6.930472e+03,8.021379e-02,9.472543e-01,9.472280e-01,-1.132572e-05,1.085750e-08,3.800281e+01,8.016552e+00,2.998625e+01,3.967252e+01,1.700324e+02
1.156060e+06,1.338033e+01,6.940473e+03,8.032954e-02,9.472682e-01,9.472281e-01,-1.121714e-05,1.085750e-08,3.800229e+01,8.016552e+00,2.998574e+01,3.967151e+01,1.700364e+02
1.156070e+06,1.338045e+01,6.950473e+03,8.044529e-02,9.472821e-01,9.472282e-01,-1.110855e-05,1.085750e-08,3.800178e+01,8.016552e+00,2.998522e+01,3.967051e+01,1.700405e+02
1.156080e+06,1.338056e+01,6.960474e+03,8.056104e-02,9.472960e-01,9.472283e-01,-1.099997e-05,1.085750e-08,3.800126e+01,8.016552e+00,2.998471e+01,3.966950e+01,1.700445e+02
1.156090e+06,1.338068e+01,6.970475e+03,8.067679e-02,9.473098e-01,9.472284e-01,-1.089139e-05,1.085750e-08,3.800074e+01,8.016552e+00,2.998419e+01,3.966849e+01,1.700485e+02
1.156100e+06,1.338079e+01,6.980475e+03,8.079254e-02,9.473237e-01,9.472285e-01,-1.078281e-05,1.085750e-08,3.800023e+01,8.016552e+00,2.998368e+01,3.966748e+01,1.700525e+02
1.156110e+06,1.338091e+01,6.990476e+03,8.090829e-02,9.473376e-01,9.472286e-01,-1.067423e-05,1.085750e-08,3.799971e+01,8.016552e+00,2.998316e+01,3.966647e+01,1.700565e+02
1.156120e+06,1.338102e+01,7.000477e+03,8.102403e-02,9.473515e-01,9.472287e-01,-1.056564e-05,1.085750e-08,3.799920e+01,8.016552e+00,2.998265e+01,3.966546e+01,1.700606e+02
1.156130e+06,1.338114e+01,7.010477e+03,8.113978e-02,9.473654e-01,9.472288e-01,-1.045706e-05,1.085749e-08,3.799868e+01,8.016552e+00,2.998213e+01,3.966446e+01,1.700646e+02
1.156140e+06,1.338126e+01,7.020478e+03,8.125553e-02,9.473793e-01,9.472289e-01,-1.034848e-05,1.085749e-08,3.799817e+01,8.016552e+00,2.998161e+01,3.966345e+01,1.700686e+02
1.156150e+06,1.338137e+01,7.030479e+03,8.137128e-02,9.473932e-01,9.472290e-01,-1.023990e-05,1.085749e-08,3.799765e+01,8.016552e+00,2.998110e+01,3.966244e+01,1.700726e+02
1.156160e+06,1.338149e+01,7.040479e+03,8.148703e-02,9.474071e-01,9.472291e-01,-1.013131e-05,1.085749e-08,3.799714e+01,8.016552e+00,2.998058e+01,3.966143e+01,1.700766e+02
1.156170e+06,1.338160e+01,7.050480e+03,8.160278e-02,9.474210e-01,9.472292e-01,-1.002273e-05,1.085749e-08,3.799662e+01,8.016552e+00,2.998007e+01,3.966042e+01,1.700807e+02
1.156180e+06,1.338172e+01,7.060481e+03,8.171853e-02,9.474349e-01,9.472293e-01,-9.914149e-06,1.085749e-08,3.799610e+01,8.016552e+00,2.997955e+01,3.965942e+01,1.700847e+02
1.156190e+06,1.338183e+01,7.070481e+03,8.183428e-02,9.474488e-01,9.472294e-01,-9.805567e-06,1.085749e-08,3.799559e+01,8.016552e+00,2.997904e+01,3.965841e+01,1.700887e+02
1.156200e+06,1.338195e+01,7.080482e+03,8.195002e-02,9.474627e-01,9.472295e-01,-9.696984e-06,1.085749e-08,3.799507e+01,8.016552e+00,2.997852e+01,3.965740e+01,1.700927e+02
1.156210e+06,1.338207e+01,7.090483e+03,8.206577e-02,9.474754e-01,9.472296e-01,-9.588402e-06,1.085749e-08,3.799456e+01,8.016552e+00,2.997801e+01,3.965643e+01,1.700967e+02
1.156220e+06,1.338218e+01,7.100483e+03,8.218152e-02,9.474780e-01,9.472297e-01,-9.479820e-06,1.085748e-08,3.799428e+01,8.016552e+00,2.997773e+01,3.965605e+01,1.700993e+02
1.156230e+06,1.338230e+01,7.110484e+03,8.229727e-02,9.474594e-01,9.472298e-01,-9.371238e-06,1.085748e-08,3.799505e+01,8.016552e+00,2.997849e+01,3.965748e+01,1.700953e+02
1.156240e+06,1.338241e+01,7.120485e+03,8.241302e-02,9.474409e-01,9.472299e-01,-9.262655e-06,1.085748e-08,3.799581e+01,8.016552e+00,2.997926e+01,3.965891e+01,1.700913e+02
1.156250e+06,1.338253e+01,7.130485e+03,8.252877e-02,9.474223e-01,9.472300e-01,-9.154073e-06,1.085748e-08,3.799658e+01,8.016552e+00,2.998002e+01,3.966033e+01,1.700873e+02
1.156260e+06,1.338264e+01,7.140486e+03,8.264452e-02,9.474037e-01,9.472301e-01,-9.045491e-06,1.085748e-08,3.799734e+01,8.016552e+00,2.998079e+01,3.966176e+01,1.700833e+02
1.156270e+06,1.338276e+01,7.150487e+03,8.276026e-02,9.473852e-01,9.472302e-01,-8.936909e-06,1.085748e-08,3.799811e+01,8.016552e+00,2.998156e+01,3.966319e+01,1.700794e+02
1.156280e+06,1.338288e+01,7.160488e+03,8.287601e-02,9.473666e-01,9.472304e-01,-8.828327e-06,1.085748e-08,3.799887e+01,8.016552e+00,2.998232e+01,3.966462e+01,1.700754e+02
1.156290e+06,1.338299e+01,7.170488e+03,8.299176e-02,9.473480e-01,9.472305e-01,-8.719745e-06,1.085748e-08,3.799964e+01,8.016552e+00,2.998309e+01,3.966605e+01,1.700714e+02
1.156300e+06,1.338311e+01,7.180489e+03,8.310751e-02,9.473295e-01,9.472306e-01,-8.611162e-06,1.085747e-08,3.800040e+01,8.016552e+00,2.998385e+01,3.966747e+01,1.700674e+02
1.156310e+06,1.338322e+01,7.190490e+03,8.322326e-02,9.473109e-01,9.472307e-01,-8.502580e-06,1.085747e-08,3.800117e+01,8.016552e+00,2.998462e+01,3.966890e+01,1.700635e+02
1.156320e+06,1.338334e+01,7.200490e+03,8.333901e-02,9.472923e-01,9.472308e-01,-8.393998e-06,1.085747e-08,3.800193e+01,8.016552e+00,2.998538e+01,3.967033e+01,1.700595e+02
1.156330e+06,1.338345e+01,7.210491e+03,8.345476e-02,9.472738e-01,9.472309e-01,-8.285416e-06,1.085747e-08,3.800270e+01,8.016552e+00,2.998615e+01,3.967176e+01,1.700555e+02
1.156340e+06,1.338357e+01,7.220492e+03,8.357050e-02,9.472552e-01,9.472310e-01,-8.176834e-06,1.085747e-08,3.800346e+01,8.016552e+00,2.998691e+01,3.967319e+01,1.700515e+02
1.156350e+06,1.338369e+01,7.230492e+03,8.368625e-02,9.472366e-01,9.472311e-01,-8.068252e-06,1.085747e-08,3.800423e+01,8.016552e+00,2.998768e+01,3.967462e+01,1.700476e+02
1.156360e+06,1.338380e+01,7.240493e+03,8.380200e-02,9.472181e-01,9.472312e-01,-7.959670e-06,1.085747e-08,3.800500e+01,8.016552e+00,2.998844e+01,3.967604e+01,1.700436e+02
1.156370e+06,1.338392e+01,7.250494e+03,8.391775e-02,9.471995e-01,9.472313e-01,-7.851088e-06,1.085747e-08,3.800576e+01,8.016552e+00,2.998921e+01,3.967747e+01,1.700396e+02
1.156380e+06,1.338403e+01,7.260494e+03,8.403350e-02,9.471809e-01,9.472314e-01,-7.742506e-06,1.085747e-08,3.800653e+01,8.016552e+00,2.998997e+01,3.967890e+01,1.700356e+02
1.156390e+06,1.338415e+01,7.270495e+03,8.414925e-02,9.471624e-01,9.472315e-01,-7.633924e-06,1.085746e-08,3.800729e+01,8.016552e+00,2.999074e+01,3.968033e+01,1.700316e+02
1.156400e+06,1.338426e+01,7.280496e+03,8.426500e-02,9.471438e-01,9.472316e-01,-7.525342e-06,1.085746e-08,3.800806e+01,8.016552e+00,2.999150e+01,3.968176e+01,1.700277e+02
1.156410e+06,1.338438e+01,7.290496e+03,8.438074e-02,9.471252e-01,9.472317e-01,-7.416760e-06,1.085746e-08,3.800882e+01,8.016552e+00,2.999227e+01,3.968319e+01,1.700237e+02
1.156420e+06,1.338450e+01,7.300497e+03,8.449649e-02,9.471067e-01,9.472318e-01,-7.308178e-06,1.085746e-08,3.800959e+01,8.016552e+00,2.999304e+01,3.968462e+01,1.700197e+02
1.156430e+06,1.338461e+01,7.310498e+03,8.461224e-02,9.470881e-01,9.472319e-01,-7.199596e-06,1.085746e-08,3.801035e+01,8.016552e+00,2.999380e+01,3.968605e+01,1.700157e+02
1.156440e+06,1.338473e+01,7.320498e+03,8.472799e-02,9.470695e-01,9.472320e-01,-7.091014e-06,1.085746e-08,3.801112e+01,8.016552e+00,2.999457e+01,3.968747e+01,1.700118e+02
1.156450e+06,1.338484e+01,7.330499e+03,8.484374e-02,9.470510e-01,9.472321e-01,-6.982432e-06,1.085746e-08,3.801188e+01,8.016552e+00,2.999533e+01,3.968890e+01,1.700078e+02
1.156460e+06,1.338496e+01,7.340500e+03,8.495949e-02,9.470325e-01,9.472322e-01,-6.873850e-06,1.085746e-08,3.801265e+01,8.016552e+00,2.999610e+01,3.969033e+01,1.700038e+02
1.156471e+06,1.338508e+01,7.350500e+03,8.507524e-02,9.470181e-01,9.472323e-01,-6.765268e-06,1.085745e-08,3.801334e+01,8.016552e+00,2.999679e+01,3.969155e+01,1.700000e+02
1.156481e+06,1.338519e+01,7.360501e+03,8.519099e-02,9.470229e-01,9.472324e-01,-6.656686e-06,1.085745e-08,3.801257e+01,8.016552e+00,2.999602e+01,3.969057e+01,1.700000e+02
1.156491e+06,1.338531e+01,7.370502e+03,8.530673e-02,9.470278e-01,9.472325e-01,-6.548104e-06,1.085745e-08,3.801180e+01,8.016552e+00,2.999525e+01,3.968959e+01,1.700000e+02
1.156501e+06,1.338542e+01,7.380502e+03,8.542248e-02,9.470327e-01,9.472326e-01,-6.439522e-06,1.085745e-08,3.801102e+01,8.016552e+00,2.999447e+01,3.968861e+01,1.700000e+02
1.156511e+06,1.338554e+01,7.390503e+03,8.553823e-02,9.470375e-01,9.472327e-01,-6.330940e-06,1.085745e-08,3.801025e+01,8.016552e+00,2.999370e+01,3.968763e+01,1.700000e+02
1.156521e+06,1.338565e+01,7.400504e+03,8.565398e-02,9.470424e-01,9.472328e-01,-6.222358e-06,1.085745e-08,3.800948e+01,8.016552e+00,2.999293e+01,3.968665e+01,1.700000e+02
1.156531e+06,1.338577e+01,7.410505e+03,8.576973e-02,9.470473e-01,9.472329e-01,-6.113776e-06,1.085745e-08,3.800870e+01,8.016552e+00,2.999215e+01,3.968567e+01,1.700000e+02
1.156541e+06,1.338589e+01,7.420505e+03,8.588548e-02,9.470521e-01,9.472330e-01,-6.005194e-06,1.085745e-08,3.800793e+01,8.016552e+00,2.999138e+01,3.968469e+01,1.700000e+02
1.156551e+06,1.338600e+01,7.430506e+03,8.600123e-02,9.470570e-01,9.472331e-01,-5.896613e-06,1.085745e-08,3.800716e+01,8.016552e+00,2.999061e+01,3.968371e+01,1.700000e+02
1.156561e+06,1.338612e+01,7.440507e+03,8.611697e-02,9.470619e-01,9.472332e-01,-5.788031e-06,1.085744e-08,3.800638e+01,8.016552e+00,2.998983e+01,3.968273e+01,1.700000e+02
1.156571e+06,1.338623e+01,7.450507e+03,8.623272e-02,9.470668e-01,9.472333e-01,-5.679449e-06,1.085744e-08,3.800561e+01,8.016552e+00,2.998906e+01,3.968175e+01,1.700000e+02
1.156581e+06,1.338635e+01,7.460508e+03,8.634847e-02,9.470716e-01,9.472334e-01,-5.570867e-06,1.085744e-08,3.800484e+01,8.016552e+00,2.998829e+01,3.968077e+01,1.700000e+02
1.156591e+06,1.338646e+01,7.470509e+03,8.646422e-02,9.470765e-01,9.472335e-01,-5.462285e-06,1.085744e-08,3.800406e+01,8.016552e+00,2.998751e+01,3.967979e+01,1.700000e+02
1.156601e+06,1.338658e+01,7.480509e+03,8.657997e-02,9.470814e-01,9.472336e-01,-5.353704e-06,1.085744e-08,3.800329e+01,8.016552e+00,2.998674e+01,3.967881e+01,1.700000e+02
1.156611e+06,1.338670e+01,7.490510e+03,8.669572e-02,9.470862e-01,9.472337e-01,-5.245122e-06,1.085744e-08,3.800252e+01,8.016552e+00,2.998597e+01,3.967784e+01,1.700000e+02
1.156621e+06,1.338681e+01,7.500511e+03,8.681147e-02,9.470911e-01,9.472338e-01,-5.136540e-06,1.085744e-08,3.800174e+01,8.016552e+00,2.998519e+01,3.967686e+01,1.700000e+02
1.156631e+06,1.338693e+01,7.510511e+03,8.692721e-02,9.470960e-01,9.472340e-01,-5.027958e-06,1.085744e-08,3.800097e+01,8.016552e+00,2.998442e+01,3.967588e+01,1.700000e+02
1.156641e+06,1.338704e+01,7.520512e+03,8.704296e-02,9.471008e-01,9.472341e-01,-4.919376e-06,1.085743e-08,3.800020e+01,8.016552e+00,2.998365e+01,3.967490e+01,1.700000e+02
1.156651e+06,1.338716e+01,7.530513e+03,8.715871e-02,9.471057e-01,9.472342e-01,-4.810795e-06,1.085743e-08,3.799942e+01,8.016552e+00,2.998287e+01,3.967392e+01,1.700000e+02
1.156661e+06,1.338727e+01,7.540513e+03,8.727446e-02,9.471106e-01,9.472343e-01,-4.702213e-06,1.085743e-08,3.799865e+01,8.016552e+00,2.998210e+01,3.967294e+01,1.700000e+02
1.156671e+06,1.338739e+01,7.550514e+03,8.739021e-02,9.471154e-01,9.472344e-01,-4.593631e-06,1.085743e-08,3.799788e+01,8.016552e+00,2.998133e+01,3.967196e+01,1.700000e+02
1.156681e+06,1.338751e+01,7.560515e+03,8.750596e-02,9.471203e-01,9.472345e-01,-4.485050e-06,1.085743e-08,3.799710e+01,8.016552e+00,2.998055e+01,3.967098e+01,1.700000e+02
1.156691e+06,1.338762e+01,7.570515e+03,8.762171e-02,9.471252e-01,9.472346e-01,-4.376468e-06,1.085743e-08,3.799633e+01,8.016552e+00,2.997978e+01,3.967000e+01,1.700000e+02
1.156701e+06,1.338774e+01,7.580516e+03,8.773745e-02,9.471301e-01,9.472347e-01,-4.267886e-06,1.085743e-08,3.799556e+01,8.016552e+00,2.997901e+01,3.966902e+01,1.700000e+02
1.156711e+06,1.338785e+01,7.590517e+03,8.785320e-02,9.471344e-01,9.472348e-01,-4.159305e-06,1.085743e-08,3.799478e+01,8.016552e+00,2.997823e+01,3.966806e+01,1.700000e+02
1.156721e+06,1.338797e+01,7.600517e+03,8.796895e-02,9.471352e-01,9.472349e-01,-4.050723e-06,1.085743e-08,3.799431e+01,8.016510e+00,2.997780e+01,3.966753e+01,1.699993e+02
1.156731e+06,1.338808e+01,7.610518e+03,8.808470e-02,9.471314e-01,9.472350e-01,-3.942141e-06,1.085742e-08,3.799533e+01,8.016255e+00,2.997907e+01,3.966875e+01,1.699954e+02
1.156741e+06,1.338820e+01,7.620519e+03,8.820045e-02,9.471276e-01,9.472351e-01,-3.833560e-06,1.085742e-08,3.799635e+01,8.016000e+00,2.998035e+01,3.966997e+01,1.699914e+02
1.156751e+06,1.338832e+01,7.630520e+03,8.831620e-02,9.471238e-01,9.472352e-01,-3.724978e-06,1.085742e-08,3.799737e+01,8.015745e+00,2.998162e+01,3.967119e+01,1.699874e+02
1.156761e+06,1.338843e+01,7.640520e+03,8.843195e-02,9.471200e-01,9.472353e-01,-3.616396e-06,1.085742e-08,3.799839e+01,8.015489e+00,2.998290e+01,3.967240e+01,1.699834e+02
1.156771e+06,1.338855e+01,7.650521e+03,8.854770e-02,9.471162e-01,9.472354e-01,-3.507815e-06,1.085742e-08,3.799941e+01,8.015234e+00,2.998417e+01,3.967362e+01,1.699795e+02
1.156781e+06,1.338866e+01,7.660522e+03,8.866344e-02,9.471124e-01,9.472355e-01,-3.399233e-06,1.085742e-08,3.800043e+01,8.014979e+00,2.998545e+01,3.967484e+01,1.699755e+02
1.156791e+06,1.338878e+01,7.670522e+03,8.877919e-02,9.471086e-01,9.472356e-01,-3.290652e-06,1.085742e-08,3.800145e+01,8.014724e+00,2.998672e+01,3.967606e+01,1.699715e+02
1.156801e+06,1.338889e+01,7.680523e+03,8.889494e-02,9.471048e-01,9.472357e-01,-3.182070e-06,1.085742e-08,3.800247e+01,8.014469e+00,2.998800e+01,3.967728e+01,1.699675e+02
1.156811e+06,1.338901e+01,7.690524e+03,8.901069e-02,9.471010e-01,9.472358e-01,-3.073489e-06,1.085741e-08,3.800349e+01,8.014214e+00,2.998928e+01,3.967850e+01,1.699636e+02
1.156821e+06,1.338913e+01,7.700524e+03,8.912644e-02,9.470972e-01,9.472359e-01,-2.964907e-06,1.085741e-08,3.800451e+01,8.013959e+00,2.999055e+01,3.967972e+01,1.699596e+02
1.156831e+06,1.338924e+01,7.710525e+03,8.924219e-02,9.470934e-01,9.472360e-01,-2.856326e-06,1.085741e-08,3.800553e+01,8.013704e+00,2.999183e+01,3.968094e+01,1.699556e+02
1.156841e+06,1.338936e+01,7.720526e+03,8.935794e-02,9.470896e-01,9.472361e-01,-2.747744e-06,1.085741e-08,3.800655e+01,8.013449e+00,2.999310e+01,3.968216e+01,1.699516e+02
1.156851e+06,1.338947e+01,7.730526e+03,8.947368e-02,9.470858e-01,9.472362e-01,-2.639163e-06,1.085741e-08,3.800757e+01,8.013193e+00,2.999438e+01,3.968337e+01,1.699476e+02
1.156861e+06,1.338959e+01,7.740527e+03,8.958943e-02,9.470820e-01,9.472363e-01,-2.530581e-06,1.085741e-08,3.800859e+01,8.012938e+00,2.999565e+01,3.968459e+01,1.699437e+02
1.156871e+06,1.338971e+01,7.750528e+03,8.970518e-02,9.470782e-01,9.472364e-01,-2.422000e-06,1.085741e-08,3.800961e+01,8.012683e+00,2.999693e+01,3.968581e+01,1.699397e+02
1.156881e+06,1.338982e+01,7.760528e+03,8.982093e-02,9.470744e-01,9.472365e-01,-2.313418e-06,1.085741e-08,3.801063e+01,8.012428e+00,2.999820e+01,3.968703e+01,1.699357e+02
1.156891e+06,1.338994e+01,7.770529e+03,8.993668e-02,9.470706e-01,9.472366e-01,-2.204837e-06,1.085740e-08,3.801165e+01,8.012173e+00,2.999948e+01,3.968825e+01,1.699317e+02
1.156901e+06,1.339005e+01,7.780530e+03,9.005243e-02,9.470668e-01,9.472367e-01,-2.096255e-06,1.085740e-08,3.801267e+01,8.011918e+00,3.000076e+01,3.968947e+01,1.699278e+02
1.156911e+06,1.339017e+01,7.790530e+03,9.016818e-02,9.470630e-01,9.472368e-01,-1.987674e-06,1.085740e-08,3.801369e+01,8.011663e+00,3.000203e+01,3.969069e+01,1.699238e+02
1.156921e+06,1.339028e+01,7.800531e+03,9.028392e-02,9.470592e-01,9.472369e-01,-1.879092e-06,1.085740e-08,3.801471e+01,8.011408e+00,3.000331e+01,3.969191e+01,1.699198e+02
1.156931e+06,1.339040e+01,7.810532e+03,9.039967e-02,9.470554e-01,9.472370e-01,-1.770511e-06,1.085740e-08,3.801573e+01,8.011153e+00,3.000458e+01,3.969313e+01,1.699158e+02
1.156941e+06,1.339052e+01,7.820532e+03,9.051542e-02,9.470516e-01,9.472371e-01,-1.661930e-06,1.085740e-08,3.801676e+01,8.010897e+00,3.000586e+01,3.969434e+01,1.699118e+02
1.156951e+06,1.339063e+01,7.830533e+03,9.063117e-02,9.470478e-01,9.472372e-01,-1.553348e-06,1.085740e-08,3.801778e+01,8.010642e+00,3.000713e+01,3.969556e+01,1.699079e+02
1.156961e+06,1.339075e+01,7.840534e+03,9.074692e-02,9.470441e-01,9.472373e-01,-1.444767e-06,1.085740e-08,3.801880e+01,8.010387e+00,3.000841e+01,3.969678e+01,1.699039e+02
1.156971e+06,1.339086e+01,7.850534e+03,9.086267e-02,9.470470e-01,9.472374e-01,-1.336186e-06,1.085740e-08,3.801975e+01,8.010126e+00,3.000962e+01,3.969770e+01,1.699001e+02
1.156981e+06,1.339098e+01,7.860535e+03,9.097842e-02,9.470643e-01,9.472376e-01,-1.227604e-06,1.085739e-08,3.801768e+01,8.009616e+00,3.000807e+01,3.969497e+01,1.699041e+02
1.156991e+06,1.339109e+01,7.870536e+03,9.109416e-02,9.470815e-01,9.472377e-01,-1.119023e-06,1.085739e-08,3.801562e+01,8.009106e+00,3.000652e+01,3.969225e+01,1.699081e+02
1.157001e+06,1.339121e+01,7.880537e+03,9.120991e-02,9.470987e-01,9.472378e-01,-1.010442e-06,1.085739e-08,3.801356e+01,8.008596e+00,3.000496e+01,3.968952e+01,1.699121e+02
1.157011e+06,1.339133e+01,7.890537e+03,9.132566e-02,9.471159e-01,9.472379e-01,-9.018603e-07,1.085739e-08,3.801150e+01,8.008086e+00,3.000341e+01,3.968680e+01,1.699162e+02
1.157021e+06,1.339144e+01,7.900538e+03,9.144141e-02,9.471331e-01,9.472380e-01,-7.932790e-07,1.085739e-08,3.800943e+01,8.007576e+00,3.000186e+01,3.968407e+01,1.699202e+02
1.157031e+06,1.339156e+01,7.910539e+03,9.155716e-02,9.471503e-01,9.472381e-01,-6.846977e-07,1.085739e-08,3.800737e+01,8.007066e+00,3.000031e+01,3.968135e+01,1.699242e+02
1.157041e+06,1.339167e+01,7.920539e+03,9.167291e-02,9.471675e-01,9.472382e-01,-5.761164e-07,1.085739e-08,3.800531e+01,8.006556e+00,2.999875e+01,3.967862e+01,1.699282e+02
1.157051e+06,1.339179e+01,7.930540e+03,9.178866e-02,9.471847e-01,9.472383e-01,-4.675352e-07,1.085739e-08,3.800325e+01,8.006046e+00,2.999720e+01,3.967590e+01,1.699322e+02
1.157061e+06,1.339190e+01,7.940541e+03,9.190441e-02,9.472020e-01,9.472384e-01,-3.589539e-07,1.085738e-08,3.800119e+01,8.005536e+00,2.999565e+01,3.967318e+01,1.699363e+02
1.157071e+06,1.339202e+01,7.950541e+03,9.202015e-02,9.472192e-01,9.472385e-01,-2.503727e-07,1.085738e-08,3.799912e+01,8.005026e+00,2.999410e+01,3.967045e+01,1.699403e+02
1.157081e+06,1.339214e+01,7.960542e+03,9.213590e-02,9.472364e-01,9.472386e-01,-1.417915e-07,1.085738e-08,3.799706e+01,8.004516e+00,2.999255e+01,3.966773e+01,1.699443e+02
1.157091e+06,1.339225e+01,7.970543e+03,9.225165e-02,9.472536e-01,9.472387e-01,-3.321026e-08,1.085738e-08,3.799500e+01,8.004006e+00,2.999099e+01,3.966500e+01,1.699483e+02
1.157101e+06,1.339237e+01,7.980543e+03,9.236740e-02,9.472708e-01,9.472388e-01,7.537094e-08,1.085738e-08,3.799294e+01,8.003496e+00,2.998944e+01,3.966228e+01,1.699523e+02
1.157111e+06,1.339248e+01,7.990544e+03,9.248315e-02,9.472880e-01,9.472389e-01,1.839521e-07,1.085738e-08,3.799087e+01,8.002986e+00,2.998789e+01,3.965956e+01,1.699564e+02
1.157121e+06,1.339260e+01,8.000545e+03,9.259890e-02,9.473052e-01,9.472390e-01,2.925333e-07,1.085738e-08,3.798881e+01,8.002476e+00,2.998634e+01,3.965683e+01,1.699604e+02
1.157131e+06,1.339271e+01,8.010545e+03,9.271465e-02,9.473224e-01,9.472391e-01,4.011145e-07,1.085738e-08,3.798675e+01,8.001966e+00,2.998478e+01,3.965411e+01,1.699644e+02
1.157141e+06,1.339283e+01,8.020546e+03,9.283039e-02,9.473397e-01,9.472392e-01,5.096956e-07,1.085738e-08,3.798469e+01,8.001456e+00,2.998323e+01,3.965138e+01,1.699684e+02
1.157151e+06,1.339295e+01,8.030547e+03,9.294614e-02,9.473569e-01,9.472393e-01,6.182768e-07,1.085737e-08,3.798263e+01,8.000946e+00,2.998168e+01,3.964866e+01,1.699724e+02
1.157161e+06,1.339306e+01,8.040547e+03,9.306189e-02,9.473741e-01,9.472394e-01,7.268579e-07,1.085737e-08,3.798056e+01,8.000436e+00,2.998013e+01,3.964594e+01,1.699765e+02
1.157171e+06,1.339318e+01,8.050548e+03,9.317764e-02,9.473913e-01,9.472395e-01,8.354390e-07,1.085737e-08,3.797850e+01,7.999926e+00,2.997858e+01,3.964321e+01,1.699805e+02
1.157181e+06,1.339329e+01,8.060549e+03,9.329339e-02,9.474085e-01,9.472396e-01,9.440201e-07,1.085737e-08,3.797644e+01,7.999416e+00,2.997702e+01,3.964049e+01,1.699845e+02
1.157191e+06,1.339341e+01,8.070549e+03,9.340914e-02,9.474257e-01,9.472397e-01,1.052601e-06,1.085737e-08,3.797438e+01,7.998906e+00,2.997547e+01,3.963777e+01,1.699885e+02
1.157201e+06,1.339352e+01,8.080550e+03,9.352489e-02,9.474429e-01,9.472398e-01,1.161182e-06,1.085737e-08,3.797232e+01,7.998396e+00,2.997392e+01,3.963504e+01,1.699925e+02
1.157211e+06,1.339364e+01,8.090551e+03,9.364063e-02,9.474597e-01,9.472399e-01,1.269763e-06,1.085737e-08,3.797025e+01,7.997886e+00,2.997237e+01,3.963234e+01,1.699965e+02
1.157221e+06,1.339376e+01,8.100552e+03,9.375638e-02,9.474706e-01,9.472400e-01,1.378344e-06,1.085737e-08,3.796840e+01,7.997448e+00,2.997095e+01,3.963004e+01,1.700000e+02
1.157231e+06,1.339387e+01,8.110552e+03,9.387213e-02,9.474624e-01,9.472401e-01,1.486925e-06,1.085736e-08,3.796780e+01,7.997448e+00,2.997035e+01,3.962968e+01,1.700000e+02
1.157241e+06,1.339399e+01,8.120553e+03,9.398788e-02,9.474543e-01,9.472402e-01,1.595507e-06,1.085736e-08,3.796720e+01,7.997448e+00,2.996976e+01,3.962932e+01,1.700000e+02
1.157251e+06,1.339410e+01,8.130554e+03,9.410363e-02,9.474462e-01,9.472403e-01,1.704088e-06,1.085736e-08,3.796661e+01,7.997448e+00,2.996916e+01,3.962896e+01,1.700000e+02
1.157261e+06,1.339422e+01,8.140554e+03,9.421938e-02,9.474380e-01,9.472404e-01,1.812669e-06,1.085736e-08,3.796601e+01,7.997448e+00,2.996856e+01,3.962861e+01,1.700000e+02
1.157271e+06,1.339434e+01,8.150555e+03,9.433513e-02,9.474299e-01,9.472405e-01,1.921250e-06,1.085736e-08,3.796541e+01,7.997448e+00,2.996796e+01,3.962825e+01,1.700000e+02
1.157281e+06,1.339445e+01,8.160556e+03,9.445087e-02,9.474217e-01,9.472406e-01,2.029831e-06,1.085736e-08,3.796481e+01,7.997448e+00,2.996737e+01,3.962789e+01,1.700000e+02
1.157291e+06,1.339457e+01,8.170556e+03,9.456662e-02,9.474136e-01,9.472407e-01,2.138412e-06,1.085736e-08,3.796422e+01,7.997448e+00,2.996677e+01,3.962753e+01,1.700000e+02
1.157301e+06,1.339468e+01,8.180557e+03,9.468237e-02,9.474055e-01,9.472408e-01,2.246992e-06,1.085736e-08,3.796362e+01,7.997448e+00,2.996617e+01,3.962717e+01,1.700000e+02
1.157311e+06,1.339480e+01,8.190558e+03,9.479812e-02,9.473973e-01,9.472409e-01,2.355573e-06,1.085736e-08,3.796302e+01,7.997448e+00,2.996557e+01,3.962681e+01,1.700000e+02
1.157321e+06,1.339491e+01,8.200558e+03,9.491387e-02,9.473892e-01,9.472410e-01,2.464154e-06,1.085735e-08,3.796242e+01,7.997448e+00,2.996498e+01,3.962645e+01,1.700000e+02
1.157331e+06,1.339503e+01,8.210559e+03,9.502962e-02,9.473811e-01,9.472412e-01,2.572735e-06,1.085735e-08,3.796183e+01,7.997448e+00,2.996438e+01,3.962609e+01,1.700000e+02
1.157341e+06,1.339515e+01,8.220560e+03,9.514537e-02,9.473729e-01,9.472413e-01,2.681316e-06,1.085735e-08,3.796123e+01,7.997448e+00,2.996378e+01,3.962573e+01,1.700000e+02
1.157351e+06,1.339526e+01,8.230560e+03,9.526112e-02,9.473648e-01,9.472414e-01,2.789897e-06,1.085735e-08,3.796063e+01,7.997448e+00,2.996318e+01,3.962538e+01,1.700000e+02
1.157361e+06,1.339538e+01,8.240561e+03,9.537686e-02,9.473567e-01,9.472415e-01,2.898478e-06,1.085735e-08,3.796004e+01,7.997448e+00,2.996259e+01,3.962502e+01,1.700000e+02
1.157371e+06,1.339549e+01,8.250562e+03,9.549261e-02,9.473485e-01,9.472416e-01,3.007059e-06,1.085735e-08,3.795944e+01,7.997448e+00,2.996199e+01,3.962466e+01,1.700000e+02
1.157381e+06,1.339561e+01,8.260562e+03,9.560836e-02,9.473404e-01,9.472417e-01,3.115640e-06,1.085735e-08,3.795884e+01,7.997448e+00,2.996139e+01,3.962430e+01,1.700000e+02
1.157391e+06,1.339572e+01,8.270563e+03,9.572411e-02,9.473323e-01,9.472418e-01,3.224221e-06,1.085735e-08,3.795824e+01,7.997448e+00,2.996080e+01,3.962394e+01,1.700000e+02
1.157401e+06,1.339584e+01,8.280564e+03,9.583986e-02,9.473241e-01,9.472419e-01,3.332801e-06,1.085734e-08,3.795765e+01,7.997448e+00,2.996020e+01,3.962358e+01,1.700000e+02
1.157411e+06,1.339596e+01,8.290564e+03,9.595561e-02,9.473160e-01,9.472420e-01,3.441382e-06,1.085734e-08,3.795705e+01,7.997448e+00,2.995960e+01,3.962322e+01,1.700000e+02
1.157421e+06,1.339607e+01,8.300565e+03,9.607136e-02,9.473079e-01,9.472421e-01,3.549963e-06,1.085734e-08,3.795645e+01,7.997448e+00,2.995900e+01,3.962286e+01,1.700000e+02
1.157431e+06,1.339619e+01,8.310566e+03,9.618710e-02,9.472997e-01,9.472422e-01,3.658544e-06,1.085734e-08,3.795585e+01,7.997448e+00,2.995841e+01,3.962250e+01,1.700000e+02
1.157441e+06,1.339630e+01,8.320566e+03,9.630285e-02,9.472916e-01,9.472423e-01,3.767125e-06,1.085734e-08,3.795526e+01,7.997448e+00,2.995781e+01,3.962214e+01,1.700000e+02
1.157451e+06,1.339642e+01,8.330567e+03,9.641860e-02,9.472834e-01,9.472424e-01,3.875706e-06,1.085734e-08,3.795466e+01,7.997448e+00,2.995721e+01,3.962179e+01,1.700000e+02
1.157461e+06,1.339653e+01,8.340568e+03,9.653435e-02,9.472753e-01,9.472425e-01,3.984286e-06,1.085734e-08,3.795406e+01,7.997448e+00,2.995661e+01,3.962143e+01,1.700000e+02
1.157471e+06,1.339665e+01,8.350569e+03,9.665010e-02,9.472677e-01,9.472426e-01,4.092867e-06,1.085734e-08,3.795364e+01,7.997426e+00,2.995621e+01,3.962123e+01,1.700000e+02
1.157481e+06,1.339677e+01,8.360569e+03,9.676585e-02,9.472659e-01,9.472427e-01,4.201448e-06,1.085734e-08,3.795500e+01,7.997173e+00,2.995783e+01,3.962275e+01,1.700000e+02
1.157491e+06,1.339688e+01,8.370570e+03,9.688160e-02,9.472640e-01,9.472428e-01,4.310029e-06,1.085733e-08,3.795637e+01,7.996920e+00,2.995945e+01,3.962427e+01,1.700000e+02
1.157501e+06,1.339700e+01,8.380571e+03,9.699734e-02,9.472622e-01,9.472429e-01,4.418609e-06,1.085733e-08,3.795773e+01,7.996666e+00,2.996107e+01,3.962578e+01,1.700000e+02
1.157511e+06,1.339711e+01,8.390571e+03,9.711309e-02,9.472603e-01,9.472430e-01,4.527190e-06,1.085733e-08,3.795910e+01,7.996413e+00,2.996268e+01,3.962730e+01,1.700000e+02
1.157521e+06,1.339723e+01,8.400572e+03,9.722884e-02,9.472585e-01,9.472431e-01,4.635771e-06,1.085733e-08,3.796046e+01,7.996160e+00,2.996430e+01,3.962882e+01,1.700000e+02
1.157531e+06,1.339734e+01,8.410573e+03,9.734459e-02,9.472566e-01,9.472432e-01,4.744351e-06,1.085733e-08,3.796183e+01,7.995907e+00,2.996592e+01,3.963034e+01,1.700000e+02
1.157541e+06,1.339746e+01,8.420573e+03,9.746034e-02,9.472547e-01,9.472433e-01,4.852932e-06,1.085733e-08,3.796319e+01,7.995653e+00,2.996754e+01,3.963185e+01,1.700000e+02
1.157551e+06,1.339758e+01,8.430574e+03,9.757609e-02,9.472529e-01,9.472434e-01,4.961513e-06,1.085733e-08,3.796456e+01,7.995400e+00,2.996916e+01,3.963337e+01,1.700000e+02
1.157561e+06,1.339769e+01,8.440575e+03,9.769184e-02,9.472510e-01,9.472435e-01,5.070093e-06,1.085733e-08,3.796592e+01,7.995147e+00,2.997078e+01,3.963489e+01,1.700000e+02
1.157571e+06,1.339781e+01,8.450575e+03,9.780758e-02,9.472492e-01,9.472436e-01,5.178674e-06,1.085732e-08,3.796729e+01,7.994894e+00,2.997240e+01,3.963640e+01,1.700000e+02
1.157581e+06,1.339792e+01,8.460576e+03,9.792333e-02,9.472473e-01,9.472437e-01,5.287255e-06,1.085732e-08,3.796865e+01,7.994641e+00,2.997401e+01,3.963792e+01,1.700000e+02
1.157591e+06,1.339804e+01,8.470577e+03,9.803908e-02,9.472455e-01,9.472438e-01,5.395835e-06,1.085732e-08,3.797002e+01,7.994387e+00,2.997563e+01,3.963944e+01,1.700000e+02
1.157601e+06,1.339815e+01,8.480577e+03,9.815483e-02,9.472436e-01,9.472439e-01,5.504416e-06,1.085732e-08,3.797139e+01,7.994134e+00,2.997725e+01,3.964096e+01,1.700000e+02
1.157611e+06,1.339827e+01,8.490578e+03,9.827058e-02,9.472418e-01,9.472440e-01,5.612997e-06,1.085732e-08,3.797275e+01,7.993881e+00,2.997887e+01,3.964247e+01,1.700000e+02
1.157621e+06,1.339839e+01,8.500579e+03,9.838633e-02,9.472399e-01,9.472441e-01,5.721577e-06,1.085732e-08,3.797412e+01,7.993628e+00,2.998049e+01,3.964399e+01,1.700000e+02
1.157631e+06,1.339850e+01,8.510579e+03,9.850208e-02,9.472381e-01,9.472442e-01,5.830158e-06,1.085732e-08,3.797548e+01,7.993374e+00,2.998211e+01,3.964551e+01,1.700000e+02
1.157641e+06,1.339862e+01,8.520580e+03,9.861783e-02,9.472362e-01,9.472443e-01,5.938738e-06,1.085732e-08,3.797685e+01,7.993121e+00,2.998373e+01,3.964703e+01,1.700000e+02
1.157651e+06,1.339873e+01,8.530581e+03,9.873357e-02,9.472344e-01,9.472444e-01,6.047319e-06,1.085732e-08,3.797821e+01,7.992868e+00,2.998534e+01,3.964854e+01,1.700000e+02
1.157661e+06,1.339885e+01,8.540581e+03,9.884932e-02,9.472325e-01,9.472445e-01,6.155899e-06,1.085731e-08,3.797958e+01,7.992615e+00,2.998696e+01,3.965006e+01,1.700000e+02
1.157671e+06,1.339897e+01,8.550582e+03,9.896507e-02,9.472306e-01,9.472446e-01,6.264480e-06,1.085731e-08,3.798094e+01,7.992361e+00,2.998858e+01,3.965158e+01,1.700000e+02
1.157681e+06,1.339908e+01,8.560583e+03,9.908082e-02,9.472288e-01,9.472448e-01,6.373060e-06,1.085731e-08,3.798231e+01,7.992108e+00,2.999020e+01,3.965310e+01,1.700000e+02
1.157691e+06,1.339920e+01,8.570584e+03,9.919657e-02,9.472269e-01,9.472449e-01,6.481641e-06,1.085731e-08,3.798367e+01,7.991855e+00,2.999182e+01,3.965461e+01,1.700000e+02
1.157701e+06,1.339931e+01,8.580584e+03,9.931232e-02,9.472251e-01,9.472450e-01,6.590221e-06,1.085731e-08,3.798504e+01,7.991602e+00,2.999344e+01,3.965613e+01,1.700000e+02
1.157711e+06,1.339943e+01,8.590585e+03,9.942807e-02,9.472232e-01,9.472451e-01,6.698802e-06,1.085731e-08,3.798640e+01,7.991348e+00,2.999506e+01,3.965765e+01,1.700000e+02
1.157721e+06,1.339954e+01,8.600586e+03,9.954381e-02,9.472213e-01,9.472452e-01,6.807382e-06,1.085731e-08,3.798775e+01,7.991095e+00,2.999665e+01,3.965915e+01,1.700000e+02
1.157731e+06,1.339966e+01,8.610586e+03,9.965956e-02,9.472180e-01,9.472453e-01,6.915963e-06,1.085731e-08,3.798852e+01,7.990838e+00,2.999768e+01,3.966009e+01,1.700000e+02
1.157741e+06,1.339978e+01,8.620587e+03,9.977531e-02,9.472147e-01,9.472454e-01,7.024543e-06,1.085730e-08,3.798929e+01,7.990581e+00,2.999871e+01,3.966102e+01,1.700000e+02
1.157751e+06,1.339989e+01,8.630588e+03,9.989106e-02,9.472114e-01,9.472455e-01,7.133124e-06,1.085730e-08,3.799006e+01,7.990324e+00,2.999974e+01,3.966196e+01,1.700000e+02
1.157761e+06,1.340001e+01,8.640588e+03,1.000068e-01,9.472081e-01,9.472456e-01,7.241704e-06,1.085730e-08,3.799083e+01,7.990067e+00,3.000076e+01,3.966290e+01,1.700000e+02
1.157771e+06,1.340012e+01,8.650589e+03,1.001226e-01,9.472048e-01,9.472457e-01,7.350285e-06,1.085730e-08,3.799160e+01,7.989811e+00,3.000179e+01,3.966384e+01,1.700000e+02
1.157781e+06,1.340024e+01,8.660590e+03,1.002383e-01,9.472015e-01,9.472458e-01,7.458865e-06,1.085730e-08,3.799237e+01,7.989554e+00,3.000282e+01,3.966478e+01,1.700000e+02
1.157791e+06,1.340035e+01,8.670590e+03,1.003541e-01,9.471982e-01,9.472459e-01,7.567445e-06,1.085730e-08,3.799314e+01,7.989297e+00,3.000385e+01,3.966572e+01,1.700000e+02
1.157801e+06,1.340047e+01,8.680591e+03,1.004698e-01,9.471949e-01,9.472460e-01,7.676026e-06,1.085730e-08,3.799391e+01,7.989040e+00,3.000487e+01,3.966665e+01,1.700000e+02
1.157811e+06,1.340059e+01,8.690592e+03,1.005856e-01,9.471916e-01,9.472461e-01,7.784606e-06,1.085730e-08,3.799469e+01,7.988783e+00,3.000590e+01,3.966759e+01,1.700000e+02
1.157821e+06,1.340070e+01,8.700592e+03,1.007013e-01,9.471883e-01,9.472462e-01,7.893186e-06,1.085730e-08,3.799546e+01,7.988526e+00,3.000693e+01,3.966853e+01,1.700000e+02
1.157831e+06,1.340082e+01,8.710593e+03,1.008170e-01,9.471850e-01,9.472463e-01,8.001767e-06,1.085729e-08,3.799623e+01,7.988269e+00,3.000796e+01,3.966947e+01,1.700000e+02
1.157841e+06,1.340093e+01,8.720594e+03,1.009328e-01,9.471817e-01,9.472464e-01,8.110347e-06,1.085729e-08,3.799700e+01,7.988012e+00,3.000898e+01,3.967041e+01,1.700000e+02
1.157851e+06,1.340105e+01,8.730594e+03,1.010485e-01,9.471784e-01,9.472465e-01,8.218927e-06,1.085729e-08,3.799777e+01,7.987756e+00,3.001001e+01,3.967135e+01,1.700000e+02
1.157861e+06,1.340116e+01,8.740595e+03,1.011643e-01,9.471751e-01,9.472466e-01,8.327508e-06,1.085729e-08,3.799854e+01,7.987499e+00,3.001104e+01,3.967228e+01,1.700000e+02
1.157871e+06,1.340128e+01,8.750596e+03,1.012800e-01,9.471718e-01,9.472467e-01,8.436088e-06,1.085729e-08,3.799931e+01,7.987242e+00,3.001207e+01,3.967322e+01,1.700000e+02
1.157881e+06,1.340140e+01,8.760596e+03,1.013958e-01,9.471685e-01,9.472468e-01,8.544668e-06,1.085729e-08,3.800008e+01,7.986985e+00,3.001309e+01,3.967416e+01,1.700000e+02
1.157891e+06,1.340151e+01,8.770597e+03,1.015115e-01,9.471652e-01,9.472469e-01,8.653249e-06,1.085729e-08,3.800085e+01,7.986728e+00,3.001412e+01,3.967510e+01,1.700000e+02
1.157901e+06,1.340163e+01,8.780598e+03,1.016273e-01,9.471619e-01,9.472470e-01,8.761829e-06,1.085729e-08,3.800162e+01,7.986471e+00,3.001515e+01,3.967604e+01,1.700000e+02
1.157911e+06,1.340174e+01,8.790598e+03,1.017430e-01,9.471586e-01,9.472471e-01,8.870409e-06,1.085728e-08,3.800239e+01,7.986214e+00,3.001618e+01,3.967698e+01,1.700000e+02
1.157921e+06,1.340186e+01,8.800599e+03,1.018588e-01,9.471553e-01,9.472472e-01,8.978989e-06,1.085728e-08,3.800316e+01,7.985957e+00,3.001721e+01,3.967791e+01,1.700000e+02
1.157931e+06,1.340197e+01,8.810600e+03,1.019745e-01,9.471520e-01,9.472473e-01,9.087569e-06,1.085728e-08,3.800393e+01,7.985700e+00,3.001823e+01,3.967885e+01,1.700000e+02
1.157941e+06,1.340209e+01,8.820601e+03,1.020903e-01,9.471487e-01,9.472474e-01,9.196150e-06,1.085728e-08,3.800470e+01,7.985444e+00,3.001926e+01,3.967979e+01,1.700000e+02
1.157951e+06,1.340221e+01,8.830601e+03,1.022060e-01,9.471454e-01,9.472475e-01,9.304730e-06,1.085728e-08,3.800547e+01,7.985187e+00,3.002029e+01,3.968073e+01,1.700000e+02
1.157961e+06,1.340232e+01,8.840602e+03,1.023218e-01,9.471421e-01,9.472476e-01,9.413310e-06,1.085728e-08,3.800625e+01,7.984930e+00,3.002132e+01,3.968167e+01,1.700000e+02
1.157971e+06,1.340244e+01,8.850603e+03,1.024375e-01,9.471392e-01,9.472477e-01,9.521890e-06,1.085728e-08,3.800688e+01,7.984706e+00,3.002218e+01,3.968245e+01,1.700000e+02
1.157981e+06,1.340255e+01,8.860603e+03,1.025533e-01,9.471425e-01,9.472478e-01,9.630470e-06,1.085728e-08,3.800560e+01,7.984963e+00,3.002063e+01,3.968097e+01,1.700000e+02
1.157991e+06,1.340267e+01,8.870604e+03,1.026690e-01,9.471458e-01,9.472479e-01,9.739051e-06,1.085728e-08,3.800431e+01,7.985220e+00,3.001909e+01,3.967949e+01,1.700000e+02
1.158001e+06,1.340278e+01,8.880605e+03,1.027848e-01,9.471491e-01,9.472480e-01,9.847631e-06,1.085727e-08,3.800303e+01,7.985477e+00,3.001755e+01,3.967801e+01,1.700000e+02
1.158011e+06,1.340290e+01,8.890605e+03,1.029005e-01,9.471524e-01,9.472481e-01,9.956211e-06,1.085727e-08,3.800174e+01,7.985734e+00,3.001601e+01,3.967653e+01,1.700000e+02
1.158021e+06,1.340302e+01,8.900606e+03,1.030163e-01,9.471557e-01,9.472482e-01,1.006479e-05,1.085727e-08,3.800046e+01,7.985991e+00,3.001447e+01,3.967505e+01,1.700000e+02
1.158031e+06,1.340313e+01,8.910607e+03,1.031320e-01,9.471590e-01,9.472484e-01,1.017337e-05,1.085727e-08,3.799918e+01,7.986248e+00,3.001293e+01,3.967356e+01,1.700000e+02
1.158041e+06,1.340325e+01,8.920607e+03,1.032478e-01,9.471623e-01,9.472485e-01,1.028195e-05,1.085727e-08,3.799789e+01,7.986505e+00,3.001139e+01,3.967208e+01,1.700000e+02
1.158051e+06,1.340336e+01,8.930608e+03,1.033635e-01,9.471656e-01,9.472486e-01,1.039053e-05,1.085727e-08,3.799661e+01,7.986761e+00,3.000985e+01,3.967060e+01,1.700000e+02
1.158061e+06,1.340348e+01,8.940609e+03,1.034793e-01,9.471689e-01,9.472487e-01,1.049911e-05,1.085727e-08,3.799532e+01,7.987018e+00,3.000830e+01,3.966912e+01,1.700000e+02
1.158071e+06,1.340360e+01,8.950609e+03,1.035950e-01,9.471722e-01,9.472488e-01,1.060769e-05,1.085727e-08,3.799404e+01,7.987275e+00,3.000676e+01,3.966764e+01,1.700000e+02
1.158081e+06,1.340371e+01,8.960610e+03,1.037108e-01,9.471755e-01,9.472489e-01,1.071627e-05,1.085726e-08,3.799275e+01,7.987532e+00,3.000522e+01,3.966616e+01,1.700000e+02
1.158091e+06,1.340383e+01,8.970611e+03,1.038265e-01,9.471788e-01,9.472490e-01,1.082485e-05,1.085726e-08,3.799147e+01,7.987789e+00,3.000368e+01,3.966468e+01,1.700000e+02
1.158101e+06,1.340394e+01,8.980611e+03,1.039423e-01,9.471821e-01,9.472491e-01,1.093343e-05,1.085726e-08,3.799018e+01,7.988046e+00,3.000214e+01,3.966320e+01,1.700000e+02
1.158111e+06,1.340406e+01,8.990612e+03,1.040580e-01,9.471854e-01,9.472492e-01,1.104201e-05,1.085726e-08,3.798890e+01,7.988303e+00,3.000060e+01,3.966172e+01,1.700000e+02
1.158121e+06,1.340417e+01,9.000613e+03,1.041738e-01,9.471887e-01,9.472493e-01,1.115059e-05,1.085726e-08,3.798762e+01,7.988560e+00,2.999906e+01,3.966024e+01,1.700000e+02
1.158131e+06,1.340429e+01,9.010613e+03,1.042895e-01,9.471920e-01,9.472494e-01,1.125917e-05,1.085726e-08,3.798633e+01,7.988816e+00,2.999751e+01,3.965876e+01,1.700000e+02
1.158141e+06,1.340441e+01,9.020614e+03,1.044053e-01,9.471953e-01,9.472495e-01,1.136775e-05,1.085726e-08,3.798505e+01,7.989073e+00,2.999597e+01,3.965728e+01,1.700000e+02
1.158151e+06,1.340452e+01,9.030615e+03,1.045210e-01,9.471986e-01,9.472496e-01,1.147633e-05,1.085726e-08,3.798376e+01,7.989330e+00,2.999443e+01,3.965579e+01,1.700000e+02
1.158161e+06,1.340464e+01,9.040616e+03,1.046368e-01,9.472019e-01,9.472497e-01,1.158491e-05,1.085726e-08,3.798248e+01,7.989587e+00,2.999289e+01,3.965431e+01,1.700000e+02
1.158171e+06,1.340475e+01,9.050616e+03,1.047525e-01,9.472053e-01,9.472498e-01,1.169349e-05,1.085725e-08,3.798119e+01,7.989844e+00,2.999135e+01,3.965283e+01,1.700000e+02
1.158181e+06,1.340487e+01,9.060617e+03,1.048683e-01,9.472086e-01,9.472499e-01,1.180207e-05,1.085725e-08,3.797991e+01,7.990101e+00,2.998981e+01,3.965135e+01,1.700000e+02
1.158191e+06,1.340498e+01,9.070618e+03,1.049840e-01,9.472119e-01,9.472500e-01,1.191065e-05,1.085725e-08,3.797862e+01,7.990358e+00,2.998827e+01,3.964987e+01,1.700000e+02
1.158201e+06,1.340510e+01,9.080618e+03,1.050997e-01,9.472152e-01,9.472501e-01,1.201923e-05,1.085725e-08,3.797734e+01,7.990615e+00,2.998673e+01,3.964839e+01,1.700000e+02
1.158211e+06,1.340522e+01,9.090619e+03,1.052155e-01,9.472185e-01,9.472502e-01,1.212781e-05,1.085725e-08,3.797606e+01,7.990872e+00,2.998518e+01,3.964691e+01,1.700000e+02
1.158221e+06,1.340533e+01,9.100620e+03,1.053312e-01,9.472208e-01,9.472503e-01,1.223639e-05,1.085725e-08,3.797481e+01,7.991103e+00,2.998371e+01,3.964551e+01,1.700000e+02
1.158231e+06,1.340545e+01,9.110620e+03,1.054470e-01,9.472142e-01,9.472504e-01,1.234497e-05,1.085725e-08,3.797396e+01,7.991103e+00,2.998286e+01,3.964483e+01,1.700000e+02
1.158241e+06,1.340556e+01,9.120621e+03,1.055627e-01,9.472076e-01,9.472505e-01,1.245355e-05,1.085725e-08,3.797311e+01,7.991103e+00,2.998200e+01,3.964415e+01,1.700000e+02
1.158251e+06,1.340568e+01,9.130622e+03,1.056785e-01,9.472011e-01,9.472506e-01,1.256213e-05,1.085724e-08,3.797225e+01,7.991103e+00,2.998115e+01,3.964346e+01,1.700000e+02
1.158261e+06,1.340579e+01,9.140622e+03,1.057942e-01,9.471945e-01,9.472507e-01,1.267071e-05,1.085724e-08,3.797140e+01,7.991103e+00,2.998030e+01,3.964278e+01,1.700000e+02
1.158271e+06,1.340591e+01,9.150623e+03,1.059100e-01,9.471879e-01,9.472508e-01,1.277929e-05,1.085724e-08,3.797055e+01,7.991103e+00,2.997944e+01,3.964210e+01,1.700000e+02
1.158281e+06,1.340603e+01,9.160624e+03,1.060257e-01,9.471813e-01,9.472509e-01,1.288787e-05,1.085724e-08,3.796969e+01,7.991103e+00,2.997859e+01,3.964142e+01,1.700000e+02
1.158291e+06,1.340614e+01,9.170624e+03,1.061415e-01,9.471747e-01,9.472510e-01,1.299645e-05,1.085724e-08,3.796884e+01,7.991103e+00,2.997774e+01,3.964074e+01,1.700000e+02
1.158301e+06,1.340626e+01,9.180625e+03,1.062572e-01,9.471682e-01,9.472511e-01,1.310503e-05,1.085724e-08,3.796799e+01,7.991103e+00,2.997688e+01,3.964006e+01,1.700000e+02
1.158311e+06,1.340637e+01,9.190626e+03,1.063730e-01,9.471616e-01,9.472512e-01,1.321361e-05,1.085724e-08,3.796713e+01,7.991103e+00,2.997603e+01,3.963938e+01,1.700000e+02
1.158321e+06,1.340649e+01,9.200626e+03,1.064887e-01,9.471550e-01,9.472513e-01,1.332219e-05,1.085724e-08,3.796628e+01,7.991103e+00,2.997518e+01,3.963870e+01,1.700000e+02
1.158331e+06,1.340660e+01,9.210627e+03,1.066045e-01,9.471484e-01,9.472514e-01,1.343077e-05,1.085724e-08,3.796543e+01,7.991103e+00,2.997432e+01,3.963802e+01,1.700000e+02
1.158341e+06,1.340672e+01,9.220628e+03,1.067202e-01,9.471418e-01,9.472515e-01,1.353935e-05,1.085723e-08,3.796457e+01,7.991103e+00,2.997347e+01,3.963734e+01,1.700000e+02
1.158351e+06,1.340684e+01,9.230628e+03,1.068360e-01,9.471353e-01,9.472516e-01,1.364793e-05,1.085723e-08,3.796372e+01,7.991103e+00,2.997262e+01,3.963665e+01,1.700000e+02
1.158361e+06,1.340695e+01,9.240629e+03,1.069517e-01,9.471287e-01,9.472517e-01,1.375651e-05,1.085723e-08,3.796287e+01,7.991103e+00,2.997176e+01,3.963597e+01,1.700000e+02
1.158371e+06,1.340707e+01,9.250630e+03,1.070675e-01,9.471221e-01,9.472518e-01,1.386509e-05,1.085723e-08,3.796201e+01,7.991103e+00,2.997091e+01,3.963529e+01,1.700000e+02
1.158381e+06,1.340718e+01,9.260630e+03,1.071832e-01,9.471155e-01,9.472520e-01,1.397367e-05,1.085723e-08,3.796116e+01,7.991103e+00,2.997006e+01,3.963461e+01,1.700000e+02
1.158391e+06,1.340730e+01,9.270631e+03,1.072990e-01,9.471089e-01,9.472521e-01,1.408225e-05,1.085723e-08,3.796031e+01,7.991103e+00,2.996920e+01,3.963393e+01,1.700000e+02
1.158401e+06,1.340741e+01,9.280632e+03,1.074147e-01,9.471024e-01,9.472522e-01,1.419083e-05,1.085723e-08,3.795945e+01,7.991103e+00,2.996835e+01,3.963325e+01,1.700000e+02
1.158411e+06,1.340753e+01,9.290633e+03,1.075305e-01,9.470958e-01,9.472523e-01,1.429941e-05,1.085723e-08,3.795860e+01,7.991103e+00,2.996750e+01,3.963257e+01,1.700000e+02
1.158421e+06,1.340765e+01,9.300633e+03,1.076462e-01,9.470892e-01,9.472524e-01,1.440799e-05,1.085722e-08,3.795775e+01,7.991103e+00,2.996664e+01,3.963189e+01,1.700000e+02
1.158431e+06,1.340776e+01,9.310634e+03,1.077620e-01,9.470826e-01,9.472525e-01,1.451657e-05,1.085722e-08,3.795689e+01,7.991103e+00,2.996579e+01,3.963121e+01,1.700000e+02
1.158441e+06,1.340788e+01,9.320635e+03,1.078777e-01,9.470760e-01,9.472526e-01,1.462515e-05,1.085722e-08,3.795604e+01,7.991103e+00,2.996494e+01,3.963052e+01,1.700000e+02
1.158451e+06,1.340799e+01,9.330635e+03,1.079935e-01,9.470694e-01,9.472527e-01,1.473372e-05,1.085722e-08,3.795519e+01,7.991103e+00,2.996408e+01,3.962984e+01,1.700000e+02
1.158461e+06,1.340811e+01,9.340636e+03,1.081092e-01,9.470629e-01,9.472528e-01,1.484230e-05,1.085722e-08,3.795433e+01,7.991103e+00,2.996323e+01,3.962916e+01,1.700000e+02
1.158471e+06,1.340822e+01,9.350637e+03,1.082250e-01,9.470568e-01,9.472529e-01,1.495088e-05,1.085722e-08,3.795361e+01,7.991114e+00,2.996249e+01,3.962860e+01,1.700000e+02
1.158481e+06,1.340834e+01,9.360637e+03,1.083407e-01,9.470627e-01,9.472530e-01,1.505946e-05,1.085722e-08,3.795575e+01,7.991368e+00,2.996438e+01,3.963065e+01,1.700000e+02
1.158491e+06,1.340846e+01,9.370638e+03,1.084565e-01,9.470686e-01,9.472531e-01,1.516804e-05,1.085722e-08,3.795789e+01,7.991623e+00,2.996627e+01,3.963270e+01,1.700000e+02
1.158501e+06,1.340857e+01,9.380639e+03,1.085722e-01,9.470745e-01,9.472532e-01,1.527662e-05,1.085722e-08,3.796003e+01,7.991877e+00,2.996815e+01,3.963475e+01,1.700000e+02
1.158511e+06,1.340869e+01,9.390639e+03,1.086880e-01,9.470804e-01,9.472533e-01,1.538520e-05,1.085721e-08,3.796217e+01,7.992131e+00,2.997004e+01,3.963680e+01,1.700000e+02
1.158521e+06,1.340880e+01,9.400640e+03,1.088037e-01,9.470862e-01,9.472534e-01,1.549378e-05,1.085721e-08,3.796431e+01,7.992385e+00,2.997193e+01,3.963885e+01,1.700000e+02
1.158531e+06,1.340892e+01,9.410641e+03,1.089195e-01,9.470921e-01,9.472535e-01,1.560236e-05,1.085721e-08,3.796645e+01,7.992639e+00,2.997381e+01,3.964090e+01,1.700000e+02
1.158541e+06,1.340904e+01,9.420641e+03,1.090352e-01,9.470980e-01,9.472536e-01,1.571094e-05,1.085721e-08,3.796859e+01,7.992893e+00,2.997570e+01,3.964294e+01,1.700000e+02
1.158551e+06,1.340915e+01,9.430642e+03,1.091509e-01,9.471039e-01,9.472537e-01,1.581952e-05,1.085721e-08,3.797073e+01,7.993147e+00,2.997759e+01,3.964499e+01,1.700000e+02
1.158561e+06,1.340927e+01,9.440643e+03,1.092667e-01,9.471098e-01,9.472538e-01,1.592810e-05,1.085721e-08,3.797288e+01,7.993401e+00,2.997947e+01,3.964704e+01,1.700000e+02
1.158571e+06,1.340938e+01,9.450643e+03,1.093824e-01,9.471156e-01,9.472539e-01,1.603668e-05,1.085721e-08,3.797502e+01,7.993656e+00,2.998136e+01,3.964909e+01,1.700000e+02
1.158581e+06,1.340950e+01,9.460644e+03,1.094982e-01,9.471215e-01,9.472540e-01,1.614526e-05,1.085721e-08,3.797716e+01,7.993910e+00,2.998325e+01,3.965114e+01,1.700000e+02
1.158591e+06,1.340961e+01,9.470645e+03,1.096139e-01,9.471274e-01,9.472541e-01,1.625384e-05,1.085720e-08,3.797930e+01,7.994164e+00,2.998513e+01,3.965319e+01,1.700000e+02
1.158601e+06,1.340973e+01,9.480645e+03,1.097297e-01,9.471333e-01,9.472542e-01,1.636242e-05,1.085720e-08,3.798144e+01,7.994418e+00,2.998702e+01,3.965524e+01,1.700000e+02
1.158611e+06,1.340985e+01,9.490646e+03,1.098454e-01,9.471392e-01,9.472543e-01,1.647100e-05,1.085720e-08,3.798358e+01,7.994672e+00,2.998891e+01,3.965729e+01,1.700000e+02
1.158621e+06,1.340996e+01,9.500647e+03,1.099612e-01,9.471451e-01,9.472544e-01,1.657958e-05,1.085720e-08,3.798572e+01,7.994926e+00,2.999079e+01,3.965934e+01,1.700000e+02
1.158631e+06,1.341008e+01,9.510648e+03,1.100769e-01,9.471509e-01,9.472545e-01,1.668816e-05,1.085720e-08,3.798786e+01,7.995180e+00,2.999268e+01,3.966139e+01,1.700000e+02
1.158641e+06,1.341019e+01,9.520648e+03,1.101927e-01,9.471568e-01,9.472546e-01,1.679674e-05,1.085720e-08,3.799000e+01,7.995434e+00,2.999457e+01,3.966344e+01,1.700000e+02
1.158651e+06,1.341031e+01,9.530649e+03,1.103084e-01,9.471627e-01,9.472547e-01,1.690531e-05,1.085720e-08,3.799214e+01,7.995688e+00,2.999645e+01,3.966549e+01,1.700000e+02
1.158661e+06,1.341042e+01,9.540650e+03,1.104242e-01,9.471686e-01,9.472548e-01,1.701389e-05,1.085720e-08,3.799428e+01,7.995943e+00,2.999834e+01,3.966754e+01,1.700000e+02
1.158671e+06,1.341054e+01,9.550650e+03,1.105399e-01,9.471745e-01,9.472549e-01,1.712247e-05,1.085720e-08,3.799642e+01,7.996197e+00,3.000023e+01,3.966959e+01,1.700000e+02
1.158681e+06,1.341066e+01,9.560651e+03,1.106557e-01,9.471803e-01,9.472550e-01,1.723105e-05,1.085719e-08,3.799856e+01,7.996451e+00,3.000211e+01,3.967164e+01,1.700000e+02
1.158691e+06,1.341077e+01,9.570652e+03,1.107714e-01,9.471862e-01,9.472551e-01,1.733963e-05,1.085719e-08,3.800070e+01,7.996705e+00,3.000400e+01,3.967368e+01,1.700000e+02
1.158701e+06,1.341089e+01,9.580652e+03,1.108872e-01,9.471921e-01,9.472552e-01,1.744821e-05,1.085719e-08,3.800284e+01,7.996959e+00,3.000589e+01,3.967573e+01,1.700000e+02
1.158711e+06,1.341100e+01,9.590653e+03,1.110029e-01,9.471985e-01,9.472553e-01,1.755679e-05,1.085719e-08,3.800499e+01,7.997213e+00,3.000777e+01,3.967777e+01,1.700000e+02
1.158721e+06,1.341112e+01,9.600654e+03,1.111187e-01,9.472105e-01,9.472554e-01,1.766537e-05,1.085719e-08,3.800691e+01,7.997448e+00,3.000946e+01,3.967938e+01,1.700006e+02
1.158731e+06,1.341123e+01,9.610654e+03,1.112344e-01,9.472192e-01,9.472556e-01,1.777395e-05,1.085719e-08,3.800613e+01,7.997448e+00,3.000869e+01,3.967827e+01,1.700086e+02
1.158741e+06,1.341135e+01,9.620655e+03,1.113502e-01,9.472280e-01,9.472557e-01,1.788253e-05,1.085719e-08,3.800536e+01,7.997448e+00,3.000791e+01,3.967716e+01,1.700167e+02
1.158751e+06,1.341147e+01,9.630656e+03,1.114659e-01,9.472367e-01,9.472558e-01,1.799111e-05,1.085719e-08,3.800459e+01,7.997448e+00,3.000714e+01,3.967606e+01,1.700247e+02
1.158761e+06,1.341158e+01,9.640656e+03,1.115817e-01,9.472454e-01,9.472559e-01,1.809969e-05,1.085718e-08,3.800381e+01,7.997448e+00,3.000637e+01,3.967495e+01,1.700328e+02
1.158771e+06,1.341170e+01,9.650657e+03,1.116974e-01,9.472541e-01,9.472560e-01,1.820827e-05,1.085718e-08,3.800304e+01,7.997448e+00,3.000559e+01,3.967384e+01,1.700408e+02
1.158781e+06,1.341181e+01,9.660658e+03,1.118132e-01,9.472628e-01,9.472561e-01,1.831685e-05,1.085718e-08,3.800227e+01,7.997448e+00,3.000482e+01,3.967273e+01,1.700488e+02
1.158791e+06,1.341193e+01,9.670658e+03,1.119289e-01,9.472716e-01,9.472562e-01,1.842542e-05,1.085718e-08,3.800149e+01,7.997448e+00,3.000405e+01,3.967162e+01,1.700569e+02
1.158801e+06,1.341204e+01,9.680659e+03,1.120447e-01,9.472803e-01,9.472563e-01,1.853400e-05,1.085718e-08,3.800072e+01,7.997448e+00,3.000327e+01,3.967052e+01,1.700649e+02
1.158811e+06,1.341216e+01,9.690660e+03,1.121604e-01,9.472890e-01,9.472564e-01,1.864258e-05,1.085718e-08,3.799995e+01,7.997448e+00,3.000250e+01,3.966941e+01,1.700729e+02
1.158821e+06,1.341228e+01,9.700660e+03,1.122762e-01,9.472977e-01,9.472565e-01,1.875116e-05,1.085718e-08,3.799917e+01,7.997448e+00,3.000173e+01,3.966830e+01,1.700810e+02
1.158831e+06,1.341239e+01,9.710661e+03,1.123919e-01,9.473064e-01,9.472566e-01,1.885974e-05,1.085718e-08,3.799840e+01,7.997448e+00,3.000095e+01,3.966719e+01,1.700890e+02
1.158841e+06,1.341251e+01,9.720662e+03,1.125077e-01,9.473152e-01,9.472567e-01,1.896832e-05,1.085718e-08,3.799763e+01,7.997448e+00,3.000018e+01,3.966608e+01,1.700971e+02
1.158851e+06,1.341262e+01,9.730662e+03,1.126234e-01,9.473239e-01,9.472568e-01,1.907690e-05,1.085717e-08,3.799685e+01,7.997448e+00,2.999941e+01,3.966498e+01,1.701051e+02
1.158861e+06,1.341274e+01,9.740663e+03,1.127392e-01,9.473326e-01,9.472569e-01,1.918548e-05,1.085717e-08,3.799608e+01,7.997448e+00,2.999863e+01,3.966387e+01,1.701131e+02
1.158871e+06,1.341285e+01,9.750664e+03,1.128549e-01,9.473413e-01,9.472570e-01,1.929406e-05,1.085717e-08,3.799531e+01,7.997448e+00,2.999786e+01,3.966276e+01,1.701212e+02
1.158881e+06,1.341297e+01,9.760665e+03,1.129707e-01,9.473500e-01,9.472571e-01,1.940264e-05,1.085717e-08,3.799453e+01,7.997448e+00,2.999709e+01,3.966165e+01,1.701292e+02
1.158891e+06,1.341309e+01,9.770665e+03,1.130864e-01,9.473588e-01,9.472572e-01,1.951122e-05,1.085717e-08,3.799376e+01,7.997448e+00,2.999631e+01,3.966055e+01,1.701373e+02
1.158901e+06,1.341320e+01,9.780666e+03,1.132022e-01,9.473675e-01,9.472573e-01,1.961980e-05,1.085717e-08,3.799299e+01,7.997448e+00,2.999554e+01,3.965944e+01,1.701453e+02
1.158911e+06,1.341332e+01,9.790667e+03,1.133179e-01,9.473762e-01,9.472574e-01,1.972837e-05,1.085717e-08,3.799221e+01,7.997448e+00,2.999477e+01,3.965833e+01,1.701533e+02
1.158921e+06,1.341343e+01,9.800667e+03,1.134336e-01,9.473849e-01,9.472575e-01,1.983695e-05,1.085717e-08,3.799144e+01,7.997448e+00,2.999399e+01,3.965722e+01,1.701614e+02
1.158931e+06,1.341355e+01,9.810668e+03,1.135494e-01,9.473936e-01,9.472576e-01,1.994553e-05,1.085716e-08,3.799067e+01,7.997448e+00,2.999322e+01,3.965612e+01,1.701694e+02
1.158941e+06,1.341367e+01,9.820669e+03,1.136651e-01,9.474023e-01,9.472577e-01,2.005411e-05,1.085716e-08,3.798989e+01,7.997448e+00,2.999245e+01,3.965501e+01,1.701774e+02
1.158951e+06,1.341378e+01,9.830669e+03,1.137809e-01,9.474111e-01,9.472578e-01,2.016269e-05,1.085716e-08,3.798912e+01,7.997448e+00,2.999167e+01,3.965390e+01,1.701855e+02
1.158961e+06,1.341390e+01,9.840670e+03,1.138966e-01,9.474192e-01,9.472579e-01,2.027127e-05,1.085716e-08,3.798835e+01,7.997448e+00,2.999090e+01,3.965281e+01,1.701935e+02
1.158971e+06,1.341401e+01,9.850671e+03,1.140124e-01,9.474221e-01,9.472580e-01,2.037985e-05,1.085716e-08,3.798792e+01,7.997497e+00,2.999042e+01,3.965226e+01,1.702008e+02
1.158981e+06,1.341413e+01,9.860671e+03,1.141281e-01,9.474144e-01,9.472581e-01,2.048843e-05,1.085716e-08,3.798894e+01,7.997749e+00,2.999119e+01,3.965358e+01,1.702047e+02
1.158991e+06,1.341424e+01,9.870672e+03,1.142439e-01,9.474067e-01,9.472582e-01,2.059701e-05,1.085716e-08,3.798996e+01,7.998002e+00,2.999196e+01,3.965490e+01,1.702087e+02
1.159001e+06,1.341436e+01,9.880673e+03,1.143596e-01,9.473990e-01,9.472583e-01,2.070559e-05,1.085716e-08,3.799098e+01,7.998254e+00,2.999273e+01,3.965622e+01,1.702127e+02
1.159011e+06,1.341448e+01,9.890673e+03,1.144754e-01,9.473914e-01,9.472584e-01,2.081416e-05,1.085716e-08,3.799200e+01,7.998507e+00,2.999350e+01,3.965754e+01,1.702167e+02
1.159021e+06,1.341459e+01,9.900674e+03,1.145911e-01,9.473837e-01,9.472585e-01,2.092274e-05,1.085715e-08,3.799302e+01,7.998759e+00,2.999426e+01,3.965886e+01,1.702207e+02
1.159031e+06,1.341471e+01,9.910675e+03,1.147069e-01,9.473760e-01,9.472586e-01,2.103132e-05,1.085715e-08,3.799404e+01,7.999011e+00,2.999503e+01,3.966018e+01,1.702246e+02
1.159041e+06,1.341482e+01,9.920675e+03,1.148226e-01,9.473683e-01,9.472587e-01,2.113990e-05,1.085715e-08,3.799506e+01,7.999264e+00,2.999580e+01,3.966150e+01,1.702286e+02
1.159051e+06,1.341494e+01,9.930676e+03,1.149384e-01,9.473607e-01,9.472588e-01,2.124848e-05,1.085715e-08,3.799609e+01,7.999516e+00,2.999657e+01,3.966282e+01,1.702326e+02
1.159061e+06,1.341505e+01,9.940677e+03,1.150541e-01,9.473530e-01,9.472589e-01,2.135706e-05,1.085715e-08,3.799711e+01,7.999768e+00,2.999734e+01,3.966414e+01,1.702366e+02
1.159071e+06,1.341517e+01,9.950677e+03,1.151699e-01,9.473453e-01,9.472590e-01,2.146564e-05,1.085715e-08,3.799813e+01,8.000021e+00,2.999811e+01,3.966546e+01,1.702405e+02
1.159081e+06,1.341529e+01,9.960678e+03,1.152856e-01,9.473376e-01,9.472592e-01,2.157422e-05,1.085715e-08,3.799915e+01,8.000273e+00,2.999887e+01,3.966678e+01,1.702445e+02
1.159091e+06,1.341540e+01,9.970679e+03,1.154014e-01,9.473299e-01,9.472593e-01,2.168280e-05,1.085715e-08,3.800017e+01,8.000526e+00,2.999964e+01,3.966810e+01,1.702485e+02
1.159101e+06,1.341552e+01,9.980680e+03,1.155171e-01,9.473223e-01,9.472594e-01,2.179137e-05,1.085714e-08,3.800119e+01,8.000778e+00,3.000041e+01,3.966942e+01,1.702525e+02
1.159111e+06,1.341563e+01,9.990680e+03,1.156329e-01,9.473146e-01,9.472595e-01,2.189995e-05,1.085714e-08,3.800221e+01,8.001030e+00,3.000118e+01,3.967074e+01,1.702565e+02
1.159121e+06,1.341575e+01,1.000068e+04,1.157486e-01,9.473069e-01,9.472596e-01,2.200853e-05,1.085714e-08,3.800323e+01,8.001283e+00,3.000195e+01,3.967206e+01,1.702604e+02
1.159131e+06,1.341586e+01,1.001068e+04,1.158644e-01,9.472992e-01,9.472597e-01,2.211711e-05,1.085714e-08,3.800425e+01,8.001535e+00,3.000271e+01,3.967338e+01,1.702644e+02
1.159141e+06,1.341598e+01,1.002068e+04,1.159801e-01,9.472915e-01,9.472598e-01,2.222569e-05,1.085714e-08,3.800527e+01,8.001787e+00,3.000348e+01,3.967470e+01,1.702684e+02
1.159151e+06,1.341610e+01,1.003068e+04,1.160959e-01,9.472839e-01,9.472599e-01,2.233427e-05,1.085714e-08,3.800629e+01,8.002040e+00,3.000425e+01,3.967602e+01,1.702724e+02
1.159161e+06,1.341621e+01,1.004068e+04,1.162116e-01,9.472762e-01,9.472600e-01,2.244285e-05,1.085714e-08,3.800731e+01,8.002292e+00,3.000502e+01,3.967734e+01,1.702763e+02
1.159171e+06,1.341633e+01,1.005068e+04,1.163274e-01,9.472685e-01,9.472601e-01,2.255143e-05,1.085714e-08,3.800833e+01,8.002545e+00,3.000579e+01,3.967866e+01,1.702803e+02
1.159181e+06,1.341644e+01,1.006068e+04,1.164431e-01,9.472608e-01,9.472602e-01,2.266000e-05,1.085714e-08,3.800935e+01,8.002797e+00,3.000655e+01,3.967998e+01,1.702843e+02
1.159191e+06,1.341656e+01,1.007069e+04,1.165589e-01,9.472532e-01,9.472603e-01,2.276858e-05,1.085713e-08,3.801037e+01,8.003049e+00,3.000732e+01,3.968130e+01,1.702883e+02
1.159201e+06,1.341667e+01,1.008069e+04,1.166746e-01,9.472455e-01,9.472604e-01,2.287716e-05,1.085713e-08,3.801139e+01,8.003302e+00,3.000809e+01,3.968262e+01,1.702923e+02
1.159211e+06,1.341679e+01,1.009069e+04,1.167904e-01,9.472373e-01,9.472605e-01,2.298574e-05,1.085713e-08,3.801241e+01,8.003554e+00,3.000886e+01,3.968396e+01,1.702962e+02
1.159221e+06,1.341691e+01,1.010069e+04,1.169061e-01,9.472205e-01,9.472606e-01,2.309432e-05,1.085713e-08,3.801332e+01,8.003807e+00,3.000952e+01,3.968547e+01,1.702996e+02
1.159231e+06,1.341702e+01,1.011069e+04,1.170219e-01,9.472134e-01,9.472607e-01,2.320290e-05,1.085713e-08,3.801229e+01,8.004062e+00,3.000823e+01,3.968460e+01,1.702915e+02
1.159241e+06,1.341714e+01,1.012069e+04,1.171376e-01,9.472062e-01,9.472608e-01,2.331148e-05,1.085713e-08,3.801126e+01,8.004317e+00,3.000695e+01,3.968374e+01,1.702835e+02
1.159251e+06,1.341725e+01,1.013069e+04,1.172534e-01,9.471990e-01,9.472609e-01,2.342006e-05,1.085713e-08,3.801023e+01,8.004572e+00,3.000566e+01,3.968288e+01,1.702755e+02
1.159261e+06,1.341737e+01,1.014069e+04,1.173691e-01,9.471919e-01,9.472610e-01,2.352863e-05,1.085713e-08,3.800920e+01,8.004827e+00,3.000437e+01,3.968201e+01,1.702674e+02
1.159271e+06,1.341748e+01,1.015069e+04,1.174849e-01,9.471847e-01,9.472611e-01,2.363721e-05,1.085712e-08,3.800817e+01,8.005082e+00,3.000309e+01,3.968115e+01,1.702594e+02
1.159281e+06,1.341760e+01,1.016069e+04,1.176006e-01,9.471775e-01,9.472612e-01,2.374579e-05,1.085712e-08,3.800714e+01,8.005337e+00,3.000180e+01,3.968029e+01,1.702513e+02
1.159291e+06,1.341772e+01,1.017069e+04,1.177163e-01,9.471704e-01,9.472613e-01,2.385437e-05,1.085712e-08,3.800611e+01,8.005592e+00,3.000052e+01,3.967942e+01,1.702433e+02
1.159301e+06,1.341783e+01,1.018069e+04,1.178321e-01,9.471632e-01,9.472614e-01,2.396295e-05,1.085712e-08,3.800508e+01,8.005847e+00,2.999923e+01,3.967856e+01,1.702353e+02
1.159311e+06,1.341795e+01,1.019069e+04,1.179478e-01,9.471560e-01,9.472615e-01,2.407153e-05,1.085712e-08,3.800405e+01,8.006102e+00,2.999794e+01,3.967770e+01,1.702272e+02
1.159321e+06,1.341806e+01,1.020069e+04,1.180636e-01,9.471489e-01,9.472616e-01,2.418011e-05,1.085712e-08,3.800301e+01,8.006357e+00,2.999666e+01,3.967683e+01,1.702192e+02
1.159331e+06,1.341818e+01,1.021070e+04,1.181793e-01,9.471417e-01,9.472617e-01,2.428868e-05,1.085712e-08,3.800198e+01,8.006612e+00,2.999537e+01,3.967597e+01,1.702112e+02
1.159341e+06,1.341830e+01,1.022070e+04,1.182951e-01,9.471345e-01,9.472618e-01,2.439726e-05,1.085712e-08,3.800095e+01,8.006867e+00,2.999409e+01,3.967511e+01,1.702031e+02
1.159351e+06,1.341841e+01,1.023070e+04,1.184108e-01,9.471274e-01,9.472619e-01,2.450584e-05,1.085711e-08,3.799992e+01,8.007122e+00,2.999280e+01,3.967424e+01,1.701951e+02
1.159361e+06,1.341853e+01,1.024070e+04,1.185266e-01,9.471202e-01,9.472620e-01,2.461442e-05,1.085711e-08,3.799889e+01,8.007377e+00,2.999151e+01,3.967338e+01,1.701870e+02
1.159371e+06,1.341864e+01,1.025070e+04,1.186423e-01,9.471130e-01,9.472621e-01,2.472300e-05,1.085711e-08,3.799786e+01,8.007632e+00,2.999023e+01,3.967252e+01,1.701790e+02
1.159381e+06,1.341876e+01,1.026070e+04,1.187581e-01,9.471059e-01,9.472622e-01,2.483158e-05,1.085711e-08,3.799683e+01,8.007887e+00,2.998894e+01,3.967165e+01,1.701710e+02
1.159391e+06,1.341887e+01,1.027070e+04,1.188738e-01,9.470987e-01,9.472623e-01,2.494016e-05,1.085711e-08,3.799580e+01,8.008142e+00,2.998765e+01,3.967079e+01,1.701629e+02
1.159401e+06,1.341899e+01,1.028070e+04,1.189896e-01,9.470915e-01,9.472624e-01,2.504873e-05,1.085711e-08,3.799477e+01,8.008397e+00,2.998637e+01,3.966993e+01,1.701549e+02
1.159411e+06,1.341911e+01,1.029070e+04,1.191053e-01,9.470844e-01,9.472625e-01,2.515731e-05,1.085711e-08,3.799373e+01,8.008652e+00,2.998508e+01,3.966906e+01,1.701469e+02
1.159421e+06,1.341922e+01,1.030070e+04,1.192211e-01,9.470772e-01,9.472626e-01,2.526589e-05,1.085711e-08,3.799270e+01,8.008907e+00,2.998380e+01,3.966820e+01,1.701388e+02
1.159431e+06,1.341934e+01,1.031070e+04,1.193368e-01,9.470700e-01,9.472628e-01,2.537447e-05,1.085711e-08,3.799167e+01,8.009162e+00,2.998251e+01,3.966734e+01,1.701308e+02
1.159441e+06,1.341945e+01,1.032070e+04,1.194526e-01,9.470629e-01,9.472629e-01,2.548305e-05,1.085710e-08,3.799064e+01,8.009417e+00,2.998122e+01,3.966647e+01,1.701227e+02
1.159451e+06,1.341957e+01,1.033070e+04,1.195683e-01,9.470557e-01,9.472630e-01,2.559163e-05,1.085710e-08,3.798961e+01,8.009672e+00,2.997994e+01,3.966561e+01,1.701147e+02
1.159461e+06,1.341968e+01,1.034070e+04,1.196841e-01,9.470491e-01,9.472631e-01,2.570020e-05,1.085710e-08,3.798858e+01,8.009927e+00,2.997865e+01,3.966473e+01,1.701067e+02
1.159471e+06,1.341980e+01,1.035070e+04,1.197998e-01,9.470449e-01,9.472632e-01,2.580878e-05,1.085710e-08,3.798781e+01,8.010138e+00,2.997767e+01,3.966405e+01,1.700993e+02
1.159481e+06,1.341992e+01,1.036071e+04,1.199156e-01,9.470396e-01,9.472633e-01,2.591736e-05,1.085710e-08,3.798832e+01,8.010138e+00,2.997819e+01,3.966477e+01,1.700953e+02
1.159491e+06,1.342003e+01,1.037071e+04,1.200313e-01,9.470342e-01,9.472634e-01,2.602594e-05,1.085710e-08,3.798884e+01,8.010138e+00,2.997870e+01,3.966549e+01,1.700913e+02
1.159501e+06,1.342015e+01,1.038071e+04,1.201471e-01,9.470288e-01,9.472635e-01,2.613452e-05,1.085710e-08,3.798935e+01,8.010138e+00,2.997921e+01,3.966621e+01,1.700873e+02
1.159511e+06,1.342026e+01,1.039071e+04,1.202628e-01,9.470235e-01,9.472636e-01,2.624310e-05,1.085710e-08,3.798986e+01,8.010138e+00,2.997972e+01,3.966693e+01,1.700834e+02
1.159521e+06,1.342038e+01,1.040071e+04,1.203786e-01,9.470181e-01,9.472637e-01,2.635167e-05,1.085709e-08,3.799037e+01,8.010138e+00,2.998023e+01,3.966765e+01,1.700794e+02
1.159531e+06,1.342049e+01,1.041071e+04,1.204943e-01,9.470128e-01,9.472638e-01,2.646025e-05,1.085709e-08,3.799088e+01,8.010138e+00,2.998075e+01,3.966837e+01,1.700754e+02
1.159541e+06,1.342061e+01,1.042071e+04,1.206101e-01,9.470074e-01,9.472639e-01,2.656883e-05,1.085709e-08,3.799140e+01,8.010138e+00,2.998126e+01,3.966909e+01,1.700714e+02
1.159551e+06,1.342073e+01,1.043071e+04,1.207258e-01,9.470020e-01,9.472640e-01,2.667741e-05,1.085709e-08,3.799191e+01,8.010138e+00,2.998177e+01,3.966981e+01,1.700674e+02
1.159561e+06,1.342084e+01,1.044071e+04,1.208416e-01,9.469967e-01,9.472641e-01,2.678599e-05,1.085709e-08,3.799242e+01,8.010138e+00,2.998228e+01,3.967053e+01,1.700634e+02
1.159571e+06,1.342096e+01,1.045071e+04,1.209573e-01,9.469913e-01,9.472642e-01,2.689457e-05,1.085709e-08,3.799293e+01,8.010138e+00,2.998279e+01,3.967125e+01,1.700594e+02
1.159581e+06,1.342107e+01,1.046071e+04,1.210731e-01,9.469859e-01,9.472643e-01,2.700314e-05,1.085709e-08,3.799344e+01,8.010138e+00,2.998331e+01,3.967197e+01,1.700554e+02
1.159591e+06,1.342119e+01,1.047071e+04,1.211888e-01,9.469806e-01,9.472644e-01,2.711172e-05,1.085709e-08,3.799396e+01,8.010138e+00,2.998382e+01,3.967269e+01,1.700514e+02
1.159601e+06,1.342130e+01,1.048071e+04,1.213046e-01,9.469752e-01,9.472645e-01,2.722030e-05,1.085709e-08,3.799447e+01,8.010138e+00,2.998433e+01,3.967341e+01,1.700474e+02
1.159611e+06,1.342142e+01,1.049071e+04,1.214203e-01,9.469699e-01,9.472646e-01,2.732888e-05,1.085708e-08,3.799498e+01,8.010138e+00,2.998484e+01,3.967413e+01,1.700434e+02
1.159621e+06,1.342154e+01,1.050071e+04,1.215361e-01,9.469645e-01,9.472647e-01,2.743746e-05,1.085708e-08,3.799549e+01,8.010138e+00,2.998535e+01,3.967485e+01,1.700394e+02
1.159631e+06,1.342165e+01,1.051072e+04,1.216518e-01,9.469591e-01,9.472648e-01,2.754604e-05,1.085708e-08,3.799600e+01,8.010138e+00,2.998587e+01,3.967557e+01,1.700355e+02
1.159641e+06,1.342177e+01,1.052072e+04,1.217675e-01,9.469538e-01,9.472649e-01,2.765461e-05,1.085708e-08,3.799652e+01,8.010138e+00,2.998638e+01,3.967629e+01,1.700315e+02
1.159651e+06,1.342188e+01,1.053072e+04,1.218833e-01,9.469484e-01,9.472650e-01,2.776319e-05,1.085708e-08,3.799703e+01,8.010138e+00,2.998689e+01,3.967701e+01,1.700275e+02
1.159661e+06,1.342200e+01,1.054072e+04,1.219990e-01,9.469431e-01,9.472651e-01,2.787177e-05,1.085708e-08,3.799754e+01,8.010138e+00,2.998740e+01,3.967772e+01,1.700235e+02
1.159671e+06,1.342211e+01,1.055072e+04,1.221148e-01,9.469377e-01,9.472652e-01,2.798035e-05,1.085708e-08,3.799805e+01,8.010138e+00,2.998791e+01,3.967844e+01,1.700195e+02
1.159681e+06,1.342223e+01,1.056072e+04,1.222305e-01,9.469323e-01,9.472653e-01,2.808893e-05,1.085708e-08,3.799856e+01,8.010138e+00,2.998843e+01,3.967916e+01,1.700155e+02
1.159691e+06,1.342235e+01,1.057072e+04,1.223463e-01,9.469270e-01,9.472654e-01,2.819750e-05,1.085707e-08,3.799908e+01,8.010138e+00,2.998894e+01,3.967988e+01,1.700115e+02
1.159701e+06,1.342246e+01,1.058072e+04,1.224620e-01,9.469216e-01,9.472655e-01,2.830608e-05,1.085707e-08,3.799959e+01,8.010138e+00,2.998945e+01,3.968060e+01,1.700075e+02
1.159711e+06,1.342258e+01,1.059072e+04,1.225778e-01,9.469174e-01,9.472656e-01,2.841466e-05,1.085707e-08,3.800010e+01,8.010138e+00,2.998996e+01,3.968129e+01,1.700035e+02
1.159721e+06,1.342269e+01,1.060072e+04,1.226935e-01,9.469241e-01,9.472657e-01,2.852324e-05,1.085707e-08,3.800046e+01,8.010168e+00,2.999029e+01,3.968144e+01,1.700009e+02
1.159731e+06,1.342281e+01,1.061072e+04,1.228093e-01,9.469492e-01,9.472658e-01,2.863182e-05,1.085707e-08,3.799969e+01,8.010425e+00,2.998927e+01,3.967978e+01,1.700089e+02
1.159741e+06,1.342293e+01,1.062072e+04,1.229250e-01,9.469743e-01,9.472659e-01,2.874040e-05,1.085707e-08,3.799892e+01,8.010682e+00,2.998824e+01,3.967811e+01,1.700170e+02
1.159751e+06,1.342304e+01,1.063072e+04,1.230408e-01,9.469994e-01,9.472660e-01,2.884897e-05,1.085707e-08,3.799815e+01,8.010939e+00,2.998721e+01,3.967644e+01,1.700250e+02
1.159761e+06,1.342316e+01,1.064072e+04,1.231565e-01,9.470245e-01,9.472661e-01,2.895755e-05,1.085707e-08,3.799738e+01,8.011196e+00,2.998618e+01,3.967477e+01,1.700330e+02
1.159771e+06,1.342327e+01,1.065073e+04,1.232723e-01,9.470496e-01,9.472662e-01,2.906613e-05,1.085707e-08,3.799661e+01,8.011452e+00,2.998516e+01,3.967311e+01,1.700410e+02
1.159781e+06,1.342339e+01,1.066073e+04,1.233880e-01,9.470747e-01,9.472664e-01,2.917471e-05,1.085706e-08,3.799584e+01,8.011709e+00,2.998413e+01,3.967144e+01,1.700490e+02
1.159791e+06,1.342350e+01,1.067073e+04,1.235038e-01,9.470998e-01,9.472665e-01,2.928329e-05,1.085706e-08,3.799507e+01,8.011966e+00,2.998310e+01,3.966977e+01,1.700570e+02
1.159801e+06,1.342362e+01,1.068073e+04,1.236195e-01,9.471249e-01,9.472666e-01,2.939186e-05,1.085706e-08,3.799430e+01,8.012223e+00,2.998207e+01,3.966811e+01,1.700650e+02
1.159811e+06,1.342374e+01,1.069073e+04,1.237353e-01,9.471500e-01,9.472667e-01,2.950044e-05,1.085706e-08,3.799353e+01,8.012480e+00,2.998105e+01,3.966644e+01,1.700730e+02
1.159821e+06,1.342385e+01,1.070073e+04,1.238510e-01,9.471751e-01,9.472668e-01,2.960902e-05,1.085706e-08,3.799276e+01,8.012737e+00,2.998002e+01,3.966477e+01,1.700810e+02
1.159831e+06,1.342397e+01,1.071073e+04,1.239668e-01,9.472002e-01,9.472669e-01,2.971760e-05,1.085706e-08,3.799198e+01,8.012994e+00,2.997899e+01,3.966310e+01,1.700891e+02
1.159841e+06,1.342408e+01,1.072073e+04,1.240825e-01,9.472253e-01,9.472670e-01,2.982618e-05,1.085706e-08,3.799121e+01,8.013251e+00,2.997796e+01,3.966144e+01,1.700971e+02
1.159851e+06,1.342420e+01,1.073073e+04,1.241983e-01,9.472504e-01,9.472671e-01,2.993475e-05,1.085706e-08,3.799044e+01,8.013507e+00,2.997694e+01,3.965977e+01,1.701051e+02
1.159861e+06,1.342431e+01,1.074073e+04,1.243140e-01,9.472755e-01,9.472672e-01,3.004333e-05,1.085705e-08,3.798967e+01,8.013764e+00,2.997591e+01,3.965811e+01,1.701131e+02
1.159871e+06,1.342443e+01,1.075073e+04,1.244298e-01,9.473006e-01,9.472673e-01,3.015191e-05,1.085705e-08,3.798890e+01,8.014021e+00,2.997488e+01,3.965644e+01,1.701211e+02
1.159881e+06,1.342455e+01,1.076073e+04,1.245455e-01,9.473257e-01,9.472674e-01,3.026049e-05,1.085705e-08,3.798813e+01,8.014278e+00,2.997385e+01,3.965477e+01,1.701291e+02
1.159891e+06,1.342466e+01,1.077073e+04,1.246613e-01,9.473508e-01,9.472675e-01,3.036907e-05,1.085705e-08,3.798736e+01,8.014535e+00,2.997283e+01,3.965311e+01,1.701371e+02
1.159901e+06,1.342478e+01,1.078073e+04,1.247770e-01,9.473759e-01,9.472676e-01,3.047764e-05,1.085705e-08,3.798659e+01,8.014792e+00,2.997180e+01,3.965144e+01,1.701451e+02
1.159911e+06,1.342489e+01,1.079073e+04,1.248928e-01,9.474010e-01,9.472677e-01,3.058622e-05,1.085705e-08,3.798582e+01,8.015049e+00,2.997077e+01,3.964977e+01,1.701531e+02
1.159921e+06,1.342501e+01,1.080074e+04,1.250085e-01,9.474261e-01,9.472678e-01,3.069480e-05,1.085705e-08,3.798505e+01,8.015306e+00,2.996974e+01,3.964811e+01,1.701611e+02
1.159931e+06,1.342512e+01,1.081074e+04,1.251243e-01,9.474512e-01,9.472679e-01,3.080338e-05,1.085705e-08,3.798428e+01,8.015562e+00,2.996872e+01,3.964644e+01,1.701692e+02
1.159941e+06,1.342524e+01,1.082074e+04,1.252400e-01,9.474763e-01,9.472680e-01,3.091195e-05,1.085705e-08,3.798351e+01,8.015819e+00,2.996769e+01,3.964478e+01,1.701772e+02
1.159951e+06,1.342536e+01,1.083074e+04,1.253558e-01,9.475014e-01,9.472681e-01,3.102053e-05,1.085704e-08,3.798274e+01,8.016076e+00,2.996666e+01,3.964311e+01,1.701852e+02
1.159961e+06,1.342547e+01,1.084074e+04,1.254715e-01,9.475246e-01,9.472682e-01,3.112911e-05,1.085704e-08,3.798197e+01,8.016333e+00,2.996563e+01,3.964151e+01,1.701932e+02
1.159971e+06,1.342559e+01,1.085074e+04,1.255873e-01,9.475313e-01,9.472683e-01,3.123769e-05,1.085704e-08,3.798150e+01,8.016552e+00,2.996495e+01,3.964078e+01,1.701988e+02
1.159981e+06,1.342570e+01,1.086074e+04,1.257030e-01,9.475063e-01,9.472684e-01,3.134627e-05,1.085704e-08,3.798278e+01,8.016552e+00,2.996623e+01,3.964297e+01,1.701908e+02
1.159991e+06,1.342582e+01,1.087074e+04,1.258188e-01,9.474813e-01,9.472685e-01,3.145484e-05,1.085704e-08,3.798406e+01,8.016552e+00,2.996751e+01,3.964515e+01,1.701828e+02
1.160001e+06,1.342593e+01,1.088074e+04,1.259345e-01,9.474563e-01,9.472686e-01,3.156342e-05,1.085704e-08,3.798534e+01,8.016552e+00,2.996879e+01,3.964734e+01,1.701749e+02
1.160011e+06,1.342605e+01,1.089074e+04,1.260502e-01,9.474313e-01,9.472687e-01,3.167200e-05,1.085704e-08,3.798662e+01,8.016552e+00,2.997007e+01,3.964953e+01,1.701669e+02
1.160021e+06,1.342617e+01,1.090074e+04,1.261660e-01,9.474063e-01,9.472688e-01,3.178058e-05,1.085704e-08,3.798790e+01,8.016552e+00,2.997135e+01,3.965171e+01,1.701589e+02
1.160031e+06,1.342628e+01,1.091074e+04,1.262817e-01,9.473812e-01,9.472689e-01,3.188915e-05,1.085703e-08,3.798918e+01,8.016552e+00,2.997263e+01,3.965390e+01,1.701509e+02
1.160041e+06,1.342640e+01,1.092074e+04,1.263975e-01,9.473562e-01,9.472690e-01,3.199773e-05,1.085703e-08,3.799046e+01,8.016552e+00,2.997391e+01,3.965609e+01,1.701429e+02
1.160051e+06,1.342651e+01,1.093074e+04,1.265132e-01,9.473312e-01,9.472691e-01,3.210631e-05,1.085703e-08,3.799174e+01,8.016552e+00,2.997519e+01,3.965827e+01,1.701349e+02
1.160061e+06,1.342663e+01,1.094074e+04,1.266290e-01,9.473062e-01,9.472692e-01,3.221489e-05,1.085703e-08,3.799302e+01,8.016552e+00,2.997647e+01,3.966046e+01,1.701270e+02
1.160071e+06,1.342674e+01,1.095075e+04,1.267447e-01,9.472812e-01,9.472693e-01,3.232347e-05,1.085703e-08,3.799430e+01,8.016552e+00,2.997775e+01,3.966265e+01,1.701190e+02
1.160081e+06,1.342686e+01,1.096075e+04,1.268605e-01,9.472562e-01,9.472694e-01,3.243204e-05,1.085703e-08,3.799558e+01,8.016552e+00,2.997903e+01,3.966483e+01,1.701110e+02
1.160091e+06,1.342698e+01,1.097075e+04,1.269762e-01,9.472311e-01,9.472695e-01,3.254062e-05,1.085703e-08,3.799686e+01,8.016552e+00,2.998031e+01,3.966702e+01,1.701030e+02
1.160101e+06,1.342709e+01,1.098075e+04,1.270920e-01,9.472061e-01,9.472696e-01,3.264920e-05,1.085703e-08,3.799814e+01,8.016552e+00,2.998159e+01,3.966921e+01,1.700950e+02
1.160111e+06,1.342721e+01,1.099075e+04,1.272077e-01,9.471811e-01,9.472697e-01,3.275778e-05,1.085703e-08,3.799942e+01,8.016552e+00,2.998287e+01,3.967139e+01,1.700871e+02
1.160121e+06,1.342732e+01,1.100075e+04,1.273235e-01,9.471561e-01,9.472698e-01,3.286635e-05,1.085702e-08,3.800070e+01,8.016552e+00,2.998415e+01,3.967358e+01,1.700791e+02
1.160131e+06,1.342744e+01,1.101075e+04,1.274392e-01,9.471311e-01,9.472700e-01,3.297493e-05,1.085702e-08,3.800198e+01,8.016552e+00,2.998543e+01,3.967577e+01,1.700711e+02
1.160141e+06,1.342755e+01,1.102075e+04,1.275550e-01,9.471061e-01,9.472701e-01,3.308351e-05,1.085702e-08,3.800326e+01,8.016552e+00,2.998671e+01,3.967796e+01,1.700631e+02
1.160151e+06,1.342767e+01,1.103075e+04,1.276707e-01,9.470811e-01,9.472702e-01,3.319209e-05,1.085702e-08,3.800454e+01,8.016552e+00,2.998799e+01,3.968014e+01,1.700551e+02
1.160161e+06,1.342779e+01,1.104075e+04,1.277865e-01,9.470560e-01,9.472703e-01,3.330066e-05,1.085702e-08,3.800582e+01,8.016552e+00,2.998927e+01,3.968233e+01,1.700471e+02
1.160171e+06,1.342790e+01,1.105075e+04,1.279022e-01,9.470310e-01,9.472704e-01,3.340924e-05,1.085702e-08,3.800710e+01,8.016552e+00,2.999055e+01,3.968452e+01,1.700392e+02
1.160181e+06,1.342802e+01,1.106075e+04,1.280180e-01,9.470060e-01,9.472705e-01,3.351782e-05,1.085702e-08,3.800838e+01,8.016552e+00,2.999183e+01,3.968671e+01,1.700312e+02
1.160191e+06,1.342813e+01,1.107075e+04,1.281337e-01,9.469810e-01,9.472706e-01,3.362640e-05,1.085702e-08,3.800966e+01,8.016552e+00,2.999311e+01,3.968890e+01,1.700232e+02
1.160201e+06,1.342825e+01,1.108075e+04,1.282495e-01,9.469560e-01,9.472707e-01,3.373497e-05,1.085701e-08,3.801094e+01,8.016552e+00,2.999439e+01,3.969109e+01,1.700152e+02
1.160211e+06,1.342837e+01,1.109076e+04,1.283652e-01,9.469319e-01,9.472708e-01,3.384355e-05,1.085701e-08,3.801222e+01,8.016552e+00,2.999567e+01,3.969324e+01,1.700072e+02
1.160221e+06,1.342848e+01,1.110076e+04,1.284810e-01,9.469192e-01,9.472709e-01,3.395213e-05,1.085701e-08,3.801331e+01,8.016552e+00,2.999675e+01,3.969482e+01,1.700004e+02
1.160231e+06,1.342860e+01,1.111076e+04,1.285967e-01,9.469322e-01,9.472710e-01,3.406071e-05,1.085701e-08,3.801254e+01,8.016552e+00,2.999598e+01,3.969357e+01,1.700044e+02
1.160241e+06,1.342871e+01,1.112076e+04,1.287125e-01,9.469452e-01,9.472711e-01,3.416928e-05,1.085701e-08,3.801176e+01,8.016552e+00,2.999521e+01,3.969232e+01,1.700084e+02
1.160251e+06,1.342883e+01,1.113076e+04,1.288282e-01,9.469582e-01,9.472712e-01,3.427786e-05,1.085701e-08,3.801099e+01,8.016552e+00,2.999444e+01,3.969107e+01,1.700124e+02
1.160261e+06,1.342894e+01,1.114076e+04,1.289440e-01,9.469712e-01,9.472713e-01,3.438644e-05,1.085701e-08,3.801022e+01,8.016552e+00,2.999367e+01,3.968982e+01,1.700164e+02
1.160271e+06,1.342906e+01,1.115076e+04,1.290597e-01,9.469842e-01,9.472714e-01,3.449502e-05,1.085701e-08,3.800945e+01,8.016552e+00,2.999290e+01,3.968857e+01,1.700204e+02
1.160281e+06,1.342918e+01,1.116076e+04,1.291755e-01,9.469972e-01,9.472715e-01,3.460359e-05,1.085701e-08,3.800868e+01,8.016552e+00,2.999213e+01,3.968732e+01,1.700244e+02
1.160291e+06,1.342929e+01,1.117076e+04,1.292912e-01,9.470103e-01,9.472716e-01,3.471217e-05,1.085700e-08,3.800791e+01,8.016552e+00,2.999136e+01,3.968607e+01,1.700284e+02
1.160301e+06,1.342941e+01,1.118076e+04,1.294070e-01,9.470233e-01,9.472717e-01,3.482075e-05,1.085700e-08,3.800714e+01,8.016552e+00,2.999059e+01,3.968482e+01,1.700324e+02
1.160311e+06,1.342952e+01,1.119076e+04,1.295227e-01,9.470363e-01,9.472718e-01,3.492933e-05,1.085700e-08,3.800637e+01,8.016552e+00,2.998982e+01,3.968357e+01,1.700364e+02
1.160321e+06,1.342964e+01,1.120076e+04,1.296385e-01,9.470493e-01,9.472719e-01,3.503790e-05,1.085700e-08,3.800560e+01,8.016552e+00,2.998905e+01,3.968232e+01,1.700404e+02
1.160331e+06,1.342975e+01,1.121076e+04,1.297542e-01,9.470623e-01,9.472720e-01,3.514648e-05,1.085700e-08,3.800483e+01,8.016552e+00,2.998828e+01,3.968108e+01,1.700444e+02
1.160341e+06,1.342987e+01,1.122076e+04,1.298700e-01,9.470753e-01,9.472721e-01,3.525506e-05,1.085700e-08,3.800406e+01,8.016552e+00,2.998751e+01,3.967983e+01,1.700484e+02
1.160351e+06,1.342999e+01,1.123076e+04,1.299857e-01,9.470883e-01,9.472722e-01,3.536364e-05,1.085700e-08,3.800329e+01,8.016552e+00,2.998674e+01,3.967858e+01,1.700524e+02
1.160361e+06,1.343010e+01,1.124077e+04,1.301015e-01,9.471014e-01,9.472723e-01,3.547221e-05,1.085700e-08,3.800252e+01,8.016552e+00,2.998597e+01,3.967733e+01,1.700565e+02
1.160371e+06,1.343022e+01,1.125077e+04,1.302172e-01,9.471144e-01,9.472724e-01,3.558079e-05,1.085699e-08,3.800175e+01,8.016552e+00,2.998519e+01,3.967608e+01,1.700605e+02
1.160381e+06,1.343033e+01,1.126077e+04,1.303329e-01,9.471274e-01,9.472725e-01,3.568937e-05,1.085699e-08,3.800098e+01,8.016552e+00,2.998442e+01,3.967483e+01,1.700645e+02
1.160391e+06,1.343045e+01,1.127077e+04,1.304487e-01,9.471404e-01,9.472726e-01,3.579795e-05,1.085699e-08,3.800021e+01,8.016552e+00,2.998365e+01,3.967358e+01,1.700685e+02
1.160401e+06,1.343056e+01,1.128077e+04,1.305644e-01,9.471534e-01,9.472727e-01,3.590652e-05,1.085699e-08,3.799943e+01,8.016552e+00,2.998288e+01,3.967233e+01,1.700725e+02
1.160411e+06,1.343068e+01,1.129077e+04,1.306802e-01,9.471664e-01,9.472728e-01,3.601510e-05,1.085699e-08,3.799866e+01,8.016552e+00,2.998211e+01,3.967109e+01,1.700765e+02
1.160421e+06,1.343080e+01,1.130077e+04,1.307959e-01,9.471794e-01,9.472729e-01,3.612368e-05,1.085699e-08,3.799789e+01,8.016552e+00,2.998134e+01,3.966984e+01,1.700805e+02
1.160431e+06,1.343091e+01,1.131077e+04,1.309117e-01,9.471925e-01,9.472730e-01,3.623226e-05,1.085699e-08,3.799712e+01,8.016552e+00,2.998057e+01,3.966859e+01,1.700845e+02
1.160441e+06,1.343103e+01,1.132077e+04,1.310274e-01,9.472055e-01,9.472731e-01,3.634083e-05,1.085699e-08,3.799635e+01,8.016552e+00,2.997980e+01,3.966734e+01,1.700885e+02
1.160451e+06,1.343114e+01,1.133077e+04,1.311432e-01,9.472185e-01,9.472732e-01,3.644941e-05,1.085699e-08,3.799558e+01,8.016552e+00,2.997903e+01,3.966609e+01,1.700925e+02
1.160461e+06,1.343126e+01,1.134077e+04,1.312589e-01,9.472307e-01,9.472733e-01,3.655799e-05,1.085698e-08,3.799481e+01,8.016552e+00,2.997826e+01,3.966487e+01,1.700965e+02
1.160471e+06,1.343137e+01,1.135077e+04,1.313747e-01,9.472355e-01,9.472734e-01,3.666656e-05,1.085698e-08,3.799420e+01,8.016519e+00,2.997768e+01,3.966407e+01,1.700995e+02
1.160481e+06,1.343149e+01,1.136077e+04,1.314904e-01,9.472282e-01,9.472736e-01,3.677514e-05,1.085698e-08,3.799471e+01,8.016263e+00,2.997845e+01,3.966487e+01,1.700955e+02
1.160491e+06,1.343161e+01,1.137077e+04,1.316062e-01,9.472209e-01,9.472737e-01,3.688372e-05,1.085698e-08,3.799523e+01,8.016007e+00,2.997922e+01,3.966567e+01,1.700915e+02
1.160501e+06,1.343172e+01,1.138077e+04,1.317219e-01,9.472136e-01,9.472738e-01,3.699230e-05,1.085698e-08,3.799574e+01,8.015751e+00,2.997999e+01,3.966647e+01,1.700875e+02
1.160511e+06,1.343184e+01,1.139078e+04,1.318377e-01,9.472063e-01,9.472739e-01,3.710087e-05,1.085698e-08,3.799625e+01,8.015495e+00,2.998076e+01,3.966726e+01,1.700835e+02
1.160521e+06,1.343195e+01,1.140078e+04,1.319534e-01,9.471990e-01,9.472740e-01,3.720945e-05,1.085698e-08,3.799676e+01,8.015239e+00,2.998152e+01,3.966806e+01,1.700795e+02
1.160531e+06,1.343207e+01,1.141078e+04,1.320692e-01,9.471917e-01,9.472741e-01,3.731803e-05,1.085698e-08,3.799727e+01,8.014983e+00,2.998229e+01,3.966886e+01,1.700755e+02
1.160541e+06,1.343218e+01,1.142078e+04,1.321849e-01,9.471844e-01,9.472742e-01,3.742660e-05,1.085697e-08,3.799779e+01,8.014727e+00,2.998306e+01,3.966966e+01,1.700716e+02
1.160551e+06,1.343230e+01,1.143078e+04,1.323007e-01,9.471771e-01,9.472743e-01,3.753518e-05,1.085697e-08,3.799830e+01,8.014471e+00,2.998383e+01,3.967046e+01,1.700676e+02
1.160561e+06,1.343242e+01,1.144078e+04,1.324164e-01,9.471698e-01,9.472744e-01,3.764376e-05,1.085697e-08,3.799881e+01,8.014215e+00,2.998460e+01,3.967126e+01,1.700636e+02
1.160571e+06,1.343253e+01,1.145078e+04,1.325322e-01,9.471625e-01,9.472745e-01,3.775234e-05,1.085697e-08,3.799932e+01,8.013959e+00,2.998536e+01,3.967206e+01,1.700596e+02
1.160581e+06,1.343265e+01,1.146078e+04,1.326479e-01,9.471552e-01,9.472746e-01,3.786091e-05,1.085697e-08,3.799983e+01,8.013703e+00,2.998613e+01,3.967286e+01,1.700556e+02
1.160591e+06,1.343276e+01,1.147078e+04,1.327637e-01,9.471478e-01,9.472747e-01,3.796949e-05,1.085697e-08,3.800035e+01,8.013447e+00,2.998690e+01,3.967366e+01,1.700516e+02
1.160601e+06,1.343288e+01,1.148078e+04,1.328794e-01,9.471405e-01,9.472748e-01,3.807807e-05,1.085697e-08,3.800086e+01,8.013191e+00,2.998767e+01,3.967446e+01,1.700476e+02
1.160611e+06,1.343300e+01,1.149078e+04,1.329952e-01,9.471332e-01,9.472749e-01,3.818664e-05,1.085697e-08,3.800137e+01,8.012935e+00,2.998844e+01,3.967526e+01,1.700436e+02
1.160621e+06,1.343311e+01,1.150078e+04,1.331109e-01,9.471259e-01,9.472750e-01,3.829522e-05,1.085697e-08,3.800188e+01,8.012679e+00,2.998920e+01,3.967605e+01,1.700396e+02
1.160631e+06,1.343323e+01,1.151078e+04,1.332267e-01,9.471186e-01,9.472751e-01,3.840380e-05,1.085696e-08,3.800239e+01,8.012423e+00,2.998997e+01,3.967685e+01,1.700356e+02
1.160641e+06,1.343334e+01,1.152078e+04,1.333424e-01,9.471113e-01,9.472752e-01,3.851238e-05,1.085696e-08,3.800291e+01,8.012167e+00,2.999074e+01,3.967765e+01,1.700316e+02
1.160651e+06,1.343346e+01,1.153079e+04,1.334582e-01,9.471040e-01,9.472753e-01,3.862095e-05,1.085696e-08,3.800342e+01,8.011911e+00,2.999151e+01,3.967845e+01,1.700276e+02
1.160661e+06,1.343357e+01,1.154079e+04,1.335739e-01,9.470967e-01,9.472754e-01,3.872953e-05,1.085696e-08,3.800393e+01,8.011655e+00,2.999228e+01,3.967925e+01,1.700237e+02
1.160671e+06,1.343369e+01,1.155079e+04,1.336897e-01,9.470894e-01,9.472755e-01,3.883811e-05,1.085696e-08,3.800444e+01,8.011399e+00,2.999304e+01,3.968005e+01,1.700197e+02
1.160681e+06,1.343381e+01,1.156079e+04,1.338054e-01,9.470821e-01,9.472756e-01,3.894668e-05,1.085696e-08,3.800495e+01,8.011143e+00,2.999381e+01,3.968085e+01,1.700157e+02
1.160691e+06,1.343392e+01,1.157079e+04,1.339212e-01,9.470748e-01,9.472757e-01,3.905526e-05,1.085696e-08,3.800547e+01,8.010887e+00,2.999458e+01,3.968165e+01,1.700117e+02
1.160701e+06,1.343404e+01,1.158079e+04,1.340369e-01,9.470675e-01,9.472758e-01,3.916384e-05,1.085696e-08,3.800598e+01,8.010631e+00,2.999535e+01,3.968245e+01,1.700077e+02
1.160711e+06,1.343415e+01,1.159079e+04,1.341527e-01,9.470602e-01,9.472759e-01,3.927241e-05,1.085695e-08,3.800649e+01,8.010375e+00,2.999612e+01,3.968325e+01,1.700037e+02
1.160721e+06,1.343427e+01,1.160079e+04,1.342684e-01,9.470536e-01,9.472760e-01,3.938099e-05,1.085695e-08,3.800697e+01,8.010119e+00,2.999685e+01,3.968398e+01,1.699997e+02
1.160731e+06,1.343438e+01,1.161079e+04,1.343841e-01,9.470572e-01,9.472761e-01,3.948957e-05,1.085695e-08,3.800697e+01,8.009865e+00,2.999710e+01,3.968388e+01,1.699957e+02
1.160741e+06,1.343450e+01,1.162079e+04,1.344999e-01,9.470608e-01,9.472762e-01,3.959814e-05,1.085695e-08,3.800697e+01,8.009611e+00,2.999735e+01,3.968377e+01,1.699917e+02
1.160751e+06,1.343462e+01,1.163079e+04,1.346156e-01,9.470644e-01,9.472763e-01,3.970672e-05,1.085695e-08,3.800697e+01,8.009357e+00,2.999761e+01,3.968366e+01,1.699877e+02
1.160761e+06,1.343473e+01,1.164079e+04,1.347314e-01,9.470681e-01,9.472764e-01,3.981530e-05,1.085695e-08,3.800697e+01,8.009103e+00,2.999786e+01,3.968356e+01,1.699837e+02
1.160771e+06,1.343485e+01,1.165079e+04,1.348471e-01,9.470717e-01,9.472765e-01,3.992388e-05,1.085695e-08,3.800697e+01,8.008849e+00,2.999812e+01,3.968345e+01,1.699797e+02
1.160781e+06,1.343496e+01,1.166079e+04,1.349629e-01,9.470753e-01,9.472766e-01,4.003245e-05,1.085695e-08,3.800697e+01,8.008595e+00,2.999837e+01,3.968334e+01,1.699757e+02
1.160791e+06,1.343508e+01,1.167079e+04,1.350786e-01,9.470789e-01,9.472767e-01,4.014103e-05,1.085695e-08,3.800697e+01,8.008341e+00,2.999862e+01,3.968324e+01,1.699717e+02
1.160801e+06,1.343519e+01,1.168080e+04,1.351944e-01,9.470825e-01,9.472768e-01,4.024961e-05,1.085694e-08,3.800697e+01,8.008087e+00,2.999888e+01,3.968313e+01,1.699677e+02
1.160811e+06,1.343531e+01,1.169080e+04,1.353101e-01,9.470861e-01,9.472769e-01,4.035818e-05,1.085694e-08,3.800697e+01,8.007832e+00,2.999913e+01,3.968302e+01,1.699637e+02
1.160821e+06,1.343543e+01,1.170080e+04,1.354259e-01,9.470897e-01,9.472770e-01,4.046676e-05,1.085694e-08,3.800697e+01,8.007578e+00,2.999939e+01,3.968292e+01,1.699597e+02
1.160831e+06,1.343554e+01,1.171080e+04,1.355416e-01,9.470933e-01,9.472772e-01,4.057534e-05,1.085694e-08,3.800697e+01,8.007324e+00,2.999964e+01,3.968281e+01,1.699557e+02
1.160841e+06,1.343566e+01,1.172080e+04,1.356574e-01,9.470969e-01,9.472773e-01,4.068391e-05,1.085694e-08,3.800697e+01,8.007070e+00,2.999990e+01,3.968270e+01,1.699516e+02
1.160851e+06,1.343577e+01,1.173080e+04,1.357731e-01,9.471005e-01,9.472774e-01,4.079249e-05,1.085694e-08,3.800697e+01,8.006816e+00,3.000015e+01,3.968260e+01,1.699476e+02
1.160861e+06,1.343589e+01,1.174080e+04,1.358889e-01,9.471041e-01,9.472775e-01,4.090107e-05,1.085694e-08,3.800697e+01,8.006562e+00,3.000040e+01,3.968249e+01,1.699436e+02
1.160871e+06,1.343600e+01,1.175080e+04,1.360046e-01,9.471077e-01,9.472776e-01,4.100964e-05,1.085694e-08,3.800697e+01,8.006308e+00,3.000066e+01,3.968239e+01,1.699396e+02
1.160881e+06,1.343612e+01,1.176080e+04,1.361204e-01,9.471113e-01,9.472777e-01,4.111822e-05,1.085693e-08,3.800697e+01,8.006054e+00,3.000091e+01,3.968228e+01,1.699356e+02
1.160891e+06,1.343624e+01,1.177080e+04,1.362361e-01,9.471149e-01,9.472778e-01,4.122680e-05,1.085693e-08,3.800697e+01,8.005799e+00,3.000117e+01,3.968217e+01,1.699316e+02
1.160901e+06,1.343635e+01,1.178080e+04,1.363519e-01,9.471186e-01,9.472779e-01,4.133537e-05,1.085693e-08,3.800697e+01,8.005545e+00,3.000142e+01,3.968207e+01,1.699276e+02
1.160911e+06,1.343647e+01,1.179080e+04,1.364676e-01,9.471222e-01,9.472780e-01,4.144395e-05,1.085693e-08,3.800697e+01,8.005291e+00,3.000167e+01,3.968196e+01,1.699236e+02
1.160921e+06,1.343658e+01,1.180080e+04,1.365834e-01,9.471258e-01,9.472781e-01,4.155253e-05,1.085693e-08,3.800697e+01,8.005037e+00,3.000193e+01,3.968185e+01,1.699196e+02
1.160931e+06,1.343670e+01,1.181080e+04,1.366991e-01,9.471294e-01,9.472782e-01,4.166110e-05,1.085693e-08,3.800697e+01,8.004783e+00,3.000218e+01,3.968175e+01,1.699156e+02
1.160941e+06,1.343681e+01,1.182080e+04,1.368149e-01,9.471330e-01,9.472783e-01,4.176968e-05,1.085693e-08,3.800697e+01,8.004529e+00,3.000244e+01,3.968164e+01,1.699116e+02
1.160951e+06,1.343693e+01,1.183081e+04,1.369306e-01,9.471366e-01,9.472784e-01,4.187826e-05,1.085693e-08,3.800697e+01,8.004275e+00,3.000269e+01,3.968153e+01,1.699076e+02
1.160961e+06,1.343705e+01,1.184081e+04,1.370464e-01,9.471409e-01,9.472785e-01,4.198683e-05,1.085693e-08,3.800697e+01,8.004021e+00,3.000294e+01,3.968140e+01,1.699036e+02
1.160971e+06,1.343716e+01,1.185081e+04,1.371621e-01,9.471513e-01,9.472786e-01,4.209541e-05,1.085692e-08,3.800689e+01,8.003767e+00,3.000312e+01,3.968098e+01,1.699004e+02
1.160981e+06,1.343728e+01,1.186081e+04,1.372779e-01,9.471659e-01,9.472787e-01,4.220399e-05,1.085692e-08,3.800612e+01,8.003513e+00,3.000260e+01,3.967970e+01,1.699044e+02
1.160991e+06,1.343739e+01,1.187081e+04,1.373936e-01,9.471804e-01,9.472788e-01,4.231256e-05,1.085692e-08,3.800535e+01,8.003260e+00,3.000209e+01,3.967842e+01,1.699084e+02
1.161001e+06,1.343751e+01,1.188081e+04,1.375094e-01,9.471949e-01,9.472789e-01,4.242114e-05,1.085692e-08,3.800458e+01,8.003007e+00,3.000157e+01,3.967714e+01,1.699124e+02
1.161011e+06,1.343763e+01,1.189081e+04,1.376251e-01,9.472094e-01,9.472790e-01,4.252972e-05,1.085692e-08,3.800381e+01,8.002754e+00,3.000106e+01,3.967585e+01,1.699164e+02
1.161021e+06,1.343774e+01,1.190081e+04,1.377409e-01,9.472239e-01,9.472791e-01,4.263829e-05,1.085692e-08,3.800305e+01,8.002500e+00,3.000054e+01,3.967457e+01,1.699204e+02
1.161031e+06,1.343786e+01,1.191081e+04,1.378566e-01,9.472384e-01,9.472792e-01,4.274687e-05,1.085692e-08,3.800228e+01,8.002247e+00,3.000003e+01,3.967329e+01,1.699244e+02
1.161041e+06,1.343797e+01,1.192081e+04,1.379724e-01,9.472530e-01,9.472793e-01,4.285545e-05,1.085692e-08,3.800151e+01,8.001994e+00,2.999952e+01,3.967201e+01,1.699284e+02
1.161051e+06,1.343809e+01,1.193081e+04,1.380881e-01,9.472675e-01,9.472794e-01,4.296402e-05,1.085691e-08,3.800074e+01,8.001741e+00,2.999900e+01,3.967073e+01,1.699323e+02
1.161061e+06,1.343820e+01,1.194081e+04,1.382039e-01,9.472820e-01,9.472795e-01,4.307260e-05,1.085691e-08,3.799997e+01,8.001487e+00,2.999849e+01,3.966944e+01,1.699363e+02
1.161071e+06,1.343832e+01,1.195081e+04,1.383196e-01,9.472965e-01,9.472796e-01,4.318118e-05,1.085691e-08,3.799921e+01,8.001234e+00,2.999797e+01,3.966816e+01,1.699403e+02
1.161081e+06,1.343844e+01,1.196081e+04,1.384354e-01,9.473110e-01,9.472797e-01,4.328975e-05,1.085691e-08,3.799844e+01,8.000981e+00,2.999746e+01,3.966688e+01,1.699443e+02
1.161091e+06,1.343855e+01,1.197082e+04,1.385511e-01,9.473256e-01,9.472798e-01,4.339833e-05,1.085691e-08,3.799767e+01,8.000728e+00,2.999694e+01,3.966560e+01,1.699483e+02
1.161101e+06,1.343867e+01,1.198082e+04,1.386668e-01,9.473401e-01,9.472799e-01,4.350691e-05,1.085691e-08,3.799690e+01,8.000474e+00,2.999643e+01,3.966432e+01,1.699523e+02
1.161111e+06,1.343878e+01,1.199082e+04,1.387826e-01,9.473546e-01,9.472800e-01,4.361548e-05,1.085691e-08,3.799613e+01,8.000221e+00,2.999591e+01,3.966304e+01,1.699563e+02
1.161121e+06,1.343890e+01,1.200082e+04,1.388983e-01,9.473691e-01,9.472801e-01,4.372406e-05,1.085691e-08,3.799537e+01,7.999968e+00,2.999540e+01,3.966175e+01,1.699603e+02
1.161131e+06,1.343901e+01,1.201082e+04,1.390141e-01,9.473836e-01,9.472802e-01,4.383264e-05,1.085691e-08,3.799460e+01,7.999715e+00,2.999488e+01,3.966047e+01,1.699643e+02
1.161141e+06,1.343913e+01,1.202082e+04,1.391298e-01,9.473981e-01,9.472803e-01,4.394121e-05,1.085690e-08,3.799383e+01,7.999461e+00,2.999437e+01,3.965919e+01,1.699683e+02
1.161151e+06,1.343925e+01,1.203082e+04,1.392456e-01,9.474127e-01,9.472804e-01,4.404979e-05,1.085690e-08,3.799306e+01,7.999208e+00,2.999385e+01,3.965791e+01,1.699723e+02
1.161161e+06,1.343936e+01,1.204082e+04,1.393613e-01,9.474272e-01,9.472805e-01,4.415836e-05,1.085690e-08,3.799229e+01,7.998955e+00,2.999334e+01,3.965663e+01,1.699763e+02
1.161171e+06,1.343948e+01,1.205082e+04,1.394771e-01,9.474417e-01,9.472806e-01,4.426694e-05,1.085690e-08,3.799153e+01,7.998702e+00,2.999282e+01,3.965535e+01,1.699802e+02
1.161181e+06,1.343959e+01,1.206082e+04,1.395928e-01,9.474562e-01,9.472808e-01,4.437552e-05,1.085690e-08,3.799076e+01,7.998448e+00,2.999231e+01,3.965406e+01,1.699842e+02
1.161191e+06,1.343971e+01,1.207082e+04,1.397086e-01,9.474707e-01,9.472809e-01,4.448409e-05,1.085690e-08,3.798999e+01,7.998195e+00,2.999179e+01,3.965278e+01,1.699882e+02
1.161201e+06,1.343982e+01,1.208082e+04,1.398243e-01,9.474852e-01,9.472810e-01,4.459267e-05,1.085690e-08,3.798922e+01,7.997942e+00,2.999128e+01,3.965150e+01,1.699922e+02
1.161211e+06,1.343994e+01,1.209082e+04,1.399401e-01,9.474991e-01,9.472811e-01,4.470125e-05,1.085690e-08,3.798845e+01,7.997689e+00,2.999076e+01,3.965024e+01,1.699962e+02
1.161221e+06,1.344006e+01,1.210082e+04,1.400558e-01,9.474994e-01,9.472812e-01,4.480982e-05,1.085689e-08,3.798778e+01,7.997435e+00,2.999034e+01,3.964953e+01,1.699994e+02
1.161231e+06,1.344017e+01,1.211082e+04,1.401716e-01,9.474727e-01,9.472813e-01,4.491840e-05,1.085689e-08,3.798880e+01,7.997181e+00,2.999162e+01,3.965152e+01,1.699874e+02
1.161241e+06,1.344029e+01,1.212083e+04,1.402873e-01,9.474461e-01,9.472814e-01,4.502698e-05,1.085689e-08,3.798983e+01,7.996927e+00,2.999290e+01,3.965351e+01,1.699754e+02
1.161251e+06,1.344040e+01,1.213083e+04,1.404031e-01,9.474194e-01,9.472815e-01,4.513555e-05,1.085689e-08,3.799086e+01,7.996673e+00,2.999419e+01,3.965550e+01,1.699633e+02
1.161261e+06,1.344052e+01,1.214083e+04,1.405188e-01,9.473927e-01,9.472816e-01,4.524413e-05,1.085689e-08,3.799189e+01,7.996419e+00,2.999547e+01,3.965749e+01,1.699513e+02
1.161271e+06,1.344063e+01,1.215083e+04,1.406346e-01,9.473661e-01,9.472817e-01,4.535270e-05,1.085689e-08,3.799291e+01,7.996165e+00,2.999675e+01,3.965948e+01,1.699393e+02
1.161281e+06,1.344075e+01,1.216083e+04,1.407503e-01,9.473394e-01,9.472818e-01,4.546128e-05,1.085689e-08,3.799394e+01,7.995911e+00,2.999803e+01,3.966147e+01,1.699273e+02
1.161291e+06,1.344087e+01,1.217083e+04,1.408661e-01,9.473128e-01,9.472819e-01,4.556986e-05,1.085689e-08,3.799497e+01,7.995657e+00,2.999931e+01,3.966346e+01,1.699153e+02
1.161301e+06,1.344098e+01,1.218083e+04,1.409818e-01,9.472861e-01,9.472820e-01,4.567843e-05,1.085689e-08,3.799600e+01,7.995403e+00,3.000059e+01,3.966545e+01,1.699033e+02
1.161311e+06,1.344110e+01,1.219083e+04,1.410976e-01,9.472594e-01,9.472821e-01,4.578701e-05,1.085688e-08,3.799702e+01,7.995148e+00,3.000188e+01,3.966744e+01,1.698913e+02
1.161321e+06,1.344121e+01,1.220083e+04,1.412133e-01,9.472328e-01,9.472822e-01,4.589559e-05,1.085688e-08,3.799805e+01,7.994894e+00,3.000316e+01,3.966943e+01,1.698792e+02
1.161331e+06,1.344133e+01,1.221083e+04,1.413291e-01,9.472061e-01,9.472823e-01,4.600416e-05,1.085688e-08,3.799908e+01,7.994640e+00,3.000444e+01,3.967142e+01,1.698672e+02
1.161341e+06,1.344144e+01,1.222083e+04,1.414448e-01,9.471794e-01,9.472824e-01,4.611274e-05,1.085688e-08,3.800011e+01,7.994386e+00,3.000572e+01,3.967341e+01,1.698552e+02
1.161351e+06,1.344156e+01,1.223083e+04,1.415606e-01,9.471528e-01,9.472825e-01,4.622131e-05,1.085688e-08,3.800113e+01,7.994132e+00,3.000700e+01,3.967540e+01,1.698432e+02
1.161361e+06,1.344168e+01,1.224083e+04,1.416763e-01,9.471261e-01,9.472826e-01,4.632989e-05,1.085688e-08,3.800216e+01,7.993878e+00,3.000828e+01,3.967739e+01,1.698312e+02
1.161371e+06,1.344179e+01,1.225083e+04,1.417921e-01,9.470995e-01,9.472827e-01,4.643847e-05,1.085688e-08,3.800319e+01,7.993624e+00,3.000957e+01,3.967938e+01,1.698192e+02
1.161381e+06,1.344191e+01,1.226083e+04,1.419078e-01,9.470728e-01,9.472828e-01,4.654704e-05,1.085688e-08,3.800422e+01,7.993370e+00,3.001085e+01,3.968137e+01,1.698071e+02
1.161391e+06,1.344202e+01,1.227084e+04,1.420236e-01,9.470461e-01,9.472829e-01,4.665562e-05,1.085687e-08,3.800524e+01,7.993115e+00,3.001213e+01,3.968337e+01,1.697951e+02
1.161401e+06,1.344214e+01,1.228084e+04,1.421393e-01,9.470195e-01,9.472830e-01,4.676419e-05,1.085687e-08,3.800627e+01,7.992861e+00,3.001341e+01,3.968536e+01,1.697831e+02
1.161411e+06,1.344226e+01,1.229084e+04,1.422551e-01,9.469928e-01,9.472831e-01,4.687277e-05,1.085687e-08,3.800730e+01,7.992607e+00,3.001469e+01,3.968735e+01,1.697711e+02
1.161421e+06,1.344237e+01,1.230084e+04,1.423708e-01,9.469661e-01,9.472832e-01,4.698135e-05,1.085687e-08,3.800833e+01,7.992353e+00,3.001597e+01,3.968934e+01,1.697591e+02
1.161431e+06,1.344249e+01,1.231084e+04,1.424866e-01,9.469395e-01,9.472833e-01,4.708992e-05,1.085687e-08,3.800935e+01,7.992099e+00,3.001725e+01,3.969133e+01,1.697471e+02
1.161441e+06,1.344260e+01,1.232084e+04,1.426023e-01,9.469128e-01,9.472834e-01,4.719850e-05,1.085687e-08,3.801038e+01,7.991845e+00,3.001854e+01,3.969332e+01,1.697351e+02
1.161451e+06,1.344272e+01,1.233084e+04,1.427180e-01,9.468862e-01,9.472835e-01,4.730708e-05,1.085687e-08,3.801141e+01,7.991591e+00,3.001982e+01,3.969532e+01,1.697230e+02
1.161461e+06,1.344283e+01,1.234084e+04,1.428338e-01,9.468608e-01,9.472836e-01,4.741565e-05,1.085687e-08,3.801244e+01,7.991337e+00,3.002110e+01,3.969726e+01,1.697110e+02
1.161471e+06,1.344295e+01,1.235084e+04,1.429495e-01,9.468534e-01,9.472837e-01,4.752423e-05,1.085687e-08,3.801320e+01,7.991082e+00,3.002212e+01,3.969834e+01,1.697007e+02
1.161481e+06,1.344307e+01,1.236084e+04,1.430653e-01,9.468813e-01,9.472838e-01,4.763280e-05,1.085686e-08,3.801105e+01,7.990824e+00,3.002023e+01,3.969515e+01,1.697087e+02
1.161491e+06,1.344318e+01,1.237084e+04,1.431810e-01,9.469092e-01,9.472839e-01,4.774138e-05,1.085686e-08,3.800891e+01,7.990567e+00,3.001834e+01,3.969196e+01,1.697167e+02
1.161501e+06,1.344330e+01,1.238084e+04,1.432968e-01,9.469371e-01,9.472840e-01,4.784996e-05,1.085686e-08,3.800676e+01,7.990309e+00,3.001645e+01,3.968877e+01,1.697248e+02
1.161511e+06,1.344341e+01,1.239084e+04,1.434125e-01,9.469650e-01,9.472841e-01,4.795853e-05,1.085686e-08,3.800461e+01,7.990051e+00,3.001456e+01,3.968558e+01,1.697328e+02
1.161521e+06,1.344353e+01,1.240084e+04,1.435283e-01,9.469929e-01,9.472842e-01,4.806711e-05,1.085686e-08,3.800246e+01,7.989793e+00,3.001267e+01,3.968240e+01,1.697409e+02
1.161531e+06,1.344364e+01,1.241084e+04,1.436440e-01,9.470207e-01,9.472843e-01,4.817568e-05,1.085686e-08,3.800031e+01,7.989536e+00,3.001078e+01,3.967921e+01,1.697489e+02
1.161541e+06,1.344376e+01,1.242085e+04,1.437598e-01,9.470486e-01,9.472845e-01,4.828426e-05,1.085686e-08,3.799817e+01,7.989278e+00,3.000889e+01,3.967602e+01,1.697569e+02
1.161551e+06,1.344388e+01,1.243085e+04,1.438755e-01,9.470765e-01,9.472846e-01,4.839284e-05,1.085686e-08,3.799602e+01,7.989020e+00,3.000700e+01,3.967283e+01,1.697650e+02
1.161561e+06,1.344399e+01,1.244085e+04,1.439913e-01,9.471044e-01,9.472847e-01,4.850141e-05,1.085685e-08,3.799387e+01,7.988762e+00,3.000511e+01,3.966965e+01,1.697730e+02
1.161571e+06,1.344411e+01,1.245085e+04,1.441070e-01,9.471323e-01,9.472848e-01,4.860999e-05,1.085685e-08,3.799172e+01,7.988504e+00,3.000322e+01,3.966646e+01,1.697810e+02
1.161581e+06,1.344422e+01,1.246085e+04,1.442228e-01,9.471602e-01,9.472849e-01,4.871856e-05,1.085685e-08,3.798957e+01,7.988247e+00,3.000133e+01,3.966327e+01,1.697891e+02
1.161591e+06,1.344434e+01,1.247085e+04,1.443385e-01,9.471881e-01,9.472850e-01,4.882714e-05,1.085685e-08,3.798742e+01,7.987989e+00,2.999944e+01,3.966009e+01,1.697971e+02
1.161601e+06,1.344445e+01,1.248085e+04,1.444543e-01,9.472160e-01,9.472851e-01,4.893571e-05,1.085685e-08,3.798528e+01,7.987731e+00,2.999755e+01,3.965690e+01,1.698052e+02
1.161611e+06,1.344457e+01,1.249085e+04,1.445700e-01,9.472439e-01,9.472852e-01,4.904429e-05,1.085685e-08,3.798313e+01,7.987473e+00,2.999566e+01,3.965372e+01,1.698132e+02
1.161621e+06,1.344469e+01,1.250085e+04,1.446858e-01,9.472718e-01,9.472853e-01,4.915287e-05,1.085685e-08,3.798098e+01,7.987216e+00,2.999376e+01,3.965053e+01,1.698212e+02
1.161631e+06,1.344480e+01,1.251085e+04,1.448015e-01,9.472997e-01,9.472854e-01,4.926144e-05,1.085685e-08,3.797883e+01,7.986958e+00,2.999187e+01,3.964734e+01,1.698293e+02
1.161641e+06,1.344492e+01,1.252085e+04,1.449173e-01,9.473276e-01,9.472855e-01,4.937002e-05,1.085685e-08,3.797668e+01,7.986700e+00,2.998998e+01,3.964416e+01,1.698373e+02
1.161651e+06,1.344503e+01,1.253085e+04,1.450330e-01,9.473555e-01,9.472856e-01,4.947859e-05,1.085684e-08,3.797454e+01,7.986442e+00,2.998809e+01,3.964097e+01,1.698453e+02
1.161661e+06,1.344515e+01,1.254085e+04,1.451488e-01,9.473834e-01,9.472857e-01,4.958717e-05,1.085684e-08,3.797239e+01,7.986184e+00,2.998620e+01,3.963779e+01,1.698534e+02
1.161671e+06,1.344526e+01,1.255085e+04,1.452645e-01,9.474113e-01,9.472858e-01,4.969575e-05,1.085684e-08,3.797024e+01,7.985927e+00,2.998431e+01,3.963460e+01,1.698614e+02
1.161681e+06,1.344538e+01,1.256086e+04,1.453803e-01,9.474392e-01,9.472859e-01,4.980432e-05,1.085684e-08,3.796809e+01,7.985669e+00,2.998242e+01,3.963142e+01,1.698695e+02
1.161691e+06,1.344550e+01,1.257086e+04,1.454960e-01,9.474671e-01,9.472860e-01,4.991290e-05,1.085684e-08,3.796594e+01,7.985411e+00,2.998053e+01,3.962823e+01,1.698775e+02
1.161701e+06,1.344561e+01,1.258086e+04,1.456118e-01,9.474950e-01,9.472861e-01,5.002147e-05,1.085684e-08,3.796380e+01,7.985153e+00,2.997864e+01,3.962505e+01,1.698855e+02
1.161711e+06,1.344573e+01,1.259086e+04,1.457275e-01,9.475222e-01,9.472862e-01,5.013005e-05,1.085684e-08,3.796165e+01,7.984896e+00,2.997675e+01,3.962189e+01,1.698936e+02
1.161721e+06,1.344584e+01,1.260086e+04,1.458433e-01,9.475401e-01,9.472863e-01,5.023862e-05,1.085684e-08,3.796010e+01,7.984741e+00,2.997536e+01,3.961967e+01,1.699008e+02
1.161731e+06,1.344596e+01,1.261086e+04,1.459590e-01,9.475308e-01,9.472864e-01,5.034720e-05,1.085683e-08,3.796095e+01,7.984996e+00,2.997596e+01,3.962086e+01,1.699048e+02
1.161741e+06,1.344607e+01,1.262086e+04,1.460748e-01,9.475216e-01,9.472865e-01,5.045578e-05,1.085683e-08,3.796180e+01,7.985251e+00,2.997655e+01,3.962205e+01,1.699088e+02
1.161751e+06,1.344619e+01,1.263086e+04,1.461905e-01,9.475124e-01,9.472866e-01,5.056435e-05,1.085683e-08,3.796265e+01,7.985506e+00,2.997715e+01,3.962324e+01,1.699127e+02
1.161761e+06,1.344631e+01,1.264086e+04,1.463063e-01,9.475031e-01,9.472867e-01,5.067293e-05,1.085683e-08,3.796350e+01,7.985761e+00,2.997774e+01,3.962443e+01,1.699167e+02
1.161771e+06,1.344642e+01,1.265086e+04,1.464220e-01,9.474939e-01,9.472868e-01,5.078150e-05,1.085683e-08,3.796435e+01,7.986017e+00,2.997834e+01,3.962563e+01,1.699207e+02
1.161781e+06,1.344654e+01,1.266086e+04,1.465378e-01,9.474847e-01,9.472869e-01,5.089008e-05,1.085683e-08,3.796520e+01,7.986272e+00,2.997893e+01,3.962682e+01,1.699247e+02
1.161791e+06,1.344665e+01,1.267086e+04,1.466535e-01,9.474754e-01,9.472870e-01,5.099865e-05,1.085683e-08,3.796605e+01,7.986527e+00,2.997953e+01,3.962801e+01,1.699286e+02
1.161801e+06,1.344677e+01,1.268086e+04,1.467693e-01,9.474662e-01,9.472871e-01,5.110723e-05,1.085683e-08,3.796691e+01,7.986782e+00,2.998012e+01,3.962920e+01,1.699326e+02
1.161811e+06,1.344689e+01,1.269086e+04,1.468850e-01,9.474570e-01,9.472872e-01,5.121581e-05,1.085682e-08,3.796776e+01,7.987037e+00,2.998072e+01,3.963039e+01,1.699366e+02
1.161821e+06,1.344700e+01,1.270086e+04,1.470007e-01,9.474477e-01,9.472873e-01,5.132438e-05,1.085682e-08,3.796861e+01,7.987292e+00,2.998131e+01,3.963158e+01,1.699406e+02
1.161831e+06,1.344712e+01,1.271087e+04,1.471165e-01,9.474385e-01,9.472874e-01,5.143296e-05,1.085682e-08,3.796946e+01,7.987547e+00,2.998191e+01,3.963278e+01,1.699446e+02
1.161841e+06,1.344723e+01,1.272087e+04,1.472322e-01,9.474293e-01,9.472875e-01,5.154153e-05,1.085682e-08,3.797031e+01,7.987802e+00,2.998250e+01,3.963397e+01,1.699485e+02
1.161851e+06,1.344735e+01,1.273087e+04,1.473480e-01,9.474200e-01,9.472876e-01,5.165011e-05,1.085682e-08,3.797116e+01,7.988057e+00,2.998310e+01,3.963516e+01,1.699525e+02
1.161861e+06,1.344746e+01,1.274087e+04,1.474637e-01,9.474108e-01,9.472877e-01,5.175868e-05,1.085682e-08,3.797201e+01,7.988313e+00,2.998369e+01,3.963635e+01,1.699565e+02
1.161871e+06,1.344758e+01,1.275087e+04,1.475795e-01,9.474016e-01,9.472878e-01,5.186726e-05,1.085682e-08,3.797286e+01,7.988568e+00,2.998429e+01,3.963754e+01,1.699605e+02
1.161881e+06,1.344770e+01,1.276087e+04,1.476952e-01,9.473923e-01,9.472879e-01,5.197584e-05,1.085682e-08,3.797371e+01,7.988823e+00,2.998489e+01,3.963874e+01,1.699644e+02
1.161891e+06,1.344781e+01,1.277087e+04,1.478110e-01,9.473831e-01,9.472881e-01,5.208441e-05,1.085682e-08,3.797456e+01,7.989078e+00,2.998548e+01,3.963993e+01,1.699684e+02
1.161901e+06,1.344793e+01,1.278087e+04,1.479267e-01,9.473739e-01,9.472882e-01,5.219299e-05,1.085681e-08,3.797541e+01,7.989333e+00,2.998608e+01,3.964112e+01,1.699724e+02
1.161911e+06,1.344804e+01,1.279087e+04,1.480425e-01,9.473647e-01,9.472883e-01,5.230156e-05,1.085681e-08,3.797626e+01,7.989588e+00,2.998667e+01,3.964231e+01,1.699764e+02
1.161921e+06,1.344816e+01,1.280087e+04,1.481582e-01,9.473554e-01,9.472884e-01,5.241014e-05,1.085681e-08,3.797711e+01,7.989843e+00,2.998727e+01,3.964350e+01,1.699804e+02
1.161931e+06,1.344827e+01,1.281087e+04,1.482740e-01,9.473462e-01,9.472885e-01,5.251871e-05,1.085681e-08,3.797796e+01,7.990098e+00,2.998786e+01,3.964470e+01,1.699843e+02
1.161941e+06,1.344839e+01,1.282087e+04,1.483897e-01,9.473370e-01,9.472886e-01,5.262729e-05,1.085681e-08,3.797881e+01,7.990353e+00,2.998846e+01,3.964589e+01,1.699883e+02
1.161951e+06,1.344851e+01,1.283087e+04,1.485055e-01,9.473277e-01,9.472887e-01,5.273586e-05,1.085681e-08,3.797966e+01,7.990609e+00,2.998905e+01,3.964708e+01,1.699923e+02
1.161961e+06,1.344862e+01,1.284087e+04,1.486212e-01,9.473183e-01,9.472888e-01,5.284444e-05,1.085681e-08,3.798051e+01,7.990864e+00,2.998965e+01,3.964828e+01,1.699963e+02
1.161971e+06,1.344874e+01,1.285087e+04,1.487370e-01,9.473064e-01,9.472889e-01,5.295301e-05,1.085681e-08,3.798137e+01,7.991119e+00,2.999025e+01,3.964957e+01,1.700000e+02
1.161981e+06,1.344885e+01,1.286088e+04,1.488527e-01,9.473022e-01,9.472890e-01,5.306159e-05,1.085680e-08,3.798240e+01,7.991374e+00,2.999103e+01,3.965078e+01,1.700000e+02
1.161991e+06,1.344897e+01,1.287088e+04,1.489685e-01,9.472981e-01,9.472891e-01,5.317017e-05,1.085680e-08,3.798343e+01,7.991629e+00,2.999181e+01,3.965200e+01,1.700000e+02
1.162001e+06,1.344908e+01,1.288088e+04,1.490842e-01,9.472939e-01,9.472892e-01,5.327874e-05,1.085680e-08,3.798447e+01,7.991884e+00,2.999258e+01,3.965321e+01,1.700000e+02
1.162011e+06,1.344920e+01,1.289088e+04,1.492000e-01,9.472898e-01,9.472893e-01,5.338732e-05,1.085680e-08,3.798550e+01,7.992139e+00,2.999336e+01,3.965442e+01,1.700000e+02
1.162021e+06,1.344932e+01,1.290088e+04,1.493157e-01,9.472856e-01,9.472894e-01,5.349589e-05,1.085680e-08,3.798653e+01,7.992394e+00,2.999413e+01,3.965564e+01,1.700000e+02
1.162031e+06,1.344943e+01,1.291088e+04,1.494315e-01,9.472815e-01,9.472895e-01,5.360447e-05,1.085680e-08,3.798756e+01,7.992649e+00,2.999491e+01,3.965685e+01,1.700000e+02
1.162041e+06,1.344955e+01,1.292088e+04,1.495472e-01,9.472773e-01,9.472896e-01,5.371304e-05,1.085680e-08,3.798859e+01,7.992904e+00,2.999569e+01,3.965806e+01,1.700000e+02
1.162051e+06,1.344966e+01,1.293088e+04,1.496630e-01,9.472732e-01,9.472897e-01,5.382162e-05,1.085680e-08,3.798962e+01,7.993159e+00,2.999646e+01,3.965927e+01,1.700000e+02
1.162061e+06,1.344978e+01,1.294088e+04,1.497787e-01,9.472691e-01,9.472898e-01,5.393019e-05,1.085680e-08,3.799065e+01,7.993414e+00,2.999724e+01,3.966049e+01,1.700000e+02
1.162071e+06,1.344989e+01,1.295088e+04,1.498945e-01,9.472649e-01,9.472899e-01,5.403877e-05,1.085679e-08,3.799168e+01,7.993669e+00,2.999801e+01,3.966170e+01,1.700000e+02
1.162081e+06,1.345001e+01,1.296088e+04,1.500102e-01,9.472608e-01,9.472900e-01,5.414734e-05,1.085679e-08,3.799271e+01,7.993924e+00,2.999879e+01,3.966291e+01,1.700000e+02
1.162091e+06,1.345013e+01,1.297088e+04,1.501260e-01,9.472566e-01,9.472901e-01,5.425592e-05,1.085679e-08,3.799375e+01,7.994179e+00,2.999957e+01,3.966413e+01,1.700000e+02
1.162101e+06,1.345024e+01,1.298088e+04,1.502417e-01,9.472525e-01,9.472902e-01,5.436449e-05,1.085679e-08,3.799478e+01,7.994434e+00,3.000034e+01,3.966534e+01,1.700000e+02
1.162111e+06,1.345036e+01,1.299088e+04,1.503575e-01,9.472483e-01,9.472903e-01,5.447307e-05,1.085679e-08,3.799581e+01,7.994689e+00,3.000112e+01,3.966655e+01,1.700000e+02
1.162121e+06,1.345047e+01,1.300089e+04,1.504732e-01,9.472442e-01,9.472904e-01,5.458165e-05,1.085679e-08,3.799684e+01,7.994944e+00,3.000190e+01,3.966776e+01,1.700000e+02
1.162131e+06,1.345059e+01,1.301089e+04,1.505890e-01,9.472400e-01,9.472905e-01,5.469022e-05,1.085679e-08,3.799787e+01,7.995199e+00,3.000267e+01,3.966898e+01,1.700000e+02
1.162141e+06,1.345070e+01,1.302089e+04,1.507047e-01,9.472359e-01,9.472906e-01,5.479880e-05,1.085679e-08,3.799890e+01,7.995454e+00,3.000345e+01,3.967019e+01,1.700000e+02
1.162151e+06,1.345082e+01,1.303089e+04,1.508205e-01,9.472317e-01,9.472907e-01,5.490737e-05,1.085678e-08,3.799993e+01,7.995709e+00,3.000422e+01,3.967140e+01,1.700000e+02
1.162161e+06,1.345094e+01,1.304089e+04,1.509362e-01,9.472276e-01,9.472908e-01,5.501595e-05,1.085678e-08,3.800096e+01,7.995964e+00,3.000500e+01,3.967262e+01,1.700000e+02
1.162171e+06,1.345105e+01,1.305089e+04,1.510520e-01,9.472234e-01,9.472909e-01,5.512452e-05,1.085678e-08,3.800199e+01,7.996219e+00,3.000578e+01,3.967383e+01,1.700000e+02
1.162181e+06,1.345117e+01,1.306089e+04,1.511677e-01,9.472193e-01,9.472910e-01,5.523310e-05,1.085678e-08,3.800303e+01,7.996474e+00,3.000655e+01,3.967504e+01,1.700000e+02
1.162191e+06,1.345128e+01,1.307089e+04,1.512834e-01,9.472151e-01,9.472911e-01,5.534167e-05,1.085678e-08,3.800406e+01,7.996729e+00,3.000733e+01,3.967626e+01,1.700000e+02
1.162201e+06,1.345140e+01,1.308089e+04,1.513992e-01,9.472110e-01,9.472912e-01,5.545025e-05,1.085678e-08,3.800509e+01,7.996984e+00,3.000810e+01,3.967747e+01,1.700000e+02
1.162211e+06,1.345151e+01,1.309089e+04,1.515149e-01,9.472068e-01,9.472913e-01,5.555882e-05,1.085678e-08,3.800612e+01,7.997239e+00,3.000888e+01,3.967868e+01,1.700000e+02
1.162221e+06,1.345163e+01,1.310089e+04,1.516307e-01,9.472042e-01,9.472914e-01,5.566740e-05,1.085678e-08,3.800674e+01,7.997448e+00,3.000929e+01,3.967941e+01,1.700000e+02
1.162231e+06,1.345175e+01,1.311089e+04,1.517464e-01,9.472083e-01,9.472915e-01,5.577597e-05,1.085678e-08,3.800546e+01,7.997448e+00,3.000801e+01,3.967792e+01,1.700000e+02
1.162241e+06,1.345186e+01,1.312089e+04,1.518622e-01,9.472124e-01,9.472917e-01,5.588455e-05,1.085677e-08,3.800418e+01,7.997448e+00,3.000673e+01,3.967643e+01,1.700000e+02
1.162251e+06,1.345198e+01,1.313089e+04,1.519779e-01,9.472165e-01,9.472918e-01,5.599312e-05,1.085677e-08,3.800290e+01,7.997448e+00,3.000545e+01,3.967494e+01,1.700000e+02
1.162261e+06,1.345209e+01,1.314089e+04,1.520937e-01,9.472206e-01,9.472919e-01,5.610170e-05,1.085677e-08,3.800162e+01,7.997448e+00,3.000417e+01,3.967346e+01,1.700000e+02
1.162271e+06,1.345221e+01,1.315090e+04,1.522094e-01,9.472248e-01,9.472920e-01,5.621027e-05,1.085677e-08,3.800034e+01,7.997448e+00,3.000289e+01,3.967197e+01,1.700000e+02
1.162281e+06,1.345233e+01,1.316090e+04,1.523252e-01,9.472289e-01,9.472921e-01,5.631885e-05,1.085677e-08,3.799906e+01,7.997448e+00,3.000161e+01,3.967048e+01,1.700000e+02
1.162291e+06,1.345244e+01,1.317090e+04,1.524409e-01,9.472330e-01,9.472922e-01,5.642742e-05,1.085677e-08,3.799778e+01,7.997448e+00,3.000033e+01,3.966899e+01,1.700000e+02
1.162301e+06,1.345256e+01,1.318090e+04,1.525567e-01,9.472371e-01,9.472923e-01,5.653600e-05,1.085677e-08,3.799650e+01,7.997448e+00,2.999905e+01,3.966750e+01,1.700000e+02
1.162311e+06,1.345267e+01,1.319090e+04,1.526724e-01,9.472412e-01,9.472924e-01,5.664457e-05,1.085677e-08,3.799522e+01,7.997448e+00,2.999777e+01,3.966601e+01,1.700000e+02
1.162321e+06,1.345279e+01,1.320090e+04,1.527882e-01,9.472454e-01,9.472925e-01,5.675315e-05,1.085676e-08,3.799394e+01,7.997448e+00,2.999649e+01,3.966452e+01,1.700000e+02
1.162331e+06,1.345290e+01,1.321090e+04,1.529039e-01,9.472495e-01,9.472926e-01,5.686172e-05,1.085676e-08,3.799266e+01,7.997448e+00,2.999521e+01,3.966303e+01,1.700000e+02
1.162341e+06,1.345302e+01,1.322090e+04,1.530197e-01,9.472536e-01,9.472927e-01,5.697030e-05,1.085676e-08,3.799138e+01,7.997448e+00,2.999393e+01,3.966154e+01,1.700000e+02
1.162351e+06,1.345314e+01,1.323090e+04,1.531354e-01,9.472577e-01,9.472928e-01,5.707887e-05,1.085676e-08,3.799010e+01,7.997448e+00,2.999265e+01,3.966006e+01,1.700000e+02
1.162361e+06,1.345325e+01,1.324090e+04,1.532512e-01,9.472618e-01,9.472929e-01,5.718745e-05,1.085676e-08,3.798882e+01,7.997448e+00,2.999137e+01,3.965857e+01,1.700000e+02
1.162371e+06,1.345337e+01,1.325090e+04,1.533669e-01,9.472660e-01,9.472930e-01,5.729602e-05,1.085676e-08,3.798754e+01,7.997448e+00,2.999009e+01,3.965708e+01,1.700000e+02
1.162381e+06,1.345348e+01,1.326090e+04,1.534827e-01,9.472701e-01,9.472931e-01,5.740460e-05,1.085676e-08,3.798626e+01,7.997448e+00,2.998881e+01,3.965559e+01,1.700000e+02
1.162391e+06,1.345360e+01,1.327090e+04,1.535984e-01,9.472742e-01,9.472932e-01,5.751317e-05,1.085676e-08,3.798498e+01,7.997448e+00,2.998753e+01,3.965410e+01,1.700000e+02
1.162401e+06,1.345371e+01,1.328090e+04,1.537142e-01,9.472783e-01,9.472933e-01,5.762175e-05,1.085676e-08,3.798370e+01,7.997448e+00,2.998625e+01,3.965261e+01,1.700000e+02
1.162411e+06,1.345383e+01,1.329090e+04,1.538299e-01,9.472824e-01,9.472934e-01,5.773032e-05,1.085675e-08,3.798242e+01,7.997448e+00,2.998497e+01,3.965112e+01,1.700000e+02
1.162421e+06,1.345395e+01,1.330091e+04,1.539457e-01,9.472865e-01,9.472935e-01,5.783890e-05,1.085675e-08,3.798114e+01,7.997448e+00,2.998369e+01,3.964963e+01,1.700000e+02
1.162431e+06,1.345406e+01,1.331091e+04,1.540614e-01,9.472907e-01,9.472936e-01,5.794747e-05,1.085675e-08,3.797986e+01,7.997448e+00,2.998241e+01,3.964814e+01,1.700000e+02
1.162441e+06,1.345418e+01,1.332091e+04,1.541772e-01,9.472948e-01,9.472937e-01,5.805605e-05,1.085675e-08,3.797858e+01,7.997448e+00,2.998113e+01,3.964666e+01,1.700000e+02
1.162451e+06,1.345429e+01,1.333091e+04,1.542929e-01,9.472989e-01,9.472938e-01,5.816462e-05,1.085675e-08,3.797730e+01,7.997448e+00,2.997985e+01,3.964517e+01,1.700000e+02
1.162461e+06,1.345441e+01,1.334091e+04,1.544087e-01,9.473026e-01,9.472939e-01,5.827320e-05,1.085675e-08,3.797602e+01,7.997448e+00,2.997857e+01,3.964369e+01,1.700000e+02
1.162471e+06,1.345452e+01,1.335091e+04,1.545244e-01,9.473023e-01,9.472940e-01,5.838177e-05,1.085675e-08,3.797496e+01,7.997448e+00,2.997751e+01,3.964259e+01,1.699995e+02
1.162481e+06,1.345464e+01,1.336091e+04,1.546402e-01,9.472934e-01,9.472941e-01,5.849035e-05,1.085675e-08,3.797547e+01,7.997448e+00,2.997802e+01,3.964343e+01,1.699955e+02
1.162491e+06,1.345476e+01,1.337091e+04,1.547559e-01,9.472844e-01,9.472942e-01,5.859892e-05,1.085674e-08,3.797598e+01,7.997448e+00,2.997854e+01,3.964427e+01,1.699915e+02
1.162501e+06,1.345487e+01,1.338091e+04,1.548717e-01,9.472754e-01,9.472943e-01,5.870750e-05,1.085674e-08,3.797650e+01,7.997448e+00,2.997905e+01,3.964510e+01,1.699875e+02
1.162511e+06,1.345499e+01,1.339091e+04,1.549874e-01,9.472665e-01,9.472944e-01,5.881607e-05,1.085674e-08,3.797701e+01,7.997448e+00,2.997956e+01,3.964594e+01,1.699835e+02
1.162521e+06,1.345510e+01,1.340091e+04,1.551032e-01,9.472575e-01,9.472945e-01,5.892465e-05,1.085674e-08,3.797752e+01,7.997448e+00,2.998007e+01,3.964678e+01,1.699795e+02
1.162531e+06,1.345522e+01,1.341091e+04,1.552189e-01,9.472486e-01,9.472946e-01,5.903322e-05,1.085674e-08,3.797803e+01,7.997448e+00,2.998058e+01,3.964762e+01,1.699756e+02
1.162541e+06,1.345533e+01,1.342091e+04,1.553346e-01,9.472396e-01,9.472947e-01,5.914180e-05,1.085674e-08,3.797854e+01,7.997448e+00,2.998110e+01,3.964846e+01,1.699716e+02
1.162551e+06,1.345545e+01,1.343091e+04,1.554504e-01,9.472307e-01,9.472948e-01,5.925037e-05,1.085674e-08,3.797906e+01,7.997448e+00,2.998161e+01,3.964930e+01,1.699676e+02
1.162561e+06,1.345557e+01,1.344092e+04,1.555661e-01,9.472217e-01,9.472949e-01,5.935895e-05,1.085674e-08,3.797957e+01,7.997448e+00,2.998212e+01,3.965014e+01,1.699636e+02
1.162571e+06,1.345568e+01,1.345092e+04,1.556819e-01,9.472127e-01,9.472950e-01,5.946752e-05,1.085674e-08,3.798008e+01,7.997448e+00,2.998263e+01,3.965098e+01,1.699596e+02
1.162581e+06,1.345580e+01,1.346092e+04,1.557976e-01,9.472038e-01,9.472951e-01,5.957610e-05,1.085673e-08,3.798059e+01,7.997448e+00,2.998314e+01,3.965182e+01,1.699556e+02
1.162591e+06,1.345591e+01,1.347092e+04,1.559134e-01,9.471948e-01,9.472953e-01,5.968467e-05,1.085673e-08,3.798110e+01,7.997448e+00,2.998366e+01,3.965266e+01,1.699516e+02
1.162601e+06,1.345603e+01,1.348092e+04,1.560291e-01,9.471859e-01,9.472954e-01,5.979324e-05,1.085673e-08,3.798162e+01,7.997448e+00,2.998417e+01,3.965350e+01,1.699476e+02
1.162611e+06,1.345614e+01,1.349092e+04,1.561449e-01,9.471769e-01,9.472955e-01,5.990182e-05,1.085673e-08,3.798213e+01,7.997448e+00,2.998468e+01,3.965434e+01,1.699436e+02
1.162621e+06,1.345626e+01,1.350092e+04,1.562606e-01,9.471679e-01,9.472956e-01,6.001039e-05,1.085673e-08,3.798264e+01,7.997448e+00,2.998519e+01,3.965518e+01,1.699396e+02
1.162631e+06,1.345638e+01,1.351092e+04,1.563764e-01,9.471590e-01,9.472957e-01,6.011897e-05,1.085673e-08,3.798315e+01,7.997448e+00,2.998570e+01,3.965602e+01,1.699356e+02
1.162641e+06,1.345649e+01,1.352092e+04,1.564921e-01,9.471500e-01,9.472958e-01,6.022754e-05,1.085673e-08,3.798366e+01,7.997448e+00,2.998622e+01,3.965686e+01,1.699317e+02
1.162651e+06,1.345661e+01,1.353092e+04,1.566079e-01,9.471411e-01,9.472959e-01,6.033612e-05,1.085673e-08,3.798418e+01,7.997448e+00,2.998673e+01,3.965770e+01,1.699277e+02
1.162661e+06,1.345672e+01,1.354092e+04,1.567236e-01,9.471321e-01,9.472960e-01,6.044469e-05,1.085672e-08,3.798469e+01,7.997448e+00,2.998724e+01,3.965854e+01,1.699237e+02
1.162671e+06,1.345684e+01,1.355092e+04,1.568394e-01,9.471231e-01,9.472961e-01,6.055327e-05,1.085672e-08,3.798520e+01,7.997448e+00,2.998775e+01,3.965938e+01,1.699197e+02
1.162681e+06,1.345696e+01,1.356092e+04,1.569551e-01,9.471142e-01,9.472962e-01,6.066184e-05,1.085672e-08,3.798571e+01,7.997448e+00,2.998826e+01,3.966022e+01,1.699157e+02
1.162691e+06,1.345707e+01,1.357092e+04,1.570709e-01,9.471052e-01,9.472963e-01,6.077042e-05,1.085672e-08,3.798622e+01,7.997448e+00,2.998878e+01,3.966106e+01,1.699117e+02
1.162701e+06,1.345719e+01,1.358092e+04,1.571866e-01,9.470963e-01,9.472964e-01,6.087899e-05,1.085672e-08,3.798674e+01,7.997448e+00,2.998929e+01,3.966190e+01,1.699077e+02
1.162711e+06,1.345730e+01,1.359093e+04,1.573024e-01,9.470875e-01,9.472965e-01,6.098757e-05,1.085672e-08,3.798725e+01,7.997448e+00,2.998980e+01,3.966274e+01,1.699037e+02
1.162721e+06,1.345742e+01,1.360093e+04,1.574181e-01,9.470822e-01,9.472966e-01,6.109614e-05,1.085672e-08,3.798780e+01,7.997466e+00,2.999033e+01,3.966349e+01,1.699000e+02
1.162731e+06,1.345753e+01,1.361093e+04,1.575339e-01,9.470822e-01,9.472967e-01,6.120472e-05,1.085672e-08,3.798882e+01,7.997720e+00,2.999110e+01,3.966456e+01,1.699000e+02
1.162741e+06,1.345765e+01,1.362093e+04,1.576496e-01,9.470822e-01,9.472968e-01,6.131329e-05,1.085672e-08,3.798985e+01,7.997974e+00,2.999188e+01,3.966563e+01,1.699000e+02
1.162751e+06,1.345777e+01,1.363093e+04,1.577654e-01,9.470822e-01,9.472969e-01,6.142186e-05,1.085671e-08,3.799088e+01,7.998228e+00,2.999265e+01,3.966671e+01,1.699000e+02
1.162761e+06,1.345788e+01,1.364093e+04,1.578811e-01,9.470822e-01,9.472970e-01,6.153044e-05,1.085671e-08,3.799191e+01,7.998483e+00,2.999342e+01,3.966778e+01,1.699000e+02
1.162771e+06,1.345800e+01,1.365093e+04,1.579969e-01,9.470822e-01,9.472971e-01,6.163901e-05,1.085671e-08,3.799293e+01,7.998737e+00,2.999420e+01,3.966885e+01,1.699000e+02
1.162781e+06,1.345811e+01,1.366093e+04,1.581126e-01,9.470822e-01,9.472972e-01,6.174759e-05,1.085671e-08,3.799396e+01,7.998991e+00,2.999497e+01,3.966992e+01,1.699000e+02
1.162791e+06,1.345823e+01,1.367093e+04,1.582284e-01,9.470822e-01,9.472973e-01,6.185616e-05,1.085671e-08,3.799499e+01,7.999245e+00,2.999574e+01,3.967099e+01,1.699000e+02
1.162801e+06,1.345834e+01,1.368093e+04,1.583441e-01,9.470822e-01,9.472974e-01,6.196474e-05,1.085671e-08,3.799602e+01,7.999499e+00,2.999652e+01,3.967206e+01,1.699000e+02
1.162811e+06,1.345846e+01,1.369093e+04,1.584599e-01,9.470822e-01,9.472975e-01,6.207331e-05,1.085671e-08,3.799704e+01,7.999753e+00,2.999729e+01,3.967313e+01,1.699000e+02
1.162821e+06,1.345858e+01,1.370093e+04,1.585756e-01,9.470822e-01,9.472976e-01,6.218189e-05,1.085671e-08,3.799807e+01,8.000007e+00,2.999806e+01,3.967420e+01,1.699000e+02
1.162831e+06,1.345869e+01,1.371093e+04,1.586914e-01,9.470822e-01,9.472977e-01,6.229046e-05,1.085670e-08,3.799910e+01,8.000261e+00,2.999884e+01,3.967527e+01,1.699000e+02
1.162841e+06,1.345881e+01,1.372093e+04,1.588071e-01,9.470822e-01,9.472978e-01,6.239903e-05,1.085670e-08,3.800013e+01,8.000516e+00,2.999961e+01,3.967634e+01,1.699000e+02
1.162851e+06,1.345892e+01,1.373093e+04,1.589229e-01,9.470822e-01,9.472979e-01,6.250761e-05,1.085670e-08,3.800115e+01,8.000770e+00,3.000038e+01,3.967741e+01,1.699000e+02
1.162861e+06,1.345904e+01,1.374094e+04,1.590386e-01,9.470822e-01,9.472980e-01,6.261618e-05,1.085670e-08,3.800218e+01,8.001024e+00,3.000116e+01,3.967848e+01,1.699000e+02
1.162871e+06,1.345915e+01,1.375094e+04,1.591544e-01,9.470822e-01,9.472981e-01,6.272476e-05,1.085670e-08,3.800321e+01,8.001278e+00,3.000193e+01,3.967955e+01,1.699000e+02
1.162881e+06,1.345927e+01,1.376094e+04,1.592701e-01,9.470822e-01,9.472982e-01,6.283333e-05,1.085670e-08,3.800424e+01,8.001532e+00,3.000270e+01,3.968063e+01,1.699000e+02
1.162891e+06,1.345939e+01,1.377094e+04,1.593859e-01,9.470822e-01,9.472983e-01,6.294191e-05,1.085670e-08,3.800526e+01,8.001786e+00,3.000348e+01,3.968170e+01,1.699000e+02
1.162901e+06,1.345950e+01,1.378094e+04,1.595016e-01,9.470822e-01,9.472984e-01,6.305048e-05,1.085670e-08,3.800629e+01,8.002040e+00,3.000425e+01,3.968277e+01,1.699000e+02
1.162911e+06,1.345962e+01,1.379094e+04,1.596173e-01,9.470822e-01,9.472985e-01,6.315906e-05,1.085670e-08,3.800732e+01,8.002294e+00,3.000502e+01,3.968384e+01,1.699000e+02
1.162921e+06,1.345973e+01,1.380094e+04,1.597331e-01,9.470822e-01,9.472986e-01,6.326763e-05,1.085669e-08,3.800835e+01,8.002549e+00,3.000580e+01,3.968491e+01,1.699000e+02
1.162931e+06,1.345985e+01,1.381094e+04,1.598488e-01,9.470822e-01,9.472987e-01,6.337620e-05,1.085669e-08,3.800937e+01,8.002803e+00,3.000657e+01,3.968598e+01,1.699000e+02
1.162941e+06,1.345996e+01,1.382094e+04,1.599646e-01,9.470822e-01,9.472989e-01,6.348478e-05,1.085669e-08,3.801040e+01,8.003057e+00,3.000735e+01,3.968705e+01,1.699000e+02
1.162951e+06,1.346008e+01,1.383094e+04,1.600803e-01,9.470822e-01,9.472990e-01,6.359335e-05,1.085669e-08,3.801143e+01,8.003311e+00,3.000812e+01,3.968812e+01,1.699000e+02
1.162961e+06,1.346020e+01,1.384094e+04,1.601961e-01,9.470822e-01,9.472991e-01,6.370193e-05,1.085669e-08,3.801246e+01,8.003565e+00,3.000889e+01,3.968919e+01,1.699000e+02
1.162971e+06,1.346031e+01,1.385094e+04,1.603118e-01,9.470838e-01,9.472992e-01,6.381050e-05,1.085669e-08,3.801322e+01,8.003793e+00,3.000943e+01,3.968993e+01,1.699000e+02
1.162981e+06,1.346043e+01,1.386094e+04,1.604276e-01,9.471001e-01,9.472993e-01,6.391908e-05,1.085669e-08,3.801168e+01,8.003793e+00,3.000789e+01,3.968776e+01,1.699000e+02
1.162991e+06,1.346054e+01,1.387094e+04,1.605433e-01,9.471163e-01,9.472994e-01,6.402765e-05,1.085669e-08,3.801014e+01,8.003793e+00,3.000635e+01,3.968559e+01,1.699000e+02
1.163001e+06,1.346066e+01,1.388095e+04,1.606591e-01,9.471325e-01,9.472995e-01,6.413622e-05,1.085668e-08,3.800860e+01,8.003793e+00,3.000480e+01,3.968342e+01,1.699000e+02
1.163011e+06,1.346077e+01,1.389095e+04,1.607748e-01,9.471487e-01,9.472996e-01,6.424480e-05,1.085668e-08,3.800706e+01,8.003793e+00,3.000326e+01,3.968125e+01,1.699000e+02
1.163021e+06,1.346089e+01,1.390095e+04,1.608906e-01,9.471649e-01,9.472997e-01,6.435337e-05,1.085668e-08,3.800552e+01,8.003793e+00,3.000172e+01,3.967908e+01,1.699000e+02
1.163031e+06,1.346101e+01,1.391095e+04,1.610063e-01,9.471812e-01,9.472998e-01,6.446195e-05,1.085668e-08,3.800397e+01,8.003793e+00,3.000018e+01,3.967691e+01,1.699000e+02
1.163041e+06,1.346112e+01,1.392095e+04,1.611221e-01,9.471974e-01,9.472999e-01,6.457052e-05,1.085668e-08,3.800243e+01,8.003793e+00,2.999864e+01,3.967474e+01,1.699000e+02
1.163051e+06,1.346124e+01,1.393095e+04,1.612378e-01,9.472136e-01,9.473000e-01,6.467909e-05,1.085668e-08,3.800089e+01,8.003793e+00,2.999710e+01,3.967257e+01,1.699000e+02
1.163061e+06,1.346135e+01,1.394095e+04,1.613536e-01,9.472298e-01,9.473001e-01,6.478767e-05,1.085668e-08,3.799935e+01,8.003793e+00,2.999556e+01,3.967040e+01,1.699000e+02
1.163071e+06,1.346147e+01,1.395095e+04,1.614693e-01,9.472460e-01,9.473002e-01,6.489624e-05,1.085668e-08,3.799781e+01,8.003793e+00,2.999402e+01,3.966823e+01,1.699000e+02
1.163081e+06,1.346159e+01,1.396095e+04,1.615851e-01,9.472623e-01,9.473003e-01,6.500482e-05,1.085668e-08,3.799627e+01,8.003793e+00,2.999247e+01,3.966606e+01,1.699000e+02
1.163091e+06,1.346170e+01,1.397095e+04,1.617008e-01,9.472785e-01,9.473004e-01,6.511339e-05,1.085667e-08,3.799473e+01,8.003793e+00,2.999093e+01,3.966389e+01,1.699000e+02
1.163101e+06,1.346182e+01,1.398095e+04,1.618166e-01,9.472947e-01,9.473005e-01,6.522197e-05,1.085667e-08,3.799318e+01,8.003793e+00,2.998939e+01,3.966173e+01,1.699000e+02
1.163111e+06,1.346193e+01,1.399095e+04,1.619323e-01,9.473109e-01,9.473006e-01,6.533054e-05,1.085667e-08,3.799164e+01,8.003793e+00,2.998785e+01,3.965956e+01,1.699000e+02
1.163121e+06,1.346205e+01,1.400095e+04,1.620481e-01,9.473271e-01,9.473007e-01,6.543911e-05,1.085667e-08,3.799010e+01,8.003793e+00,2.998631e+01,3.965739e+01,1.699000e+02
1.163131e+06,1.346216e+01,1.401095e+04,1.621638e-01,9.473434e-01,9.473008e-01,6.554769e-05,1.085667e-08,3.798856e+01,8.003793e+00,2.998477e+01,3.965522e+01,1.699000e+02
1.163141e+06,1.346228e+01,1.402095e+04,1.622796e-01,9.473596e-01,9.473009e-01,6.565626e-05,1.085667e-08,3.798702e+01,8.003793e+00,2.998323e+01,3.965305e+01,1.699000e+02
1.163151e+06,1.346240e+01,1.403096e+04,1.623953e-01,9.473758e-01,9.473010e-01,6.576484e-05,1.085667e-08,3.798548e+01,8.003793e+00,2.998169e+01,3.965088e+01,1.699000e+02
1.163161e+06,1.346251e+01,1.404096e+04,1.625111e-01,9.473920e-01,9.473011e-01,6.587341e-05,1.085667e-08,3.798394e+01,8.003793e+00,2.998014e+01,3.964871e+01,1.699000e+02
1.163171e+06,1.346263e+01,1.405096e+04,1.626268e-01,9.474082e-01,9.473012e-01,6.598198e-05,1.085666e-08,3.798240e+01,8.003793e+00,2.997860e+01,3.964654e+01,1.699000e+02
1.163181e+06,1.346274e+01,1.406096e+04,1.627426e-01,9.474245e-01,9.473013e-01,6.609056e-05,1.085666e-08,3.798085e+01,8.003793e+00,2.997706e+01,3.964438e+01,1.699000e+02
1.163191e+06,1.346286e+01,1.407096e+04,1.628583e-01,9.474407e-01,9.473014e-01,6.619913e-05,1.085666e-08,3.797931e+01,8.003793e+00,2.997552e+01,3.964221e+01,1.699000e+02
1.163201e+06,1.346297e+01,1.408096e+04,1.629741e-01,9.474569e-01,9.473015e-01,6.630771e-05,1.085666e-08,3.797777e+01,8.003793e+00,2.997398e+01,3.964004e+01,1.699000e+02
1.163211e+06,1.346309e+01,1.409096e+04,1.630898e-01,9.474736e-01,9.473016e-01,6.641628e-05,1.085666e-08,3.797623e+01,8.003793e+00,2.997244e+01,3.963786e+01,1.699000e+02
1.163221e+06,1.346321e+01,1.410096e+04,1.632056e-01,9.474902e-01,9.473017e-01,6.652485e-05,1.085666e-08,3.797510e+01,8.003759e+00,2.997134e+01,3.963611e+01,1.699005e+02
1.163231e+06,1.346332e+01,1.411096e+04,1.633213e-01,9.474894e-01,9.473018e-01,6.663343e-05,1.085666e-08,3.797664e+01,8.003506e+00,2.997313e+01,3.963777e+01,1.699045e+02
1.163241e+06,1.346344e+01,1.412096e+04,1.634371e-01,9.474886e-01,9.473019e-01,6.674200e-05,1.085666e-08,3.797817e+01,8.003253e+00,2.997492e+01,3.963944e+01,1.699085e+02
1.163251e+06,1.346355e+01,1.413096e+04,1.635528e-01,9.474878e-01,9.473020e-01,6.685058e-05,1.085666e-08,3.797971e+01,8.002999e+00,2.997671e+01,3.964110e+01,1.699125e+02
1.163261e+06,1.346367e+01,1.414096e+04,1.636686e-01,9.474869e-01,9.473021e-01,6.695915e-05,1.085665e-08,3.798125e+01,8.002746e+00,2.997850e+01,3.964276e+01,1.699165e+02
1.163271e+06,1.346378e+01,1.415096e+04,1.637843e-01,9.474861e-01,9.473022e-01,6.706772e-05,1.085665e-08,3.798278e+01,8.002493e+00,2.998029e+01,3.964442e+01,1.699205e+02
1.163281e+06,1.346390e+01,1.416096e+04,1.639000e-01,9.474853e-01,9.473023e-01,6.717630e-05,1.085665e-08,3.798432e+01,8.002240e+00,2.998208e+01,3.964609e+01,1.699245e+02
1.163291e+06,1.346402e+01,1.417096e+04,1.640158e-01,9.474845e-01,9.473025e-01,6.728487e-05,1.085665e-08,3.798585e+01,8.001986e+00,2.998387e+01,3.964775e+01,1.699285e+02
1.163301e+06,1.346413e+01,1.418097e+04,1.641315e-01,9.474836e-01,9.473026e-01,6.739345e-05,1.085665e-08,3.798739e+01,8.001733e+00,2.998566e+01,3.964941e+01,1.699325e+02
1.163311e+06,1.346425e+01,1.419097e+04,1.642473e-01,9.474828e-01,9.473027e-01,6.750202e-05,1.085665e-08,3.798893e+01,8.001480e+00,2.998745e+01,3.965107e+01,1.699365e+02
1.163321e+06,1.346436e+01,1.420097e+04,1.643630e-01,9.474820e-01,9.473028e-01,6.761059e-05,1.085665e-08,3.799046e+01,8.001227e+00,2.998924e+01,3.965274e+01,1.699404e+02
1.163331e+06,1.346448e+01,1.421097e+04,1.644788e-01,9.474812e-01,9.473029e-01,6.771917e-05,1.085665e-08,3.799200e+01,8.000973e+00,2.999103e+01,3.965440e+01,1.699444e+02
1.163341e+06,1.346459e+01,1.422097e+04,1.645945e-01,9.474803e-01,9.473030e-01,6.782774e-05,1.085664e-08,3.799353e+01,8.000720e+00,2.999281e+01,3.965606e+01,1.699484e+02
1.163351e+06,1.346471e+01,1.423097e+04,1.647103e-01,9.474795e-01,9.473031e-01,6.793632e-05,1.085664e-08,3.799507e+01,8.000467e+00,2.999460e+01,3.965772e+01,1.699524e+02
1.163361e+06,1.346483e+01,1.424097e+04,1.648260e-01,9.474787e-01,9.473032e-01,6.804489e-05,1.085664e-08,3.799661e+01,8.000214e+00,2.999639e+01,3.965939e+01,1.699564e+02
1.163371e+06,1.346494e+01,1.425097e+04,1.649418e-01,9.474779e-01,9.473033e-01,6.815346e-05,1.085664e-08,3.799814e+01,7.999960e+00,2.999818e+01,3.966105e+01,1.699604e+02
1.163381e+06,1.346506e+01,1.426097e+04,1.650575e-01,9.474770e-01,9.473034e-01,6.826204e-05,1.085664e-08,3.799968e+01,7.999707e+00,2.999997e+01,3.966271e+01,1.699644e+02
1.163391e+06,1.346517e+01,1.427097e+04,1.651733e-01,9.474762e-01,9.473035e-01,6.837061e-05,1.085664e-08,3.800121e+01,7.999454e+00,3.000176e+01,3.966438e+01,1.699684e+02
1.163401e+06,1.346529e+01,1.428097e+04,1.652890e-01,9.474754e-01,9.473036e-01,6.847918e-05,1.085664e-08,3.800275e+01,7.999201e+00,3.000355e+01,3.966604e+01,1.699724e+02
1.163411e+06,1.346540e+01,1.429097e+04,1.654048e-01,9.474746e-01,9.473037e-01,6.858776e-05,1.085664e-08,3.800429e+01,7.998947e+00,3.000534e+01,3.966770e+01,1.699764e+02
1.163421e+06,1.346552e+01,1.430097e+04,1.655205e-01,9.474737e-01,9.473038e-01,6.869633e-05,1.085664e-08,3.800582e+01,7.998694e+00,3.000713e+01,3.966936e+01,1.699804e+02
1.163431e+06,1.346564e+01,1.431097e+04,1.656363e-01,9.474729e-01,9.473039e-01,6.880491e-05,1.085663e-08,3.800736e+01,7.998441e+00,3.000892e+01,3.967103e+01,1.699844e+02
1.163441e+06,1.346575e+01,1.432098e+04,1.657520e-01,9.474721e-01,9.473040e-01,6.891348e-05,1.085663e-08,3.800889e+01,7.998188e+00,3.001071e+01,3.967269e+01,1.699883e+02
1.163451e+06,1.346587e+01,1.433098e+04,1.658678e-01,9.474713e-01,9.473041e-01,6.902205e-05,1.085663e-08,3.801043e+01,7.997934e+00,3.001250e+01,3.967435e+01,1.699923e+02
1.163461e+06,1.346598e+01,1.434098e+04,1.659835e-01,9.474702e-01,9.473042e-01,6.913063e-05,1.085663e-08,3.801197e+01,7.997681e+00,3.001429e+01,3.967602e+01,1.699963e+02
1.163471e+06,1.346610e+01,1.435098e+04,1.660993e-01,9.474656e-01,9.473043e-01,6.923920e-05,1.085663e-08,3.801334e+01,7.997448e+00,3.001589e+01,3.967764e+01,1.700000e+02
1.163481e+06,1.346622e+01,1.436098e+04,1.662150e-01,9.474548e-01,9.473044e-01,6.934777e-05,1.085663e-08,3.801282e+01,7.997448e+00,3.001538e+01,3.967746e+01,1.700000e+02
1.163491e+06,1.346633e+01,1.437098e+04,1.663308e-01,9.474439e-01,9.473045e-01,6.945635e-05,1.085663e-08,3.801231e+01,7.997448e+00,3.001486e+01,3.967728e+01,1.700000e+02
1.163501e+06,1.346645e+01,1.438098e+04,1.664465e-01,9.474331e-01,9.473046e-01,6.956492e-05,1.085663e-08,3.801180e+01,7.997448e+00,3.001435e+01,3.967710e+01,1.700000e+02
1.163511e+06,1.346656e+01,1.439098e+04,1.665623e-01,9.474222e-01,9.473047e-01,6.967349e-05,1.085662e-08,3.801128e+01,7.997448e+00,3.001383e+01,3.967692e+01,1.700000e+02
1.163521e+06,1.346668e+01,1.440098e+04,1.666780e-01,9.474114e-01,9.473048e-01,6.978207e-05,1.085662e-08,3.801077e+01,7.997448e+00,3.001332e+01,3.967674e+01,1.700000e+02
1.163531e+06,1.346679e+01,1.441098e+04,1.667938e-01,9.474006e-01,9.473049e-01,6.989064e-05,1.085662e-08,3.801026e+01,7.997448e+00,3.001281e+01,3.967656e+01,1.700000e+02
1.163541e+06,1.346691e+01,1.442098e+04,1.669095e-01,9.473897e-01,9.473050e-01,6.999922e-05,1.085662e-08,3.800974e+01,7.997448e+00,3.001229e+01,3.967638e+01,1.700000e+02
1.163551e+06,1.346703e+01,1.443098e+04,1.670253e-01,9.473789e-01,9.473051e-01,7.010779e-05,1.085662e-08,3.800923e+01,7.997448e+00,3.001178e+01,3.967620e+01,1.700000e+02
1.163561e+06,1.346714e+01,1.444098e+04,1.671410e-01,9.473680e-01,9.473052e-01,7.021636e-05,1.085662e-08,3.800871e+01,7.997448e+00,3.001127e+01,3.967602e+01,1.700000e+02
1.163571e+06,1.346726e+01,1.445098e+04,1.672568e-01,9.473572e-01,9.473053e-01,7.032494e-05,1.085662e-08,3.800820e+01,7.997448e+00,3.001075e+01,3.967584e+01,1.700000e+02
1.163581e+06,1.346737e+01,1.446098e+04,1.673725e-01,9.473463e-01,9.473054e-01,7.043351e-05,1.085662e-08,3.800769e+01,7.997448e+00,3.001024e+01,3.967566e+01,1.700000e+02
1.163591e+06,1.346749e+01,1.447099e+04,1.674883e-01,9.473355e-01,9.473055e-01,7.054208e-05,1.085662e-08,3.800717e+01,7.997448e+00,3.000972e+01,3.967548e+01,1.700000e+02
1.163601e+06,1.346760e+01,1.448099e+04,1.676040e-01,9.473247e-01,9.473056e-01,7.065066e-05,1.085661e-08,3.800666e+01,7.997448e+00,3.000921e+01,3.967530e+01,1.700000e+02
1.163611e+06,1.346772e+01,1.449099e+04,1.677198e-01,9.473138e-01,9.473057e-01,7.075923e-05,1.085661e-08,3.800615e+01,7.997448e+00,3.000870e+01,3.967512e+01,1.700000e+02
1.163621e+06,1.346784e+01,1.450099e+04,1.678355e-01,9.473030e-01,9.473058e-01,7.086780e-05,1.085661e-08,3.800563e+01,7.997448e+00,3.000818e+01,3.967494e+01,1.700000e+02
1.163631e+06,1.346795e+01,1.451099e+04,1.679512e-01,9.472921e-01,9.473059e-01,7.097638e-05,1.085661e-08,3.800512e+01,7.997448e+00,3.000767e+01,3.967476e+01,1.700000e+02
1.163641e+06,1.346807e+01,1.452099e+04,1.680670e-01,9.472813e-01,9.473061e-01,7.108495e-05,1.085661e-08,3.800460e+01,7.997448e+00,3.000716e+01,3.967458e+01,1.700000e+02
1.163651e+06,1.346818e+01,1.453099e+04,1.681827e-01,9.472704e-01,9.473062e-01,7.119352e-05,1.085661e-08,3.800409e+01,7.997448e+00,3.000664e+01,3.967440e+01,1.700000e+02
1.163661e+06,1.346830e+01,1.454099e+04,1.682985e-01,9.472596e-01,9.473063e-01,7.130210e-05,1.085661e-08,3.800358e+01,7.997448e+00,3.000613e+01,3.967422e+01,1.700000e+02
1.163671e+06,1.346841e+01,1.455099e+04,1.684142e-01,9.472487e-01,9.473064e-01,7.141067e-05,1.085661e-08,3.800306e+01,7.997448e+00,3.000561e+01,3.967404e+01,1.700000e+02
1.163681e+06,1.346853e+01,1.456099e+04,1.685300e-01,9.472379e-01,9.473065e-01,7.151924e-05,1.085660e-08,3.800255e+01,7.997448e+00,3.000510e+01,3.967386e+01,1.700000e+02
1.163691e+06,1.346865e+01,1.457099e+04,1.686457e-01,9.472271e-01,9.473066e-01,7.162782e-05,1.085660e-08,3.800204e+01,7.997448e+00,3.000459e+01,3.967368e+01,1.700000e+02
1.163701e+06,1.346876e+01,1.458099e+04,1.687615e-01,9.472162e-01,9.473067e-01,7.173639e-05,1.085660e-08,3.800152e+01,7.997448e+00,3.000407e+01,3.967350e+01,1.700000e+02
1.163711e+06,1.346888e+01,1.459099e+04,1.688772e-01,9.472057e-01,9.473068e-01,7.184497e-05,1.085660e-08,3.800101e+01,7.997448e+00,3.000356e+01,3.967331e+01,1.700000e+02
1.163721e+06,1.346899e+01,1.460099e+04,1.689930e-01,9.472001e-01,9.473069e-01,7.195354e-05,1.085660e-08,3.800044e+01,7.997448e+00,3.000299e+01,3.967290e+01,1.700004e+02
1.163731e+06,1.346911e+01,1.461099e+04,1.691087e-01,9.472101e-01,9.473070e-01,7.206211e-05,1.085660e-08,3.799941e+01,7.997448e+00,3.000196e+01,3.967148e+01,1.700045e+02
1.163741e+06,1.346922e+01,1.462100e+04,1.692245e-01,9.472201e-01,9.473071e-01,7.217069e-05,1.085660e-08,3.799838e+01,7.997448e+00,3.000093e+01,3.967006e+01,1.700085e+02
1.163751e+06,1.346934e+01,1.463100e+04,1.693402e-01,9.472301e-01,9.473072e-01,7.227926e-05,1.085660e-08,3.799735e+01,7.997448e+00,2.999991e+01,3.966864e+01,1.700125e+02
1.163761e+06,1.346946e+01,1.464100e+04,1.694560e-01,9.472402e-01,9.473073e-01,7.238783e-05,1.085660e-08,3.799633e+01,7.997448e+00,2.999888e+01,3.966722e+01,1.700165e+02
1.163771e+06,1.346957e+01,1.465100e+04,1.695717e-01,9.472502e-01,9.473074e-01,7.249641e-05,1.085659e-08,3.799530e+01,7.997448e+00,2.999785e+01,3.966580e+01,1.700205e+02
1.163781e+06,1.346969e+01,1.466100e+04,1.696875e-01,9.472602e-01,9.473075e-01,7.260498e-05,1.085659e-08,3.799427e+01,7.997448e+00,2.999682e+01,3.966438e+01,1.700245e+02
1.163791e+06,1.346980e+01,1.467100e+04,1.698032e-01,9.472702e-01,9.473076e-01,7.271355e-05,1.085659e-08,3.799324e+01,7.997448e+00,2.999580e+01,3.966296e+01,1.700285e+02
1.163801e+06,1.346992e+01,1.468100e+04,1.699190e-01,9.472803e-01,9.473077e-01,7.282213e-05,1.085659e-08,3.799222e+01,7.997448e+00,2.999477e+01,3.966154e+01,1.700325e+02
1.163811e+06,1.347003e+01,1.469100e+04,1.700347e-01,9.472903e-01,9.473078e-01,7.293070e-05,1.085659e-08,3.799119e+01,7.997448e+00,2.999374e+01,3.966012e+01,1.700365e+02
1.163821e+06,1.347015e+01,1.470100e+04,1.701505e-01,9.473003e-01,9.473079e-01,7.303927e-05,1.085659e-08,3.799016e+01,7.997448e+00,2.999271e+01,3.965870e+01,1.700405e+02
1.163831e+06,1.347027e+01,1.471100e+04,1.702662e-01,9.473103e-01,9.473080e-01,7.314785e-05,1.085659e-08,3.798913e+01,7.997448e+00,2.999169e+01,3.965728e+01,1.700445e+02
1.163841e+06,1.347038e+01,1.472100e+04,1.703820e-01,9.473204e-01,9.473081e-01,7.325642e-05,1.085659e-08,3.798811e+01,7.997448e+00,2.999066e+01,3.965586e+01,1.700485e+02
1.163851e+06,1.347050e+01,1.473100e+04,1.704977e-01,9.473304e-01,9.473082e-01,7.336499e-05,1.085658e-08,3.798708e+01,7.997448e+00,2.998963e+01,3.965444e+01,1.700525e+02
1.163861e+06,1.347061e+01,1.474100e+04,1.706135e-01,9.473404e-01,9.473083e-01,7.347356e-05,1.085658e-08,3.798605e+01,7.997448e+00,2.998860e+01,3.965302e+01,1.700565e+02
1.163871e+06,1.347073e+01,1.475100e+04,1.707292e-01,9.473504e-01,9.473084e-01,7.358214e-05,1.085658e-08,3.798502e+01,7.997448e+00,2.998758e+01,3.965160e+01,1.700605e+02
1.163881e+06,1.347084e+01,1.476100e+04,1.708450e-01,9.473604e-01,9.473085e-01,7.369071e-05,1.085658e-08,3.798400e+01,7.997448e+00,2.998655e+01,3.965018e+01,1.700645e+02
1.163891e+06,1.347096e+01,1.477101e+04,1.709607e-01,9.473705e-01,9.473086e-01,7.379928e-05,1.085658e-08,3.798297e+01,7.997448e+00,2.998552e+01,3.964876e+01,1.700685e+02
1.163901e+06,1.347108e+01,1.478101e+04,1.710765e-01,9.473805e-01,9.473087e-01,7.390786e-05,1.085658e-08,3.798194e+01,7.997448e+00,2.998449e+01,3.964734e+01,1.700725e+02
1.163911e+06,1.347119e+01,1.479101e+04,1.711922e-01,9.473905e-01,9.473088e-01,7.401643e-05,1.085658e-08,3.798091e+01,7.997448e+00,2.998347e+01,3.964592e+01,1.700765e+02
1.163921e+06,1.347131e+01,1.480101e+04,1.713080e-01,9.474005e-01,9.473089e-01,7.412500e-05,1.085658e-08,3.797989e+01,7.997448e+00,2.998244e+01,3.964450e+01,1.700806e+02
1.163931e+06,1.347142e+01,1.481101e+04,1.714237e-01,9.474106e-01,9.473090e-01,7.423358e-05,1.085658e-08,3.797886e+01,7.997448e+00,2.998141e+01,3.964308e+01,1.700846e+02
1.163941e+06,1.347154e+01,1.482101e+04,1.715395e-01,9.474206e-01,9.473091e-01,7.434215e-05,1.085657e-08,3.797783e+01,7.997448e+00,2.998038e+01,3.964167e+01,1.700886e+02
1.163951e+06,1.347166e+01,1.483101e+04,1.716552e-01,9.474306e-01,9.473092e-01,7.445072e-05,1.085657e-08,3.797680e+01,7.997448e+00,2.997936e+01,3.964025e+01,1.700926e+02
1.163961e+06,1.347177e+01,1.484101e+04,1.717710e-01,9.474402e-01,9.473093e-01,7.455930e-05,1.085657e-08,3.797578e+01,7.997448e+00,2.997833e+01,3.963884e+01,1.700966e+02
1.163971e+06,1.347189e+01,1.485101e+04,1.718867e-01,9.474446e-01,9.473094e-01,7.466787e-05,1.085657e-08,3.797512e+01,7.997448e+00,2.997767e+01,3.963800e+01,1.701000e+02
1.163981e+06,1.347200e+01,1.486101e+04,1.720025e-01,9.474346e-01,9.473095e-01,7.477644e-05,1.085657e-08,3.797665e+01,7.997448e+00,2.997921e+01,3.963996e+01,1.701000e+02
1.163991e+06,1.347212e+01,1.487101e+04,1.721182e-01,9.474246e-01,9.473097e-01,7.488502e-05,1.085657e-08,3.797819e+01,7.997448e+00,2.998074e+01,3.964191e+01,1.701000e+02
1.164001e+06,1.347223e+01,1.488101e+04,1.722339e-01,9.474146e-01,9.473098e-01,7.499359e-05,1.085657e-08,3.797973e+01,7.997448e+00,2.998228e+01,3.964387e+01,1.701000e+02
1.164011e+06,1.347235e+01,1.489101e+04,1.723497e-01,9.474046e-01,9.473099e-01,7.510216e-05,1.085657e-08,3.798126e+01,7.997448e+00,2.998381e+01,3.964582e+01,1.701000e+02
1.164021e+06,1.347247e+01,1.490101e+04,1.724654e-01,9.473946e-01,9.473100e-01,7.521073e-05,1.085656e-08,3.798280e+01,7.997448e+00,2.998535e+01,3.964777e+01,1.701000e+02
1.164031e+06,1.347258e+01,1.491102e+04,1.725812e-01,9.473847e-01,9.473101e-01,7.531931e-05,1.085656e-08,3.798433e+01,7.997448e+00,2.998689e+01,3.964973e+01,1.701000e+02
1.164041e+06,1.347270e+01,1.492102e+04,1.726969e-01,9.473747e-01,9.473102e-01,7.542788e-05,1.085656e-08,3.798587e+01,7.997448e+00,2.998842e+01,3.965168e+01,1.701000e+02
1.164051e+06,1.347281e+01,1.493102e+04,1.728127e-01,9.473647e-01,9.473103e-01,7.553645e-05,1.085656e-08,3.798741e+01,7.997448e+00,2.998996e+01,3.965364e+01,1.701000e+02
1.164061e+06,1.347293e+01,1.494102e+04,1.729284e-01,9.473547e-01,9.473104e-01,7.564503e-05,1.085656e-08,3.798894e+01,7.997448e+00,2.999149e+01,3.965559e+01,1.701000e+02
1.164071e+06,1.347304e+01,1.495102e+04,1.730442e-01,9.473447e-01,9.473105e-01,7.575360e-05,1.085656e-08,3.799048e+01,7.997448e+00,2.999303e+01,3.965755e+01,1.701000e+02
1.164081e+06,1.347316e+01,1.496102e+04,1.731599e-01,9.473347e-01,9.473106e-01,7.586217e-05,1.085656e-08,3.799201e+01,7.997448e+00,2.999457e+01,3.965950e+01,1.701000e+02
1.164091e+06,1.347328e+01,1.497102e+04,1.732757e-01,9.473248e-01,9.473107e-01,7.597075e-05,1.085656e-08,3.799355e+01,7.997448e+00,2.999610e+01,3.966146e+01,1.701000e+02
1.164101e+06,1.347339e+01,1.498102e+04,1.733914e-01,9.473148e-01,9.473108e-01,7.607932e-05,1.085656e-08,3.799509e+01,7.997448e+00,2.999764e+01,3.966341e+01,1.701000e+02
1.164111e+06,1.347351e+01,1.499102e+04,1.735072e-01,9.473048e-01,9.473109e-01,7.618789e-05,1.085655e-08,3.799662e+01,7.997448e+00,2.999917e+01,3.966537e+01,1.701000e+02
1.164121e+06,1.347362e+01,1.500102e+04,1.736229e-01,9.472948e-01,9.473110e-01,7.629646e-05,1.085655e-08,3.799816e+01,7.997448e+00,3.000071e+01,3.966733e+01,1.701000e+02
1.164131e+06,1.347374e+01,1.501102e+04,1.737387e-01,9.472848e-01,9.473111e-01,7.640504e-05,1.085655e-08,3.799969e+01,7.997448e+00,3.000225e+01,3.966928e+01,1.701000e+02
1.164141e+06,1.347385e+01,1.502102e+04,1.738544e-01,9.472748e-01,9.473112e-01,7.651361e-05,1.085655e-08,3.800123e+01,7.997448e+00,3.000378e+01,3.967124e+01,1.701000e+02
1.164151e+06,1.347397e+01,1.503102e+04,1.739702e-01,9.472648e-01,9.473113e-01,7.662218e-05,1.085655e-08,3.800277e+01,7.997448e+00,3.000532e+01,3.967319e+01,1.701000e+02
1.164161e+06,1.347409e+01,1.504102e+04,1.740859e-01,9.472549e-01,9.473114e-01,7.673076e-05,1.085655e-08,3.800430e+01,7.997448e+00,3.000685e+01,3.967515e+01,1.701000e+02
1.164171e+06,1.347420e+01,1.505102e+04,1.742017e-01,9.472449e-01,9.473115e-01,7.683933e-05,1.085655e-08,3.800584e+01,7.997448e+00,3.000839e+01,3.967710e+01,1.701000e+02
1.164181e+06,1.347432e+01,1.506103e+04,1.743174e-01,9.472349e-01,9.473116e-01,7.694790e-05,1.085655e-08,3.800737e+01,7.997448e+00,3.000993e+01,3.967906e+01,1.701000e+02
1.164191e+06,1.347443e+01,1.507103e+04,1.744332e-01,9.472249e-01,9.473117e-01,7.705647e-05,1.085654e-08,3.800891e+01,7.997448e+00,3.001146e+01,3.968101e+01,1.701000e+02
1.164201e+06,1.347455e+01,1.508103e+04,1.745489e-01,9.472149e-01,9.473118e-01,7.716505e-05,1.085654e-08,3.801045e+01,7.997448e+00,3.001300e+01,3.968297e+01,1.701000e+02
1.164211e+06,1.347466e+01,1.509103e+04,1.746647e-01,9.472046e-01,9.473119e-01,7.727362e-05,1.085654e-08,3.801198e+01,7.997448e+00,3.001453e+01,3.968493e+01,1.701000e+02
1.164221e+06,1.347478e+01,1.510103e+04,1.747804e-01,9.471925e-01,9.473120e-01,7.738219e-05,1.085654e-08,3.801333e+01,7.997448e+00,3.001588e+01,3.968677e+01,1.700996e+02
1.164231e+06,1.347490e+01,1.511103e+04,1.748962e-01,9.471909e-01,9.473121e-01,7.749077e-05,1.085654e-08,3.801282e+01,7.997448e+00,3.001537e+01,3.968628e+01,1.700956e+02
1.164241e+06,1.347501e+01,1.512103e+04,1.750119e-01,9.471894e-01,9.473122e-01,7.759934e-05,1.085654e-08,3.801230e+01,7.997448e+00,3.001485e+01,3.968578e+01,1.700916e+02
1.164251e+06,1.347513e+01,1.513103e+04,1.751277e-01,9.471878e-01,9.473123e-01,7.770791e-05,1.085654e-08,3.801179e+01,7.997448e+00,3.001434e+01,3.968529e+01,1.700876e+02
1.164261e+06,1.347524e+01,1.514103e+04,1.752434e-01,9.471862e-01,9.473124e-01,7.781648e-05,1.085654e-08,3.801127e+01,7.997448e+00,3.001382e+01,3.968480e+01,1.700836e+02
1.164271e+06,1.347536e+01,1.515103e+04,1.753592e-01,9.471847e-01,9.473125e-01,7.792506e-05,1.085654e-08,3.801076e+01,7.997448e+00,3.001331e+01,3.968431e+01,1.700795e+02
1.164281e+06,1.347547e+01,1.516103e+04,1.754749e-01,9.471831e-01,9.473126e-01,7.803363e-05,1.085653e-08,3.801024e+01,7.997448e+00,3.001279e+01,3.968381e+01,1.700755e+02
1.164291e+06,1.347559e+01,1.517103e+04,1.755907e-01,9.471816e-01,9.473127e-01,7.814220e-05,1.085653e-08,3.800972e+01,7.997448e+00,3.001228e+01,3.968332e+01,1.700715e+02
1.164301e+06,1.347571e+01,1.518103e+04,1.757064e-01,9.471800e-01,9.473128e-01,7.825078e-05,1.085653e-08,3.800921e+01,7.997448e+00,3.001176e+01,3.968283e+01,1.700675e+02
1.164311e+06,1.347582e+01,1.519103e+04,1.758222e-01,9.471784e-01,9.473129e-01,7.835935e-05,1.085653e-08,3.800869e+01,7.997448e+00,3.001124e+01,3.968234e+01,1.700635e+02
1.164321e+06,1.347594e+01,1.520103e+04,1.759379e-01,9.471769e-01,9.473130e-01,7.846792e-05,1.085653e-08,3.800818e+01,7.997448e+00,3.001073e+01,3.968185e+01,1.700594e+02
1.164331e+06,1.347605e+01,1.521104e+04,1.760537e-01,9.471753e-01,9.473131e-01,7.857649e-05,1.085653e-08,3.800766e+01,7.997448e+00,3.001021e+01,3.968135e+01,1.700554e+02
1.164341e+06,1.347617e+01,1.522104e+04,1.761694e-01,9.471738e-01,9.473133e-01,7.868507e-05,1.085653e-08,3.800715e+01,7.997448e+00,3.000970e+01,3.968086e+01,1.700514e+02
1.164351e+06,1.347629e+01,1.523104e+04,1.762852e-01,9.471722e-01,9.473134e-01,7.879364e-05,1.085653e-08,3.800663e+01,7.997448e+00,3.000918e+01,3.968037e+01,1.700474e+02
1.164361e+06,1.347640e+01,1.524104e+04,1.764009e-01,9.471706e-01,9.473135e-01,7.890221e-05,1.085652e-08,3.800612e+01,7.997448e+00,3.000867e+01,3.967988e+01,1.700434e+02
1.164371e+06,1.347652e+01,1.525104e+04,1.765166e-01,9.471691e-01,9.473136e-01,7.901078e-05,1.085652e-08,3.800560e+01,7.997448e+00,3.000815e+01,3.967939e+01,1.700394e+02
1.164381e+06,1.347663e+01,1.526104e+04,1.766324e-01,9.471675e-01,9.473137e-01,7.911936e-05,1.085652e-08,3.800508e+01,7.997448e+00,3.000764e+01,3.967889e+01,1.700353e+02
1.164391e+06,1.347675e+01,1.527104e+04,1.767481e-01,9.471659e-01,9.473138e-01,7.922793e-05,1.085652e-08,3.800457e+01,7.997448e+00,3.000712e+01,3.967840e+01,1.700313e+02
1.164401e+06,1.347686e+01,1.528104e+04,1.768639e-01,9.471644e-01,9.473139e-01,7.933650e-05,1.085652e-08,3.800405e+01,7.997448e+00,3.000660e+01,3.967791e+01,1.700273e+02
1.164411e+06,1.347698e+01,1.529104e+04,1.769796e-01,9.471628e-01,9.473140e-01,7.944507e-05,1.085652e-08,3.800354e+01,7.997448e+00,3.000609e+01,3.967742e+01,1.700233e+02
1.164421e+06,1.347710e+01,1.530104e+04,1.770954e-01,9.471613e-01,9.473141e-01,7.955365e-05,1.085652e-08,3.800302e+01,7.997448e+00,3.000557e+01,3.967693e+01,1.700193e+02
1.164431e+06,1.347721e+01,1.531104e+04,1.772111e-01,9.471597e-01,9.473142e-01,7.966222e-05,1.085652e-08,3.800251e+01,7.997448e+00,3.000506e+01,3.967643e+01,1.700152e+02
1.164441e+06,1.347733e+01,1.532104e+04,1.773269e-01,9.471581e-01,9.473143e-01,7.977079e-05,1.085651e-08,3.800199e+01,7.997448e+00,3.000454e+01,3.967594e+01,1.700112e+02
1.164451e+06,1.347744e+01,1.533104e+04,1.774426e-01,9.471566e-01,9.473144e-01,7.987936e-05,1.085651e-08,3.800148e+01,7.997448e+00,3.000403e+01,3.967545e+01,1.700072e+02
1.164461e+06,1.347756e+01,1.534104e+04,1.775584e-01,9.471557e-01,9.473145e-01,7.998794e-05,1.085651e-08,3.800096e+01,7.997448e+00,3.000351e+01,3.967493e+01,1.700032e+02
1.164471e+06,1.347767e+01,1.535105e+04,1.776741e-01,9.471572e-01,9.473146e-01,8.009651e-05,1.085651e-08,3.800061e+01,7.997501e+00,3.000310e+01,3.967451e+01,1.700000e+02
1.164481e+06,1.347779e+01,1.536105e+04,1.777899e-01,9.471580e-01,9.473147e-01,8.020508e-05,1.085651e-08,3.800086e+01,7.997754e+00,3.000311e+01,3.967474e+01,1.700000e+02
1.164491e+06,1.347791e+01,1.537105e+04,1.779056e-01,9.471588e-01,9.473148e-01,8.031365e-05,1.085651e-08,3.800112e+01,7.998008e+00,3.000311e+01,3.967497e+01,1.700000e+02
1.164501e+06,1.347802e+01,1.538105e+04,1.780214e-01,9.471596e-01,9.473149e-01,8.042223e-05,1.085651e-08,3.800137e+01,7.998261e+00,3.000311e+01,3.967519e+01,1.700000e+02
1.164511e+06,1.347814e+01,1.539105e+04,1.781371e-01,9.471605e-01,9.473150e-01,8.053080e-05,1.085651e-08,3.800163e+01,7.998514e+00,3.000312e+01,3.967542e+01,1.700000e+02
1.164521e+06,1.347825e+01,1.540105e+04,1.782529e-01,9.471613e-01,9.473151e-01,8.063937e-05,1.085651e-08,3.800189e+01,7.998767e+00,3.000312e+01,3.967565e+01,1.700000e+02
1.164531e+06,1.347837e+01,1.541105e+04,1.783686e-01,9.471621e-01,9.473152e-01,8.074794e-05,1.085650e-08,3.800214e+01,7.999021e+00,3.000312e+01,3.967588e+01,1.700000e+02
1.164541e+06,1.347848e+01,1.542105e+04,1.784844e-01,9.471629e-01,9.473153e-01,8.085652e-05,1.085650e-08,3.800240e+01,7.999274e+00,3.000312e+01,3.967611e+01,1.700000e+02
1.164551e+06,1.347860e+01,1.543105e+04,1.786001e-01,9.471638e-01,9.473154e-01,8.096509e-05,1.085650e-08,3.800265e+01,7.999527e+00,3.000313e+01,3.967634e+01,1.700000e+02
1.164561e+06,1.347872e+01,1.544105e+04,1.787159e-01,9.471646e-01,9.473155e-01,8.107366e-05,1.085650e-08,3.800291e+01,7.999780e+00,3.000313e+01,3.967657e+01,1.700000e+02
1.164571e+06,1.347883e+01,1.545105e+04,1.788316e-01,9.471654e-01,9.473156e-01,8.118223e-05,1.085650e-08,3.800317e+01,8.000034e+00,3.000313e+01,3.967679e+01,1.700000e+02
1.164581e+06,1.347895e+01,1.546105e+04,1.789474e-01,9.471662e-01,9.473157e-01,8.129081e-05,1.085650e-08,3.800342e+01,8.000287e+00,3.000313e+01,3.967702e+01,1.700000e+02
1.164591e+06,1.347906e+01,1.547105e+04,1.790631e-01,9.471670e-01,9.473158e-01,8.139938e-05,1.085650e-08,3.800368e+01,8.000540e+00,3.000314e+01,3.967725e+01,1.700000e+02
1.164601e+06,1.347918e+01,1.548105e+04,1.791789e-01,9.471679e-01,9.473159e-01,8.150795e-05,1.085650e-08,3.800393e+01,8.000793e+00,3.000314e+01,3.967748e+01,1.700000e+02
1.164611e+06,1.347929e+01,1.549105e+04,1.792946e-01,9.471687e-01,9.473160e-01,8.161652e-05,1.085649e-08,3.800419e+01,8.001046e+00,3.000314e+01,3.967771e+01,1.700000e+02
1.164621e+06,1.347941e+01,1.550106e+04,1.794104e-01,9.471695e-01,9.473161e-01,8.172510e-05,1.085649e-08,3.800445e+01,8.001300e+00,3.000315e+01,3.967794e+01,1.700000e+02
1.164631e+06,1.347953e+01,1.551106e+04,1.795261e-01,9.471703e-01,9.473162e-01,8.183367e-05,1.085649e-08,3.800470e+01,8.001553e+00,3.000315e+01,3.967817e+01,1.700000e+02
1.164641e+06,1.347964e+01,1.552106e+04,1.796419e-01,9.471712e-01,9.473163e-01,8.194224e-05,1.085649e-08,3.800496e+01,8.001806e+00,3.000315e+01,3.967839e+01,1.700000e+02
1.164651e+06,1.347976e+01,1.553106e+04,1.797576e-01,9.471720e-01,9.473164e-01,8.205081e-05,1.085649e-08,3.800521e+01,8.002059e+00,3.000315e+01,3.967862e+01,1.700000e+02
1.164661e+06,1.347987e+01,1.554106e+04,1.798734e-01,9.471728e-01,9.473165e-01,8.215939e-05,1.085649e-08,3.800547e+01,8.002313e+00,3.000316e+01,3.967885e+01,1.700000e+02
1.164671e+06,1.347999e+01,1.555106e+04,1.799891e-01,9.471736e-01,9.473166e-01,8.226796e-05,1.085649e-08,3.800573e+01,8.002566e+00,3.000316e+01,3.967908e+01,1.700000e+02
1.164681e+06,1.348010e+01,1.556106e+04,1.801049e-01,9.471744e-01,9.473167e-01,8.237653e-05,1.085649e-08,3.800598e+01,8.002819e+00,3.000316e+01,3.967931e+01,1.700000e+02
1.164691e+06,1.348022e+01,1.557106e+04,1.802206e-01,9.471753e-01,9.473169e-01,8.248510e-05,1.085649e-08,3.800624e+01,8.003072e+00,3.000316e+01,3.967954e+01,1.700000e+02
1.164701e+06,1.348034e+01,1.558106e+04,1.803364e-01,9.471761e-01,9.473170e-01,8.259367e-05,1.085648e-08,3.800649e+01,8.003326e+00,3.000317e+01,3.967977e+01,1.700000e+02
1.164711e+06,1.348045e+01,1.559106e+04,1.804521e-01,9.471764e-01,9.473171e-01,8.270225e-05,1.085648e-08,3.800675e+01,8.003579e+00,3.000317e+01,3.968001e+01,1.700000e+02
1.164721e+06,1.348057e+01,1.560106e+04,1.805678e-01,9.471741e-01,9.473172e-01,8.281082e-05,1.085648e-08,3.800685e+01,8.003793e+00,3.000305e+01,3.968018e+01,1.699994e+02
1.164731e+06,1.348068e+01,1.561106e+04,1.806836e-01,9.471718e-01,9.473173e-01,8.291939e-05,1.085648e-08,3.800608e+01,8.003793e+00,3.000229e+01,3.967945e+01,1.699954e+02
1.164741e+06,1.348080e+01,1.562106e+04,1.807993e-01,9.471695e-01,9.473174e-01,8.302796e-05,1.085648e-08,3.800531e+01,8.003793e+00,3.000152e+01,3.967871e+01,1.699914e+02
1.164751e+06,1.348092e+01,1.563106e+04,1.809151e-01,9.471673e-01,9.473175e-01,8.313654e-05,1.085648e-08,3.800454e+01,8.003793e+00,3.000075e+01,3.967798e+01,1.699874e+02
1.164761e+06,1.348103e+01,1.564106e+04,1.810308e-01,9.471650e-01,9.473176e-01,8.324511e-05,1.085648e-08,3.800378e+01,8.003793e+00,2.999998e+01,3.967724e+01,1.699834e+02
1.164771e+06,1.348115e+01,1.565107e+04,1.811466e-01,9.471627e-01,9.473177e-01,8.335368e-05,1.085648e-08,3.800301e+01,8.003793e+00,2.999921e+01,3.967651e+01,1.699794e+02
1.164781e+06,1.348126e+01,1.566107e+04,1.812623e-01,9.471605e-01,9.473178e-01,8.346225e-05,1.085647e-08,3.800224e+01,8.003793e+00,2.999845e+01,3.967577e+01,1.699754e+02
1.164791e+06,1.348138e+01,1.567107e+04,1.813781e-01,9.471582e-01,9.473179e-01,8.357082e-05,1.085647e-08,3.800147e+01,8.003793e+00,2.999768e+01,3.967504e+01,1.699714e+02
1.164801e+06,1.348149e+01,1.568107e+04,1.814938e-01,9.471559e-01,9.473180e-01,8.367940e-05,1.085647e-08,3.800070e+01,8.003793e+00,2.999691e+01,3.967430e+01,1.699675e+02
1.164811e+06,1.348161e+01,1.569107e+04,1.816096e-01,9.471537e-01,9.473181e-01,8.378797e-05,1.085647e-08,3.799994e+01,8.003793e+00,2.999614e+01,3.967357e+01,1.699635e+02
1.164821e+06,1.348173e+01,1.570107e+04,1.817253e-01,9.471514e-01,9.473182e-01,8.389654e-05,1.085647e-08,3.799917e+01,8.003793e+00,2.999537e+01,3.967283e+01,1.699595e+02
1.164831e+06,1.348184e+01,1.571107e+04,1.818411e-01,9.471491e-01,9.473183e-01,8.400511e-05,1.085647e-08,3.799840e+01,8.003793e+00,2.999461e+01,3.967210e+01,1.699555e+02
1.164841e+06,1.348196e+01,1.572107e+04,1.819568e-01,9.471469e-01,9.473184e-01,8.411368e-05,1.085647e-08,3.799763e+01,8.003793e+00,2.999384e+01,3.967136e+01,1.699515e+02
1.164851e+06,1.348207e+01,1.573107e+04,1.820726e-01,9.471446e-01,9.473185e-01,8.422226e-05,1.085647e-08,3.799686e+01,8.003793e+00,2.999307e+01,3.967063e+01,1.699475e+02
1.164861e+06,1.348219e+01,1.574107e+04,1.821883e-01,9.471423e-01,9.473186e-01,8.433083e-05,1.085647e-08,3.799610e+01,8.003793e+00,2.999230e+01,3.966989e+01,1.699435e+02
1.164871e+06,1.348230e+01,1.575107e+04,1.823041e-01,9.471401e-01,9.473187e-01,8.443940e-05,1.085646e-08,3.799533e+01,8.003793e+00,2.999153e+01,3.966916e+01,1.699395e+02
1.164881e+06,1.348242e+01,1.576107e+04,1.824198e-01,9.471378e-01,9.473188e-01,8.454797e-05,1.085646e-08,3.799456e+01,8.003793e+00,2.999077e+01,3.966842e+01,1.699355e+02
1.164891e+06,1.348254e+01,1.577107e+04,1.825356e-01,9.471355e-01,9.473189e-01,8.465654e-05,1.085646e-08,3.799379e+01,8.003793e+00,2.999000e+01,3.966769e+01,1.699315e+02
1.164901e+06,1.348265e+01,1.578107e+04,1.826513e-01,9.471333e-01,9.473190e-01,8.476512e-05,1.085646e-08,3.799302e+01,8.003793e+00,2.998923e+01,3.966695e+01,1.699275e+02
1.164911e+06,1.348277e+01,1.579108e+04,1.827671e-01,9.471310e-01,9.473191e-01,8.487369e-05,1.085646e-08,3.799226e+01,8.003793e+00,2.998846e+01,3.966622e+01,1.699235e+02
1.164921e+06,1.348288e+01,1.580108e+04,1.828828e-01,9.471287e-01,9.473192e-01,8.498226e-05,1.085646e-08,3.799149e+01,8.003793e+00,2.998769e+01,3.966548e+01,1.699196e+02
1.164931e+06,1.348300e+01,1.581108e+04,1.829986e-01,9.471264e-01,9.473193e-01,8.509083e-05,1.085646e-08,3.799072e+01,8.003793e+00,2.998693e+01,3.966475e+01,1.699156e+02
1.164941e+06,1.348311e+01,1.582108e+04,1.831143e-01,9.471242e-01,9.473194e-01,8.519940e-05,1.085646e-08,3.798995e+01,8.003793e+00,2.998616e+01,3.966401e+01,1.699116e+02
1.164951e+06,1.348323e+01,1.583108e+04,1.832301e-01,9.471219e-01,9.473195e-01,8.530798e-05,1.085645e-08,3.798918e+01,8.003793e+00,2.998539e+01,3.966328e+01,1.699076e+02
1.164961e+06,1.348335e+01,1.584108e+04,1.833458e-01,9.471203e-01,9.473196e-01,8.541655e-05,1.085645e-08,3.798842e+01,8.003793e+00,2.998462e+01,3.966252e+01,1.699036e+02
1.164971e+06,1.348346e+01,1.585108e+04,1.834616e-01,9.471247e-01,9.473197e-01,8.552512e-05,1.085645e-08,3.798780e+01,8.003793e+00,2.998401e+01,3.966172e+01,1.699004e+02
1.164981e+06,1.348358e+01,1.586108e+04,1.835773e-01,9.471322e-01,9.473198e-01,8.563369e-05,1.085645e-08,3.798857e+01,8.003793e+00,2.998478e+01,3.966229e+01,1.699044e+02
1.164991e+06,1.348369e+01,1.587108e+04,1.836931e-01,9.471396e-01,9.473199e-01,8.574226e-05,1.085645e-08,3.798934e+01,8.003793e+00,2.998555e+01,3.966285e+01,1.699084e+02
1.165001e+06,1.348381e+01,1.588108e+04,1.838088e-01,9.471471e-01,9.473200e-01,8.585084e-05,1.085645e-08,3.799011e+01,8.003793e+00,2.998632e+01,3.966342e+01,1.699124e+02
1.165011e+06,1.348392e+01,1.589108e+04,1.839246e-01,9.471545e-01,9.473201e-01,8.595941e-05,1.085645e-08,3.799088e+01,8.003793e+00,2.998709e+01,3.966398e+01,1.699164e+02
1.165021e+06,1.348404e+01,1.590108e+04,1.840403e-01,9.471620e-01,9.473202e-01,8.606798e-05,1.085645e-08,3.799165e+01,8.003793e+00,2.998786e+01,3.966455e+01,1.699204e+02
1.165031e+06,1.348416e+01,1.591108e+04,1.841561e-01,9.471694e-01,9.473203e-01,8.617655e-05,1.085645e-08,3.799243e+01,8.003793e+00,2.998863e+01,3.966511e+01,1.699244e+02
1.165041e+06,1.348427e+01,1.592108e+04,1.842718e-01,9.471768e-01,9.473205e-01,8.628512e-05,1.085644e-08,3.799320e+01,8.003793e+00,2.998940e+01,3.966568e+01,1.699284e+02
1.165051e+06,1.348439e+01,1.593108e+04,1.843876e-01,9.471843e-01,9.473206e-01,8.639370e-05,1.085644e-08,3.799397e+01,8.003793e+00,2.999017e+01,3.966624e+01,1.699324e+02
1.165061e+06,1.348450e+01,1.594109e+04,1.845033e-01,9.471917e-01,9.473207e-01,8.650227e-05,1.085644e-08,3.799474e+01,8.003793e+00,2.999094e+01,3.966681e+01,1.699364e+02
1.165071e+06,1.348462e+01,1.595109e+04,1.846191e-01,9.471992e-01,9.473208e-01,8.661084e-05,1.085644e-08,3.799551e+01,8.003793e+00,2.999171e+01,3.966737e+01,1.699405e+02
1.165081e+06,1.348473e+01,1.596109e+04,1.847348e-01,9.472066e-01,9.473209e-01,8.671941e-05,1.085644e-08,3.799628e+01,8.003793e+00,2.999249e+01,3.966794e+01,1.699445e+02
1.165091e+06,1.348485e+01,1.597109e+04,1.848505e-01,9.472141e-01,9.473210e-01,8.682798e-05,1.085644e-08,3.799705e+01,8.003793e+00,2.999326e+01,3.966850e+01,1.699485e+02
1.165101e+06,1.348497e+01,1.598109e+04,1.849663e-01,9.472215e-01,9.473211e-01,8.693655e-05,1.085644e-08,3.799782e+01,8.003793e+00,2.999403e+01,3.966906e+01,1.699525e+02
1.165111e+06,1.348508e+01,1.599109e+04,1.850820e-01,9.472289e-01,9.473212e-01,8.704513e-05,1.085644e-08,3.799859e+01,8.003793e+00,2.999480e+01,3.966963e+01,1.699565e+02
1.165121e+06,1.348520e+01,1.600109e+04,1.851978e-01,9.472364e-01,9.473213e-01,8.715370e-05,1.085643e-08,3.799936e+01,8.003793e+00,2.999557e+01,3.967019e+01,1.699605e+02
1.165131e+06,1.348531e+01,1.601109e+04,1.853135e-01,9.472438e-01,9.473214e-01,8.726227e-05,1.085643e-08,3.800013e+01,8.003793e+00,2.999634e+01,3.967076e+01,1.699645e+02
1.165141e+06,1.348543e+01,1.602109e+04,1.854293e-01,9.472513e-01,9.473215e-01,8.737084e-05,1.085643e-08,3.800090e+01,8.003793e+00,2.999711e+01,3.967132e+01,1.699685e+02
1.165151e+06,1.348555e+01,1.603109e+04,1.855450e-01,9.472587e-01,9.473216e-01,8.747941e-05,1.085643e-08,3.800167e+01,8.003793e+00,2.999788e+01,3.967189e+01,1.699725e+02
1.165161e+06,1.348566e+01,1.604109e+04,1.856608e-01,9.472662e-01,9.473217e-01,8.758798e-05,1.085643e-08,3.800244e+01,8.003793e+00,2.999865e+01,3.967245e+01,1.699765e+02
1.165171e+06,1.348578e+01,1.605109e+04,1.857765e-01,9.472736e-01,9.473218e-01,8.769656e-05,1.085643e-08,3.800321e+01,8.003793e+00,2.999942e+01,3.967302e+01,1.699805e+02
1.165181e+06,1.348589e+01,1.606109e+04,1.858923e-01,9.472810e-01,9.473219e-01,8.780513e-05,1.085643e-08,3.800398e+01,8.003793e+00,3.000019e+01,3.967358e+01,1.699845e+02
1.165191e+06,1.348601e+01,1.607109e+04,1.860080e-01,9.472885e-01,9.473220e-01,8.791370e-05,1.085643e-08,3.800476e+01,8.003793e+00,3.000096e+01,3.967415e+01,1.699885e+02
1.165201e+06,1.348612e+01,1.608109e+04,1.861238e-01,9.472959e-01,9.473221e-01,8.802227e-05,1.085643e-08,3.800553e+01,8.003793e+00,3.000173e+01,3.967471e+01,1.699925e+02
1.165211e+06,1.348624e+01,1.609110e+04,1.862395e-01,9.473030e-01,9.473222e-01,8.813084e-05,1.085642e-08,3.800630e+01,8.003793e+00,3.000250e+01,3.967529e+01,1.699965e+02
1.165221e+06,1.348636e+01,1.610110e+04,1.863553e-01,9.473077e-01,9.473223e-01,8.823941e-05,1.085642e-08,3.800672e+01,8.003793e+00,3.000292e+01,3.967558e+01,1.700000e+02
1.165231e+06,1.348647e+01,1.611110e+04,1.864710e-01,9.473159e-01,9.473224e-01,8.834799e-05,1.085642e-08,3.800483e+01,8.003793e+00,3.000104e+01,3.967331e+01,1.700000e+02
1.165241e+06,1.348659e+01,1.612110e+04,1.865868e-01,9.473240e-01,9.473225e-01,8.845656e-05,1.085642e-08,3.800295e+01,8.003793e+00,2.999916e+01,3.967105e+01,1.700000e+02
1.165251e+06,1.348670e+01,1.613110e+04,1.867025e-01,9.473322e-01,9.473226e-01,8.856513e-05,1.085642e-08,3.800107e+01,8.003793e+00,2.999727e+01,3.966879e+01,1.700000e+02
1.165261e+06,1.348682e+01,1.614110e+04,1.868183e-01,9.473403e-01,9.473227e-01,8.867370e-05,1.085642e-08,3.799918e+01,8.003793e+00,2.999539e+01,3.966653e+01,1.700000e+02
1.165271e+06,1.348693e+01,1.615110e+04,1.869340e-01,9.473485e-01,9.473228e-01,8.878227e-05,1.085642e-08,3.799730e+01,8.003793e+00,2.999350e+01,3.966427e+01,1.700000e+02
1.165281e+06,1.348705e+01,1.616110e+04,1.870498e-01,9.473567e-01,9.473229e-01,8.889084e-05,1.085642e-08,3.799541e+01,8.003793e+00,2.999162e+01,3.966201e+01,1.700000e+02
1.165291e+06,1.348717e+01,1.617110e+04,1.871655e-01,9.473648e-01,9.473230e-01,8.899942e-05,1.085641e-08,3.799353e+01,8.003793e+00,2.998974e+01,3.965975e+01,1.700000e+02
1.165301e+06,1.348728e+01,1.618110e+04,1.872813e-01,9.473730e-01,9.473231e-01,8.910799e-05,1.085641e-08,3.799165e+01,8.003793e+00,2.998785e+01,3.965749e+01,1.700000e+02
1.165311e+06,1.348740e+01,1.619110e+04,1.873970e-01,9.473811e-01,9.473232e-01,8.921656e-05,1.085641e-08,3.798976e+01,8.003793e+00,2.998597e+01,3.965522e+01,1.700000e+02
1.165321e+06,1.348751e+01,1.620110e+04,1.875128e-01,9.473893e-01,9.473233e-01,8.932513e-05,1.085641e-08,3.798788e+01,8.003793e+00,2.998409e+01,3.965296e+01,1.700000e+02
1.165331e+06,1.348763e+01,1.621110e+04,1.876285e-01,9.473975e-01,9.473234e-01,8.943370e-05,1.085641e-08,3.798600e+01,8.003793e+00,2.998220e+01,3.965070e+01,1.700000e+02
1.165341e+06,1.348774e+01,1.622110e+04,1.877443e-01,9.474056e-01,9.473235e-01,8.954227e-05,1.085641e-08,3.798411e+01,8.003793e+00,2.998032e+01,3.964844e+01,1.700000e+02
1.165351e+06,1.348786e+01,1.623111e+04,1.878600e-01,9.474138e-01,9.473236e-01,8.965084e-05,1.085641e-08,3.798223e+01,8.003793e+00,2.997843e+01,3.964618e+01,1.700000e+02
1.165361e+06,1.348798e+01,1.624111e+04,1.879758e-01,9.474219e-01,9.473237e-01,8.975942e-05,1.085641e-08,3.798034e+01,8.003793e+00,2.997655e+01,3.964392e+01,1.700000e+02
1.165371e+06,1.348809e+01,1.625111e+04,1.880915e-01,9.474301e-01,9.473238e-01,8.986799e-05,1.085641e-08,3.797846e+01,8.003793e+00,2.997467e+01,3.964166e+01,1.700000e+02
1.165381e+06,1.348821e+01,1.626111e+04,1.882073e-01,9.474383e-01,9.473239e-01,8.997656e-05,1.085640e-08,3.797658e+01,8.003793e+00,2.997278e+01,3.963940e+01,1.700000e+02
1.165391e+06,1.348832e+01,1.627111e+04,1.883230e-01,9.474464e-01,9.473241e-01,9.008513e-05,1.085640e-08,3.797469e+01,8.003793e+00,2.997090e+01,3.963714e+01,1.700000e+02
1.165401e+06,1.348844e+01,1.628111e+04,1.884388e-01,9.474546e-01,9.473242e-01,9.019370e-05,1.085640e-08,3.797281e+01,8.003793e+00,2.996902e+01,3.963488e+01,1.700000e+02
1.165411e+06,1.348855e+01,1.629111e+04,1.885545e-01,9.474627e-01,9.473243e-01,9.030227e-05,1.085640e-08,3.797092e+01,8.003793e+00,2.996713e+01,3.963262e+01,1.700000e+02
1.165421e+06,1.348867e+01,1.630111e+04,1.886703e-01,9.474709e-01,9.473244e-01,9.041084e-05,1.085640e-08,3.796904e+01,8.003793e+00,2.996525e+01,3.963036e+01,1.700000e+02
1.165431e+06,1.348879e+01,1.631111e+04,1.887860e-01,9.474791e-01,9.473245e-01,9.051942e-05,1.085640e-08,3.796716e+01,8.003793e+00,2.996336e+01,3.962810e+01,1.700000e+02
1.165441e+06,1.348890e+01,1.632111e+04,1.889017e-01,9.474872e-01,9.473246e-01,9.062799e-05,1.085640e-08,3.796527e+01,8.003793e+00,2.996148e+01,3.962583e+01,1.700000e+02
1.165451e+06,1.348902e+01,1.633111e+04,1.890175e-01,9.474954e-01,9.473247e-01,9.073656e-05,1.085640e-08,3.796339e+01,8.003793e+00,2.995960e+01,3.962357e+01,1.700000e+02
1.165461e+06,1.348913e+01,1.634111e+04,1.891332e-01,9.475041e-01,9.473248e-01,9.084513e-05,1.085639e-08,3.796151e+01,8.003793e+00,2.995771e+01,3.962130e+01,1.700000e+02
1.165471e+06,1.348925e+01,1.635111e+04,1.892490e-01,9.475124e-01,9.473249e-01,9.095370e-05,1.085639e-08,3.796038e+01,8.003793e+00,2.995659e+01,3.961983e+01,1.700007e+02
1.165481e+06,1.348936e+01,1.636111e+04,1.893647e-01,9.475058e-01,9.473250e-01,9.106227e-05,1.085639e-08,3.796311e+01,8.003793e+00,2.995932e+01,3.962293e+01,1.700046e+02
1.165491e+06,1.348948e+01,1.637111e+04,1.894805e-01,9.474991e-01,9.473251e-01,9.117084e-05,1.085639e-08,3.796584e+01,8.003793e+00,2.996205e+01,3.962604e+01,1.700086e+02
1.165501e+06,1.348960e+01,1.638112e+04,1.895962e-01,9.474924e-01,9.473252e-01,9.127942e-05,1.085639e-08,3.796857e+01,8.003793e+00,2.996478e+01,3.962914e+01,1.700126e+02
1.165511e+06,1.348971e+01,1.639112e+04,1.897120e-01,9.474857e-01,9.473253e-01,9.138799e-05,1.085639e-08,3.797130e+01,8.003793e+00,2.996751e+01,3.963225e+01,1.700166e+02
1.165521e+06,1.348983e+01,1.640112e+04,1.898277e-01,9.474790e-01,9.473254e-01,9.149656e-05,1.085639e-08,3.797403e+01,8.003793e+00,2.997024e+01,3.963535e+01,1.700206e+02
1.165531e+06,1.348994e+01,1.641112e+04,1.899435e-01,9.474723e-01,9.473255e-01,9.160513e-05,1.085639e-08,3.797676e+01,8.003793e+00,2.997297e+01,3.963846e+01,1.700246e+02
1.165541e+06,1.349006e+01,1.642112e+04,1.900592e-01,9.474656e-01,9.473256e-01,9.171370e-05,1.085639e-08,3.797949e+01,8.003793e+00,2.997570e+01,3.964156e+01,1.700286e+02
1.165551e+06,1.349017e+01,1.643112e+04,1.901750e-01,9.474590e-01,9.473257e-01,9.182227e-05,1.085638e-08,3.798222e+01,8.003793e+00,2.997843e+01,3.964467e+01,1.700326e+02
1.165561e+06,1.349029e+01,1.644112e+04,1.902907e-01,9.474523e-01,9.473258e-01,9.193084e-05,1.085638e-08,3.798495e+01,8.003793e+00,2.998116e+01,3.964777e+01,1.700366e+02
1.165571e+06,1.349041e+01,1.645112e+04,1.904065e-01,9.474456e-01,9.473259e-01,9.203941e-05,1.085638e-08,3.798769e+01,8.003793e+00,2.998389e+01,3.965088e+01,1.700406e+02
1.165581e+06,1.349052e+01,1.646112e+04,1.905222e-01,9.474389e-01,9.473260e-01,9.214799e-05,1.085638e-08,3.799042e+01,8.003793e+00,2.998662e+01,3.965399e+01,1.700446e+02
1.165591e+06,1.349064e+01,1.647112e+04,1.906380e-01,9.474322e-01,9.473261e-01,9.225656e-05,1.085638e-08,3.799315e+01,8.003793e+00,2.998935e+01,3.965709e+01,1.700486e+02
1.165601e+06,1.349075e+01,1.648112e+04,1.907537e-01,9.474255e-01,9.473262e-01,9.236513e-05,1.085638e-08,3.799588e+01,8.003793e+00,2.999208e+01,3.966020e+01,1.700525e+02
1.165611e+06,1.349087e+01,1.649112e+04,1.908695e-01,9.474188e-01,9.473263e-01,9.247370e-05,1.085638e-08,3.799861e+01,8.003793e+00,2.999481e+01,3.966330e+01,1.700565e+02
1.165621e+06,1.349099e+01,1.650112e+04,1.909852e-01,9.474121e-01,9.473264e-01,9.258227e-05,1.085638e-08,3.800134e+01,8.003793e+00,2.999755e+01,3.966641e+01,1.700605e+02
1.165631e+06,1.349110e+01,1.651112e+04,1.911010e-01,9.474055e-01,9.473265e-01,9.269084e-05,1.085637e-08,3.800407e+01,8.003793e+00,3.000028e+01,3.966951e+01,1.700645e+02
1.165641e+06,1.349122e+01,1.652112e+04,1.912167e-01,9.473988e-01,9.473266e-01,9.279941e-05,1.085637e-08,3.800680e+01,8.003793e+00,3.000301e+01,3.967262e+01,1.700685e+02
1.165651e+06,1.349133e+01,1.653113e+04,1.913325e-01,9.473921e-01,9.473267e-01,9.290798e-05,1.085637e-08,3.800953e+01,8.003793e+00,3.000574e+01,3.967572e+01,1.700725e+02
1.165661e+06,1.349145e+01,1.654113e+04,1.914482e-01,9.473854e-01,9.473268e-01,9.301655e-05,1.085637e-08,3.801226e+01,8.003793e+00,3.000847e+01,3.967883e+01,1.700765e+02
1.165671e+06,1.349156e+01,1.655113e+04,1.915640e-01,9.473787e-01,9.473269e-01,9.312513e-05,1.085637e-08,3.801499e+01,8.003793e+00,3.001120e+01,3.968194e+01,1.700805e+02
1.165681e+06,1.349168e+01,1.656113e+04,1.916797e-01,9.473720e-01,9.473270e-01,9.323370e-05,1.085637e-08,3.801772e+01,8.003793e+00,3.001393e+01,3.968504e+01,1.700845e+02
1.165691e+06,1.349180e+01,1.657113e+04,1.917955e-01,9.473653e-01,9.473271e-01,9.334227e-05,1.085637e-08,3.802045e+01,8.003793e+00,3.001666e+01,3.968815e+01,1.700885e+02
1.165701e+06,1.349191e+01,1.658113e+04,1.919112e-01,9.473587e-01,9.473272e-01,9.345084e-05,1.085637e-08,3.802318e+01,8.003793e+00,3.001939e+01,3.969125e+01,1.700925e+02
1.165711e+06,1.349203e+01,1.659113e+04,1.920270e-01,9.473520e-01,9.473273e-01,9.355941e-05,1.085637e-08,3.802591e+01,8.003793e+00,3.002212e+01,3.969436e+01,1.700964e+02
1.165721e+06,1.349214e+01,1.660113e+04,1.921427e-01,9.473469e-01,9.473274e-01,9.366798e-05,1.085636e-08,3.802817e+01,8.003793e+00,3.002437e+01,3.969691e+01,1.701004e+02
1.165731e+06,1.349226e+01,1.661113e+04,1.922585e-01,9.473549e-01,9.473275e-01,9.377655e-05,1.085636e-08,3.802654e+01,8.003793e+00,3.002275e+01,3.969492e+01,1.701044e+02
1.165741e+06,1.349237e+01,1.662113e+04,1.923742e-01,9.473628e-01,9.473277e-01,9.388512e-05,1.085636e-08,3.802491e+01,8.003793e+00,3.002112e+01,3.969294e+01,1.701085e+02
1.165751e+06,1.349249e+01,1.663113e+04,1.924900e-01,9.473708e-01,9.473278e-01,9.399369e-05,1.085636e-08,3.802329e+01,8.003793e+00,3.001949e+01,3.969096e+01,1.701125e+02
1.165761e+06,1.349261e+01,1.664113e+04,1.926057e-01,9.473787e-01,9.473279e-01,9.410226e-05,1.085636e-08,3.802166e+01,8.003793e+00,3.001787e+01,3.968897e+01,1.701165e+02
1.165771e+06,1.349272e+01,1.665113e+04,1.927215e-01,9.473867e-01,9.473280e-01,9.421084e-05,1.085636e-08,3.802003e+01,8.003793e+00,3.001624e+01,3.968699e+01,1.701205e+02
1.165781e+06,1.349284e+01,1.666113e+04,1.928372e-01,9.473946e-01,9.473281e-01,9.431941e-05,1.085636e-08,3.801840e+01,8.003793e+00,3.001461e+01,3.968501e+01,1.701245e+02
1.165791e+06,1.349295e+01,1.667114e+04,1.929530e-01,9.474026e-01,9.473282e-01,9.442798e-05,1.085636e-08,3.801678e+01,8.003793e+00,3.001298e+01,3.968302e+01,1.701285e+02
1.165801e+06,1.349307e+01,1.668114e+04,1.930687e-01,9.474105e-01,9.473283e-01,9.453655e-05,1.085635e-08,3.801515e+01,8.003793e+00,3.001136e+01,3.968104e+01,1.701325e+02
1.165811e+06,1.349318e+01,1.669114e+04,1.931844e-01,9.474185e-01,9.473284e-01,9.464512e-05,1.085635e-08,3.801352e+01,8.003793e+00,3.000973e+01,3.967906e+01,1.701365e+02
1.165821e+06,1.349330e+01,1.670114e+04,1.933002e-01,9.474265e-01,9.473285e-01,9.475369e-05,1.085635e-08,3.801190e+01,8.003793e+00,3.000810e+01,3.967707e+01,1.701405e+02
1.165831e+06,1.349342e+01,1.671114e+04,1.934159e-01,9.474344e-01,9.473286e-01,9.486226e-05,1.085635e-08,3.801027e+01,8.003793e+00,3.000648e+01,3.967509e+01,1.701445e+02
1.165841e+06,1.349353e+01,1.672114e+04,1.935317e-01,9.474424e-01,9.473287e-01,9.497083e-05,1.085635e-08,3.800864e+01,8.003793e+00,3.000485e+01,3.967311e+01,1.701485e+02
1.165851e+06,1.349365e+01,1.673114e+04,1.936474e-01,9.474503e-01,9.473288e-01,9.507940e-05,1.085635e-08,3.800702e+01,8.003793e+00,3.000322e+01,3.967112e+01,1.701525e+02
1.165861e+06,1.349376e+01,1.674114e+04,1.937632e-01,9.474583e-01,9.473289e-01,9.518797e-05,1.085635e-08,3.800539e+01,8.003793e+00,3.000160e+01,3.966914e+01,1.701565e+02
1.165871e+06,1.349388e+01,1.675114e+04,1.938789e-01,9.474662e-01,9.473290e-01,9.529655e-05,1.085635e-08,3.800376e+01,8.003793e+00,2.999997e+01,3.966716e+01,1.701605e+02
1.165881e+06,1.349399e+01,1.676114e+04,1.939947e-01,9.474742e-01,9.473291e-01,9.540512e-05,1.085635e-08,3.800214e+01,8.003793e+00,2.999834e+01,3.966518e+01,1.701645e+02
1.165891e+06,1.349411e+01,1.677114e+04,1.941104e-01,9.474821e-01,9.473292e-01,9.551369e-05,1.085634e-08,3.800051e+01,8.003793e+00,2.999672e+01,3.966319e+01,1.701685e+02
1.165901e+06,1.349423e+01,1.678114e+04,1.942262e-01,9.474901e-01,9.473293e-01,9.562226e-05,1.085634e-08,3.799888e+01,8.003793e+00,2.999509e+01,3.966121e+01,1.701725e+02
1.165911e+06,1.349434e+01,1.679114e+04,1.943419e-01,9.474980e-01,9.473294e-01,9.573083e-05,1.085634e-08,3.799725e+01,8.003793e+00,2.999346e+01,3.965923e+01,1.701765e+02
1.165921e+06,1.349446e+01,1.680114e+04,1.944577e-01,9.475060e-01,9.473295e-01,9.583940e-05,1.085634e-08,3.799563e+01,8.003793e+00,2.999183e+01,3.965724e+01,1.701805e+02
1.165931e+06,1.349457e+01,1.681114e+04,1.945734e-01,9.475140e-01,9.473296e-01,9.594797e-05,1.085634e-08,3.799400e+01,8.003793e+00,2.999021e+01,3.965526e+01,1.701845e+02
1.165941e+06,1.349469e+01,1.682115e+04,1.946892e-01,9.475219e-01,9.473297e-01,9.605654e-05,1.085634e-08,3.799237e+01,8.003793e+00,2.998858e+01,3.965328e+01,1.701886e+02
1.165951e+06,1.349480e+01,1.683115e+04,1.948049e-01,9.475299e-01,9.473298e-01,9.616511e-05,1.085634e-08,3.799075e+01,8.003793e+00,2.998695e+01,3.965130e+01,1.701926e+02
1.165961e+06,1.349492e+01,1.684115e+04,1.949207e-01,9.475374e-01,9.473299e-01,9.627368e-05,1.085634e-08,3.798912e+01,8.003793e+00,2.998533e+01,3.964933e+01,1.701966e+02
1.165971e+06,1.349504e+01,1.685115e+04,1.950364e-01,9.475418e-01,9.473300e-01,9.638225e-05,1.085633e-08,3.798753e+01,8.003793e+00,2.998374e+01,3.964750e+01,1.702000e+02
1.165981e+06,1.349515e+01,1.686115e+04,1.951522e-01,9.475441e-01,9.473301e-01,9.649082e-05,1.085633e-08,3.798617e+01,8.003793e+00,2.998237e+01,3.964598e+01,1.702000e+02
1.165991e+06,1.349527e+01,1.687115e+04,1.952679e-01,9.475465e-01,9.473302e-01,9.659939e-05,1.085633e-08,3.798480e+01,8.003793e+00,2.998101e+01,3.964446e+01,1.702000e+02
1.166001e+06,1.349538e+01,1.688115e+04,1.953837e-01,9.475489e-01,9.473303e-01,9.670797e-05,1.085633e-08,3.798343e+01,8.003793e+00,2.997964e+01,3.964294e+01,1.702000e+02
1.166011e+06,1.349550e+01,1.689115e+04,1.954994e-01,9.475513e-01,9.473304e-01,9.681654e-05,1.085633e-08,3.798207e+01,8.003793e+00,2.997828e+01,3.964142e+01,1.702000e+02
1.166021e+06,1.349562e+01,1.690115e+04,1.956152e-01,9.475536e-01,9.473305e-01,9.692511e-05,1.085633e-08,3.798070e+01,8.003793e+00,2.997691e+01,3.963990e+01,1.702000e+02
1.166031e+06,1.349573e+01,1.691115e+04,1.957309e-01,9.475560e-01,9.473306e-01,9.703368e-05,1.085633e-08,3.797934e+01,8.003793e+00,2.997555e+01,3.963838e+01,1.702000e+02
1.166041e+06,1.349585e+01,1.692115e+04,1.958467e-01,9.475584e-01,9.473307e-01,9.714225e-05,1.085633e-08,3.797797e+01,8.003793e+00,2.997418e+01,3.963686e+01,1.702000e+02
1.166051e+06,1.349596e+01,1.693115e+04,1.959624e-01,9.475607e-01,9.473308e-01,9.725082e-05,1.085633e-08,3.797661e+01,8.003793e+00,2.997281e+01,3.963534e+01,1.702000e+02
1.166061e+06,1.349608e+01,1.694115e+04,1.960782e-01,9.475631e-01,9.473309e-01,9.735939e-05,1.085632e-08,3.797524e+01,8.003793e+00,2.997145e+01,3.963382e+01,1.702000e+02
1.166071e+06,1.349619e+01,1.695115e+04,1.961939e-01,9.475655e-01,9.473310e-01,9.746796e-05,1.085632e-08,3.797388e+01,8.003793e+00,2.997008e+01,3.963230e+01,1.702000e+02
1.166081e+06,1.349631e+01,1.696115e+04,1.963097e-01,9.475678e-01,9.473311e-01,9.757653e-05,1.085632e-08,3.797251e+01,8.003793e+00,2.996872e+01,3.963078e+01,1.702000e+02
1.166091e+06,1.349643e+01,1.697116e+04,1.964254e-01,9.475702e-01,9.473313e-01,9.768510e-05,1.085632e-08,3.797115e+01,8.003793e+00,2.996735e+01,3.962926e+01,1.702000e+02
1.166101e+06,1.349654e+01,1.698116e+04,1.965412e-01,9.475726e-01,9.473314e-01,9.779367e-05,1.085632e-08,3.796978e+01,8.003793e+00,2.996599e+01,3.962774e+01,1.702000e+02
1.166111e+06,1.349666e+01,1.699116e+04,1.966569e-01,9.475749e-01,9.473315e-01,9.790224e-05,1.085632e-08,3.796842e+01,8.003793e+00,2.996462e+01,3.962622e+01,1.702000e+02
1.166121e+06,1.349677e+01,1.700116e+04,1.967727e-01,9.475773e-01,9.473316e-01,9.801081e-05,1.085632e-08,3.796705e+01,8.003793e+00,2.996326e+01,3.962470e+01,1.702000e+02
1.166131e+06,1.349689e+01,1.701116e+04,1.968884e-01,9.475797e-01,9.473317e-01,9.811938e-05,1.085632e-08,3.796569e+01,8.003793e+00,2.996189e+01,3.962318e+01,1.702000e+02
1.166141e+06,1.349700e+01,1.702116e+04,1.970042e-01,9.475821e-01,9.473318e-01,9.822795e-05,1.085631e-08,3.796432e+01,8.003793e+00,2.996053e+01,3.962166e+01,1.702000e+02
1.166151e+06,1.349712e+01,1.703116e+04,1.971199e-01,9.475844e-01,9.473319e-01,9.833652e-05,1.085631e-08,3.796295e+01,8.003793e+00,2.995916e+01,3.962014e+01,1.702000e+02
1.166161e+06,1.349724e+01,1.704116e+04,1.972357e-01,9.475868e-01,9.473320e-01,9.844509e-05,1.085631e-08,3.796159e+01,8.003793e+00,2.995780e+01,3.961862e+01,1.702000e+02
1.166171e+06,1.349735e+01,1.705116e+04,1.973514e-01,9.475892e-01,9.473321e-01,9.855367e-05,1.085631e-08,3.796022e+01,8.003793e+00,2.995643e+01,3.961710e+01,1.702000e+02
1.166181e+06,1.349747e+01,1.706116e+04,1.974671e-01,9.475915e-01,9.473322e-01,9.866224e-05,1.085631e-08,3.795886e+01,8.003793e+00,2.995507e+01,3.961558e+01,1.702000e+02
1.166191e+06,1.349758e+01,1.707116e+04,1.975829e-01,9.475939e-01,9.473323e-01,9.877081e-05,1.085631e-08,3.795749e+01,8.003793e+00,2.995370e+01,3.961406e+01,1.702000e+02
1.166201e+06,1.349770e+01,1.708116e+04,1.976986e-01,9.475963e-01,9.473324e-01,9.887938e-05,1.085631e-08,3.795613e+01,8.003793e+00,2.995234e+01,3.961254e+01,1.702000e+02
1.166211e+06,1.349781e+01,1.709116e+04,1.978144e-01,9.475984e-01,9.473325e-01,9.898795e-05,1.085631e-08,3.795476e+01,8.003793e+00,2.995097e+01,3.961103e+01,1.702000e+02
1.166221e+06,1.349793e+01,1.710116e+04,1.979301e-01,9.475958e-01,9.473326e-01,9.909652e-05,1.085631e-08,3.795354e+01,8.003793e+00,2.994975e+01,3.960983e+01,1.701996e+02
1.166231e+06,1.349805e+01,1.711116e+04,1.980459e-01,9.475755e-01,9.473327e-01,9.920509e-05,1.085630e-08,3.795380e+01,8.003793e+00,2.995000e+01,3.961078e+01,1.701956e+02
1.166241e+06,1.349816e+01,1.712117e+04,1.981616e-01,9.475551e-01,9.473328e-01,9.931366e-05,1.085630e-08,3.795405e+01,8.003793e+00,2.995026e+01,3.961173e+01,1.701916e+02
1.166251e+06,1.349828e+01,1.713117e+04,1.982774e-01,9.475348e-01,9.473329e-01,9.942223e-05,1.085630e-08,3.795431e+01,8.003793e+00,2.995052e+01,3.961268e+01,1.701876e+02
1.166261e+06,1.349839e+01,1.714117e+04,1.983931e-01,9.475144e-01,9.473330e-01,9.953080e-05,1.085630e-08,3.795457e+01,8.003793e+00,2.995077e+01,3.961363e+01,1.701836e+02
1.166271e+06,1.349851e+01,1.715117e+04,1.985089e-01,9.474941e-01,9.473331e-01,9.963937e-05,1.085630e-08,3.795482e+01,8.003793e+00,2.995103e+01,3.961458e+01,1.701796e+02
1.166281e+06,1.349862e+01,1.716117e+04,1.986246e-01,9.474737e-01,9.473332e-01,9.974794e-05,1.085630e-08,3.795508e+01,8.003793e+00,2.995129e+01,3.961553e+01,1.701756e+02
1.166291e+06,1.349874e+01,1.717117e+04,1.987404e-01,9.474534e-01,9.473333e-01,9.985651e-05,1.085630e-08,3.795534e+01,8.003793e+00,2.995154e+01,3.961648e+01,1.701716e+02
1.166301e+06,1.349886e+01,1.718117e+04,1.988561e-01,9.474331e-01,9.473334e-01,9.996508e-05,1.085630e-08,3.795559e+01,8.003793e+00,2.995180e+01,3.961743e+01,1.701676e+02
1.166311e+06,1.349897e+01,1.719117e+04,1.989719e-01,9.474127e-01,9.473335e-01,1.000737e-04,1.085629e-08,3.795585e+01,8.003793e+00,2.995206e+01,3.961838e+01,1.701636e+02
1.166321e+06,1.349909e+01,1.720117e+04,1.990876e-01,9.473924e-01,9.473336e-01,1.001822e-04,1.085629e-08,3.795611e+01,8.003793e+00,2.995232e+01,3.961933e+01,1.701596e+02
1.166331e+06,1.349920e+01,1.721117e+04,1.992034e-01,9.473720e-01,9.473337e-01,1.002908e-04,1.085629e-08,3.795637e+01,8.003793e+00,2.995257e+01,3.962028e+01,1.701556e+02
1.166341e+06,1.349932e+01,1.722117e+04,1.993191e-01,9.473517e-01,9.473338e-01,1.003994e-04,1.085629e-08,3.795662e+01,8.003793e+00,2.995283e+01,3.962123e+01,1.701516e+02
1.166351e+06,1.349943e+01,1.723117e+04,1.994349e-01,9.473313e-01,9.473339e-01,1.005079e-04,1.085629e-08,3.795688e+01,8.003793e+00,2.995309e+01,3.962218e+01,1.701476e+02
1.166361e+06,1.349955e+01,1.724117e+04,1.995506e-01,9.473110e-01,9.473340e-01,1.006165e-04,1.085629e-08,3.795714e+01,8.003793e+00,2.995334e+01,3.962313e+01,1.701436e+02
1.166371e+06,1.349967e+01,1.725117e+04,1.996664e-01,9.472906e-01,9.473341e-01,1.007251e-04,1.085629e-08,3.795739e+01,8.003793e+00,2.995360e+01,3.962408e+01,1.701396e+02
1.166381e+06,1.349978e+01,1.726118e+04,1.997821e-01,9.472703e-01,9.473342e-01,1.008336e-04,1.085629e-08,3.795765e+01,8.003793e+00,2.995386e+01,3.962503e+01,1.701356e+02
1.166391e+06,1.349990e+01,1.727118e+04,1.998979e-01,9.472499e-01,9.473343e-01,1.009422e-04,1.085629e-08,3.795791e+01,8.003793e+00,2.995411e+01,3.962598e+01,1.701316e+02
1.166401e+06,1.350001e+01,1.728118e+04,2.000136e-01,9.472296e-01,9.473344e-01,1.010508e-04,1.085628e-08,3.795816e+01,8.003793e+00,2.995437e+01,3.962693e+01,1.701276e+02
1.166411e+06,1.350013e+01,1.729118e+04,2.001294e-01,9.472093e-01,9.473345e-01,1.011594e-04,1.085628e-08,3.795842e+01,8.003793e+00,2.995463e+01,3.962788e+01,1.701236e+02
1.166421e+06,1.350025e+01,1.730118e+04,2.002451e-01,9.471889e-01,9.473346e-01,1.012679e-04,1.085628e-08,3.795868e+01,8.003793e+00,2.995488e+01,3.962883e+01,1.701195e+02
1.166431e+06,1.350036e+01,1.731118e+04,2.003609e-01,9.471686e-01,9.473347e-01,1.013765e-04,1.085628e-08,3.795893e+01,8.003793e+00,2.995514e+01,3.962978e+01,1.701155e+02
1.166441e+06,1.350048e+01,1.732118e+04,2.004766e-01,9.471482e-01,9.473349e-01,1.014851e-04,1.085628e-08,3.795919e+01,8.003793e+00,2.995540e+01,3.963073e+01,1.701115e+02
1.166451e+06,1.350059e+01,1.733118e+04,2.005924e-01,9.471279e-01,9.473350e-01,1.015936e-04,1.085628e-08,3.795945e+01,8.003793e+00,2.995565e+01,3.963168e+01,1.701075e+02
1.166461e+06,1.350071e+01,1.734118e+04,2.007081e-01,9.471075e-01,9.473351e-01,1.017022e-04,1.085628e-08,3.795970e+01,8.003793e+00,2.995591e+01,3.963263e+01,1.701035e+02
1.166471e+06,1.350082e+01,1.735118e+04,2.008239e-01,9.470900e-01,9.473352e-01,1.018108e-04,1.085628e-08,3.796019e+01,8.003793e+00,2.995640e+01,3.963373e+01,1.700995e+02
1.166481e+06,1.350094e+01,1.736118e+04,2.009396e-01,9.470929e-01,9.473353e-01,1.019193e-04,1.085627e-08,3.796234e+01,8.003793e+00,2.995854e+01,3.963590e+01,1.700955e+02
1.166491e+06,1.350106e+01,1.737118e+04,2.010554e-01,9.470957e-01,9.473354e-01,1.020279e-04,1.085627e-08,3.796448e+01,8.003793e+00,2.996069e+01,3.963807e+01,1.700915e+02
1.166501e+06,1.350117e+01,1.738118e+04,2.011711e-01,9.470986e-01,9.473355e-01,1.021365e-04,1.085627e-08,3.796663e+01,8.003793e+00,2.996284e+01,3.964024e+01,1.700875e+02
1.166511e+06,1.350129e+01,1.739118e+04,2.012869e-01,9.471015e-01,9.473356e-01,1.022451e-04,1.085627e-08,3.796878e+01,8.003793e+00,2.996499e+01,3.964242e+01,1.700834e+02
1.166521e+06,1.350140e+01,1.740118e+04,2.014026e-01,9.471044e-01,9.473357e-01,1.023536e-04,1.085627e-08,3.797093e+01,8.003793e+00,2.996714e+01,3.964459e+01,1.700794e+02
1.166531e+06,1.350152e+01,1.741119e+04,2.015183e-01,9.471073e-01,9.473358e-01,1.024622e-04,1.085627e-08,3.797308e+01,8.003793e+00,2.996928e+01,3.964676e+01,1.700754e+02
1.166541e+06,1.350163e+01,1.742119e+04,2.016341e-01,9.471102e-01,9.473359e-01,1.025708e-04,1.085627e-08,3.797523e+01,8.003793e+00,2.997143e+01,3.964893e+01,1.700714e+02
1.166551e+06,1.350175e+01,1.743119e+04,2.017498e-01,9.471131e-01,9.473360e-01,1.026793e-04,1.085627e-08,3.797737e+01,8.003793e+00,2.997358e+01,3.965110e+01,1.700674e+02
1.166561e+06,1.350187e+01,1.744119e+04,2.018656e-01,9.471160e-01,9.473361e-01,1.027879e-04,1.085627e-08,3.797952e+01,8.003793e+00,2.997573e+01,3.965327e+01,1.700633e+02
1.166571e+06,1.350198e+01,1.745119e+04,2.019813e-01,9.471189e-01,9.473362e-01,1.028965e-04,1.085626e-08,3.798167e+01,8.003793e+00,2.997788e+01,3.965544e+01,1.700593e+02
1.166581e+06,1.350210e+01,1.746119e+04,2.020971e-01,9.471218e-01,9.473363e-01,1.030050e-04,1.085626e-08,3.798382e+01,8.003793e+00,2.998002e+01,3.965761e+01,1.700553e+02
1.166591e+06,1.350221e+01,1.747119e+04,2.022128e-01,9.471247e-01,9.473364e-01,1.031136e-04,1.085626e-08,3.798597e+01,8.003793e+00,2.998217e+01,3.965979e+01,1.700513e+02
1.166601e+06,1.350233e+01,1.748119e+04,2.023286e-01,9.471276e-01,9.473365e-01,1.032222e-04,1.085626e-08,3.798811e+01,8.003793e+00,2.998432e+01,3.966196e+01,1.700473e+02
1.166611e+06,1.350244e+01,1.749119e+04,2.024443e-01,9.471305e-01,9.473366e-01,1.033308e-04,1.085626e-08,3.799026e+01,8.003793e+00,2.998647e+01,3.966413e+01,1.700433e+02
1.166621e+06,1.350256e+01,1.750119e+04,2.025601e-01,9.471334e-01,9.473367e-01,1.034393e-04,1.085626e-08,3.799241e+01,8.003793e+00,2.998862e+01,3.966630e+01,1.700392e+02
1.166631e+06,1.350268e+01,1.751119e+04,2.026758e-01,9.471363e-01,9.473368e-01,1.035479e-04,1.085626e-08,3.799456e+01,8.003793e+00,2.999076e+01,3.966847e+01,1.700352e+02
1.166641e+06,1.350279e+01,1.752119e+04,2.027916e-01,9.471391e-01,9.473369e-01,1.036565e-04,1.085626e-08,3.799671e+01,8.003793e+00,2.999291e+01,3.967064e+01,1.700312e+02
1.166651e+06,1.350291e+01,1.753119e+04,2.029073e-01,9.471420e-01,9.473370e-01,1.037650e-04,1.085625e-08,3.799885e+01,8.003793e+00,2.999506e+01,3.967281e+01,1.700272e+02
1.166661e+06,1.350302e+01,1.754119e+04,2.030231e-01,9.471449e-01,9.473371e-01,1.038736e-04,1.085625e-08,3.800100e+01,8.003793e+00,2.999721e+01,3.967499e+01,1.700232e+02
1.166671e+06,1.350314e+01,1.755119e+04,2.031388e-01,9.471478e-01,9.473372e-01,1.039822e-04,1.085625e-08,3.800315e+01,8.003793e+00,2.999936e+01,3.967716e+01,1.700191e+02
1.166681e+06,1.350325e+01,1.756120e+04,2.032546e-01,9.471507e-01,9.473373e-01,1.040907e-04,1.085625e-08,3.800530e+01,8.003793e+00,3.000151e+01,3.967933e+01,1.700151e+02
1.166691e+06,1.350337e+01,1.757120e+04,2.033703e-01,9.471536e-01,9.473374e-01,1.041993e-04,1.085625e-08,3.800745e+01,8.003793e+00,3.000365e+01,3.968150e+01,1.700111e+02
1.166701e+06,1.350349e+01,1.758120e+04,2.034861e-01,9.471565e-01,9.473375e-01,1.043079e-04,1.085625e-08,3.800959e+01,8.003793e+00,3.000580e+01,3.968367e+01,1.700071e+02
1.166711e+06,1.350360e+01,1.759120e+04,2.036018e-01,9.471602e-01,9.473376e-01,1.044165e-04,1.085625e-08,3.801174e+01,8.003793e+00,3.000795e+01,3.968582e+01,1.700031e+02
1.166721e+06,1.350372e+01,1.760120e+04,2.037176e-01,9.471659e-01,9.473377e-01,1.045250e-04,1.085625e-08,3.801326e+01,8.003793e+00,3.000946e+01,3.968722e+01,1.700000e+02
1.166731e+06,1.350383e+01,1.761120e+04,2.038333e-01,9.471705e-01,9.473378e-01,1.046336e-04,1.085625e-08,3.801275e+01,8.003793e+00,3.000895e+01,3.968653e+01,1.700000e+02
1.166741e+06,1.350395e+01,1.762120e+04,2.039491e-01,9.471751e-01,9.473379e-01,1.047422e-04,1.085624e-08,3.801224e+01,8.003793e+00,3.000844e+01,3.968584e+01,1.700000e+02
1.166751e+06,1.350406e+01,1.763120e+04,2.040648e-01,9.471798e-01,9.473380e-01,1.048507e-04,1.085624e-08,3.801173e+01,8.003793e+00,3.000793e+01,3.968514e+01,1.700000e+02
1.166761e+06,1.350418e+01,1.764120e+04,2.041806e-01,9.471844e-01,9.473381e-01,1.049593e-04,1.085624e-08,3.801122e+01,8.003793e+00,3.000742e+01,3.968445e+01,1.700000e+02
1.166771e+06,1.350430e+01,1.765120e+04,2.042963e-01,9.471890e-01,9.473382e-01,1.050679e-04,1.085624e-08,3.801071e+01,8.003793e+00,3.000691e+01,3.968376e+01,1.700000e+02
1.166781e+06,1.350441e+01,1.766120e+04,2.044121e-01,9.471936e-01,9.473383e-01,1.051764e-04,1.085624e-08,3.801020e+01,8.003793e+00,3.000640e+01,3.968306e+01,1.700000e+02
1.166791e+06,1.350453e+01,1.767120e+04,2.045278e-01,9.471982e-01,9.473385e-01,1.052850e-04,1.085624e-08,3.800969e+01,8.003793e+00,3.000589e+01,3.968237e+01,1.700000e+02
1.166801e+06,1.350464e+01,1.768120e+04,2.046436e-01,9.472028e-01,9.473386e-01,1.053936e-04,1.085624e-08,3.800918e+01,8.003793e+00,3.000538e+01,3.968168e+01,1.700000e+02
1.166811e+06,1.350476e+01,1.769120e+04,2.047593e-01,9.472074e-01,9.473387e-01,1.055022e-04,1.085624e-08,3.800867e+01,8.003793e+00,3.000487e+01,3.968099e+01,1.700000e+02
1.166821e+06,1.350488e+01,1.770121e+04,2.048751e-01,9.472121e-01,9.473388e-01,1.056107e-04,1.085623e-08,3.800816e+01,8.003793e+00,3.000436e+01,3.968029e+01,1.700000e+02
1.166831e+06,1.350499e+01,1.771121e+04,2.049908e-01,9.472167e-01,9.473389e-01,1.057193e-04,1.085623e-08,3.800765e+01,8.003793e+00,3.000385e+01,3.967960e+01,1.700000e+02
1.166841e+06,1.350511e+01,1.772121e+04,2.051066e-01,9.472213e-01,9.473390e-01,1.058279e-04,1.085623e-08,3.800713e+01,8.003793e+00,3.000334e+01,3.967891e+01,1.700000e+02
1.166851e+06,1.350522e+01,1.773121e+04,2.052223e-01,9.472259e-01,9.473391e-01,1.059364e-04,1.085623e-08,3.800662e+01,8.003793e+00,3.000283e+01,3.967821e+01,1.700000e+02
1.166861e+06,1.350534e+01,1.774121e+04,2.053381e-01,9.472305e-01,9.473392e-01,1.060450e-04,1.085623e-08,3.800611e+01,8.003793e+00,3.000232e+01,3.967752e+01,1.700000e+02
1.166871e+06,1.350545e+01,1.775121e+04,2.054538e-01,9.472351e-01,9.473393e-01,1.061536e-04,1.085623e-08,3.800560e+01,8.003793e+00,3.000181e+01,3.967683e+01,1.700000e+02
1.166881e+06,1.350557e+01,1.776121e+04,2.055696e-01,9.472397e-01,9.473394e-01,1.062621e-04,1.085623e-08,3.800509e+01,8.003793e+00,3.000130e+01,3.967614e+01,1.700000e+02
1.166891e+06,1.350569e+01,1.777121e+04,2.056853e-01,9.472443e-01,9.473395e-01,1.063707e-04,1.085623e-08,3.800458e+01,8.003793e+00,3.000079e+01,3.967544e+01,1.700000e+02
1.166901e+06,1.350580e+01,1.778121e+04,2.058010e-01,9.472490e-01,9.473396e-01,1.064793e-04,1.085623e-08,3.800407e+01,8.003793e+00,3.000028e+01,3.967475e+01,1.700000e+02
1.166911e+06,1.350592e+01,1.779121e+04,2.059168e-01,9.472536e-01,9.473397e-01,1.065879e-04,1.085622e-08,3.800356e+01,8.003793e+00,2.999977e+01,3.967406e+01,1.700000e+02
1.166921e+06,1.350603e+01,1.780121e+04,2.060325e-01,9.472582e-01,9.473398e-01,1.066964e-04,1.085622e-08,3.800305e+01,8.003793e+00,2.999926e+01,3.967336e+01,1.700000e+02
1.166931e+06,1.350615e+01,1.781121e+04,2.061483e-01,9.472628e-01,9.473399e-01,1.068050e-04,1.085622e-08,3.800254e+01,8.003793e+00,2.999875e+01,3.967267e+01,1.700000e+02
1.166941e+06,1.350626e+01,1.782121e+04,2.062640e-01,9.472674e-01,9.473400e-01,1.069136e-04,1.085622e-08,3.800203e+01,8.003793e+00,2.999824e+01,3.967198e+01,1.700000e+02
1.166951e+06,1.350638e+01,1.783121e+04,2.063798e-01,9.472720e-01,9.473401e-01,1.070221e-04,1.085622e-08,3.800152e+01,8.003793e+00,2.999773e+01,3.967129e+01,1.700000e+02
1.166961e+06,1.350650e+01,1.784121e+04,2.064955e-01,9.472763e-01,9.473402e-01,1.071307e-04,1.085622e-08,3.800101e+01,8.003793e+00,2.999722e+01,3.967060e+01,1.700000e+02
1.166971e+06,1.350661e+01,1.785122e+04,2.066113e-01,9.472767e-01,9.473403e-01,1.072393e-04,1.085622e-08,3.800053e+01,8.003793e+00,2.999673e+01,3.967008e+01,1.699996e+02
1.166981e+06,1.350673e+01,1.786122e+04,2.067270e-01,9.472672e-01,9.473404e-01,1.073478e-04,1.085622e-08,3.800027e+01,8.003793e+00,2.999648e+01,3.967013e+01,1.699956e+02
1.166991e+06,1.350684e+01,1.787122e+04,2.068428e-01,9.472577e-01,9.473405e-01,1.074564e-04,1.085621e-08,3.800001e+01,8.003793e+00,2.999622e+01,3.967017e+01,1.699916e+02
1.167001e+06,1.350696e+01,1.788122e+04,2.069585e-01,9.472481e-01,9.473406e-01,1.075650e-04,1.085621e-08,3.799976e+01,8.003793e+00,2.999596e+01,3.967022e+01,1.699876e+02
1.167011e+06,1.350707e+01,1.789122e+04,2.070743e-01,9.472386e-01,9.473407e-01,1.076735e-04,1.085621e-08,3.799950e+01,8.003793e+00,2.999571e+01,3.967027e+01,1.699836e+02
1.167021e+06,1.350719e+01,1.790122e+04,2.071900e-01,9.472291e-01,9.473408e-01,1.077821e-04,1.085621e-08,3.799924e+01,8.003793e+00,2.999545e+01,3.967031e+01,1.699796e+02
1.167031e+06,1.350731e+01,1.791122e+04,2.073058e-01,9.472196e-01,9.473409e-01,1.078907e-04,1.085621e-08,3.799899e+01,8.003793e+00,2.999519e+01,3.967036e+01,1.699756e+02
1.167041e+06,1.350742e+01,1.792122e+04,2.074215e-01,9.472101e-01,9.473410e-01,1.079993e-04,1.085621e-08,3.799873e+01,8.003793e+00,2.999494e+01,3.967041e+01,1.699716e+02
1.167051e+06,1.350754e+01,1.793122e+04,2.075373e-01,9.472006e-01,9.473411e-01,1.081078e-04,1.085621e-08,3.799847e+01,8.003793e+00,2.999468e+01,3.967045e+01,1.699676e+02
1.167061e+06,1.350765e+01,1.794122e+04,2.076530e-01,9.471911e-01,9.473412e-01,1.082164e-04,1.085621e-08,3.799821e+01,8.003793e+00,2.999442e+01,3.967050e+01,1.699636e+02
1.167071e+06,1.350777e+01,1.795122e+04,2.077688e-01,9.471816e-01,9.473413e-01,1.083250e-04,1.085620e-08,3.799796e+01,8.003793e+00,2.999416e+01,3.967055e+01,1.699596e+02
1.167081e+06,1.350788e+01,1.796122e+04,2.078845e-01,9.471721e-01,9.473414e-01,1.084335e-04,1.085620e-08,3.799770e+01,8.003793e+00,2.999391e+01,3.967059e+01,1.699556e+02
1.167091e+06,1.350800e+01,1.797122e+04,2.080003e-01,9.471626e-01,9.473415e-01,1.085421e-04,1.085620e-08,3.799744e+01,8.003793e+00,2.999365e+01,3.967064e+01,1.699515e+02
1.167101e+06,1.350812e+01,1.798122e+04,2.081160e-01,9.471531e-01,9.473416e-01,1.086507e-04,1.085620e-08,3.799719e+01,8.003793e+00,2.999339e+01,3.967068e+01,1.699475e+02
1.167111e+06,1.350823e+01,1.799122e+04,2.082318e-01,9.471436e-01,9.473417e-01,1.087592e-04,1.085620e-08,3.799693e+01,8.003793e+00,2.999314e+01,3.967073e+01,1.699435e+02
1.167121e+06,1.350835e+01,1.800123e+04,2.083475e-01,9.471341e-01,9.473418e-01,1.088678e-04,1.085620e-08,3.799667e+01,8.003793e+00,2.999288e+01,3.967078e+01,1.699395e+02
1.167131e+06,1.350846e+01,1.801123e+04,2.084633e-01,9.471246e-01,9.473419e-01,1.089764e-04,1.085620e-08,3.799642e+01,8.003793e+00,2.999262e+01,3.967082e+01,1.699355e+02
1.167141e+06,1.350858e+01,1.802123e+04,2.085790e-01,9.471151e-01,9.473421e-01,1.090849e-04,1.085620e-08,3.799616e+01,8.003793e+00,2.999237e+01,3.967087e+01,1.699315e+02
1.167151e+06,1.350869e+01,1.803123e+04,2.086948e-01,9.471055e-01,9.473422e-01,1.091935e-04,1.085620e-08,3.799590e+01,8.003793e+00,2.999211e+01,3.967092e+01,1.699275e+02
1.167161e+06,1.350881e+01,1.804123e+04,2.088105e-01,9.470960e-01,9.473423e-01,1.093021e-04,1.085619e-08,3.799565e+01,8.003793e+00,2.999185e+01,3.967096e+01,1.699235e+02
1.167171e+06,1.350893e+01,1.805123e+04,2.089263e-01,9.470865e-01,9.473424e-01,1.094107e-04,1.085619e-08,3.799539e+01,8.003793e+00,2.999160e+01,3.967101e+01,1.699195e+02
1.167181e+06,1.350904e+01,1.806123e+04,2.090420e-01,9.470770e-01,9.473425e-01,1.095192e-04,1.085619e-08,3.799513e+01,8.003793e+00,2.999134e+01,3.967106e+01,1.699155e+02
1.167191e+06,1.350916e+01,1.807123e+04,2.091578e-01,9.470675e-01,9.473426e-01,1.096278e-04,1.085619e-08,3.799488e+01,8.003793e+00,2.999108e+01,3.967110e+01,1.699115e+02
1.167201e+06,1.350927e+01,1.808123e+04,2.092735e-01,9.470580e-01,9.473427e-01,1.097364e-04,1.085619e-08,3.799462e+01,8.003793e+00,2.999083e+01,3.967115e+01,1.699075e+02
1.167211e+06,1.350939e+01,1.809123e+04,2.093893e-01,9.470489e-01,9.473428e-01,1.098449e-04,1.085619e-08,3.799436e+01,8.003793e+00,2.999057e+01,3.967118e+01,1.699035e+02
1.167221e+06,1.350951e+01,1.810123e+04,2.095050e-01,9.470444e-01,9.473429e-01,1.099535e-04,1.085619e-08,3.799417e+01,8.003793e+00,2.999038e+01,3.967113e+01,1.699000e+02
1.167231e+06,1.350962e+01,1.811123e+04,2.096208e-01,9.470518e-01,9.473430e-01,1.100621e-04,1.085619e-08,3.799443e+01,8.003793e+00,2.999064e+01,3.967116e+01,1.699000e+02
1.167241e+06,1.350974e+01,1.812123e+04,2.097365e-01,9.470593e-01,9.473431e-01,1.101706e-04,1.085618e-08,3.799468e+01,8.003793e+00,2.999089e+01,3.967118e+01,1.699000e+02
1.167251e+06,1.350985e+01,1.813123e+04,2.098523e-01,9.470667e-01,9.473432e-01,1.102792e-04,1.085618e-08,3.799494e+01,8.003793e+00,2.999115e+01,3.967120e+01,1.699000e+02
1.167261e+06,1.350997e+01,1.814124e+04,2.099680e-01,9.470741e-01,9.473433e-01,1.103878e-04,1.085618e-08,3.799520e+01,8.003793e+00,2.999141e+01,3.967122e+01,1.699000e+02
1.167271e+06,1.351008e+01,1.815124e+04,2.100837e-01,9.470816e-01,9.473434e-01,1.104963e-04,1.085618e-08,3.799546e+01,8.003793e+00,2.999166e+01,3.967125e+01,1.699000e+02
1.167281e+06,1.351020e+01,1.816124e+04,2.101995e-01,9.470890e-01,9.473435e-01,1.106049e-04,1.085618e-08,3.799571e+01,8.003793e+00,2.999192e+01,3.967127e+01,1.699000e+02
1.167291e+06,1.351032e+01,1.817124e+04,2.103152e-01,9.470965e-01,9.473436e-01,1.107135e-04,1.085618e-08,3.799597e+01,8.003793e+00,2.999218e+01,3.967129e+01,1.699000e+02
1.167301e+06,1.351043e+01,1.818124e+04,2.104310e-01,9.471039e-01,9.473437e-01,1.108221e-04,1.085618e-08,3.799623e+01,8.003793e+00,2.999243e+01,3.967132e+01,1.699000e+02
1.167311e+06,1.351055e+01,1.819124e+04,2.105467e-01,9.471113e-01,9.473438e-01,1.109306e-04,1.085618e-08,3.799648e+01,8.003793e+00,2.999269e+01,3.967134e+01,1.699000e+02
1.167321e+06,1.351066e+01,1.820124e+04,2.106625e-01,9.471188e-01,9.473439e-01,1.110392e-04,1.085618e-08,3.799674e+01,8.003793e+00,2.999295e+01,3.967136e+01,1.699000e+02
1.167331e+06,1.351078e+01,1.821124e+04,2.107782e-01,9.471262e-01,9.473440e-01,1.111478e-04,1.085617e-08,3.799700e+01,8.003793e+00,2.999320e+01,3.967138e+01,1.699000e+02
1.167341e+06,1.351089e+01,1.822124e+04,2.108940e-01,9.471336e-01,9.473441e-01,1.112563e-04,1.085617e-08,3.799725e+01,8.003793e+00,2.999346e+01,3.967141e+01,1.699000e+02
1.167351e+06,1.351101e+01,1.823124e+04,2.110097e-01,9.471411e-01,9.473442e-01,1.113649e-04,1.085617e-08,3.799751e+01,8.003793e+00,2.999372e+01,3.967143e+01,1.699000e+02
1.167361e+06,1.351113e+01,1.824124e+04,2.111255e-01,9.471485e-01,9.473443e-01,1.114735e-04,1.085617e-08,3.799777e+01,8.003793e+00,2.999397e+01,3.967145e+01,1.699000e+02
1.167371e+06,1.351124e+01,1.825124e+04,2.112412e-01,9.471559e-01,9.473444e-01,1.115820e-04,1.085617e-08,3.799802e+01,8.003793e+00,2.999423e+01,3.967147e+01,1.699000e+02
1.167381e+06,1.351136e+01,1.826124e+04,2.113570e-01,9.471634e-01,9.473445e-01,1.116906e-04,1.085617e-08,3.799828e+01,8.003793e+00,2.999449e+01,3.967150e+01,1.699000e+02
1.167391e+06,1.351147e+01,1.827124e+04,2.114727e-01,9.471708e-01,9.473446e-01,1.117992e-04,1.085617e-08,3.799854e+01,8.003793e+00,2.999475e+01,3.967152e+01,1.699000e+02
1.167401e+06,1.351159e+01,1.828124e+04,2.115885e-01,9.471783e-01,9.473447e-01,1.119077e-04,1.085617e-08,3.799880e+01,8.003793e+00,2.999500e+01,3.967154e+01,1.699000e+02
1.167411e+06,1.351170e+01,1.829125e+04,2.117042e-01,9.471857e-01,9.473448e-01,1.120163e-04,1.085616e-08,3.799905e+01,8.003793e+00,2.999526e+01,3.967156e+01,1.699000e+02
1.167421e+06,1.351182e+01,1.830125e+04,2.118200e-01,9.471931e-01,9.473449e-01,1.121249e-04,1.085616e-08,3.799931e+01,8.003793e+00,2.999552e+01,3.967159e+01,1.699000e+02
1.167431e+06,1.351194e+01,1.831125e+04,2.119357e-01,9.472006e-01,9.473450e-01,1.122335e-04,1.085616e-08,3.799957e+01,8.003793e+00,2.999577e+01,3.967161e+01,1.699000e+02
1.167441e+06,1.351205e+01,1.832125e+04,2.120515e-01,9.472080e-01,9.473451e-01,1.123420e-04,1.085616e-08,3.799982e+01,8.003793e+00,2.999603e+01,3.967163e+01,1.699000e+02
1.167451e+06,1.351217e+01,1.833125e+04,2.121672e-01,9.472154e-01,9.473452e-01,1.124506e-04,1.085616e-08,3.800008e+01,8.003793e+00,2.999629e+01,3.967165e+01,1.699000e+02
1.167461e+06,1.351228e+01,1.834125e+04,2.122830e-01,9.472229e-01,9.473453e-01,1.125592e-04,1.085616e-08,3.800034e+01,8.003793e+00,2.999654e+01,3.967168e+01,1.699000e+02
1.167471e+06,1.351240e+01,1.835125e+04,2.123987e-01,9.472292e-01,9.473454e-01,1.126677e-04,1.085616e-08,3.800051e+01,8.003793e+00,2.999672e+01,3.967165e+01,1.699000e+02
1.167481e+06,1.351251e+01,1.836125e+04,2.125145e-01,9.472299e-01,9.473455e-01,1.127763e-04,1.085616e-08,3.800025e+01,8.003793e+00,2.999646e+01,3.967135e+01,1.699000e+02
1.167491e+06,1.351263e+01,1.837125e+04,2.126302e-01,9.472307e-01,9.473456e-01,1.128849e-04,1.085616e-08,3.800000e+01,8.003793e+00,2.999621e+01,3.967106e+01,1.699000e+02
1.167501e+06,1.351275e+01,1.838125e+04,2.127460e-01,9.472314e-01,9.473458e-01,1.129934e-04,1.085615e-08,3.799974e+01,8.003793e+00,2.999595e+01,3.967076e+01,1.699000e+02
1.167511e+06,1.351286e+01,1.839125e+04,2.128617e-01,9.472321e-01,9.473459e-01,1.131020e-04,1.085615e-08,3.799949e+01,8.003793e+00,2.999569e+01,3.967047e+01,1.699000e+02
1.167521e+06,1.351298e+01,1.840125e+04,2.129775e-01,9.472328e-01,9.473460e-01,1.132106e-04,1.085615e-08,3.799923e+01,8.003793e+00,2.999544e+01,3.967018e+01,1.699000e+02
1.167531e+06,1.351309e+01,1.841125e+04,2.130932e-01,9.472335e-01,9.473461e-01,1.133191e-04,1.085615e-08,3.799897e+01,8.003793e+00,2.999518e+01,3.966988e+01,1.699000e+02
1.167541e+06,1.351321e+01,1.842125e+04,2.132090e-01,9.472342e-01,9.473462e-01,1.134277e-04,1.085615e-08,3.799872e+01,8.003793e+00,2.999493e+01,3.966959e+01,1.699000e+02
1.167551e+06,1.351332e+01,1.843125e+04,2.133247e-01,9.472350e-01,9.473463e-01,1.135363e-04,1.085615e-08,3.799846e+01,8.003793e+00,2.999467e+01,3.966929e+01,1.699000e+02
1.167561e+06,1.351344e+01,1.844126e+04,2.134405e-01,9.472357e-01,9.473464e-01,1.136449e-04,1.085615e-08,3.799821e+01,8.003793e+00,2.999441e+01,3.966900e+01,1.699000e+02
1.167571e+06,1.351356e+01,1.845126e+04,2.135562e-01,9.472364e-01,9.473465e-01,1.137534e-04,1.085615e-08,3.799795e+01,8.003793e+00,2.999416e+01,3.966870e+01,1.699000e+02
1.167581e+06,1.351367e+01,1.846126e+04,2.136720e-01,9.472371e-01,9.473466e-01,1.138620e-04,1.085614e-08,3.799769e+01,8.003793e+00,2.999390e+01,3.966841e+01,1.699000e+02
1.167591e+06,1.351379e+01,1.847126e+04,2.137877e-01,9.472378e-01,9.473467e-01,1.139706e-04,1.085614e-08,3.799744e+01,8.003793e+00,2.999365e+01,3.966812e+01,1.699000e+02
1.167601e+06,1.351390e+01,1.848126e+04,2.139035e-01,9.472386e-01,9.473468e-01,1.140791e-04,1.085614e-08,3.799718e+01,8.003793e+00,2.999339e+01,3.966782e+01,1.699000e+02
1.167611e+06,1.351402e+01,1.849126e+04,2.140192e-01,9.472393e-01,9.473469e-01,1.141877e-04,1.085614e-08,3.799693e+01,8.003793e+00,2.999313e+01,3.966753e+01,1.699000e+02
1.167621e+06,1.351413e+01,1.850126e+04,2.141349e-01,9.472400e-01,9.473470e-01,1.142963e-04,1.085614e-08,3.799667e+01,8.003793e+00,2.999288e+01,3.966723e+01,1.699000e+02
1.167631e+06,1.351425e+01,1.851126e+04,2.142507e-01,9.472407e-01,9.473471e-01,1.144048e-04,1.085614e-08,3.799641e+01,8.003793e+00,2.999262e+01,3.966694e+01,1.699000e+02
1.167641e+06,1.351437e+01,1.852126e+04,2.143664e-01,9.472414e-01,9.473472e-01,1.145134e-04,1.085614e-08,3.799616e+01,8.003793e+00,2.999237e+01,3.966664e+01,1.699000e+02
1.167651e+06,1.351448e+01,1.853126e+04,2.144822e-01,9.472422e-01,9.473473e-01,1.146220e-04,1.085614e-08,3.799590e+01,8.003793e+00,2.999211e+01,3.966635e+01,1.699000e+02
1.167661e+06,1.351460e+01,1.854126e+04,2.145979e-01,9.472429e-01,9.473474e-01,1.147305e-04,1.085614e-08,3.799565e+01,8.003793e+00,2.999185e+01,3.966606e+01,1.699000e+02
1.167671e+06,1.351471e+01,1.855126e+04,2.147137e-01,9.472436e-01,9.473475e-01,1.148391e-04,1.085613e-08,3.799539e+01,8.003793e+00,2.999160e+01,3.966576e+01,1.699000e+02
1.167681e+06,1.351483e+01,1.856126e+04,2.148294e-01,9.472443e-01,9.473476e-01,1.149477e-04,1.085613e-08,3.799513e+01,8.003793e+00,2.999134e+01,3.966547e+01,1.699000e+02
1.167691e+06,1.351495e+01,1.857126e+04,2.149452e-01,9.472450e-01,9.473477e-01,1.150562e-04,1.085613e-08,3.799488e+01,8.003793e+00,2.999109e+01,3.966517e+01,1.699000e+02
1.167701e+06,1.351506e+01,1.858127e+04,2.150609e-01,9.472458e-01,9.473478e-01,1.151648e-04,1.085613e-08,3.799462e+01,8.003793e+00,2.999083e+01,3.966488e+01,1.699000e+02
1.167711e+06,1.351518e+01,1.859127e+04,2.151767e-01,9.472465e-01,9.473479e-01,1.152734e-04,1.085613e-08,3.799437e+01,8.003793e+00,2.999057e+01,3.966458e+01,1.699000e+02
1.167721e+06,1.351529e+01,1.860127e+04,2.152924e-01,9.472473e-01,9.473480e-01,1.153820e-04,1.085613e-08,3.799414e+01,8.003793e+00,2.999034e+01,3.966432e+01,1.699000e+02
1.167731e+06,1.351541e+01,1.861127e+04,2.154082e-01,9.472488e-01,9.473481e-01,1.154905e-04,1.085613e-08,3.799414e+01,8.003793e+00,2.999034e+01,3.966426e+01,1.699000e+02
1.167741e+06,1.351552e+01,1.862127e+04,2.155239e-01,9.472504e-01,9.473482e-01,1.155991e-04,1.085613e-08,3.799414e+01,8.003793e+00,2.999034e+01,3.966421e+01,1.699000e+02
1.167751e+06,1.351564e+01,1.863127e+04,2.156397e-01,9.472519e-01,9.473483e-01,1.157077e-04,1.085612e-08,3.799414e+01,8.003793e+00,2.999034e+01,3.966416e+01,1.699000e+02
1.167761e+06,1.351576e+01,1.864127e+04,2.157554e-01,9.472535e-01,9.473484e-01,1.158162e-04,1.085612e-08,3.799414e+01,8.003793e+00,2.999034e+01,3.966411e+01,1.699000e+02
1.167771e+06,1.351587e+01,1.865127e+04,2.158712e-01,9.472550e-01,9.473485e-01,1.159248e-04,1.085612e-08,3.799414e+01,8.003793e+00,2.999034e+01,3.966406e+01,1.699000e+02
1.167781e+06,1.351599e+01,1.866127e+04,2.159869e-01,9.472566e-01,9.473486e-01,1.160334e-04,1.085612e-08,3.799414e+01,8.003793e+00,2.999034e+01,3.966401e+01,1.699000e+02
1.167791e+06,1.351610e+01,1.867127e+04,2.161027e-01,9.472581e-01,9.473487e-01,1.161419e-04,1.085612e-08,3.799414e+01,8.003793e+00,2.999034e+01,3.966395e+01,1.699000e+02
1.167801e+06,1.351622e+01,1.868127e+04,2.162184e-01,9.472597e-01,9.473488e-01,1.162505e-04,1.085612e-08,3.799414e+01,8.003793e+00,2.999034e+01,3.966390e+01,1.699000e+02
1.167811e+06,1.351633e+01,1.869127e+04,2.163342e-01,9.472613e-01,9.473489e-01,1.163591e-04,1.085612e-08,3.799414e+01,8.003793e+00,2.999034e+01,3.966385e+01,1.699000e+02
1.167821e+06,1.351645e+01,1.870127e+04,2.164499e-01,9.472628e-01,9.473490e-01,1.164676e-04,1.085612e-08,3.799414e+01,8.003793e+00,2.999034e+01,3.966380e+01,1.699000e+02
1.167831e+06,1.351657e+01,1.871127e+04,2.165657e-01,9.472644e-01,9.473491e-01,1.165762e-04,1.085612e-08,3.799414e+01,8.003793e+00,2.999034e+01,3.966375e+01,1.699000e+02
1.167841e+06,1.351668e+01,1.872127e+04,2.166814e-01,9.472659e-01,9.473492e-01,1.166848e-04,1.085611e-08,3.799414e+01,8.003793e+00,2.999034e+01,3.966369e+01,1.699000e+02
1.167851e+06,1.351680e+01,1.873128e+04,2.167972e-01,9.472675e-01,9.473494e-01,1.167933e-04,1.085611e-08,3.799414e+01,8.003793e+00,2.999034e+01,3.966364e+01,1.699000e+02
1.167861e+06,1.351691e+01,1.874128e+04,2.169129e-01,9.472690e-01,9.473495e-01,1.169019e-04,1.085611e-08,3.799414e+01,8.003793e+00,2.999034e+01,3.966359e+01,1.699000e+02
1.167871e+06,1.351703e+01,1.875128e+04,2.170287e-01,9.472706e-01,9.473496e-01,1.170105e-04,1.085611e-08,3.799414e+01,8.003793e+00,2.999034e+01,3.966354e+01,1.699000e+02
1.167881e+06,1.351714e+01,1.876128e+04,2.171444e-01,9.472721e-01,9.473497e-01,1.171190e-04,1.085611e-08,3.799414e+01,8.003793e+00,2.999034e+01,3.966349e+01,1.699000e+02
1.167891e+06,1.351726e+01,1.877128e+04,2.172602e-01,9.472737e-01,9.473498e-01,1.172276e-04,1.085611e-08,3.799414e+01,8.003793e+00,2.999034e+01,3.966343e+01,1.699000e+02
1.167901e+06,1.351738e+01,1.878128e+04,2.173759e-01,9.472752e-01,9.473499e-01,1.173362e-04,1.085611e-08,3.799414e+01,8.003793e+00,2.999034e+01,3.966338e+01,1.699000e+02
1.167911e+06,1.351749e+01,1.879128e+04,2.174917e-01,9.472768e-01,9.473500e-01,1.174448e-04,1.085611e-08,3.799414e+01,8.003793e+00,2.999034e+01,3.966333e+01,1.699000e+02
1.167921e+06,1.351761e+01,1.880128e+04,2.176074e-01,9.472783e-01,9.473501e-01,1.175533e-04,1.085610e-08,3.799414e+01,8.003793e+00,2.999034e+01,3.966328e+01,1.699000e+02
1.167931e+06,1.351772e+01,1.881128e+04,2.177232e-01,9.472799e-01,9.473502e-01,1.176619e-04,1.085610e-08,3.799414e+01,8.003793e+00,2.999034e+01,3.966323e+01,1.699000e+02
1.167941e+06,1.351784e+01,1.882128e+04,2.178389e-01,9.472814e-01,9.473503e-01,1.177705e-04,1.085610e-08,3.799414e+01,8.003793e+00,2.999034e+01,3.966318e+01,1.699000e+02
1.167951e+06,1.351795e+01,1.883128e+04,2.179547e-01,9.472830e-01,9.473504e-01,1.178790e-04,1.085610e-08,3.799414e+01,8.003793e+00,2.999034e+01,3.966312e+01,1.699000e+02
1.167961e+06,1.351807e+01,1.884128e+04,2.180704e-01,9.472845e-01,9.473505e-01,1.179876e-04,1.085610e-08,3.799414e+01,8.003793e+00,2.999034e+01,3.966307e+01,1.699000e+02
1.167971e+06,1.351819e+01,1.885128e+04,2.181862e-01,9.472860e-01,9.473506e-01,1.180962e-04,1.085610e-08,3.799421e+01,8.003793e+00,2.999042e+01,3.966310e+01,1.699000e+02
1.167981e+06,1.351830e+01,1.886128e+04,2.183019e-01,9.472868e-01,9.473507e-01,1.182047e-04,1.085610e-08,3.799472e+01,8.003793e+00,2.999093e+01,3.966361e+01,1.699000e+02
1.167991e+06,1.351842e+01,1.887128e+04,2.184176e-01,9.472876e-01,9.473508e-01,1.183133e-04,1.085610e-08,3.799524e+01,8.003793e+00,2.999144e+01,3.966413e+01,1.699000e+02
1.168001e+06,1.351853e+01,1.888129e+04,2.185334e-01,9.472885e-01,9.473509e-01,1.184219e-04,1.085610e-08,3.799575e+01,8.003793e+00,2.999196e+01,3.966464e+01,1.699000e+02
1.168011e+06,1.351865e+01,1.889129e+04,2.186491e-01,9.472893e-01,9.473510e-01,1.185304e-04,1.085609e-08,3.799626e+01,8.003793e+00,2.999247e+01,3.966516e+01,1.699000e+02
1.168021e+06,1.351876e+01,1.890129e+04,2.187649e-01,9.472901e-01,9.473511e-01,1.186390e-04,1.085609e-08,3.799678e+01,8.003793e+00,2.999299e+01,3.966567e+01,1.699000e+02
1.168031e+06,1.351888e+01,1.891129e+04,2.188806e-01,9.472909e-01,9.473512e-01,1.187476e-04,1.085609e-08,3.799729e+01,8.003793e+00,2.999350e+01,3.966619e+01,1.699000e+02
1.168041e+06,1.351900e+01,1.892129e+04,2.189964e-01,9.472918e-01,9.473513e-01,1.188561e-04,1.085609e-08,3.799781e+01,8.003793e+00,2.999401e+01,3.966670e+01,1.699000e+02
1.168051e+06,1.351911e+01,1.893129e+04,2.191121e-01,9.472926e-01,9.473514e-01,1.189647e-04,1.085609e-08,3.799832e+01,8.003793e+00,2.999453e+01,3.966722e+01,1.699000e+02
1.168061e+06,1.351923e+01,1.894129e+04,2.192279e-01,9.472934e-01,9.473515e-01,1.190733e-04,1.085609e-08,3.799883e+01,8.003793e+00,2.999504e+01,3.966773e+01,1.699000e+02
1.168071e+06,1.351934e+01,1.895129e+04,2.193436e-01,9.472942e-01,9.473516e-01,1.191818e-04,1.085609e-08,3.799935e+01,8.003793e+00,2.999555e+01,3.966825e+01,1.699000e+02
1.168081e+06,1.351946e+01,1.896129e+04,2.194594e-01,9.472951e-01,9.473517e-01,1.192904e-04,1.085609e-08,3.799986e+01,8.003793e+00,2.999607e+01,3.966876e+01,1.699000e+02
1.168091e+06,1.351958e+01,1.897129e+04,2.195751e-01,9.472959e-01,9.473518e-01,1.193990e-04,1.085608e-08,3.800037e+01,8.003793e+00,2.999658e+01,3.966928e+01,1.699000e+02
1.168101e+06,1.351969e+01,1.898129e+04,2.196909e-01,9.472967e-01,9.473519e-01,1.195076e-04,1.085608e-08,3.800089e+01,8.003793e+00,2.999710e+01,3.966979e+01,1.699000e+02
1.168111e+06,1.351981e+01,1.899129e+04,2.198066e-01,9.472975e-01,9.473520e-01,1.196161e-04,1.085608e-08,3.800140e+01,8.003793e+00,2.999761e+01,3.967031e+01,1.699000e+02
1.168121e+06,1.351992e+01,1.900129e+04,2.199224e-01,9.472984e-01,9.473521e-01,1.197247e-04,1.085608e-08,3.800192e+01,8.003793e+00,2.999812e+01,3.967082e+01,1.699000e+02
1.168131e+06,1.352004e+01,1.901129e+04,2.200381e-01,9.472992e-01,9.473522e-01,1.198333e-04,1.085608e-08,3.800243e+01,8.003793e+00,2.999864e+01,3.967133e+01,1.699000e+02
1.168141e+06,1.352015e+01,1.902130e+04,2.201539e-01,9.473000e-01,9.473523e-01,1.199418e-04,1.085608e-08,3.800294e+01,8.003793e+00,2.999915e+01,3.967185e+01,1.699000e+02
1.168151e+06,1.352027e+01,1.903130e+04,2.202696e-01,9.473009e-01,9.473524e-01,1.200504e-04,1.085608e-08,3.800346e+01,8.003793e+00,2.999966e+01,3.967236e+01,1.699000e+02
1.168161e+06,1.352039e+01,1.904130e+04,2.203854e-01,9.473017e-01,9.473525e-01,1.201590e-04,1.085608e-08,3.800397e+01,8.003793e+00,3.000018e+01,3.967288e+01,1.699000e+02
1.168171e+06,1.352050e+01,1.905130e+04,2.205011e-01,9.473025e-01,9.473526e-01,1.202675e-04,1.085608e-08,3.800448e+01,8.003793e+00,3.000069e+01,3.967339e+01,1.699000e+02
1.168181e+06,1.352062e+01,1.906130e+04,2.206169e-01,9.473033e-01,9.473527e-01,1.203761e-04,1.085607e-08,3.800500e+01,8.003793e+00,3.000121e+01,3.967391e+01,1.699000e+02
1.168191e+06,1.352073e+01,1.907130e+04,2.207326e-01,9.473042e-01,9.473528e-01,1.204847e-04,1.085607e-08,3.800551e+01,8.003793e+00,3.000172e+01,3.967442e+01,1.699000e+02
1.168201e+06,1.352085e+01,1.908130e+04,2.208484e-01,9.473050e-01,9.473530e-01,1.205932e-04,1.085607e-08,3.800603e+01,8.003793e+00,3.000223e+01,3.967494e+01,1.699000e+02
1.168211e+06,1.352096e+01,1.909130e+04,2.209641e-01,9.473058e-01,9.473531e-01,1.207018e-04,1.085607e-08,3.800654e+01,8.003793e+00,3.000275e+01,3.967545e+01,1.699000e+02
1.168221e+06,1.352108e+01,1.910130e+04,2.210799e-01,9.473074e-01,9.473532e-01,1.208104e-04,1.085607e-08,3.800679e+01,8.003793e+00,3.000300e+01,3.967566e+01,1.699000e+02
1.168231e+06,1.352120e+01,1.911130e+04,2.211956e-01,9.473125e-01,9.473533e-01,1.209189e-04,1.085607e-08,3.800577e+01,8.003793e+00,3.000197e+01,3.967441e+01,1.699000e+02
1.168241e+06,1.352131e+01,1.912130e+04,2.213114e-01,9.473177e-01,9.473534e-01,1.210275e-04,1.085607e-08,3.800474e+01,8.003793e+00,3.000095e+01,3.967316e+01,1.699000e+02
1.168251e+06,1.352143e+01,1.913130e+04,2.214271e-01,9.473228e-01,9.473535e-01,1.211361e-04,1.085607e-08,3.800372e+01,8.003793e+00,2.999992e+01,3.967190e+01,1.699000e+02
1.168261e+06,1.352154e+01,1.914130e+04,2.215429e-01,9.473280e-01,9.473536e-01,1.212446e-04,1.085606e-08,3.800269e+01,8.003793e+00,2.999890e+01,3.967065e+01,1.699000e+02
1.168271e+06,1.352166e+01,1.915130e+04,2.216586e-01,9.473331e-01,9.473537e-01,1.213532e-04,1.085606e-08,3.800167e+01,8.003793e+00,2.999788e+01,3.966940e+01,1.699000e+02
1.168281e+06,1.352177e+01,1.916130e+04,2.217744e-01,9.473383e-01,9.473538e-01,1.214618e-04,1.085606e-08,3.800065e+01,8.003793e+00,2.999685e+01,3.966815e+01,1.699000e+02
1.168291e+06,1.352189e+01,1.917131e+04,2.218901e-01,9.473434e-01,9.473539e-01,1.215703e-04,1.085606e-08,3.799962e+01,8.003793e+00,2.999583e+01,3.966689e+01,1.699000e+02
1.168301e+06,1.352201e+01,1.918131e+04,2.220059e-01,9.473486e-01,9.473540e-01,1.216789e-04,1.085606e-08,3.799860e+01,8.003793e+00,2.999480e+01,3.966564e+01,1.699000e+02
1.168311e+06,1.352212e+01,1.919131e+04,2.221216e-01,9.473537e-01,9.473541e-01,1.217875e-04,1.085606e-08,3.799757e+01,8.003793e+00,2.999378e+01,3.966439e+01,1.699000e+02
1.168321e+06,1.352224e+01,1.920131e+04,2.222374e-01,9.473589e-01,9.473542e-01,1.218961e-04,1.085606e-08,3.799655e+01,8.003793e+00,2.999276e+01,3.966313e+01,1.699000e+02
1.168331e+06,1.352235e+01,1.921131e+04,2.223531e-01,9.473640e-01,9.473543e-01,1.220046e-04,1.085606e-08,3.799553e+01,8.003793e+00,2.999173e+01,3.966188e+01,1.699000e+02
1.168341e+06,1.352247e+01,1.922131e+04,2.224689e-01,9.473692e-01,9.473544e-01,1.221132e-04,1.085606e-08,3.799450e+01,8.003793e+00,2.999071e+01,3.966063e+01,1.699000e+02
1.168351e+06,1.352258e+01,1.923131e+04,2.225846e-01,9.473743e-01,9.473545e-01,1.222218e-04,1.085605e-08,3.799348e+01,8.003793e+00,2.998968e+01,3.965938e+01,1.699000e+02
1.168361e+06,1.352270e+01,1.924131e+04,2.227003e-01,9.473794e-01,9.473546e-01,1.223303e-04,1.085605e-08,3.799245e+01,8.003793e+00,2.998866e+01,3.965812e+01,1.699000e+02
1.168371e+06,1.352282e+01,1.925131e+04,2.228161e-01,9.473846e-01,9.473547e-01,1.224389e-04,1.085605e-08,3.799143e+01,8.003793e+00,2.998764e+01,3.965687e+01,1.699000e+02
1.168381e+06,1.352293e+01,1.926131e+04,2.229318e-01,9.473897e-01,9.473548e-01,1.225475e-04,1.085605e-08,3.799041e+01,8.003793e+00,2.998661e+01,3.965562e+01,1.699000e+02
1.168391e+06,1.352305e+01,1.927131e+04,2.230476e-01,9.473949e-01,9.473549e-01,1.226560e-04,1.085605e-08,3.798938e+01,8.003793e+00,2.998559e+01,3.965436e+01,1.699000e+02
1.168401e+06,1.352316e+01,1.928131e+04,2.231633e-01,9.474000e-01,9.473550e-01,1.227646e-04,1.085605e-08,3.798836e+01,8.003793e+00,2.998456e+01,3.965311e+01,1.699000e+02
1.168411e+06,1.352328e+01,1.929131e+04,2.232791e-01,9.474052e-01,9.473551e-01,1.228732e-04,1.085605e-08,3.798733e+01,8.003793e+00,2.998354e+01,3.965186e+01,1.699000e+02
1.168421e+06,1.352339e+01,1.930131e+04,2.233948e-01,9.474103e-01,9.473552e-01,1.229817e-04,1.085605e-08,3.798631e+01,8.003793e+00,2.998252e+01,3.965061e+01,1.699000e+02
1.168431e+06,1.352351e+01,1.931131e+04,2.235106e-01,9.474155e-01,9.473553e-01,1.230903e-04,1.085604e-08,3.798529e+01,8.003793e+00,2.998149e+01,3.964935e+01,1.699000e+02
1.168441e+06,1.352363e+01,1.932132e+04,2.236263e-01,9.474206e-01,9.473554e-01,1.231989e-04,1.085604e-08,3.798426e+01,8.003793e+00,2.998047e+01,3.964810e+01,1.699000e+02
1.168451e+06,1.352374e+01,1.933132e+04,2.237421e-01,9.474258e-01,9.473555e-01,1.233074e-04,1.085604e-08,3.798324e+01,8.003793e+00,2.997945e+01,3.964685e+01,1.699000e+02
1.168461e+06,1.352386e+01,1.934132e+04,2.238578e-01,9.474309e-01,9.473556e-01,1.234160e-04,1.085604e-08,3.798221e+01,8.003793e+00,2.997842e+01,3.964559e+01,1.699000e+02
1.168471e+06,1.352397e+01,1.935132e+04,2.239736e-01,9.474354e-01,9.473557e-01,1.235246e-04,1.085604e-08,3.798137e+01,8.003763e+00,2.997761e+01,3.964456e+01,1.699000e+02
1.168481e+06,1.352409e+01,1.936132e+04,2.240893e-01,9.474345e-01,9.473558e-01,1.236331e-04,1.085604e-08,3.798188e+01,8.003509e+00,2.997838e+01,3.964514e+01,1.699000e+02
1.168491e+06,1.352421e+01,1.937132e+04,2.242051e-01,9.474337e-01,9.473559e-01,1.237417e-04,1.085604e-08,3.798240e+01,8.003255e+00,2.997914e+01,3.964573e+01,1.699000e+02
1.168501e+06,1.352432e+01,1.938132e+04,2.243208e-01,9.474329e-01,9.473560e-01,1.238503e-04,1.085604e-08,3.798291e+01,8.003001e+00,2.997991e+01,3.964631e+01,1.699000e+02
1.168511e+06,1.352444e+01,1.939132e+04,2.244366e-01,9.474321e-01,9.473561e-01,1.239588e-04,1.085604e-08,3.798343e+01,8.002747e+00,2.998068e+01,3.964689e+01,1.699000e+02
1.168521e+06,1.352455e+01,1.940132e+04,2.245523e-01,9.474312e-01,9.473562e-01,1.240674e-04,1.085603e-08,3.798394e+01,8.002493e+00,2.998145e+01,3.964748e+01,1.699000e+02
1.168531e+06,1.352467e+01,1.941132e+04,2.246681e-01,9.474304e-01,9.473563e-01,1.241760e-04,1.085603e-08,3.798445e+01,8.002239e+00,2.998221e+01,3.964806e+01,1.699000e+02
1.168541e+06,1.352478e+01,1.942132e+04,2.247838e-01,9.474296e-01,9.473564e-01,1.242845e-04,1.085603e-08,3.798497e+01,8.001984e+00,2.998298e+01,3.964864e+01,1.699000e+02
1.168551e+06,1.352490e+01,1.943132e+04,2.248996e-01,9.474288e-01,9.473566e-01,1.243931e-04,1.085603e-08,3.798548e+01,8.001730e+00,2.998375e+01,3.964923e+01,1.699000e+02
1.168561e+06,1.352502e+01,1.944132e+04,2.250153e-01,9.474279e-01,9.473567e-01,1.245017e-04,1.085603e-08,3.798599e+01,8.001476e+00,2.998452e+01,3.964981e+01,1.699000e+02
1.168571e+06,1.352513e+01,1.945132e+04,2.251311e-01,9.474271e-01,9.473568e-01,1.246102e-04,1.085603e-08,3.798651e+01,8.001222e+00,2.998529e+01,3.965040e+01,1.699000e+02
1.168581e+06,1.352525e+01,1.946132e+04,2.252468e-01,9.474263e-01,9.473569e-01,1.247188e-04,1.085603e-08,3.798702e+01,8.000968e+00,2.998605e+01,3.965098e+01,1.699000e+02
1.168591e+06,1.352536e+01,1.947133e+04,2.253626e-01,9.474255e-01,9.473570e-01,1.248274e-04,1.085603e-08,3.798754e+01,8.000714e+00,2.998682e+01,3.965156e+01,1.699000e+02
1.168601e+06,1.352548e+01,1.948133e+04,2.254783e-01,9.474246e-01,9.473571e-01,1.249359e-04,1.085602e-08,3.798805e+01,8.000460e+00,2.998759e+01,3.965215e+01,1.699000e+02
1.168611e+06,1.352559e+01,1.949133e+04,2.255941e-01,9.474238e-01,9.473572e-01,1.250445e-04,1.085602e-08,3.798856e+01,8.000206e+00,2.998836e+01,3.965273e+01,1.699000e+02
1.168621e+06,1.352571e+01,1.950133e+04,2.257098e-01,9.474230e-01,9.473573e-01,1.251531e-04,1.085602e-08,3.798908e+01,7.999951e+00,2.998913e+01,3.965332e+01,1.699000e+02
1.168631e+06,1.352583e+01,1.951133e+04,2.258256e-01,9.474222e-01,9.473574e-01,1.252617e-04,1.085602e-08,3.798959e+01,7.999697e+00,2.998989e+01,3.965390e+01,1.699000e+02
1.168641e+06,1.352594e+01,1.952133e+04,2.259413e-01,9.474213e-01,9.473575e-01,1.253702e-04,1.085602e-08,3.799010e+01,7.999443e+00,2.999066e+01,3.965448e+01,1.699000e+02
1.168651e+06,1.352606e+01,1.953133e+04,2.260571e-01,9.474205e-01,9.473576e-01,1.254788e-04,1.085602e-08,3.799062e+01,7.999189e+00,2.999143e+01,3.965507e+01,1.699000e+02
1.168661e+06,1.352617e+01,1.954133e+04,2.261728e-01,9.474197e-01,9.473577e-01,1.255874e-04,1.085602e-08,3.799113e+01,7.998935e+00,2.999220e+01,3.965565e+01,1.699000e+02
1.168671e+06,1.352629e+01,1.955133e+04,2.262886e-01,9.474188e-01,9.473578e-01,1.256959e-04,1.085602e-08,3.799165e+01,7.998681e+00,2.999296e+01,3.965624e+01,1.699000e+02
1.168681e+06,1.352640e+01,1.956133e+04,2.264043e-01,9.474180e-01,9.473579e-01,1.258045e-04,1.085602e-08,3.799216e+01,7.998427e+00,2.999373e+01,3.965682e+01,1.699000e+02
1.168691e+06,1.352652e+01,1.957133e+04,2.265201e-01,9.474172e-01,9.473580e-01,1.259131e-04,1.085601e-08,3.799267e+01,7.998173e+00,2.999450e+01,3.965740e+01,1.699000e+02
1.168701e+06,1.352664e+01,1.958133e+04,2.266358e-01,9.474164e-01,9.473581e-01,1.260216e-04,1.085601e-08,3.799319e+01,7.997919e+00,2.999527e+01,3.965799e+01,1.699000e+02
1.168711e+06,1.352675e+01,1.959133e+04,2.267515e-01,9.474160e-01,9.473582e-01,1.261302e-04,1.085601e-08,3.799370e+01,7.997664e+00,2.999604e+01,3.965856e+01,1.699000e+02
1.168721e+06,1.352687e+01,1.960133e+04,2.268673e-01,9.474201e-01,9.473583e-01,1.262388e-04,1.085601e-08,3.799418e+01,7.997486e+00,2.999669e+01,3.965893e+01,1.699006e+02
1.168731e+06,1.352698e+01,1.961134e+04,2.269830e-01,9.474337e-01,9.473584e-01,1.263473e-04,1.085601e-08,3.799443e+01,7.997740e+00,2.999669e+01,3.965873e+01,1.699046e+02
1.168741e+06,1.352710e+01,1.962134e+04,2.270988e-01,9.474474e-01,9.473585e-01,1.264559e-04,1.085601e-08,3.799469e+01,7.997994e+00,2.999670e+01,3.965853e+01,1.699086e+02
1.168751e+06,1.352721e+01,1.963134e+04,2.272145e-01,9.474610e-01,9.473586e-01,1.265645e-04,1.085601e-08,3.799495e+01,7.998249e+00,2.999670e+01,3.965834e+01,1.699126e+02
1.168761e+06,1.352733e+01,1.964134e+04,2.273303e-01,9.474747e-01,9.473587e-01,1.266730e-04,1.085601e-08,3.799520e+01,7.998503e+00,2.999670e+01,3.965814e+01,1.699166e+02
1.168771e+06,1.352745e+01,1.965134e+04,2.274460e-01,9.474883e-01,9.473588e-01,1.267816e-04,1.085600e-08,3.799546e+01,7.998757e+00,2.999670e+01,3.965794e+01,1.699206e+02
1.168781e+06,1.352756e+01,1.966134e+04,2.275618e-01,9.475020e-01,9.473589e-01,1.268902e-04,1.085600e-08,3.799572e+01,7.999011e+00,2.999671e+01,3.965774e+01,1.699246e+02
1.168791e+06,1.352768e+01,1.967134e+04,2.276775e-01,9.475156e-01,9.473590e-01,1.269987e-04,1.085600e-08,3.799597e+01,7.999265e+00,2.999671e+01,3.965754e+01,1.699286e+02
1.168801e+06,1.352779e+01,1.968134e+04,2.277933e-01,9.475293e-01,9.473591e-01,1.271073e-04,1.085600e-08,3.799623e+01,7.999519e+00,2.999671e+01,3.965734e+01,1.699326e+02
1.168811e+06,1.352791e+01,1.969134e+04,2.279090e-01,9.475429e-01,9.473592e-01,1.272159e-04,1.085600e-08,3.799649e+01,7.999773e+00,2.999671e+01,3.965714e+01,1.699366e+02
1.168821e+06,1.352802e+01,1.970134e+04,2.280248e-01,9.475565e-01,9.473593e-01,1.273244e-04,1.085600e-08,3.799675e+01,8.000027e+00,2.999672e+01,3.965694e+01,1.699406e+02
1.168831e+06,1.352814e+01,1.971134e+04,2.281405e-01,9.475702e-01,9.473594e-01,1.274330e-04,1.085600e-08,3.799700e+01,8.000282e+00,2.999672e+01,3.965674e+01,1.699447e+02
1.168841e+06,1.352826e+01,1.972134e+04,2.282563e-01,9.475838e-01,9.473595e-01,1.275416e-04,1.085600e-08,3.799726e+01,8.000536e+00,2.999672e+01,3.965655e+01,1.699487e+02
1.168851e+06,1.352837e+01,1.973134e+04,2.283720e-01,9.475975e-01,9.473596e-01,1.276501e-04,1.085600e-08,3.799752e+01,8.000790e+00,2.999673e+01,3.965635e+01,1.699527e+02
1.168861e+06,1.352849e+01,1.974134e+04,2.284878e-01,9.476111e-01,9.473597e-01,1.277587e-04,1.085599e-08,3.799777e+01,8.001044e+00,2.999673e+01,3.965615e+01,1.699567e+02
1.168871e+06,1.352860e+01,1.975134e+04,2.286035e-01,9.476248e-01,9.473598e-01,1.278673e-04,1.085599e-08,3.799803e+01,8.001298e+00,2.999673e+01,3.965595e+01,1.699607e+02
1.168881e+06,1.352872e+01,1.976135e+04,2.287193e-01,9.476384e-01,9.473599e-01,1.279758e-04,1.085599e-08,3.799829e+01,8.001552e+00,2.999673e+01,3.965575e+01,1.699647e+02
1.168891e+06,1.352884e+01,1.977135e+04,2.288350e-01,9.476521e-01,9.473600e-01,1.280844e-04,1.085599e-08,3.799854e+01,8.001806e+00,2.999674e+01,3.965555e+01,1.699687e+02
1.168901e+06,1.352895e+01,1.978135e+04,2.289508e-01,9.476657e-01,9.473602e-01,1.281930e-04,1.085599e-08,3.799880e+01,8.002060e+00,2.999674e+01,3.965535e+01,1.699727e+02
1.168911e+06,1.352907e+01,1.979135e+04,2.290665e-01,9.476794e-01,9.473603e-01,1.283015e-04,1.085599e-08,3.799906e+01,8.002315e+00,2.999674e+01,3.965515e+01,1.699767e+02
1.168921e+06,1.352918e+01,1.980135e+04,2.291823e-01,9.476930e-01,9.473604e-01,1.284101e-04,1.085599e-08,3.799931e+01,8.002569e+00,2.999675e+01,3.965496e+01,1.699807e+02
1.168931e+06,1.352930e+01,1.981135e+04,2.292980e-01,9.477067e-01,9.473605e-01,1.285187e-04,1.085599e-08,3.799957e+01,8.002823e+00,2.999675e+01,3.965476e+01,1.699847e+02
1.168941e+06,1.352941e+01,1.982135e+04,2.294138e-01,9.477203e-01,9.473606e-01,1.286272e-04,1.085598e-08,3.799983e+01,8.003077e+00,2.999675e+01,3.965456e+01,1.699887e+02
1.168951e+06,1.352953e+01,1.983135e+04,2.295295e-01,9.477339e-01,9.473607e-01,1.287358e-04,1.085598e-08,3.800008e+01,8.003331e+00,2.999675e+01,3.965436e+01,1.699927e+02
1.168961e+06,1.352965e+01,1.984135e+04,2.296453e-01,9.477464e-01,9.473608e-01,1.288444e-04,1.085598e-08,3.800034e+01,8.003585e+00,2.999676e+01,3.965420e+01,1.699967e+02
1.168971e+06,1.352976e+01,1.985135e+04,2.297610e-01,9.477479e-01,9.473609e-01,1.289529e-04,1.085598e-08,3.800041e+01,8.003793e+00,2.999662e+01,3.965421e+01,1.699993e+02
1.168981e+06,1.352988e+01,1.986135e+04,2.298768e-01,9.477236e-01,9.473610e-01,1.290615e-04,1.085598e-08,3.799964e+01,8.003793e+00,2.999585e+01,3.965421e+01,1.699953e+02
1.168991e+06,1.352999e+01,1.987135e+04,2.299925e-01,9.476993e-01,9.473611e-01,1.291701e-04,1.085598e-08,3.799888e+01,8.003793e+00,2.999508e+01,3.965421e+01,1.699913e+02
1.169001e+06,1.353011e+01,1.988135e+04,2.301083e-01,9.476750e-01,9.473612e-01,1.292786e-04,1.085598e-08,3.799811e+01,8.003793e+00,2.999432e+01,3.965422e+01,1.699873e+02
1.169011e+06,1.353022e+01,1.989135e+04,2.302240e-01,9.476507e-01,9.473613e-01,1.293872e-04,1.085598e-08,3.799734e+01,8.003793e+00,2.999355e+01,3.965422e+01,1.699833e+02
1.169021e+06,1.353034e+01,1.990135e+04,2.303398e-01,9.476264e-01,9.473614e-01,1.294958e-04,1.085598e-08,3.799657e+01,8.003793e+00,2.999278e+01,3.965422e+01,1.699793e+02
1.169031e+06,1.353046e+01,1.991136e+04,2.304555e-01,9.476021e-01,9.473615e-01,1.296043e-04,1.085597e-08,3.799580e+01,8.003793e+00,2.999201e+01,3.965422e+01,1.699753e+02
1.169041e+06,1.353057e+01,1.992136e+04,2.305713e-01,9.475778e-01,9.473616e-01,1.297129e-04,1.085597e-08,3.799504e+01,8.003793e+00,2.999124e+01,3.965422e+01,1.699713e+02
1.169051e+06,1.353069e+01,1.993136e+04,2.306870e-01,9.475535e-01,9.473617e-01,1.298215e-04,1.085597e-08,3.799427e+01,8.003793e+00,2.999048e+01,3.965422e+01,1.699673e+02
1.169061e+06,1.353080e+01,1.994136e+04,2.308028e-01,9.475292e-01,9.473618e-01,1.299300e-04,1.085597e-08,3.799350e+01,8.003793e+00,2.998971e+01,3.965422e+01,1.699634e+02
1.169071e+06,1.353092e+01,1.995136e+04,2.309185e-01,9.475049e-01,9.473619e-01,1.300386e-04,1.085597e-08,3.799273e+01,8.003793e+00,2.998894e+01,3.965422e+01,1.699594e+02
1.169081e+06,1.353103e+01,1.996136e+04,2.310342e-01,9.474806e-01,9.473620e-01,1.301472e-04,1.085597e-08,3.799196e+01,8.003793e+00,2.998817e+01,3.965423e+01,1.699554e+02
1.169091e+06,1.353115e+01,1.997136e+04,2.311500e-01,9.474563e-01,9.473621e-01,1.302557e-04,1.085597e-08,3.799120e+01,8.003793e+00,2.998740e+01,3.965423e+01,1.699514e+02
1.169101e+06,1.353127e+01,1.998136e+04,2.312657e-01,9.474320e-01,9.473622e-01,1.303643e-04,1.085597e-08,3.799043e+01,8.003793e+00,2.998664e+01,3.965423e+01,1.699474e+02
1.169111e+06,1.353138e+01,1.999136e+04,2.313815e-01,9.474077e-01,9.473623e-01,1.304729e-04,1.085596e-08,3.798966e+01,8.003793e+00,2.998587e+01,3.965423e+01,1.699434e+02
1.169121e+06,1.353150e+01,2.000136e+04,2.314972e-01,9.473834e-01,9.473624e-01,1.305815e-04,1.085596e-08,3.798889e+01,8.003793e+00,2.998510e+01,3.965423e+01,1.699394e+02
1.169131e+06,1.353161e+01,2.001136e+04,2.316130e-01,9.473591e-01,9.473625e-01,1.306900e-04,1.085596e-08,3.798812e+01,8.003793e+00,2.998433e+01,3.965423e+01,1.699354e+02
1.169141e+06,1.353173e+01,2.002136e+04,2.317287e-01,9.473348e-01,9.473626e-01,1.307986e-04,1.085596e-08,3.798736e+01,8.003793e+00,2.998356e+01,3.965423e+01,1.699314e+02
1.169151e+06,1.353184e+01,2.003136e+04,2.318445e-01,9.473105e-01,9.473627e-01,1.309072e-04,1.085596e-08,3.798659e+01,8.003793e+00,2.998280e+01,3.965424e+01,1.699274e+02
1.169161e+06,1.353196e+01,2.004136e+04,2.319602e-01,9.472862e-01,9.473628e-01,1.310157e-04,1.085596e-08,3.798582e+01,8.003793e+00,2.998203e+01,3.965424e+01,1.699234e+02
1.169171e+06,1.353208e+01,2.005137e+04,2.320760e-01,9.472619e-01,9.473629e-01,1.311243e-04,1.085596e-08,3.798505e+01,8.003793e+00,2.998126e+01,3.965424e+01,1.699194e+02
1.169181e+06,1.353219e+01,2.006137e+04,2.321917e-01,9.472376e-01,9.473630e-01,1.312329e-04,1.085596e-08,3.798428e+01,8.003793e+00,2.998049e+01,3.965424e+01,1.699155e+02
1.169191e+06,1.353231e+01,2.007137e+04,2.323075e-01,9.472133e-01,9.473631e-01,1.313414e-04,1.085596e-08,3.798352e+01,8.003793e+00,2.997972e+01,3.965424e+01,1.699115e+02
1.169201e+06,1.353242e+01,2.008137e+04,2.324232e-01,9.471890e-01,9.473632e-01,1.314500e-04,1.085595e-08,3.798275e+01,8.003793e+00,2.997896e+01,3.965424e+01,1.699075e+02
1.169211e+06,1.353254e+01,2.009137e+04,2.325390e-01,9.471651e-01,9.473633e-01,1.315586e-04,1.085595e-08,3.798198e+01,8.003793e+00,2.997819e+01,3.965423e+01,1.699035e+02
1.169221e+06,1.353265e+01,2.010137e+04,2.326547e-01,9.471469e-01,9.473634e-01,1.316671e-04,1.085595e-08,3.798141e+01,8.003793e+00,2.997762e+01,3.965423e+01,1.699000e+02
1.169231e+06,1.353277e+01,2.011137e+04,2.327705e-01,9.471492e-01,9.473635e-01,1.317757e-04,1.085595e-08,3.798218e+01,8.003793e+00,2.997839e+01,3.965497e+01,1.699000e+02
1.169241e+06,1.353289e+01,2.012137e+04,2.328862e-01,9.471515e-01,9.473636e-01,1.318843e-04,1.085595e-08,3.798295e+01,8.003793e+00,2.997916e+01,3.965571e+01,1.699000e+02
1.169251e+06,1.353300e+01,2.013137e+04,2.330020e-01,9.471537e-01,9.473638e-01,1.319928e-04,1.085595e-08,3.798372e+01,8.003793e+00,2.997993e+01,3.965645e+01,1.699000e+02
1.169261e+06,1.353312e+01,2.014137e+04,2.331177e-01,9.471560e-01,9.473639e-01,1.321014e-04,1.085595e-08,3.798449e+01,8.003793e+00,2.998070e+01,3.965718e+01,1.699000e+02
1.169271e+06,1.353323e+01,2.015137e+04,2.332335e-01,9.471583e-01,9.473640e-01,1.322100e-04,1.085595e-08,3.798526e+01,8.003793e+00,2.998147e+01,3.965792e+01,1.699000e+02
1.169281e+06,1.353335e+01,2.016137e+04,2.333492e-01,9.471605e-01,9.473641e-01,1.323185e-04,1.085594e-08,3.798603e+01,8.003793e+00,2.998224e+01,3.965866e+01,1.699000e+02
1.169291e+06,1.353346e+01,2.017137e+04,2.334650e-01,9.471628e-01,9.473642e-01,1.324271e-04,1.085594e-08,3.798680e+01,8.003793e+00,2.998301e+01,3.965940e+01,1.699000e+02
1.169301e+06,1.353358e+01,2.018137e+04,2.335807e-01,9.471651e-01,9.473643e-01,1.325357e-04,1.085594e-08,3.798757e+01,8.003793e+00,2.998378e+01,3.966013e+01,1.699000e+02
1.169311e+06,1.353370e+01,2.019137e+04,2.336965e-01,9.471673e-01,9.473644e-01,1.326442e-04,1.085594e-08,3.798834e+01,8.003793e+00,2.998455e+01,3.966087e+01,1.699000e+02
1.169321e+06,1.353381e+01,2.020138e+04,2.338122e-01,9.471696e-01,9.473645e-01,1.327528e-04,1.085594e-08,3.798911e+01,8.003793e+00,2.998532e+01,3.966161e+01,1.699000e+02
1.169331e+06,1.353393e+01,2.021138e+04,2.339280e-01,9.471719e-01,9.473646e-01,1.328614e-04,1.085594e-08,3.798989e+01,8.003793e+00,2.998609e+01,3.966235e+01,1.699000e+02
1.169341e+06,1.353404e+01,2.022138e+04,2.340437e-01,9.471741e-01,9.473647e-01,1.329699e-04,1.085594e-08,3.799066e+01,8.003793e+00,2.998686e+01,3.966309e+01,1.699000e+02
1.169351e+06,1.353416e+01,2.023138e+04,2.341595e-01,9.471764e-01,9.473648e-01,1.330785e-04,1.085594e-08,3.799143e+01,8.003793e+00,2.998763e+01,3.966382e+01,1.699000e+02
1.169361e+06,1.353428e+01,2.024138e+04,2.342752e-01,9.471787e-01,9.473649e-01,1.331871e-04,1.085594e-08,3.799220e+01,8.003793e+00,2.998840e+01,3.966456e+01,1.699000e+02
1.169371e+06,1.353439e+01,2.025138e+04,2.343910e-01,9.471809e-01,9.473650e-01,1.332956e-04,1.085593e-08,3.799297e+01,8.003793e+00,2.998917e+01,3.966530e+01,1.699000e+02
1.169381e+06,1.353451e+01,2.026138e+04,2.345067e-01,9.471832e-01,9.473651e-01,1.334042e-04,1.085593e-08,3.799374e+01,8.003793e+00,2.998995e+01,3.966604e+01,1.699000e+02
1.169391e+06,1.353462e+01,2.027138e+04,2.346225e-01,9.471855e-01,9.473652e-01,1.335128e-04,1.085593e-08,3.799451e+01,8.003793e+00,2.999072e+01,3.966677e+01,1.699000e+02
1.169401e+06,1.353474e+01,2.028138e+04,2.347382e-01,9.471877e-01,9.473653e-01,1.336213e-04,1.085593e-08,3.799528e+01,8.003793e+00,2.999149e+01,3.966751e+01,1.699000e+02
1.169411e+06,1.353485e+01,2.029138e+04,2.348540e-01,9.471900e-01,9.473654e-01,1.337299e-04,1.085593e-08,3.799605e+01,8.003793e+00,2.999226e+01,3.966825e+01,1.699000e+02
1.169421e+06,1.353497e+01,2.030138e+04,2.349697e-01,9.471923e-01,9.473655e-01,1.338385e-04,1.085593e-08,3.799682e+01,8.003793e+00,2.999303e+01,3.966899e+01,1.699000e+02
1.169431e+06,1.353509e+01,2.031138e+04,2.350854e-01,9.471946e-01,9.473656e-01,1.339470e-04,1.085593e-08,3.799759e+01,8.003793e+00,2.999380e+01,3.966973e+01,1.699000e+02
1.169441e+06,1.353520e+01,2.032138e+04,2.352012e-01,9.471968e-01,9.473657e-01,1.340556e-04,1.085593e-08,3.799836e+01,8.003793e+00,2.999457e+01,3.967046e+01,1.699000e+02
1.169451e+06,1.353532e+01,2.033138e+04,2.353169e-01,9.471991e-01,9.473658e-01,1.341642e-04,1.085592e-08,3.799913e+01,8.003793e+00,2.999534e+01,3.967120e+01,1.699000e+02
1.169461e+06,1.353543e+01,2.034138e+04,2.354327e-01,9.472008e-01,9.473659e-01,1.342727e-04,1.085592e-08,3.799990e+01,8.003793e+00,2.999611e+01,3.967196e+01,1.699000e+02
1.169471e+06,1.353555e+01,2.035139e+04,2.355484e-01,9.471999e-01,9.473660e-01,1.343813e-04,1.085592e-08,3.800055e+01,8.003793e+00,2.999676e+01,3.967267e+01,1.698994e+02
1.169481e+06,1.353566e+01,2.036139e+04,2.356642e-01,9.471986e-01,9.473661e-01,1.344899e-04,1.085592e-08,3.800055e+01,8.003793e+00,2.999676e+01,3.967271e+01,1.698954e+02
1.169491e+06,1.353578e+01,2.037139e+04,2.357799e-01,9.471974e-01,9.473662e-01,1.345984e-04,1.085592e-08,3.800055e+01,8.003793e+00,2.999676e+01,3.967276e+01,1.698914e+02
1.169501e+06,1.353590e+01,2.038139e+04,2.358957e-01,9.471961e-01,9.473663e-01,1.347070e-04,1.085592e-08,3.800055e+01,8.003793e+00,2.999676e+01,3.967280e+01,1.698873e+02
1.169511e+06,1.353601e+01,2.039139e+04,2.360114e-01,9.471949e-01,9.473664e-01,1.348156e-04,1.085592e-08,3.800055e+01,8.003793e+00,2.999676e+01,3.967284e+01,1.698833e+02
1.169521e+06,1.353613e+01,2.040139e+04,2.361272e-01,9.471937e-01,9.473665e-01,1.349241e-04,1.085592e-08,3.800055e+01,8.003793e+00,2.999676e+01,3.967288e+01,1.698793e+02
1.169531e+06,1.353624e+01,2.041139e+04,2.362429e-01,9.471924e-01,9.473666e-01,1.350327e-04,1.085592e-08,3.800055e+01,8.003793e+00,2.999676e+01,3.967292e+01,1.698753e+02
1.169541e+06,1.353636e+01,2.042139e+04,2.363587e-01,9.471912e-01,9.473667e-01,1.351413e-04,1.085591e-08,3.800055e+01,8.003793e+00,2.999676e+01,3.967296e+01,1.698713e+02
1.169551e+06,1.353647e+01,2.043139e+04,2.364744e-01,9.471900e-01,9.473668e-01,1.352498e-04,1.085591e-08,3.800055e+01,8.003793e+00,2.999676e+01,3.967300e+01,1.698673e+02
1.169561e+06,1.353659e+01,2.044139e+04,2.365902e-01,9.471887e-01,9.473669e-01,1.353584e-04,1.085591e-08,3.800055e+01,8.003793e+00,2.999676e+01,3.967305e+01,1.698633e+02
1.169571e+06,1.353671e+01,2.045139e+04,2.367059e-01,9.471875e-01,9.473670e-01,1.354670e-04,1.085591e-08,3.800055e+01,8.003793e+00,2.999676e+01,3.967309e+01,1.698593e+02
1.169581e+06,1.353682e+01,2.046139e+04,2.368217e-01,9.471862e-01,9.473671e-01,1.355755e-04,1.085591e-08,3.800055e+01,8.003793e+00,2.999676e+01,3.967313e+01,1.698553e+02
1.169591e+06,1.353694e+01,2.047139e+04,2.369374e-01,9.471850e-01,9.473672e-01,1.356841e-04,1.085591e-08,3.800055e+01,8.003793e+00,2.999676e+01,3.967317e+01,1.698513e+02
1.169601e+06,1.353705e+01,2.048139e+04,2.370532e-01,9.471838e-01,9.473674e-01,1.357927e-04,1.085591e-08,3.800055e+01,8.003793e+00,2.999676e+01,3.967321e+01,1.698473e+02
1.169611e+06,1.353717e+01,2.049140e+04,2.371689e-01,9.471825e-01,9.473675e-01,1.359012e-04,1.085591e-08,3.800055e+01,8.003793e+00,2.999676e+01,3.967325e+01,1.698433e+02
1.169621e+06,1.353728e+01,2.050140e+04,2.372847e-01,9.471813e-01,9.473676e-01,1.360098e-04,1.085590e-08,3.800055e+01,8.003793e+00,2.999676e+01,3.967329e+01,1.698393e+02
1.169631e+06,1.353740e+01,2.051140e+04,2.374004e-01,9.471800e-01,9.473677e-01,1.361184e-04,1.085590e-08,3.800055e+01,8.003793e+00,2.999676e+01,3.967334e+01,1.698353e+02
1.169641e+06,1.353752e+01,2.052140e+04,2.375162e-01,9.471788e-01,9.473678e-01,1.362269e-04,1.085590e-08,3.800055e+01,8.003793e+00,2.999676e+01,3.967338e+01,1.698313e+02
1.169651e+06,1.353763e+01,2.053140e+04,2.376319e-01,9.471776e-01,9.473679e-01,1.363355e-04,1.085590e-08,3.800055e+01,8.003793e+00,2.999676e+01,3.967342e+01,1.698273e+02
1.169661e+06,1.353775e+01,2.054140e+04,2.377477e-01,9.471763e-01,9.473680e-01,1.364441e-04,1.085590e-08,3.800055e+01,8.003793e+00,2.999676e+01,3.967346e+01,1.698233e+02
1.169671e+06,1.353786e+01,2.055140e+04,2.378634e-01,9.471751e-01,9.473681e-01,1.365526e-04,1.085590e-08,3.800055e+01,8.003793e+00,2.999676e+01,3.967350e+01,1.698193e+02
1.169681e+06,1.353798e+01,2.056140e+04,2.379792e-01,9.471738e-01,9.473682e-01,1.366612e-04,1.085590e-08,3.800055e+01,8.003793e+00,2.999676e+01,3.967354e+01,1.698153e+02
1.169691e+06,1.353809e+01,2.057140e+04,2.380949e-01,9.471726e-01,9.473683e-01,1.367698e-04,1.085590e-08,3.800055e+01,8.003793e+00,2.999676e+01,3.967358e+01,1.698112e+02
1.169701e+06,1.353821e+01,2.058140e+04,2.382107e-01,9.471714e-01,9.473684e-01,1.368783e-04,1.085590e-08,3.800055e+01,8.003793e+00,2.999676e+01,3.967363e+01,1.698072e+02
1.169711e+06,1.353833e+01,2.059140e+04,2.383264e-01,9.471714e-01,9.473685e-01,1.369869e-04,1.085589e-08,3.800055e+01,8.003793e+00,2.999676e+01,3.967363e+01,1.698032e+02
1.169721e+06,1.353844e+01,2.060140e+04,2.384422e-01,9.471770e-01,9.473686e-01,1.370955e-04,1.085589e-08,3.800040e+01,8.003793e+00,2.999661e+01,3.967328e+01,1.698008e+02
1.169731e+06,1.353856e+01,2.061140e+04,2.385579e-01,9.471850e-01,9.473687e-01,1.372040e-04,1.085589e-08,3.799964e+01,8.003793e+00,2.999584e+01,3.967220e+01,1.698048e+02
1.169741e+06,1.353867e+01,2.062140e+04,2.386737e-01,9.471929e-01,9.473688e-01,1.373126e-04,1.085589e-08,3.799887e+01,8.003793e+00,2.999508e+01,3.967113e+01,1.698087e+02
1.169751e+06,1.353879e+01,2.063140e+04,2.387894e-01,9.472008e-01,9.473689e-01,1.374211e-04,1.085589e-08,3.799810e+01,8.003793e+00,2.999431e+01,3.967005e+01,1.698127e+02
1.169761e+06,1.353891e+01,2.064141e+04,2.389052e-01,9.472088e-01,9.473690e-01,1.375297e-04,1.085589e-08,3.799733e+01,8.003793e+00,2.999354e+01,3.966898e+01,1.698167e+02
1.169771e+06,1.353902e+01,2.065141e+04,2.390209e-01,9.472167e-01,9.473691e-01,1.376383e-04,1.085589e-08,3.799656e+01,8.003793e+00,2.999277e+01,3.966790e+01,1.698207e+02
1.169781e+06,1.353914e+01,2.066141e+04,2.391367e-01,9.472246e-01,9.473692e-01,1.377468e-04,1.085589e-08,3.799580e+01,8.003793e+00,2.999200e+01,3.966683e+01,1.698247e+02
1.169791e+06,1.353925e+01,2.067141e+04,2.392524e-01,9.472325e-01,9.473693e-01,1.378554e-04,1.085588e-08,3.799503e+01,8.003793e+00,2.999124e+01,3.966575e+01,1.698287e+02
1.169801e+06,1.353937e+01,2.068141e+04,2.393681e-01,9.472405e-01,9.473694e-01,1.379640e-04,1.085588e-08,3.799426e+01,8.003793e+00,2.999047e+01,3.966467e+01,1.698327e+02
1.169811e+06,1.353948e+01,2.069141e+04,2.394839e-01,9.472484e-01,9.473695e-01,1.380725e-04,1.085588e-08,3.799349e+01,8.003793e+00,2.998970e+01,3.966360e+01,1.698367e+02
1.169821e+06,1.353960e+01,2.070141e+04,2.395996e-01,9.472563e-01,9.473696e-01,1.381811e-04,1.085588e-08,3.799272e+01,8.003793e+00,2.998893e+01,3.966252e+01,1.698407e+02
1.169831e+06,1.353972e+01,2.071141e+04,2.397154e-01,9.472643e-01,9.473697e-01,1.382897e-04,1.085588e-08,3.799196e+01,8.003793e+00,2.998816e+01,3.966145e+01,1.698447e+02
1.169841e+06,1.353983e+01,2.072141e+04,2.398311e-01,9.472722e-01,9.473698e-01,1.383982e-04,1.085588e-08,3.799119e+01,8.003793e+00,2.998740e+01,3.966037e+01,1.698487e+02
1.169851e+06,1.353995e+01,2.073141e+04,2.399469e-01,9.472801e-01,9.473699e-01,1.385068e-04,1.085588e-08,3.799042e+01,8.003793e+00,2.998663e+01,3.965930e+01,1.698527e+02
1.169861e+06,1.354006e+01,2.074141e+04,2.400626e-01,9.472880e-01,9.473700e-01,1.386154e-04,1.085588e-08,3.798965e+01,8.003793e+00,2.998586e+01,3.965822e+01,1.698566e+02
1.169871e+06,1.354018e+01,2.075141e+04,2.401784e-01,9.472960e-01,9.473701e-01,1.387239e-04,1.085587e-08,3.798888e+01,8.003793e+00,2.998509e+01,3.965714e+01,1.698606e+02
1.169881e+06,1.354029e+01,2.076141e+04,2.402941e-01,9.473039e-01,9.473702e-01,1.388325e-04,1.085587e-08,3.798812e+01,8.003793e+00,2.998432e+01,3.965607e+01,1.698646e+02
1.169891e+06,1.354041e+01,2.077141e+04,2.404099e-01,9.473118e-01,9.473703e-01,1.389411e-04,1.085587e-08,3.798735e+01,8.003793e+00,2.998356e+01,3.965499e+01,1.698686e+02
1.169901e+06,1.354053e+01,2.078141e+04,2.405256e-01,9.473198e-01,9.473704e-01,1.390496e-04,1.085587e-08,3.798658e+01,8.003793e+00,2.998279e+01,3.965392e+01,1.698726e+02
1.169911e+06,1.354064e+01,2.079142e+04,2.406414e-01,9.473277e-01,9.473705e-01,1.391582e-04,1.085587e-08,3.798581e+01,8.003793e+00,2.998202e+01,3.965284e+01,1.698766e+02
1.169921e+06,1.354076e+01,2.080142e+04,2.407571e-01,9.473356e-01,9.473706e-01,1.392668e-04,1.085587e-08,3.798504e+01,8.003793e+00,2.998125e+01,3.965177e+01,1.698806e+02
1.169931e+06,1.354087e+01,2.081142e+04,2.408729e-01,9.473435e-01,9.473707e-01,1.393753e-04,1.085587e-08,3.798428e+01,8.003793e+00,2.998048e+01,3.965069e+01,1.698846e+02
1.169941e+06,1.354099e+01,2.082142e+04,2.409886e-01,9.473515e-01,9.473708e-01,1.394839e-04,1.085587e-08,3.798351e+01,8.003793e+00,2.997972e+01,3.964961e+01,1.698886e+02
1.169951e+06,1.354110e+01,2.083142e+04,2.411044e-01,9.473594e-01,9.473710e-01,1.395925e-04,1.085587e-08,3.798274e+01,8.003793e+00,2.997895e+01,3.964854e+01,1.698926e+02
1.169961e+06,1.354122e+01,2.084142e+04,2.412201e-01,9.473669e-01,9.473711e-01,1.397010e-04,1.085586e-08,3.798197e+01,8.003793e+00,2.997818e+01,3.964748e+01,1.698966e+02
1.169971e+06,1.354134e+01,2.085142e+04,2.413359e-01,9.473705e-01,9.473712e-01,1.398096e-04,1.085586e-08,3.798128e+01,8.003793e+00,2.997748e+01,3.964662e+01,1.699000e+02
1.169981e+06,1.354145e+01,2.086142e+04,2.414516e-01,9.473671e-01,9.473713e-01,1.399182e-04,1.085586e-08,3.798102e+01,8.003793e+00,2.997723e+01,3.964646e+01,1.699000e+02
1.169991e+06,1.354157e+01,2.087142e+04,2.415674e-01,9.473637e-01,9.473714e-01,1.400267e-04,1.085586e-08,3.798076e+01,8.003793e+00,2.997697e+01,3.964631e+01,1.699000e+02
1.170001e+06,1.354168e+01,2.088142e+04,2.416831e-01,9.473603e-01,9.473715e-01,1.401353e-04,1.085586e-08,3.798050e+01,8.003793e+00,2.997671e+01,3.964615e+01,1.699000e+02
1.170011e+06,1.354180e+01,2.089142e+04,2.417989e-01,9.473569e-01,9.473716e-01,1.402439e-04,1.085586e-08,3.798025e+01,8.003793e+00,2.997645e+01,3.964599e+01,1.699000e+02
1.170021e+06,1.354191e+01,2.090142e+04,2.419146e-01,9.473535e-01,9.473717e-01,1.403524e-04,1.085586e-08,3.797999e+01,8.003793e+00,2.997620e+01,3.964583e+01,1.699000e+02
1.170031e+06,1.354203e+01,2.091142e+04,2.420304e-01,9.473501e-01,9.473718e-01,1.404610e-04,1.085586e-08,3.797973e+01,8.003793e+00,2.997594e+01,3.964568e+01,1.699000e+02
1.170041e+06,1.354215e+01,2.092142e+04,2.421461e-01,9.473466e-01,9.473719e-01,1.405696e-04,1.085585e-08,3.797948e+01,8.003793e+00,2.997568e+01,3.964552e+01,1.699000e+02
1.170051e+06,1.354226e+01,2.093143e+04,2.422619e-01,9.473432e-01,9.473720e-01,1.406781e-04,1.085585e-08,3.797922e+01,8.003793e+00,2.997543e+01,3.964536e+01,1.699000e+02
1.170061e+06,1.354238e+01,2.094143e+04,2.423776e-01,9.473398e-01,9.473721e-01,1.407867e-04,1.085585e-08,3.797896e+01,8.003793e+00,2.997517e+01,3.964521e+01,1.699000e+02
1.170071e+06,1.354249e+01,2.095143e+04,2.424934e-01,9.473364e-01,9.473722e-01,1.408953e-04,1.085585e-08,3.797871e+01,8.003793e+00,2.997491e+01,3.964505e+01,1.699000e+02
1.170081e+06,1.354261e+01,2.096143e+04,2.426091e-01,9.473330e-01,9.473723e-01,1.410038e-04,1.085585e-08,3.797845e+01,8.003793e+00,2.997466e+01,3.964489e+01,1.699000e+02
1.170091e+06,1.354272e+01,2.097143e+04,2.427249e-01,9.473296e-01,9.473724e-01,1.411124e-04,1.085585e-08,3.797819e+01,8.003793e+00,2.997440e+01,3.964473e+01,1.699000e+02
1.170101e+06,1.354284e+01,2.098143e+04,2.428406e-01,9.473262e-01,9.473725e-01,1.412210e-04,1.085585e-08,3.797794e+01,8.003793e+00,2.997414e+01,3.964458e+01,1.699000e+02
1.170111e+06,1.354296e+01,2.099143e+04,2.429564e-01,9.473228e-01,9.473726e-01,1.413295e-04,1.085585e-08,3.797768e+01,8.003793e+00,2.997389e+01,3.964442e+01,1.699000e+02
1.170121e+06,1.354307e+01,2.100143e+04,2.430721e-01,9.473194e-01,9.473727e-01,1.414381e-04,1.085585e-08,3.797742e+01,8.003793e+00,2.997363e+01,3.964426e+01,1.699000e+02
1.170131e+06,1.354319e+01,2.101143e+04,2.431879e-01,9.473160e-01,9.473728e-01,1.415467e-04,1.085584e-08,3.797717e+01,8.003793e+00,2.997337e+01,3.964410e+01,1.699000e+02
1.170141e+06,1.354330e+01,2.102143e+04,2.433036e-01,9.473126e-01,9.473729e-01,1.416552e-04,1.085584e-08,3.797691e+01,8.003793e+00,2.997312e+01,3.964395e+01,1.699000e+02
1.170151e+06,1.354342e+01,2.103143e+04,2.434194e-01,9.473092e-01,9.473730e-01,1.417638e-04,1.085584e-08,3.797665e+01,8.003793e+00,2.997286e+01,3.964379e+01,1.699000e+02
1.170161e+06,1.354354e+01,2.104143e+04,2.435351e-01,9.473057e-01,9.473731e-01,1.418724e-04,1.085584e-08,3.797639e+01,8.003793e+00,2.997260e+01,3.964363e+01,1.699000e+02
1.170171e+06,1.354365e+01,2.105143e+04,2.436508e-01,9.473023e-01,9.473732e-01,1.419809e-04,1.085584e-08,3.797614e+01,8.003793e+00,2.997234e+01,3.964347e+01,1.699000e+02
1.170181e+06,1.354377e+01,2.106143e+04,2.437666e-01,9.472989e-01,9.473733e-01,1.420895e-04,1.085584e-08,3.797588e+01,8.003793e+00,2.997209e+01,3.964332e+01,1.699000e+02
1.170191e+06,1.354388e+01,2.107143e+04,2.438823e-01,9.472955e-01,9.473734e-01,1.421981e-04,1.085584e-08,3.797562e+01,8.003793e+00,2.997183e+01,3.964316e+01,1.699000e+02
1.170201e+06,1.354400e+01,2.108144e+04,2.439981e-01,9.472921e-01,9.473735e-01,1.423066e-04,1.085584e-08,3.797537e+01,8.003793e+00,2.997157e+01,3.964300e+01,1.699000e+02
1.170211e+06,1.354411e+01,2.109144e+04,2.441138e-01,9.472887e-01,9.473736e-01,1.424152e-04,1.085583e-08,3.797511e+01,8.003793e+00,2.997132e+01,3.964285e+01,1.699000e+02
1.170221e+06,1.354423e+01,2.110144e+04,2.442296e-01,9.472869e-01,9.473737e-01,1.425238e-04,1.085583e-08,3.797485e+01,8.003750e+00,2.997110e+01,3.964264e+01,1.699000e+02
1.170231e+06,1.354435e+01,2.111144e+04,2.443453e-01,9.472929e-01,9.473738e-01,1.426323e-04,1.085583e-08,3.797460e+01,8.003497e+00,2.997110e+01,3.964218e+01,1.699000e+02
1.170241e+06,1.354446e+01,2.112144e+04,2.444611e-01,9.472988e-01,9.473739e-01,1.427409e-04,1.085583e-08,3.797434e+01,8.003244e+00,2.997110e+01,3.964173e+01,1.699000e+02
1.170251e+06,1.354458e+01,2.113144e+04,2.445768e-01,9.473048e-01,9.473740e-01,1.428494e-04,1.085583e-08,3.797409e+01,8.002991e+00,2.997109e+01,3.964127e+01,1.699000e+02
1.170261e+06,1.354469e+01,2.114144e+04,2.446926e-01,9.473108e-01,9.473741e-01,1.429580e-04,1.085583e-08,3.797383e+01,8.002737e+00,2.997109e+01,3.964082e+01,1.699000e+02
1.170271e+06,1.354481e+01,2.115144e+04,2.448083e-01,9.473167e-01,9.473742e-01,1.430666e-04,1.085583e-08,3.797357e+01,8.002484e+00,2.997109e+01,3.964036e+01,1.699000e+02
1.170281e+06,1.354492e+01,2.116144e+04,2.449241e-01,9.473227e-01,9.473743e-01,1.431751e-04,1.085583e-08,3.797332e+01,8.002231e+00,2.997109e+01,3.963990e+01,1.699000e+02
1.170291e+06,1.354504e+01,2.117144e+04,2.450398e-01,9.473287e-01,9.473744e-01,1.432837e-04,1.085583e-08,3.797306e+01,8.001978e+00,2.997108e+01,3.963945e+01,1.699000e+02
1.170301e+06,1.354516e+01,2.118144e+04,2.451556e-01,9.473346e-01,9.473746e-01,1.433923e-04,1.085582e-08,3.797281e+01,8.001724e+00,2.997108e+01,3.963899e+01,1.699000e+02
1.170311e+06,1.354527e+01,2.119144e+04,2.452713e-01,9.473406e-01,9.473747e-01,1.435008e-04,1.085582e-08,3.797255e+01,8.001471e+00,2.997108e+01,3.963854e+01,1.699000e+02
1.170321e+06,1.354539e+01,2.120144e+04,2.453871e-01,9.473466e-01,9.473748e-01,1.436094e-04,1.085582e-08,3.797229e+01,8.001218e+00,2.997108e+01,3.963808e+01,1.699000e+02
1.170331e+06,1.354550e+01,2.121144e+04,2.455028e-01,9.473526e-01,9.473749e-01,1.437180e-04,1.085582e-08,3.797204e+01,8.000965e+00,2.997107e+01,3.963763e+01,1.699000e+02
1.170341e+06,1.354562e+01,2.122144e+04,2.456186e-01,9.473585e-01,9.473750e-01,1.438265e-04,1.085582e-08,3.797178e+01,8.000711e+00,2.997107e+01,3.963717e+01,1.699000e+02
1.170351e+06,1.354573e+01,2.123145e+04,2.457343e-01,9.473645e-01,9.473751e-01,1.439351e-04,1.085582e-08,3.797153e+01,8.000458e+00,2.997107e+01,3.963672e+01,1.699000e+02
1.170361e+06,1.354585e+01,2.124145e+04,2.458501e-01,9.473705e-01,9.473752e-01,1.440437e-04,1.085582e-08,3.797127e+01,8.000205e+00,2.997106e+01,3.963626e+01,1.699000e+02
1.170371e+06,1.354597e+01,2.125145e+04,2.459658e-01,9.473764e-01,9.473753e-01,1.441522e-04,1.085582e-08,3.797101e+01,7.999952e+00,2.997106e+01,3.963580e+01,1.699000e+02
1.170381e+06,1.354608e+01,2.126145e+04,2.460816e-01,9.473824e-01,9.473754e-01,1.442608e-04,1.085581e-08,3.797076e+01,7.999698e+00,2.997106e+01,3.963535e+01,1.699000e+02
1.170391e+06,1.354620e+01,2.127145e+04,2.461973e-01,9.473884e-01,9.473755e-01,1.443694e-04,1.085581e-08,3.797050e+01,7.999445e+00,2.997106e+01,3.963489e+01,1.699000e+02
1.170401e+06,1.354631e+01,2.128145e+04,2.463131e-01,9.473944e-01,9.473756e-01,1.444779e-04,1.085581e-08,3.797025e+01,7.999192e+00,2.997105e+01,3.963444e+01,1.699000e+02
1.170411e+06,1.354643e+01,2.129145e+04,2.464288e-01,9.474003e-01,9.473757e-01,1.445865e-04,1.085581e-08,3.796999e+01,7.998939e+00,2.997105e+01,3.963398e+01,1.699000e+02
1.170421e+06,1.354654e+01,2.130145e+04,2.465446e-01,9.474063e-01,9.473758e-01,1.446951e-04,1.085581e-08,3.796973e+01,7.998685e+00,2.997105e+01,3.963353e+01,1.699000e+02
1.170431e+06,1.354666e+01,2.131145e+04,2.466603e-01,9.474123e-01,9.473759e-01,1.448036e-04,1.085581e-08,3.796948e+01,7.998432e+00,2.997105e+01,3.963307e+01,1.699000e+02
1.170441e+06,1.354678e+01,2.132145e+04,2.467761e-01,9.474182e-01,9.473760e-01,1.449122e-04,1.085581e-08,3.796922e+01,7.998179e+00,2.997104e+01,3.963262e+01,1.699000e+02
1.170451e+06,1.354689e+01,2.133145e+04,2.468918e-01,9.474242e-01,9.473761e-01,1.450208e-04,1.085581e-08,3.796897e+01,7.997926e+00,2.997104e+01,3.963216e+01,1.699000e+02
1.170461e+06,1.354701e+01,2.134145e+04,2.470076e-01,9.474302e-01,9.473762e-01,1.451293e-04,1.085581e-08,3.796871e+01,7.997672e+00,2.997104e+01,3.963170e+01,1.699000e+02
1.170471e+06,1.354712e+01,2.135145e+04,2.471233e-01,9.474358e-01,9.473763e-01,1.452379e-04,1.085580e-08,3.796876e+01,7.997477e+00,2.997128e+01,3.963158e+01,1.699000e+02
1.170481e+06,1.354724e+01,2.136145e+04,2.472391e-01,9.474392e-01,9.473764e-01,1.453465e-04,1.085580e-08,3.797116e+01,7.997732e+00,2.997342e+01,3.963398e+01,1.699000e+02
1.170491e+06,1.354735e+01,2.137146e+04,2.473548e-01,9.474425e-01,9.473765e-01,1.454550e-04,1.085580e-08,3.797355e+01,7.997986e+00,2.997557e+01,3.963639e+01,1.699000e+02
1.170501e+06,1.354747e+01,2.138146e+04,2.474706e-01,9.474458e-01,9.473766e-01,1.455636e-04,1.085580e-08,3.797595e+01,7.998240e+00,2.997771e+01,3.963880e+01,1.699000e+02
1.170511e+06,1.354759e+01,2.139146e+04,2.475863e-01,9.474491e-01,9.473767e-01,1.456722e-04,1.085580e-08,3.797835e+01,7.998494e+00,2.997985e+01,3.964120e+01,1.699000e+02
1.170521e+06,1.354770e+01,2.140146e+04,2.477020e-01,9.474524e-01,9.473768e-01,1.457807e-04,1.085580e-08,3.798075e+01,7.998748e+00,2.998200e+01,3.964361e+01,1.699000e+02
1.170531e+06,1.354782e+01,2.141146e+04,2.478178e-01,9.474557e-01,9.473769e-01,1.458893e-04,1.085580e-08,3.798314e+01,7.999002e+00,2.998414e+01,3.964601e+01,1.699000e+02
1.170541e+06,1.354793e+01,2.142146e+04,2.479335e-01,9.474590e-01,9.473770e-01,1.459978e-04,1.085580e-08,3.798554e+01,7.999256e+00,2.998628e+01,3.964842e+01,1.699000e+02
1.170551e+06,1.354805e+01,2.143146e+04,2.480493e-01,9.474623e-01,9.473771e-01,1.461064e-04,1.085579e-08,3.798794e+01,7.999510e+00,2.998843e+01,3.965083e+01,1.699000e+02
1.170561e+06,1.354817e+01,2.144146e+04,2.481650e-01,9.474656e-01,9.473772e-01,1.462150e-04,1.085579e-08,3.799034e+01,7.999765e+00,2.999057e+01,3.965323e+01,1.699000e+02
1.170571e+06,1.354828e+01,2.145146e+04,2.482808e-01,9.474689e-01,9.473773e-01,1.463235e-04,1.085579e-08,3.799273e+01,8.000019e+00,2.999272e+01,3.965564e+01,1.699000e+02
1.170581e+06,1.354840e+01,2.146146e+04,2.483965e-01,9.474723e-01,9.473774e-01,1.464321e-04,1.085579e-08,3.799513e+01,8.000273e+00,2.999486e+01,3.965804e+01,1.699000e+02
1.170591e+06,1.354851e+01,2.147146e+04,2.485123e-01,9.474756e-01,9.473775e-01,1.465407e-04,1.085579e-08,3.799753e+01,8.000527e+00,2.999700e+01,3.966045e+01,1.699000e+02
1.170601e+06,1.354863e+01,2.148146e+04,2.486280e-01,9.474789e-01,9.473776e-01,1.466492e-04,1.085579e-08,3.799993e+01,8.000781e+00,2.999915e+01,3.966285e+01,1.699000e+02
1.170611e+06,1.354874e+01,2.149146e+04,2.487438e-01,9.474822e-01,9.473777e-01,1.467578e-04,1.085579e-08,3.800232e+01,8.001035e+00,3.000129e+01,3.966526e+01,1.699000e+02
1.170621e+06,1.354886e+01,2.150146e+04,2.488595e-01,9.474855e-01,9.473778e-01,1.468664e-04,1.085579e-08,3.800472e+01,8.001289e+00,3.000343e+01,3.966767e+01,1.699000e+02
1.170631e+06,1.354898e+01,2.151146e+04,2.489753e-01,9.474888e-01,9.473779e-01,1.469749e-04,1.085579e-08,3.800712e+01,8.001543e+00,3.000558e+01,3.967007e+01,1.699000e+02
1.170641e+06,1.354909e+01,2.152147e+04,2.490910e-01,9.474921e-01,9.473780e-01,1.470835e-04,1.085578e-08,3.800952e+01,8.001798e+00,3.000772e+01,3.967248e+01,1.699000e+02
1.170651e+06,1.354921e+01,2.153147e+04,2.492068e-01,9.474954e-01,9.473782e-01,1.471921e-04,1.085578e-08,3.801191e+01,8.002052e+00,3.000986e+01,3.967488e+01,1.699000e+02
1.170661e+06,1.354932e+01,2.154147e+04,2.493225e-01,9.474987e-01,9.473783e-01,1.473006e-04,1.085578e-08,3.801431e+01,8.002306e+00,3.001201e+01,3.967729e+01,1.699000e+02
1.170671e+06,1.354944e+01,2.155147e+04,2.494383e-01,9.475021e-01,9.473784e-01,1.474092e-04,1.085578e-08,3.801671e+01,8.002560e+00,3.001415e+01,3.967969e+01,1.699000e+02
1.170681e+06,1.354955e+01,2.156147e+04,2.495540e-01,9.475054e-01,9.473785e-01,1.475178e-04,1.085578e-08,3.801911e+01,8.002814e+00,3.001629e+01,3.968210e+01,1.699000e+02
1.170691e+06,1.354967e+01,2.157147e+04,2.496698e-01,9.475087e-01,9.473786e-01,1.476263e-04,1.085578e-08,3.802150e+01,8.003068e+00,3.001844e+01,3.968451e+01,1.699000e+02
1.170701e+06,1.354979e+01,2.158147e+04,2.497855e-01,9.475120e-01,9.473787e-01,1.477349e-04,1.085578e-08,3.802390e+01,8.003322e+00,3.002058e+01,3.968691e+01,1.699000e+02
1.170711e+06,1.354990e+01,2.159147e+04,2.499013e-01,9.475153e-01,9.473788e-01,1.478435e-04,1.085578e-08,3.802630e+01,8.003576e+00,3.002272e+01,3.968932e+01,1.699000e+02
1.170721e+06,1.355002e+01,2.160147e+04,2.500170e-01,9.475183e-01,9.473789e-01,1.479520e-04,1.085577e-08,3.802814e+01,8.003756e+00,3.002439e+01,3.969115e+01,1.699000e+02
1.170731e+06,1.355013e+01,2.161147e+04,2.501328e-01,9.475199e-01,9.473790e-01,1.480606e-04,1.085577e-08,3.802677e+01,8.003502e+00,3.002327e+01,3.968967e+01,1.699000e+02
1.170741e+06,1.355025e+01,2.162147e+04,2.502485e-01,9.475214e-01,9.473791e-01,1.481692e-04,1.085577e-08,3.802540e+01,8.003247e+00,3.002216e+01,3.968818e+01,1.699000e+02
1.170751e+06,1.355036e+01,2.163147e+04,2.503643e-01,9.475230e-01,9.473792e-01,1.482777e-04,1.085577e-08,3.802403e+01,8.002993e+00,3.002104e+01,3.968670e+01,1.699000e+02
1.170761e+06,1.355048e+01,2.164147e+04,2.504800e-01,9.475245e-01,9.473793e-01,1.483863e-04,1.085577e-08,3.802266e+01,8.002739e+00,3.001992e+01,3.968522e+01,1.699000e+02
1.170771e+06,1.355060e+01,2.165147e+04,2.505958e-01,9.475261e-01,9.473794e-01,1.484948e-04,1.085577e-08,3.802129e+01,8.002485e+00,3.001881e+01,3.968373e+01,1.699000e+02
1.170781e+06,1.355071e+01,2.166147e+04,2.507115e-01,9.475276e-01,9.473795e-01,1.486034e-04,1.085577e-08,3.801992e+01,8.002231e+00,3.001769e+01,3.968225e+01,1.699000e+02
1.170791e+06,1.355083e+01,2.167148e+04,2.508273e-01,9.475292e-01,9.473796e-01,1.487120e-04,1.085577e-08,3.801855e+01,8.001977e+00,3.001658e+01,3.968077e+01,1.699000e+02
1.170801e+06,1.355094e+01,2.168148e+04,2.509430e-01,9.475307e-01,9.473797e-01,1.488205e-04,1.085577e-08,3.801718e+01,8.001723e+00,3.001546e+01,3.967928e+01,1.699000e+02
1.170811e+06,1.355106e+01,2.169148e+04,2.510588e-01,9.475323e-01,9.473798e-01,1.489291e-04,1.085576e-08,3.801581e+01,8.001469e+00,3.001434e+01,3.967780e+01,1.699000e+02
1.170821e+06,1.355117e+01,2.170148e+04,2.511745e-01,9.475338e-01,9.473799e-01,1.490377e-04,1.085576e-08,3.801444e+01,8.001215e+00,3.001323e+01,3.967631e+01,1.699000e+02
1.170831e+06,1.355129e+01,2.171148e+04,2.512903e-01,9.475354e-01,9.473800e-01,1.491462e-04,1.085576e-08,3.801307e+01,8.000960e+00,3.001211e+01,3.967483e+01,1.699000e+02
1.170841e+06,1.355141e+01,2.172148e+04,2.514060e-01,9.475369e-01,9.473801e-01,1.492548e-04,1.085576e-08,3.801170e+01,8.000706e+00,3.001100e+01,3.967335e+01,1.699000e+02
1.170851e+06,1.355152e+01,2.173148e+04,2.515218e-01,9.475385e-01,9.473802e-01,1.493634e-04,1.085576e-08,3.801033e+01,8.000452e+00,3.000988e+01,3.967186e+01,1.699000e+02
1.170861e+06,1.355164e+01,2.174148e+04,2.516375e-01,9.475400e-01,9.473803e-01,1.494719e-04,1.085576e-08,3.800896e+01,8.000198e+00,3.000876e+01,3.967038e+01,1.699000e+02
1.170871e+06,1.355175e+01,2.175148e+04,2.517533e-01,9.475416e-01,9.473804e-01,1.495805e-04,1.085576e-08,3.800759e+01,7.999944e+00,3.000765e+01,3.966890e+01,1.699000e+02
1.170881e+06,1.355187e+01,2.176148e+04,2.518690e-01,9.475431e-01,9.473805e-01,1.496891e-04,1.085576e-08,3.800622e+01,7.999690e+00,3.000653e+01,3.966741e+01,1.699000e+02
1.170891e+06,1.355198e+01,2.177148e+04,2.519847e-01,9.475447e-01,9.473806e-01,1.497976e-04,1.085575e-08,3.800485e+01,7.999436e+00,3.000542e+01,3.966593e+01,1.699000e+02
1.170901e+06,1.355210e+01,2.178148e+04,2.521005e-01,9.475462e-01,9.473807e-01,1.499062e-04,1.085575e-08,3.800348e+01,7.999182e+00,3.000430e+01,3.966445e+01,1.699000e+02
1.170911e+06,1.355222e+01,2.179148e+04,2.522162e-01,9.475478e-01,9.473808e-01,1.500148e-04,1.085575e-08,3.800211e+01,7.998927e+00,3.000319e+01,3.966296e+01,1.699000e+02
1.170921e+06,1.355233e+01,2.180148e+04,2.523320e-01,9.475493e-01,9.473809e-01,1.501233e-04,1.085575e-08,3.800074e+01,7.998673e+00,3.000207e+01,3.966148e+01,1.699000e+02
1.170931e+06,1.355245e+01,2.181148e+04,2.524477e-01,9.475509e-01,9.473810e-01,1.502319e-04,1.085575e-08,3.799937e+01,7.998419e+00,3.000095e+01,3.966000e+01,1.699000e+02
1.170941e+06,1.355256e+01,2.182149e+04,2.525635e-01,9.475524e-01,9.473811e-01,1.503405e-04,1.085575e-08,3.799800e+01,7.998165e+00,2.999984e+01,3.965851e+01,1.699000e+02
1.170951e+06,1.355268e+01,2.183149e+04,2.526792e-01,9.475540e-01,9.473812e-01,1.504490e-04,1.085575e-08,3.799663e+01,7.997911e+00,2.999872e+01,3.965703e+01,1.699000e+02
1.170961e+06,1.355279e+01,2.184149e+04,2.527950e-01,9.475549e-01,9.473813e-01,1.505576e-04,1.085575e-08,3.799526e+01,7.997657e+00,2.999761e+01,3.965556e+01,1.699000e+02
1.170971e+06,1.355291e+01,2.185149e+04,2.529107e-01,9.475511e-01,9.473814e-01,1.506661e-04,1.085575e-08,3.799414e+01,7.997448e+00,2.999669e+01,3.965452e+01,1.698993e+02
1.170981e+06,1.355303e+01,2.186149e+04,2.530265e-01,9.475373e-01,9.473815e-01,1.507747e-04,1.085574e-08,3.799414e+01,7.997448e+00,2.999669e+01,3.965498e+01,1.698953e+02
1.170991e+06,1.355314e+01,2.187149e+04,2.531422e-01,9.475235e-01,9.473816e-01,1.508833e-04,1.085574e-08,3.799414e+01,7.997448e+00,2.999669e+01,3.965544e+01,1.698913e+02
1.171001e+06,1.355326e+01,2.188149e+04,2.532580e-01,9.475097e-01,9.473818e-01,1.509918e-04,1.085574e-08,3.799414e+01,7.997448e+00,2.999669e+01,3.965590e+01,1.698873e+02
1.171011e+06,1.355337e+01,2.189149e+04,2.533737e-01,9.474959e-01,9.473819e-01,1.511004e-04,1.085574e-08,3.799414e+01,7.997448e+00,2.999669e+01,3.965636e+01,1.698833e+02
1.171021e+06,1.355349e+01,2.190149e+04,2.534895e-01,9.474821e-01,9.473820e-01,1.512090e-04,1.085574e-08,3.799414e+01,7.997448e+00,2.999669e+01,3.965682e+01,1.698793e+02
1.171031e+06,1.355361e+01,2.191149e+04,2.536052e-01,9.474683e-01,9.473821e-01,1.513175e-04,1.085574e-08,3.799414e+01,7.997448e+00,2.999669e+01,3.965728e+01,1.698753e+02
1.171041e+06,1.355372e+01,2.192149e+04,2.537210e-01,9.474545e-01,9.473822e-01,1.514261e-04,1.085574e-08,3.799414e+01,7.997448e+00,2.999669e+01,3.965774e+01,1.698713e+02
1.171051e+06,1.355384e+01,2.193149e+04,2.538367e-01,9.474407e-01,9.473823e-01,1.515347e-04,1.085574e-08,3.799414e+01,7.997448e+00,2.999669e+01,3.965821e+01,1.698674e+02
1.171061e+06,1.355395e+01,2.194149e+04,2.539525e-01,9.474269e-01,9.473824e-01,1.516432e-04,1.085573e-08,3.799414e+01,7.997448e+00,2.999669e+01,3.965867e+01,1.698634e+02
1.171071e+06,1.355407e+01,2.195149e+04,2.540682e-01,9.474131e-01,9.473825e-01,1.517518e-04,1.085573e-08,3.799414e+01,7.997448e+00,2.999669e+01,3.965913e+01,1.698594e+02
1.171081e+06,1.355418e+01,2.196150e+04,2.541840e-01,9.473993e-01,9.473826e-01,1.518604e-04,1.085573e-08,3.799414e+01,7.997448e+00,2.999669e+01,3.965959e+01,1.698554e+02
1.171091e+06,1.355430e+01,2.197150e+04,2.542997e-01,9.473855e-01,9.473827e-01,1.519689e-04,1.085573e-08,3.799414e+01,7.997448e+00,2.999669e+01,3.966005e+01,1.698514e+02
1.171101e+06,1.355442e+01,2.198150e+04,2.544155e-01,9.473717e-01,9.473828e-01,1.520775e-04,1.085573e-08,3.799414e+01,7.997448e+00,2.999669e+01,3.966051e+01,1.698474e+02
1.171111e+06,1.355453e+01,2.199150e+04,2.545312e-01,9.473579e-01,9.473829e-01,1.521861e-04,1.085573e-08,3.799414e+01,7.997448e+00,2.999669e+01,3.966097e+01,1.698434e+02
1.171121e+06,1.355465e+01,2.200150e+04,2.546470e-01,9.473441e-01,9.473830e-01,1.522946e-04,1.085573e-08,3.799414e+01,7.997448e+00,2.999669e+01,3.966143e+01,1.698394e+02
1.171131e+06,1.355476e+01,2.201150e+04,2.547627e-01,9.473303e-01,9.473831e-01,1.524032e-04,1.085573e-08,3.799414e+01,7.997448e+00,2.999669e+01,3.966190e+01,1.698354e+02
1.171141e+06,1.355488e+01,2.202150e+04,2.548785e-01,9.473165e-01,9.473832e-01,1.525117e-04,1.085573e-08,3.799414e+01,7.997448e+00,2.999669e+01,3.966236e+01,1.698314e+02
1.171151e+06,1.355499e+01,2.203150e+04,2.549942e-01,9.473027e-01,9.473833e-01,1.526203e-04,1.085572e-08,3.799414e+01,7.997448e+00,2.999669e+01,3.966282e+01,1.698274e+02
1.171162e+06,1.355511e+01,2.204150e+04,2.551100e-01,9.472889e-01,9.473834e-01,1.527289e-04,1.085572e-08,3.799414e+01,7.997448e+00,2.999669e+01,3.966328e+01,1.698234e+02
1.171172e+06,1.355523e+01,2.205150e+04,2.552257e-01,9.472751e-01,9.473835e-01,1.528374e-04,1.085572e-08,3.799414e+01,7.997448e+00,2.999669e+01,3.966374e+01,1.698195e+02
1.171182e+06,1.355534e+01,2.206150e+04,2.553415e-01,9.472613e-01,9.473836e-01,1.529460e-04,1.085572e-08,3.799414e+01,7.997448e+00,2.999669e+01,3.966420e+01,1.698155e+02
1.171192e+06,1.355546e+01,2.207150e+04,2.554572e-01,9.472475e-01,9.473837e-01,1.530546e-04,1.085572e-08,3.799414e+01,7.997448e+00,2.999669e+01,3.966466e+01,1.698115e+02
1.171202e+06,1.355557e+01,2.208150e+04,2.555730e-01,9.472337e-01,9.473838e-01,1.531631e-04,1.085572e-08,3.799414e+01,7.997448e+00,2.999669e+01,3.966513e+01,1.698075e+02
1.171212e+06,1.355569e+01,2.209150e+04,2.556887e-01,9.472207e-01,9.473839e-01,1.532717e-04,1.085572e-08,3.799414e+01,7.997448e+00,2.999669e+01,3.966556e+01,1.698035e+02
1.171222e+06,1.355580e+01,2.210150e+04,2.558045e-01,9.472150e-01,9.473840e-01,1.533803e-04,1.085572e-08,3.799420e+01,7.997448e+00,2.999675e+01,3.966582e+01,1.698005e+02
1.171232e+06,1.355592e+01,2.211151e+04,2.559202e-01,9.472214e-01,9.473841e-01,1.534888e-04,1.085571e-08,3.799472e+01,7.997448e+00,2.999727e+01,3.966615e+01,1.698045e+02
1.171242e+06,1.355604e+01,2.212151e+04,2.560360e-01,9.472278e-01,9.473842e-01,1.535974e-04,1.085571e-08,3.799523e+01,7.997448e+00,2.999778e+01,3.966647e+01,1.698085e+02
1.171252e+06,1.355615e+01,2.213151e+04,2.561517e-01,9.472342e-01,9.473843e-01,1.537060e-04,1.085571e-08,3.799574e+01,7.997448e+00,2.999830e+01,3.966680e+01,1.698125e+02
1.171262e+06,1.355627e+01,2.214151e+04,2.562674e-01,9.472406e-01,9.473844e-01,1.538145e-04,1.085571e-08,3.799626e+01,7.997448e+00,2.999881e+01,3.966713e+01,1.698165e+02
1.171272e+06,1.355638e+01,2.215151e+04,2.563832e-01,9.472470e-01,9.473845e-01,1.539231e-04,1.085571e-08,3.799677e+01,7.997448e+00,2.999932e+01,3.966746e+01,1.698205e+02
1.171282e+06,1.355650e+01,2.216151e+04,2.564989e-01,9.472534e-01,9.473846e-01,1.540317e-04,1.085571e-08,3.799728e+01,7.997448e+00,2.999984e+01,3.966779e+01,1.698245e+02
1.171292e+06,1.355661e+01,2.217151e+04,2.566147e-01,9.472598e-01,9.473847e-01,1.541402e-04,1.085571e-08,3.799780e+01,7.997448e+00,3.000035e+01,3.966811e+01,1.698285e+02
1.171302e+06,1.355673e+01,2.218151e+04,2.567304e-01,9.472662e-01,9.473848e-01,1.542488e-04,1.085571e-08,3.799831e+01,7.997448e+00,3.000086e+01,3.966844e+01,1.698325e+02
1.171312e+06,1.355685e+01,2.219151e+04,2.568462e-01,9.472727e-01,9.473849e-01,1.543573e-04,1.085571e-08,3.799883e+01,7.997448e+00,3.000138e+01,3.966877e+01,1.698365e+02
1.171322e+06,1.355696e+01,2.220151e+04,2.569619e-01,9.472791e-01,9.473850e-01,1.544659e-04,1.085570e-08,3.799934e+01,7.997448e+00,3.000189e+01,3.966910e+01,1.698406e+02
1.171332e+06,1.355708e+01,2.221151e+04,2.570777e-01,9.472855e-01,9.473851e-01,1.545745e-04,1.085570e-08,3.799985e+01,7.997448e+00,3.000241e+01,3.966943e+01,1.698446e+02
1.171342e+06,1.355719e+01,2.222151e+04,2.571934e-01,9.472919e-01,9.473852e-01,1.546830e-04,1.085570e-08,3.800037e+01,7.997448e+00,3.000292e+01,3.966976e+01,1.698486e+02
1.171352e+06,1.355731e+01,2.223151e+04,2.573092e-01,9.472983e-01,9.473854e-01,1.547916e-04,1.085570e-08,3.800088e+01,7.997448e+00,3.000343e+01,3.967008e+01,1.698526e+02
1.171362e+06,1.355742e+01,2.224151e+04,2.574249e-01,9.473047e-01,9.473855e-01,1.549002e-04,1.085570e-08,3.800139e+01,7.997448e+00,3.000395e+01,3.967041e+01,1.698566e+02
1.171372e+06,1.355754e+01,2.225151e+04,2.575407e-01,9.473111e-01,9.473856e-01,1.550087e-04,1.085570e-08,3.800191e+01,7.997448e+00,3.000446e+01,3.967074e+01,1.698606e+02
1.171382e+06,1.355766e+01,2.226152e+04,2.576564e-01,9.473175e-01,9.473857e-01,1.551173e-04,1.085570e-08,3.800242e+01,7.997448e+00,3.000497e+01,3.967107e+01,1.698646e+02
1.171392e+06,1.355777e+01,2.227152e+04,2.577722e-01,9.473239e-01,9.473858e-01,1.552259e-04,1.085570e-08,3.800294e+01,7.997448e+00,3.000549e+01,3.967140e+01,1.698686e+02
1.171402e+06,1.355789e+01,2.228152e+04,2.578879e-01,9.473303e-01,9.473859e-01,1.553344e-04,1.085569e-08,3.800345e+01,7.997448e+00,3.000600e+01,3.967172e+01,1.698726e+02
1.171412e+06,1.355800e+01,2.229152e+04,2.580037e-01,9.473367e-01,9.473860e-01,1.554430e-04,1.085569e-08,3.800396e+01,7.997448e+00,3.000652e+01,3.967205e+01,1.698766e+02
1.171422e+06,1.355812e+01,2.230152e+04,2.581194e-01,9.473431e-01,9.473861e-01,1.555516e-04,1.085569e-08,3.800448e+01,7.997448e+00,3.000703e+01,3.967238e+01,1.698806e+02
1.171432e+06,1.355824e+01,2.231152e+04,2.582352e-01,9.473496e-01,9.473862e-01,1.556601e-04,1.085569e-08,3.800499e+01,7.997448e+00,3.000754e+01,3.967271e+01,1.698846e+02
1.171442e+06,1.355835e+01,2.232152e+04,2.583509e-01,9.473560e-01,9.473863e-01,1.557687e-04,1.085569e-08,3.800550e+01,7.997448e+00,3.000806e+01,3.967304e+01,1.698886e+02
1.171452e+06,1.355847e+01,2.233152e+04,2.584667e-01,9.473624e-01,9.473864e-01,1.558772e-04,1.085569e-08,3.800602e+01,7.997448e+00,3.000857e+01,3.967336e+01,1.698926e+02
1.171462e+06,1.355858e+01,2.234152e+04,2.585824e-01,9.473688e-01,9.473865e-01,1.559858e-04,1.085569e-08,3.800653e+01,7.997448e+00,3.000908e+01,3.967369e+01,1.698966e+02
1.171472e+06,1.355870e+01,2.235152e+04,2.586982e-01,9.473766e-01,9.473866e-01,1.560944e-04,1.085569e-08,3.800676e+01,7.997448e+00,3.000932e+01,3.967368e+01,1.699006e+02
1.171482e+06,1.355881e+01,2.236152e+04,2.588139e-01,9.473919e-01,9.473867e-01,1.562029e-04,1.085569e-08,3.800548e+01,7.997448e+00,3.000804e+01,3.967181e+01,1.699046e+02
1.171492e+06,1.355893e+01,2.237152e+04,2.589297e-01,9.474073e-01,9.473868e-01,1.563115e-04,1.085568e-08,3.800420e+01,7.997448e+00,3.000676e+01,3.966995e+01,1.699086e+02
1.171502e+06,1.355905e+01,2.238152e+04,2.590454e-01,9.474226e-01,9.473869e-01,1.564201e-04,1.085568e-08,3.800292e+01,7.997448e+00,3.000548e+01,3.966808e+01,1.699126e+02
1.171512e+06,1.355916e+01,2.239152e+04,2.591612e-01,9.474380e-01,9.473870e-01,1.565286e-04,1.085568e-08,3.800164e+01,7.997448e+00,3.000420e+01,3.966622e+01,1.699166e+02
1.171522e+06,1.355928e+01,2.240153e+04,2.592769e-01,9.474533e-01,9.473871e-01,1.566372e-04,1.085568e-08,3.800036e+01,7.997448e+00,3.000292e+01,3.966436e+01,1.699206e+02
1.171532e+06,1.355939e+01,2.241153e+04,2.593927e-01,9.474687e-01,9.473872e-01,1.567458e-04,1.085568e-08,3.799908e+01,7.997448e+00,3.000164e+01,3.966249e+01,1.699246e+02
1.171542e+06,1.355951e+01,2.242153e+04,2.595084e-01,9.474840e-01,9.473873e-01,1.568543e-04,1.085568e-08,3.799780e+01,7.997448e+00,3.000036e+01,3.966063e+01,1.699286e+02
1.171552e+06,1.355962e+01,2.243153e+04,2.596242e-01,9.474994e-01,9.473874e-01,1.569629e-04,1.085568e-08,3.799652e+01,7.997448e+00,2.999908e+01,3.965876e+01,1.699326e+02
1.171562e+06,1.355974e+01,2.244153e+04,2.597399e-01,9.475147e-01,9.473875e-01,1.570715e-04,1.085568e-08,3.799524e+01,7.997448e+00,2.999780e+01,3.965690e+01,1.699365e+02
1.171572e+06,1.355986e+01,2.245153e+04,2.598557e-01,9.475301e-01,9.473876e-01,1.571800e-04,1.085567e-08,3.799396e+01,7.997448e+00,2.999652e+01,3.965504e+01,1.699405e+02
1.171582e+06,1.355997e+01,2.246153e+04,2.599714e-01,9.475454e-01,9.473877e-01,1.572886e-04,1.085567e-08,3.799268e+01,7.997448e+00,2.999524e+01,3.965317e+01,1.699445e+02
1.171592e+06,1.356009e+01,2.247153e+04,2.600872e-01,9.475608e-01,9.473878e-01,1.573971e-04,1.085567e-08,3.799140e+01,7.997448e+00,2.999396e+01,3.965131e+01,1.699485e+02
1.171602e+06,1.356020e+01,2.248153e+04,2.602029e-01,9.475761e-01,9.473879e-01,1.575057e-04,1.085567e-08,3.799012e+01,7.997448e+00,2.999268e+01,3.964945e+01,1.699525e+02
1.171612e+06,1.356032e+01,2.249153e+04,2.603186e-01,9.475915e-01,9.473880e-01,1.576143e-04,1.085567e-08,3.798884e+01,7.997448e+00,2.999140e+01,3.964758e+01,1.699565e+02
1.171622e+06,1.356043e+01,2.250153e+04,2.604344e-01,9.476068e-01,9.473881e-01,1.577228e-04,1.085567e-08,3.798756e+01,7.997448e+00,2.999012e+01,3.964572e+01,1.699605e+02
1.171632e+06,1.356055e+01,2.251153e+04,2.605501e-01,9.476222e-01,9.473882e-01,1.578314e-04,1.085567e-08,3.798628e+01,7.997448e+00,2.998884e+01,3.964385e+01,1.699645e+02
1.171642e+06,1.356067e+01,2.252153e+04,2.606659e-01,9.476375e-01,9.473883e-01,1.579400e-04,1.085567e-08,3.798500e+01,7.997448e+00,2.998756e+01,3.964199e+01,1.699685e+02
1.171652e+06,1.356078e+01,2.253153e+04,2.607816e-01,9.476529e-01,9.473884e-01,1.580485e-04,1.085567e-08,3.798372e+01,7.997448e+00,2.998628e+01,3.964013e+01,1.699725e+02
1.171662e+06,1.356090e+01,2.254153e+04,2.608974e-01,9.476682e-01,9.473885e-01,1.581571e-04,1.085566e-08,3.798245e+01,7.997448e+00,2.998500e+01,3.963827e+01,1.699765e+02
1.171672e+06,1.356101e+01,2.255154e+04,2.610131e-01,9.476836e-01,9.473886e-01,1.582657e-04,1.085566e-08,3.798117e+01,7.997448e+00,2.998372e+01,3.963640e+01,1.699805e+02
1.171682e+06,1.356113e+01,2.256154e+04,2.611289e-01,9.476989e-01,9.473887e-01,1.583742e-04,1.085566e-08,3.797989e+01,7.997448e+00,2.998244e+01,3.963454e+01,1.699844e+02
1.171692e+06,1.356124e+01,2.257154e+04,2.612446e-01,9.477143e-01,9.473888e-01,1.584828e-04,1.085566e-08,3.797861e+01,7.997448e+00,2.998116e+01,3.963268e+01,1.699884e+02
1.171702e+06,1.356136e+01,2.258154e+04,2.613604e-01,9.477296e-01,9.473890e-01,1.585914e-04,1.085566e-08,3.797733e+01,7.997448e+00,2.997988e+01,3.963081e+01,1.699924e+02
1.171712e+06,1.356148e+01,2.259154e+04,2.614761e-01,9.477446e-01,9.473891e-01,1.586999e-04,1.085566e-08,3.797605e+01,7.997448e+00,2.997860e+01,3.962896e+01,1.699964e+02
1.171722e+06,1.356159e+01,2.260154e+04,2.615919e-01,9.477542e-01,9.473892e-01,1.588085e-04,1.085566e-08,3.797505e+01,7.997448e+00,2.997761e+01,3.962760e+01,1.700000e+02
1.171732e+06,1.356171e+01,2.261154e+04,2.617076e-01,9.477411e-01,9.473893e-01,1.589170e-04,1.085566e-08,3.797660e+01,7.997448e+00,2.997915e+01,3.962966e+01,1.700000e+02
1.171742e+06,1.356182e+01,2.262154e+04,2.618234e-01,9.477280e-01,9.473894e-01,1.590256e-04,1.085565e-08,3.797814e+01,7.997448e+00,2.998069e+01,3.963173e+01,1.700000e+02
1.171752e+06,1.356194e+01,2.263154e+04,2.619391e-01,9.477148e-01,9.473895e-01,1.591342e-04,1.085565e-08,3.797968e+01,7.997448e+00,2.998223e+01,3.963379e+01,1.700000e+02
1.171762e+06,1.356205e+01,2.264154e+04,2.620549e-01,9.477017e-01,9.473896e-01,1.592427e-04,1.085565e-08,3.798122e+01,7.997448e+00,2.998377e+01,3.963585e+01,1.700000e+02
1.171772e+06,1.356217e+01,2.265154e+04,2.621706e-01,9.476886e-01,9.473897e-01,1.593513e-04,1.085565e-08,3.798276e+01,7.997448e+00,2.998531e+01,3.963792e+01,1.700000e+02
1.171782e+06,1.356229e+01,2.266154e+04,2.622864e-01,9.476755e-01,9.473898e-01,1.594599e-04,1.085565e-08,3.798430e+01,7.997448e+00,2.998685e+01,3.963998e+01,1.700000e+02
1.171792e+06,1.356240e+01,2.267154e+04,2.624021e-01,9.476623e-01,9.473899e-01,1.595684e-04,1.085565e-08,3.798584e+01,7.997448e+00,2.998840e+01,3.964205e+01,1.700000e+02
1.171802e+06,1.356252e+01,2.268154e+04,2.625179e-01,9.476492e-01,9.473900e-01,1.596770e-04,1.085565e-08,3.798739e+01,7.997448e+00,2.998994e+01,3.964411e+01,1.700000e+02
1.171812e+06,1.356263e+01,2.269154e+04,2.626336e-01,9.476361e-01,9.473901e-01,1.597856e-04,1.085565e-08,3.798893e+01,7.997448e+00,2.999148e+01,3.964618e+01,1.700000e+02
1.171822e+06,1.356275e+01,2.270155e+04,2.627494e-01,9.476230e-01,9.473902e-01,1.598941e-04,1.085565e-08,3.799047e+01,7.997448e+00,2.999302e+01,3.964824e+01,1.700000e+02
1.171832e+06,1.356287e+01,2.271155e+04,2.628651e-01,9.476098e-01,9.473903e-01,1.600027e-04,1.085564e-08,3.799201e+01,7.997448e+00,2.999456e+01,3.965031e+01,1.700000e+02
1.171842e+06,1.356298e+01,2.272155e+04,2.629809e-01,9.475967e-01,9.473904e-01,1.601112e-04,1.085564e-08,3.799355e+01,7.997448e+00,2.999610e+01,3.965237e+01,1.700000e+02
1.171852e+06,1.356310e+01,2.273155e+04,2.630966e-01,9.475836e-01,9.473905e-01,1.602198e-04,1.085564e-08,3.799509e+01,7.997448e+00,2.999764e+01,3.965444e+01,1.700000e+02
1.171862e+06,1.356321e+01,2.274155e+04,2.632124e-01,9.475705e-01,9.473906e-01,1.603284e-04,1.085564e-08,3.799663e+01,7.997448e+00,2.999918e+01,3.965650e+01,1.700000e+02
1.171872e+06,1.356333e+01,2.275155e+04,2.633281e-01,9.475573e-01,9.473907e-01,1.604369e-04,1.085564e-08,3.799817e+01,7.997448e+00,3.000073e+01,3.965857e+01,1.700000e+02
1.171882e+06,1.356344e+01,2.276155e+04,2.634439e-01,9.475442e-01,9.473908e-01,1.605455e-04,1.085564e-08,3.799972e+01,7.997448e+00,3.000227e+01,3.966063e+01,1.700000e+02
1.171892e+06,1.356356e+01,2.277155e+04,2.635596e-01,9.475311e-01,9.473909e-01,1.606541e-04,1.085564e-08,3.800126e+01,7.997448e+00,3.000381e+01,3.966270e+01,1.700000e+02
1.171902e+06,1.356368e+01,2.278155e+04,2.636754e-01,9.475180e-01,9.473910e-01,1.607626e-04,1.085564e-08,3.800280e+01,7.997448e+00,3.000535e+01,3.966476e+01,1.700000e+02
1.171912e+06,1.356379e+01,2.279155e+04,2.637911e-01,9.475048e-01,9.473911e-01,1.608712e-04,1.085563e-08,3.800434e+01,7.997448e+00,3.000689e+01,3.966683e+01,1.700000e+02
1.171922e+06,1.356391e+01,2.280155e+04,2.639069e-01,9.474917e-01,9.473912e-01,1.609798e-04,1.085563e-08,3.800588e+01,7.997448e+00,3.000843e+01,3.966889e+01,1.700000e+02
1.171932e+06,1.356402e+01,2.281155e+04,2.640226e-01,9.474786e-01,9.473913e-01,1.610883e-04,1.085563e-08,3.800742e+01,7.997448e+00,3.000997e+01,3.967096e+01,1.700000e+02
1.171942e+06,1.356414e+01,2.282155e+04,2.641384e-01,9.474655e-01,9.473914e-01,1.611969e-04,1.085563e-08,3.800896e+01,7.997448e+00,3.001151e+01,3.967302e+01,1.700000e+02
1.171952e+06,1.356425e+01,2.283155e+04,2.642541e-01,9.474523e-01,9.473915e-01,1.613054e-04,1.085563e-08,3.801050e+01,7.997448e+00,3.001306e+01,3.967509e+01,1.700000e+02
1.171962e+06,1.356437e+01,2.284156e+04,2.643699e-01,9.474392e-01,9.473916e-01,1.614140e-04,1.085563e-08,3.801205e+01,7.997448e+00,3.001460e+01,3.967716e+01,1.700000e+02
1.171972e+06,1.356449e+01,2.285156e+04,2.644856e-01,9.474281e-01,9.473917e-01,1.615226e-04,1.085563e-08,3.801309e+01,7.997448e+00,3.001564e+01,3.967863e+01,1.700000e+02
1.171982e+06,1.356460e+01,2.286156e+04,2.646013e-01,9.474296e-01,9.473918e-01,1.616311e-04,1.085563e-08,3.801095e+01,7.997448e+00,3.001350e+01,3.967632e+01,1.700000e+02
1.171992e+06,1.356472e+01,2.287156e+04,2.647171e-01,9.474312e-01,9.473919e-01,1.617397e-04,1.085563e-08,3.800881e+01,7.997448e+00,3.001136e+01,3.967401e+01,1.700000e+02
1.172002e+06,1.356483e+01,2.288156e+04,2.648328e-01,9.474327e-01,9.473920e-01,1.618483e-04,1.085562e-08,3.800667e+01,7.997448e+00,3.000922e+01,3.967170e+01,1.700000e+02
1.172012e+06,1.356495e+01,2.289156e+04,2.649486e-01,9.474343e-01,9.473921e-01,1.619568e-04,1.085562e-08,3.800453e+01,7.997448e+00,3.000708e+01,3.966939e+01,1.700000e+02
1.172022e+06,1.356506e+01,2.290156e+04,2.650643e-01,9.474358e-01,9.473922e-01,1.620654e-04,1.085562e-08,3.800239e+01,7.997448e+00,3.000494e+01,3.966708e+01,1.700000e+02
1.172032e+06,1.356518e+01,2.291156e+04,2.651801e-01,9.474374e-01,9.473923e-01,1.621740e-04,1.085562e-08,3.800025e+01,7.997448e+00,3.000280e+01,3.966476e+01,1.700000e+02
1.172042e+06,1.356530e+01,2.292156e+04,2.652958e-01,9.474389e-01,9.473924e-01,1.622825e-04,1.085562e-08,3.799811e+01,7.997448e+00,3.000066e+01,3.966245e+01,1.700000e+02
1.172052e+06,1.356541e+01,2.293156e+04,2.654116e-01,9.474404e-01,9.473926e-01,1.623911e-04,1.085562e-08,3.799597e+01,7.997448e+00,2.999852e+01,3.966014e+01,1.700000e+02
1.172062e+06,1.356553e+01,2.294156e+04,2.655273e-01,9.474420e-01,9.473927e-01,1.624996e-04,1.085562e-08,3.799382e+01,7.997448e+00,2.999638e+01,3.965783e+01,1.700000e+02
1.172072e+06,1.356564e+01,2.295156e+04,2.656431e-01,9.474435e-01,9.473928e-01,1.626082e-04,1.085562e-08,3.799168e+01,7.997448e+00,2.999424e+01,3.965552e+01,1.700000e+02
1.172082e+06,1.356576e+01,2.296156e+04,2.657588e-01,9.474451e-01,9.473929e-01,1.627168e-04,1.085561e-08,3.798954e+01,7.997448e+00,2.999210e+01,3.965321e+01,1.700000e+02
1.172092e+06,1.356587e+01,2.297156e+04,2.658746e-01,9.474466e-01,9.473930e-01,1.628253e-04,1.085561e-08,3.798740e+01,7.997448e+00,2.998995e+01,3.965090e+01,1.700000e+02
1.172102e+06,1.356599e+01,2.298156e+04,2.659903e-01,9.474482e-01,9.473931e-01,1.629339e-04,1.085561e-08,3.798526e+01,7.997448e+00,2.998781e+01,3.964859e+01,1.700000e+02
1.172112e+06,1.356611e+01,2.299157e+04,2.661061e-01,9.474497e-01,9.473932e-01,1.630425e-04,1.085561e-08,3.798312e+01,7.997448e+00,2.998567e+01,3.964628e+01,1.700000e+02
1.172122e+06,1.356622e+01,2.300157e+04,2.662218e-01,9.474513e-01,9.473933e-01,1.631510e-04,1.085561e-08,3.798098e+01,7.997448e+00,2.998353e+01,3.964396e+01,1.700000e+02
1.172132e+06,1.356634e+01,2.301157e+04,2.663376e-01,9.474528e-01,9.473934e-01,1.632596e-04,1.085561e-08,3.797884e+01,7.997448e+00,2.998139e+01,3.964165e+01,1.700000e+02
1.172142e+06,1.356645e+01,2.302157e+04,2.664533e-01,9.474544e-01,9.473935e-01,1.633682e-04,1.085561e-08,3.797670e+01,7.997448e+00,2.997925e+01,3.963934e+01,1.700000e+02
1.172152e+06,1.356657e+01,2.303157e+04,2.665691e-01,9.474559e-01,9.473936e-01,1.634767e-04,1.085561e-08,3.797456e+01,7.997448e+00,2.997711e+01,3.963703e+01,1.700000e+02
1.172162e+06,1.356668e+01,2.304157e+04,2.666848e-01,9.474575e-01,9.473937e-01,1.635853e-04,1.085561e-08,3.797242e+01,7.997448e+00,2.997497e+01,3.963472e+01,1.700000e+02
1.172172e+06,1.356680e+01,2.305157e+04,2.668006e-01,9.474590e-01,9.473938e-01,1.636938e-04,1.085560e-08,3.797028e+01,7.997448e+00,2.997283e+01,3.963241e+01,1.700000e+02
1.172182e+06,1.356692e+01,2.306157e+04,2.669163e-01,9.474606e-01,9.473939e-01,1.638024e-04,1.085560e-08,3.796814e+01,7.997448e+00,2.997069e+01,3.963010e+01,1.700000e+02
1.172192e+06,1.356703e+01,2.307157e+04,2.670321e-01,9.474621e-01,9.473940e-01,1.639110e-04,1.085560e-08,3.796600e+01,7.997448e+00,2.996855e+01,3.962779e+01,1.700000e+02
1.172202e+06,1.356715e+01,2.308157e+04,2.671478e-01,9.474637e-01,9.473941e-01,1.640195e-04,1.085560e-08,3.796386e+01,7.997448e+00,2.996641e+01,3.962548e+01,1.700000e+02
1.172212e+06,1.356726e+01,2.309157e+04,2.672636e-01,9.474652e-01,9.473942e-01,1.641281e-04,1.085560e-08,3.796171e+01,7.997448e+00,2.996427e+01,3.962317e+01,1.700000e+02
1.172222e+06,1.356738e+01,2.310157e+04,2.673793e-01,9.474654e-01,9.473943e-01,1.642367e-04,1.085560e-08,3.796012e+01,7.997448e+00,2.996267e+01,3.962147e+01,1.700000e+02
1.172232e+06,1.356750e+01,2.311157e+04,2.674951e-01,9.474590e-01,9.473944e-01,1.643452e-04,1.085560e-08,3.796123e+01,7.997448e+00,2.996378e+01,3.962286e+01,1.700000e+02
1.172242e+06,1.356761e+01,2.312157e+04,2.676108e-01,9.474526e-01,9.473945e-01,1.644538e-04,1.085560e-08,3.796234e+01,7.997448e+00,2.996489e+01,3.962425e+01,1.700000e+02
1.172252e+06,1.356773e+01,2.313157e+04,2.677266e-01,9.474462e-01,9.473946e-01,1.645624e-04,1.085559e-08,3.796346e+01,7.997448e+00,2.996601e+01,3.962564e+01,1.700000e+02
1.172262e+06,1.356784e+01,2.314158e+04,2.678423e-01,9.474398e-01,9.473947e-01,1.646709e-04,1.085559e-08,3.796457e+01,7.997448e+00,2.996712e+01,3.962703e+01,1.700000e+02
1.172272e+06,1.356796e+01,2.315158e+04,2.679581e-01,9.474334e-01,9.473948e-01,1.647795e-04,1.085559e-08,3.796568e+01,7.997448e+00,2.996823e+01,3.962841e+01,1.700000e+02
1.172282e+06,1.356807e+01,2.316158e+04,2.680738e-01,9.474270e-01,9.473949e-01,1.648880e-04,1.085559e-08,3.796680e+01,7.997448e+00,2.996935e+01,3.962980e+01,1.700000e+02
1.172292e+06,1.356819e+01,2.317158e+04,2.681896e-01,9.474206e-01,9.473950e-01,1.649966e-04,1.085559e-08,3.796791e+01,7.997448e+00,2.997046e+01,3.963119e+01,1.700000e+02
1.172302e+06,1.356831e+01,2.318158e+04,2.683053e-01,9.474142e-01,9.473951e-01,1.651052e-04,1.085559e-08,3.796902e+01,7.997448e+00,2.997157e+01,3.963258e+01,1.700000e+02
1.172312e+06,1.356842e+01,2.319158e+04,2.684211e-01,9.474078e-01,9.473952e-01,1.652137e-04,1.085559e-08,3.797014e+01,7.997448e+00,2.997269e+01,3.963397e+01,1.700000e+02
1.172322e+06,1.356854e+01,2.320158e+04,2.685368e-01,9.474014e-01,9.473953e-01,1.653223e-04,1.085559e-08,3.797125e+01,7.997448e+00,2.997380e+01,3.963536e+01,1.700000e+02
1.172332e+06,1.356865e+01,2.321158e+04,2.686525e-01,9.473950e-01,9.473954e-01,1.654309e-04,1.085559e-08,3.797236e+01,7.997448e+00,2.997491e+01,3.963675e+01,1.700000e+02
1.172342e+06,1.356877e+01,2.322158e+04,2.687683e-01,9.473886e-01,9.473955e-01,1.655394e-04,1.085558e-08,3.797347e+01,7.997448e+00,2.997603e+01,3.963814e+01,1.700000e+02
1.172352e+06,1.356888e+01,2.323158e+04,2.688840e-01,9.473822e-01,9.473956e-01,1.656480e-04,1.085558e-08,3.797459e+01,7.997448e+00,2.997714e+01,3.963952e+01,1.700000e+02
1.172362e+06,1.356900e+01,2.324158e+04,2.689998e-01,9.473758e-01,9.473957e-01,1.657565e-04,1.085558e-08,3.797570e+01,7.997448e+00,2.997825e+01,3.964091e+01,1.700000e+02
1.172372e+06,1.356912e+01,2.325158e+04,2.691155e-01,9.473694e-01,9.473958e-01,1.658651e-04,1.085558e-08,3.797681e+01,7.997448e+00,2.997937e+01,3.964230e+01,1.700000e+02
1.172382e+06,1.356923e+01,2.326158e+04,2.692313e-01,9.473630e-01,9.473959e-01,1.659737e-04,1.085558e-08,3.797793e+01,7.997448e+00,2.998048e+01,3.964369e+01,1.700000e+02
1.172392e+06,1.356935e+01,2.327158e+04,2.693470e-01,9.473566e-01,9.473960e-01,1.660822e-04,1.085558e-08,3.797904e+01,7.997448e+00,2.998159e+01,3.964508e+01,1.700000e+02
1.172402e+06,1.356946e+01,2.328159e+04,2.694628e-01,9.473502e-01,9.473962e-01,1.661908e-04,1.085558e-08,3.798015e+01,7.997448e+00,2.998271e+01,3.964647e+01,1.700000e+02
1.172412e+06,1.356958e+01,2.329159e+04,2.695785e-01,9.473438e-01,9.473963e-01,1.662994e-04,1.085558e-08,3.798127e+01,7.997448e+00,2.998382e+01,3.964786e+01,1.700000e+02
1.172422e+06,1.356969e+01,2.330159e+04,2.696943e-01,9.473374e-01,9.473964e-01,1.664079e-04,1.085557e-08,3.798238e+01,7.997448e+00,2.998493e+01,3.964925e+01,1.700000e+02
1.172432e+06,1.356981e+01,2.331159e+04,2.698100e-01,9.473310e-01,9.473965e-01,1.665165e-04,1.085557e-08,3.798349e+01,7.997448e+00,2.998604e+01,3.965064e+01,1.700000e+02
1.172442e+06,1.356993e+01,2.332159e+04,2.699258e-01,9.473246e-01,9.473966e-01,1.666251e-04,1.085557e-08,3.798461e+01,7.997448e+00,2.998716e+01,3.965202e+01,1.700000e+02
1.172452e+06,1.357004e+01,2.333159e+04,2.700415e-01,9.473182e-01,9.473967e-01,1.667336e-04,1.085557e-08,3.798572e+01,7.997448e+00,2.998827e+01,3.965341e+01,1.700000e+02
1.172462e+06,1.357016e+01,2.334159e+04,2.701573e-01,9.473118e-01,9.473968e-01,1.668422e-04,1.085557e-08,3.798683e+01,7.997448e+00,2.998938e+01,3.965480e+01,1.700000e+02
1.172472e+06,1.357027e+01,2.335159e+04,2.702730e-01,9.473064e-01,9.473969e-01,1.669507e-04,1.085557e-08,3.798788e+01,7.997448e+00,2.999043e+01,3.965608e+01,1.700000e+02
1.172482e+06,1.357039e+01,2.336159e+04,2.703888e-01,9.473054e-01,9.473970e-01,1.670593e-04,1.085557e-08,3.798864e+01,7.997448e+00,2.999120e+01,3.965693e+01,1.700000e+02
1.172492e+06,1.357050e+01,2.337159e+04,2.705045e-01,9.473044e-01,9.473971e-01,1.671679e-04,1.085557e-08,3.798941e+01,7.997448e+00,2.999196e+01,3.965777e+01,1.700000e+02
1.172502e+06,1.357062e+01,2.338159e+04,2.706203e-01,9.473033e-01,9.473972e-01,1.672764e-04,1.085557e-08,3.799018e+01,7.997448e+00,2.999273e+01,3.965862e+01,1.700000e+02
1.172512e+06,1.357074e+01,2.339159e+04,2.707360e-01,9.473023e-01,9.473973e-01,1.673850e-04,1.085556e-08,3.799095e+01,7.997448e+00,2.999350e+01,3.965946e+01,1.700000e+02
1.172522e+06,1.357085e+01,2.340159e+04,2.708518e-01,9.473013e-01,9.473974e-01,1.674936e-04,1.085556e-08,3.799172e+01,7.997448e+00,2.999427e+01,3.966031e+01,1.700000e+02
1.172532e+06,1.357097e+01,2.341159e+04,2.709675e-01,9.473002e-01,9.473975e-01,1.676021e-04,1.085556e-08,3.799248e+01,7.997448e+00,2.999504e+01,3.966115e+01,1.700000e+02
1.172542e+06,1.357108e+01,2.342159e+04,2.710833e-01,9.472992e-01,9.473976e-01,1.677107e-04,1.085556e-08,3.799325e+01,7.997448e+00,2.999580e+01,3.966200e+01,1.700000e+02
1.172552e+06,1.357120e+01,2.343160e+04,2.711990e-01,9.472982e-01,9.473977e-01,1.678192e-04,1.085556e-08,3.799402e+01,7.997448e+00,2.999657e+01,3.966284e+01,1.700000e+02
1.172562e+06,1.357131e+01,2.344160e+04,2.713148e-01,9.472971e-01,9.473978e-01,1.679278e-04,1.085556e-08,3.799479e+01,7.997448e+00,2.999734e+01,3.966369e+01,1.700000e+02
1.172572e+06,1.357143e+01,2.345160e+04,2.714305e-01,9.472961e-01,9.473979e-01,1.680364e-04,1.085556e-08,3.799556e+01,7.997448e+00,2.999811e+01,3.966454e+01,1.700000e+02
1.172582e+06,1.357155e+01,2.346160e+04,2.715463e-01,9.472951e-01,9.473980e-01,1.681449e-04,1.085556e-08,3.799632e+01,7.997448e+00,2.999888e+01,3.966538e+01,1.700000e+02
1.172592e+06,1.357166e+01,2.347160e+04,2.716620e-01,9.472941e-01,9.473981e-01,1.682535e-04,1.085555e-08,3.799709e+01,7.997448e+00,2.999964e+01,3.966623e+01,1.700000e+02
1.172602e+06,1.357178e+01,2.348160e+04,2.717778e-01,9.472930e-01,9.473982e-01,1.683621e-04,1.085555e-08,3.799786e+01,7.997448e+00,3.000041e+01,3.966707e+01,1.700000e+02
1.172612e+06,1.357189e+01,2.349160e+04,2.718935e-01,9.472920e-01,9.473983e-01,1.684706e-04,1.085555e-08,3.799863e+01,7.997448e+00,3.000118e+01,3.966792e+01,1.700000e+02
1.172622e+06,1.357201e+01,2.350160e+04,2.720093e-01,9.472910e-01,9.473984e-01,1.685792e-04,1.085555e-08,3.799940e+01,7.997448e+00,3.000195e+01,3.966876e+01,1.700000e+02
1.172632e+06,1.357213e+01,2.351160e+04,2.721250e-01,9.472899e-01,9.473985e-01,1.686878e-04,1.085555e-08,3.800016e+01,7.997448e+00,3.000272e+01,3.966961e+01,1.700000e+02
1.172642e+06,1.357224e+01,2.352160e+04,2.722408e-01,9.472889e-01,9.473986e-01,1.687963e-04,1.085555e-08,3.800093e+01,7.997448e+00,3.000348e+01,3.967045e+01,1.700000e+02
1.172652e+06,1.357236e+01,2.353160e+04,2.723565e-01,9.472879e-01,9.473987e-01,1.689049e-04,1.085555e-08,3.800170e+01,7.997448e+00,3.000425e+01,3.967130e+01,1.700000e+02
1.172662e+06,1.357247e+01,2.354160e+04,2.724723e-01,9.472868e-01,9.473988e-01,1.690134e-04,1.085555e-08,3.800247e+01,7.997448e+00,3.000502e+01,3.967214e+01,1.700000e+02
1.172672e+06,1.357259e+01,2.355160e+04,2.725880e-01,9.472858e-01,9.473989e-01,1.691220e-04,1.085554e-08,3.800324e+01,7.997448e+00,3.000579e+01,3.967299e+01,1.700000e+02
1.172682e+06,1.357270e+01,2.356160e+04,2.727038e-01,9.472848e-01,9.473990e-01,1.692306e-04,1.085554e-08,3.800400e+01,7.997448e+00,3.000656e+01,3.967383e+01,1.700000e+02
1.172692e+06,1.357282e+01,2.357160e+04,2.728195e-01,9.472837e-01,9.473991e-01,1.693391e-04,1.085554e-08,3.800477e+01,7.997448e+00,3.000732e+01,3.967468e+01,1.700000e+02
1.172702e+06,1.357294e+01,2.358161e+04,2.729352e-01,9.472827e-01,9.473992e-01,1.694477e-04,1.085554e-08,3.800554e+01,7.997448e+00,3.000809e+01,3.967552e+01,1.700000e+02
1.172712e+06,1.357305e+01,2.359161e+04,2.730510e-01,9.472817e-01,9.473993e-01,1.695563e-04,1.085554e-08,3.800631e+01,7.997448e+00,3.000886e+01,3.967637e+01,1.700000e+02
1.172722e+06,1.357317e+01,2.360161e+04,2.731667e-01,9.472815e-01,9.473994e-01,1.696648e-04,1.085554e-08,3.800678e+01,7.997448e+00,3.000933e+01,3.967687e+01,1.700000e+02
1.172732e+06,1.357328e+01,2.361161e+04,2.732825e-01,9.472866e-01,9.473995e-01,1.697734e-04,1.085554e-08,3.800550e+01,7.997448e+00,3.000805e+01,3.967535e+01,1.700000e+02
1.172742e+06,1.357340e+01,2.362161e+04,2.733982e-01,9.472916e-01,9.473996e-01,1.698819e-04,1.085554e-08,3.800421e+01,7.997448e+00,3.000676e+01,3.967382e+01,1.700000e+02
1.172752e+06,1.357351e+01,2.363161e+04,2.735140e-01,9.472967e-01,9.473998e-01,1.699905e-04,1.085554e-08,3.800293e+01,7.997448e+00,3.000548e+01,3.967230e+01,1.700000e+02
1.172762e+06,1.357363e+01,2.364161e+04,2.736297e-01,9.473018e-01,9.473999e-01,1.700991e-04,1.085553e-08,3.800164e+01,7.997448e+00,3.000419e+01,3.967077e+01,1.700000e+02
1.172772e+06,1.357375e+01,2.365161e+04,2.737455e-01,9.473068e-01,9.474000e-01,1.702076e-04,1.085553e-08,3.800036e+01,7.997448e+00,3.000291e+01,3.966925e+01,1.700000e+02
1.172782e+06,1.357386e+01,2.366161e+04,2.738612e-01,9.473119e-01,9.474001e-01,1.703162e-04,1.085553e-08,3.799907e+01,7.997448e+00,3.000162e+01,3.966772e+01,1.700000e+02
1.172792e+06,1.357398e+01,2.367161e+04,2.739770e-01,9.473169e-01,9.474002e-01,1.704248e-04,1.085553e-08,3.799779e+01,7.997448e+00,3.000034e+01,3.966620e+01,1.700000e+02
1.172802e+06,1.357409e+01,2.368161e+04,2.740927e-01,9.473220e-01,9.474003e-01,1.705333e-04,1.085553e-08,3.799650e+01,7.997448e+00,2.999906e+01,3.966467e+01,1.700000e+02
1.172812e+06,1.357421e+01,2.369161e+04,2.742085e-01,9.473271e-01,9.474004e-01,1.706419e-04,1.085553e-08,3.799522e+01,7.997448e+00,2.999777e+01,3.966315e+01,1.700000e+02
1.172822e+06,1.357432e+01,2.370161e+04,2.743242e-01,9.473321e-01,9.474005e-01,1.707504e-04,1.085553e-08,3.799394e+01,7.997448e+00,2.999649e+01,3.966162e+01,1.700000e+02
1.172832e+06,1.357444e+01,2.371161e+04,2.744400e-01,9.473372e-01,9.474006e-01,1.708590e-04,1.085553e-08,3.799265e+01,7.997448e+00,2.999520e+01,3.966010e+01,1.700000e+02
1.172842e+06,1.357456e+01,2.372162e+04,2.745557e-01,9.473422e-01,9.474007e-01,1.709676e-04,1.085552e-08,3.799137e+01,7.997448e+00,2.999392e+01,3.965857e+01,1.700000e+02
1.172852e+06,1.357467e+01,2.373162e+04,2.746715e-01,9.473473e-01,9.474008e-01,1.710761e-04,1.085552e-08,3.799008e+01,7.997448e+00,2.999263e+01,3.965705e+01,1.700000e+02
1.172862e+06,1.357479e+01,2.374162e+04,2.747872e-01,9.473524e-01,9.474009e-01,1.711847e-04,1.085552e-08,3.798880e+01,7.997448e+00,2.999135e+01,3.965552e+01,1.700000e+02
1.172872e+06,1.357490e+01,2.375162e+04,2.749030e-01,9.473574e-01,9.474010e-01,1.712933e-04,1.085552e-08,3.798751e+01,7.997448e+00,2.999007e+01,3.965400e+01,1.700000e+02
1.172882e+06,1.357502e+01,2.376162e+04,2.750187e-01,9.473625e-01,9.474011e-01,1.714018e-04,1.085552e-08,3.798623e+01,7.997448e+00,2.998878e+01,3.965247e+01,1.700000e+02
1.172892e+06,1.357513e+01,2.377162e+04,2.751345e-01,9.473675e-01,9.474012e-01,1.715104e-04,1.085552e-08,3.798494e+01,7.997448e+00,2.998750e+01,3.965095e+01,1.700000e+02
1.172902e+06,1.357525e+01,2.378162e+04,2.752502e-01,9.473726e-01,9.474013e-01,1.716189e-04,1.085552e-08,3.798366e+01,7.997448e+00,2.998621e+01,3.964942e+01,1.700000e+02
1.172912e+06,1.357537e+01,2.379162e+04,2.753660e-01,9.473777e-01,9.474014e-01,1.717275e-04,1.085552e-08,3.798238e+01,7.997448e+00,2.998493e+01,3.964790e+01,1.700000e+02
1.172922e+06,1.357548e+01,2.380162e+04,2.754817e-01,9.473827e-01,9.474015e-01,1.718361e-04,1.085552e-08,3.798109e+01,7.997448e+00,2.998364e+01,3.964637e+01,1.700000e+02
1.172932e+06,1.357560e+01,2.381162e+04,2.755975e-01,9.473878e-01,9.474016e-01,1.719446e-04,1.085551e-08,3.797981e+01,7.997448e+00,2.998236e+01,3.964485e+01,1.700000e+02
1.172942e+06,1.357571e+01,2.382162e+04,2.757132e-01,9.473928e-01,9.474017e-01,1.720532e-04,1.085551e-08,3.797852e+01,7.997448e+00,2.998107e+01,3.964332e+01,1.700000e+02
1.172952e+06,1.357583e+01,2.383162e+04,2.758290e-01,9.473979e-01,9.474018e-01,1.721618e-04,1.085551e-08,3.797724e+01,7.997448e+00,2.997979e+01,3.964180e+01,1.700000e+02
1.172962e+06,1.357594e+01,2.384162e+04,2.759447e-01,9.474035e-01,9.474019e-01,1.722703e-04,1.085551e-08,3.797595e+01,7.997448e+00,2.997851e+01,3.964025e+01,1.700000e+02
1.172972e+06,1.357606e+01,2.385162e+04,2.760605e-01,9.474121e-01,9.474020e-01,1.723789e-04,1.085551e-08,3.797517e+01,7.997448e+00,2.997772e+01,3.963914e+01,1.700007e+02
1.172982e+06,1.357618e+01,2.386162e+04,2.761762e-01,9.474219e-01,9.474021e-01,1.724874e-04,1.085551e-08,3.797671e+01,7.997448e+00,2.997926e+01,3.964044e+01,1.700047e+02
1.172992e+06,1.357629e+01,2.387163e+04,2.762920e-01,9.474317e-01,9.474022e-01,1.725960e-04,1.085551e-08,3.797825e+01,7.997448e+00,2.998080e+01,3.964174e+01,1.700087e+02
1.173002e+06,1.357641e+01,2.388163e+04,2.764077e-01,9.474415e-01,9.474023e-01,1.727046e-04,1.085551e-08,3.797979e+01,7.997448e+00,2.998234e+01,3.964304e+01,1.700127e+02
1.173012e+06,1.357652e+01,2.389163e+04,2.765235e-01,9.474513e-01,9.474024e-01,1.728131e-04,1.085550e-08,3.798133e+01,7.997448e+00,2.998389e+01,3.964434e+01,1.700167e+02
1.173022e+06,1.357664e+01,2.390163e+04,2.766392e-01,9.474612e-01,9.474025e-01,1.729217e-04,1.085550e-08,3.798288e+01,7.997448e+00,2.998543e+01,3.964563e+01,1.700207e+02
1.173032e+06,1.357675e+01,2.391163e+04,2.767550e-01,9.474710e-01,9.474026e-01,1.730303e-04,1.085550e-08,3.798442e+01,7.997448e+00,2.998697e+01,3.964693e+01,1.700247e+02
1.173042e+06,1.357687e+01,2.392163e+04,2.768707e-01,9.474808e-01,9.474027e-01,1.731388e-04,1.085550e-08,3.798596e+01,7.997448e+00,2.998851e+01,3.964823e+01,1.700287e+02
1.173052e+06,1.357699e+01,2.393163e+04,2.769865e-01,9.474906e-01,9.474028e-01,1.732474e-04,1.085550e-08,3.798750e+01,7.997448e+00,2.999005e+01,3.964953e+01,1.700327e+02
1.173062e+06,1.357710e+01,2.394163e+04,2.771022e-01,9.475004e-01,9.474029e-01,1.733559e-04,1.085550e-08,3.798904e+01,7.997448e+00,2.999159e+01,3.965083e+01,1.700368e+02
1.173072e+06,1.357722e+01,2.395163e+04,2.772179e-01,9.475103e-01,9.474030e-01,1.734645e-04,1.085550e-08,3.799058e+01,7.997448e+00,2.999313e+01,3.965213e+01,1.700408e+02
1.173082e+06,1.357733e+01,2.396163e+04,2.773337e-01,9.475201e-01,9.474031e-01,1.735731e-04,1.085550e-08,3.799212e+01,7.997448e+00,2.999467e+01,3.965343e+01,1.700448e+02
1.173092e+06,1.357745e+01,2.397163e+04,2.774494e-01,9.475299e-01,9.474032e-01,1.736816e-04,1.085550e-08,3.799366e+01,7.997448e+00,2.999622e+01,3.965472e+01,1.700488e+02
1.173102e+06,1.357757e+01,2.398163e+04,2.775652e-01,9.475397e-01,9.474034e-01,1.737902e-04,1.085549e-08,3.799521e+01,7.997448e+00,2.999776e+01,3.965602e+01,1.700528e+02
1.173112e+06,1.357768e+01,2.399163e+04,2.776809e-01,9.475496e-01,9.474035e-01,1.738988e-04,1.085549e-08,3.799675e+01,7.997448e+00,2.999930e+01,3.965732e+01,1.700568e+02
1.173122e+06,1.357780e+01,2.400163e+04,2.777967e-01,9.475594e-01,9.474036e-01,1.740073e-04,1.085549e-08,3.799829e+01,7.997448e+00,3.000084e+01,3.965862e+01,1.700608e+02
1.173132e+06,1.357791e+01,2.401163e+04,2.779124e-01,9.475692e-01,9.474037e-01,1.741159e-04,1.085549e-08,3.799983e+01,7.997448e+00,3.000238e+01,3.965992e+01,1.700648e+02
1.173142e+06,1.357803e+01,2.402164e+04,2.780282e-01,9.475790e-01,9.474038e-01,1.742244e-04,1.085549e-08,3.800137e+01,7.997448e+00,3.000392e+01,3.966122e+01,1.700688e+02
1.173152e+06,1.357814e+01,2.403164e+04,2.781439e-01,9.475888e-01,9.474039e-01,1.743330e-04,1.085549e-08,3.800291e+01,7.997448e+00,3.000546e+01,3.966252e+01,1.700728e+02
1.173162e+06,1.357826e+01,2.404164e+04,2.782597e-01,9.475987e-01,9.474040e-01,1.744416e-04,1.085549e-08,3.800445e+01,7.997448e+00,3.000701e+01,3.966381e+01,1.700768e+02
1.173172e+06,1.357838e+01,2.405164e+04,2.783754e-01,9.476085e-01,9.474041e-01,1.745501e-04,1.085549e-08,3.800599e+01,7.997448e+00,3.000855e+01,3.966511e+01,1.700808e+02
1.173182e+06,1.357849e+01,2.406164e+04,2.784912e-01,9.476183e-01,9.474042e-01,1.746587e-04,1.085548e-08,3.800754e+01,7.997448e+00,3.001009e+01,3.966641e+01,1.700848e+02
1.173192e+06,1.357861e+01,2.407164e+04,2.786069e-01,9.476281e-01,9.474043e-01,1.747673e-04,1.085548e-08,3.800908e+01,7.997448e+00,3.001163e+01,3.966771e+01,1.700888e+02
1.173202e+06,1.357872e+01,2.408164e+04,2.787227e-01,9.476379e-01,9.474044e-01,1.748758e-04,1.085548e-08,3.801062e+01,7.997448e+00,3.001317e+01,3.966901e+01,1.700928e+02
1.173212e+06,1.357884e+01,2.409164e+04,2.788384e-01,9.476471e-01,9.474045e-01,1.749844e-04,1.085548e-08,3.801216e+01,7.997448e+00,3.001471e+01,3.967033e+01,1.700968e+02
1.173222e+06,1.357895e+01,2.410164e+04,2.789542e-01,9.476499e-01,9.474046e-01,1.750929e-04,1.085548e-08,3.801338e+01,7.997448e+00,3.001593e+01,3.967152e+01,1.701000e+02
1.173232e+06,1.357907e+01,2.411164e+04,2.790699e-01,9.476384e-01,9.474047e-01,1.752015e-04,1.085548e-08,3.801338e+01,7.997448e+00,3.001593e+01,3.967190e+01,1.701000e+02
1.173242e+06,1.357919e+01,2.412164e+04,2.791857e-01,9.476269e-01,9.474048e-01,1.753101e-04,1.085548e-08,3.801338e+01,7.997448e+00,3.001593e+01,3.967229e+01,1.701000e+02
1.173252e+06,1.357930e+01,2.413164e+04,2.793014e-01,9.476153e-01,9.474049e-01,1.754186e-04,1.085548e-08,3.801338e+01,7.997448e+00,3.001593e+01,3.967268e+01,1.701000e+02
1.173262e+06,1.357942e+01,2.414164e+04,2.794172e-01,9.476038e-01,9.474050e-01,1.755272e-04,1.085548e-08,3.801338e+01,7.997448e+00,3.001593e+01,3.967306e+01,1.701000e+02
1.173272e+06,1.357953e+01,2.415164e+04,2.795329e-01,9.475923e-01,9.474051e-01,1.756358e-04,1.085547e-08,3.801338e+01,7.997448e+00,3.001593e+01,3.967345e+01,1.701000e+02
1.173282e+06,1.357965e+01,2.416164e+04,2.796487e-01,9.475807e-01,9.474052e-01,1.757443e-04,1.085547e-08,3.801338e+01,7.997448e+00,3.001593e+01,3.967383e+01,1.701000e+02
1.173292e+06,1.357976e+01,2.417165e+04,2.797644e-01,9.475692e-01,9.474053e-01,1.758529e-04,1.085547e-08,3.801338e+01,7.997448e+00,3.001593e+01,3.967422e+01,1.701000e+02
1.173302e+06,1.357988e+01,2.418165e+04,2.798802e-01,9.475577e-01,9.474054e-01,1.759614e-04,1.085547e-08,3.801338e+01,7.997448e+00,3.001593e+01,3.967460e+01,1.701000e+02
1.173312e+06,1.358000e+01,2.419165e+04,2.799959e-01,9.475461e-01,9.474055e-01,1.760700e-04,1.085547e-08,3.801338e+01,7.997448e+00,3.001593e+01,3.967499e+01,1.701000e+02
1.173322e+06,1.358011e+01,2.420165e+04,2.801117e-01,9.475346e-01,9.474056e-01,1.761786e-04,1.085547e-08,3.801338e+01,7.997448e+00,3.001593e+01,3.967537e+01,1.701000e+02
1.173332e+06,1.358023e+01,2.421165e+04,2.802274e-01,9.475231e-01,9.474057e-01,1.762871e-04,1.085547e-08,3.801338e+01,7.997448e+00,3.001593e+01,3.967576e+01,1.701000e+02
1.173342e+06,1.358034e+01,2.422165e+04,2.803432e-01,9.475116e-01,9.474058e-01,1.763957e-04,1.085547e-08,3.801338e+01,7.997448e+00,3.001593e+01,3.967614e+01,1.701000e+02
1.173352e+06,1.358046e+01,2.423165e+04,2.804589e-01,9.475000e-01,9.474059e-01,1.765042e-04,1.085546e-08,3.801338e+01,7.997448e+00,3.001593e+01,3.967653e+01,1.701000e+02
1.173362e+06,1.358057e+01,2.424165e+04,2.805747e-01,9.474885e-01,9.474060e-01,1.766128e-04,1.085546e-08,3.801338e+01,7.997448e+00,3.001593e+01,3.967692e+01,1.701000e+02
1.173372e+06,1.358069e+01,2.425165e+04,2.806904e-01,9.474770e-01,9.474061e-01,1.767214e-04,1.085546e-08,3.801338e+01,7.997448e+00,3.001593e+01,3.967730e+01,1.701000e+02
1.173382e+06,1.358081e+01,2.426165e+04,2.808062e-01,9.474654e-01,9.474062e-01,1.768299e-04,1.085546e-08,3.801338e+01,7.997448e+00,3.001593e+01,3.967769e+01,1.701000e+02
1.173392e+06,1.358092e+01,2.427165e+04,2.809219e-01,9.474539e-01,9.474063e-01,1.769385e-04,1.085546e-08,3.801338e+01,7.997448e+00,3.001593e+01,3.967807e+01,1.701000e+02
1.173402e+06,1.358104e+01,2.428165e+04,2.810377e-01,9.474424e-01,9.474064e-01,1.770471e-04,1.085546e-08,3.801338e+01,7.997448e+00,3.001593e+01,3.967846e+01,1.701000e+02
1.173412e+06,1.358115e+01,2.429165e+04,2.811534e-01,9.474308e-01,9.474065e-01,1.771556e-04,1.085546e-08,3.801338e+01,7.997448e+00,3.001593e+01,3.967884e+01,1.701000e+02
1.173422e+06,1.358127e+01,2.430165e+04,2.812691e-01,9.474193e-01,9.474066e-01,1.772642e-04,1.085546e-08,3.801338e+01,7.997448e+00,3.001593e+01,3.967923e+01,1.701000e+02
1.173432e+06,1.358138e+01,2.431166e+04,2.813849e-01,9.474078e-01,9.474067e-01,1.773727e-04,1.085546e-08,3.801338e+01,7.997448e+00,3.001593e+01,3.967961e+01,1.701000e+02
1.173442e+06,1.358150e+01,2.432166e+04,2.815006e-01,9.473962e-01,9.474068e-01,1.774813e-04,1.085545e-08,3.801338e+01,7.997448e+00,3.001593e+01,3.968000e+01,1.701000e+02
1.173452e+06,1.358162e+01,2.433166e+04,2.816164e-01,9.473847e-01,9.474069e-01,1.775899e-04,1.085545e-08,3.801338e+01,7.997448e+00,3.001593e+01,3.968039e+01,1.701000e+02
1.173462e+06,1.358173e+01,2.434166e+04,2.817321e-01,9.473727e-01,9.474071e-01,1.776984e-04,1.085545e-08,3.801338e+01,7.997448e+00,3.001593e+01,3.968079e+01,1.701000e+02
1.173472e+06,1.358185e+01,2.435166e+04,2.818479e-01,9.473607e-01,9.474072e-01,1.778070e-04,1.085545e-08,3.801301e+01,7.997448e+00,3.001556e+01,3.968080e+01,1.700994e+02
1.173482e+06,1.358196e+01,2.436166e+04,2.819636e-01,9.473640e-01,9.474073e-01,1.779156e-04,1.085545e-08,3.801061e+01,7.997448e+00,3.001316e+01,3.967816e+01,1.700954e+02
1.173492e+06,1.358208e+01,2.437166e+04,2.820794e-01,9.473673e-01,9.474074e-01,1.780241e-04,1.085545e-08,3.800821e+01,7.997448e+00,3.001077e+01,3.967551e+01,1.700914e+02
1.173502e+06,1.358220e+01,2.438166e+04,2.821951e-01,9.473706e-01,9.474075e-01,1.781327e-04,1.085545e-08,3.800582e+01,7.997448e+00,3.000837e+01,3.967287e+01,1.700874e+02
1.173512e+06,1.358231e+01,2.439166e+04,2.823109e-01,9.473739e-01,9.474076e-01,1.782412e-04,1.085545e-08,3.800342e+01,7.997448e+00,3.000597e+01,3.967023e+01,1.700834e+02
1.173522e+06,1.358243e+01,2.440166e+04,2.824266e-01,9.473773e-01,9.474077e-01,1.783498e-04,1.085544e-08,3.800102e+01,7.997448e+00,3.000357e+01,3.966759e+01,1.700794e+02
1.173532e+06,1.358254e+01,2.441166e+04,2.825424e-01,9.473806e-01,9.474078e-01,1.784584e-04,1.085544e-08,3.799862e+01,7.997448e+00,3.000118e+01,3.966495e+01,1.700754e+02
1.173542e+06,1.358266e+01,2.442166e+04,2.826581e-01,9.473839e-01,9.474079e-01,1.785669e-04,1.085544e-08,3.799623e+01,7.997448e+00,2.999878e+01,3.966231e+01,1.700713e+02
1.173552e+06,1.358277e+01,2.443166e+04,2.827739e-01,9.473872e-01,9.474080e-01,1.786755e-04,1.085544e-08,3.799383e+01,7.997448e+00,2.999638e+01,3.965967e+01,1.700673e+02
1.173562e+06,1.358289e+01,2.444166e+04,2.828896e-01,9.473905e-01,9.474081e-01,1.787840e-04,1.085544e-08,3.799143e+01,7.997448e+00,2.999398e+01,3.965703e+01,1.700633e+02
1.173572e+06,1.358301e+01,2.445166e+04,2.830054e-01,9.473938e-01,9.474082e-01,1.788926e-04,1.085544e-08,3.798903e+01,7.997448e+00,2.999158e+01,3.965439e+01,1.700593e+02
1.173582e+06,1.358312e+01,2.446167e+04,2.831211e-01,9.473971e-01,9.474083e-01,1.790012e-04,1.085544e-08,3.798664e+01,7.997448e+00,2.998919e+01,3.965174e+01,1.700553e+02
1.173592e+06,1.358324e+01,2.447167e+04,2.832369e-01,9.474004e-01,9.474084e-01,1.791097e-04,1.085544e-08,3.798424e+01,7.997448e+00,2.998679e+01,3.964910e+01,1.700513e+02
1.173602e+06,1.358335e+01,2.448167e+04,2.833526e-01,9.474037e-01,9.474085e-01,1.792183e-04,1.085544e-08,3.798184e+01,7.997448e+00,2.998439e+01,3.964646e+01,1.700473e+02
1.173612e+06,1.358347e+01,2.449167e+04,2.834684e-01,9.474070e-01,9.474086e-01,1.793269e-04,1.085543e-08,3.797944e+01,7.997448e+00,2.998199e+01,3.964382e+01,1.700433e+02
1.173622e+06,1.358358e+01,2.450167e+04,2.835841e-01,9.474103e-01,9.474087e-01,1.794354e-04,1.085543e-08,3.797705e+01,7.997448e+00,2.997960e+01,3.964118e+01,1.700393e+02
1.173632e+06,1.358370e+01,2.451167e+04,2.836999e-01,9.474136e-01,9.474088e-01,1.795440e-04,1.085543e-08,3.797465e+01,7.997448e+00,2.997720e+01,3.963854e+01,1.700353e+02
1.173642e+06,1.358382e+01,2.452167e+04,2.838156e-01,9.474169e-01,9.474089e-01,1.796525e-04,1.085543e-08,3.797225e+01,7.997448e+00,2.997480e+01,3.963590e+01,1.700313e+02
1.173652e+06,1.358393e+01,2.453167e+04,2.839314e-01,9.474202e-01,9.474090e-01,1.797611e-04,1.085543e-08,3.796985e+01,7.997448e+00,2.997240e+01,3.963326e+01,1.700273e+02
1.173662e+06,1.358405e+01,2.454167e+04,2.840471e-01,9.474235e-01,9.474091e-01,1.798697e-04,1.085543e-08,3.796746e+01,7.997448e+00,2.997001e+01,3.963062e+01,1.700233e+02
1.173672e+06,1.358416e+01,2.455167e+04,2.841629e-01,9.474268e-01,9.474092e-01,1.799782e-04,1.085543e-08,3.796506e+01,7.997448e+00,2.996761e+01,3.962798e+01,1.700193e+02
1.173682e+06,1.358428e+01,2.456167e+04,2.842786e-01,9.474301e-01,9.474093e-01,1.800868e-04,1.085543e-08,3.796266e+01,7.997448e+00,2.996521e+01,3.962534e+01,1.700153e+02
1.173692e+06,1.358439e+01,2.457167e+04,2.843944e-01,9.474334e-01,9.474094e-01,1.801954e-04,1.085542e-08,3.796026e+01,7.997448e+00,2.996281e+01,3.962269e+01,1.700113e+02
1.173702e+06,1.358451e+01,2.458167e+04,2.845101e-01,9.474367e-01,9.474095e-01,1.803039e-04,1.085542e-08,3.795786e+01,7.997448e+00,2.996042e+01,3.962005e+01,1.700073e+02
1.173712e+06,1.358463e+01,2.459167e+04,2.846259e-01,9.474412e-01,9.474096e-01,1.804125e-04,1.085542e-08,3.795547e+01,7.997448e+00,2.995802e+01,3.961737e+01,1.700033e+02
1.173722e+06,1.358474e+01,2.460167e+04,2.847416e-01,9.474492e-01,9.474097e-01,1.805210e-04,1.085542e-08,3.795372e+01,7.997448e+00,2.995628e+01,3.961526e+01,1.700007e+02
1.173732e+06,1.358486e+01,2.461168e+04,2.848574e-01,9.474500e-01,9.474098e-01,1.806296e-04,1.085542e-08,3.795483e+01,7.997448e+00,2.995738e+01,3.961640e+01,1.700047e+02
1.173742e+06,1.358497e+01,2.462168e+04,2.849731e-01,9.474509e-01,9.474099e-01,1.807382e-04,1.085542e-08,3.795593e+01,7.997448e+00,2.995849e+01,3.961754e+01,1.700087e+02
1.173752e+06,1.358509e+01,2.463168e+04,2.850889e-01,9.474517e-01,9.474100e-01,1.808467e-04,1.085542e-08,3.795704e+01,7.997448e+00,2.995959e+01,3.961868e+01,1.700127e+02
1.173762e+06,1.358520e+01,2.464168e+04,2.852046e-01,9.474525e-01,9.474101e-01,1.809553e-04,1.085542e-08,3.795815e+01,7.997448e+00,2.996070e+01,3.961982e+01,1.700167e+02
1.173772e+06,1.358532e+01,2.465168e+04,2.853204e-01,9.474533e-01,9.474102e-01,1.810638e-04,1.085542e-08,3.795925e+01,7.997448e+00,2.996180e+01,3.962096e+01,1.700206e+02
1.173782e+06,1.358544e+01,2.466168e+04,2.854361e-01,9.474542e-01,9.474103e-01,1.811724e-04,1.085541e-08,3.796036e+01,7.997448e+00,2.996291e+01,3.962210e+01,1.700246e+02
1.173792e+06,1.358555e+01,2.467168e+04,2.855518e-01,9.474550e-01,9.474104e-01,1.812810e-04,1.085541e-08,3.796146e+01,7.997448e+00,2.996401e+01,3.962324e+01,1.700286e+02
1.173802e+06,1.358567e+01,2.468168e+04,2.856676e-01,9.474558e-01,9.474105e-01,1.813895e-04,1.085541e-08,3.796257e+01,7.997448e+00,2.996512e+01,3.962438e+01,1.700326e+02
1.173812e+06,1.358578e+01,2.469168e+04,2.857833e-01,9.474566e-01,9.474107e-01,1.814981e-04,1.085541e-08,3.796367e+01,7.997448e+00,2.996622e+01,3.962552e+01,1.700365e+02
1.173822e+06,1.358590e+01,2.470168e+04,2.858991e-01,9.474575e-01,9.474108e-01,1.816067e-04,1.085541e-08,3.796478e+01,7.997448e+00,2.996733e+01,3.962666e+01,1.700405e+02
1.173832e+06,1.358601e+01,2.471168e+04,2.860148e-01,9.474583e-01,9.474109e-01,1.817152e-04,1.085541e-08,3.796588e+01,7.997448e+00,2.996844e+01,3.962780e+01,1.700445e+02
1.173842e+06,1.358613e+01,2.472168e+04,2.861306e-01,9.474591e-01,9.474110e-01,1.818238e-04,1.085541e-08,3.796699e+01,7.997448e+00,2.996954e+01,3.962894e+01,1.700485e+02
1.173852e+06,1.358625e+01,2.473168e+04,2.862463e-01,9.474599e-01,9.474111e-01,1.819323e-04,1.085541e-08,3.796810e+01,7.997448e+00,2.997065e+01,3.963008e+01,1.700525e+02
1.173862e+06,1.358636e+01,2.474168e+04,2.863621e-01,9.474608e-01,9.474112e-01,1.820409e-04,1.085540e-08,3.796920e+01,7.997448e+00,2.997175e+01,3.963121e+01,1.700564e+02
1.173872e+06,1.358648e+01,2.475169e+04,2.864778e-01,9.474616e-01,9.474113e-01,1.821495e-04,1.085540e-08,3.797031e+01,7.997448e+00,2.997286e+01,3.963235e+01,1.700604e+02
1.173882e+06,1.358659e+01,2.476169e+04,2.865936e-01,9.474624e-01,9.474114e-01,1.822580e-04,1.085540e-08,3.797141e+01,7.997448e+00,2.997396e+01,3.963349e+01,1.700644e+02
1.173892e+06,1.358671e+01,2.477169e+04,2.867093e-01,9.474632e-01,9.474115e-01,1.823666e-04,1.085540e-08,3.797252e+01,7.997448e+00,2.997507e+01,3.963463e+01,1.700684e+02
1.173902e+06,1.358683e+01,2.478169e+04,2.868251e-01,9.474641e-01,9.474116e-01,1.824751e-04,1.085540e-08,3.797362e+01,7.997448e+00,2.997617e+01,3.963577e+01,1.700723e+02
1.173912e+06,1.358694e+01,2.479169e+04,2.869408e-01,9.474649e-01,9.474117e-01,1.825837e-04,1.085540e-08,3.797473e+01,7.997448e+00,2.997728e+01,3.963691e+01,1.700763e+02
1.173922e+06,1.358706e+01,2.480169e+04,2.870566e-01,9.474657e-01,9.474118e-01,1.826923e-04,1.085540e-08,3.797583e+01,7.997448e+00,2.997839e+01,3.963805e+01,1.700803e+02
1.173932e+06,1.358717e+01,2.481169e+04,2.871723e-01,9.474665e-01,9.474119e-01,1.828008e-04,1.085540e-08,3.797694e+01,7.997448e+00,2.997949e+01,3.963919e+01,1.700843e+02
1.173942e+06,1.358729e+01,2.482169e+04,2.872881e-01,9.474674e-01,9.474120e-01,1.829094e-04,1.085540e-08,3.797804e+01,7.997448e+00,2.998060e+01,3.964033e+01,1.700883e+02
1.173952e+06,1.358740e+01,2.483169e+04,2.874038e-01,9.474682e-01,9.474121e-01,1.830179e-04,1.085539e-08,3.797915e+01,7.997448e+00,2.998170e+01,3.964147e+01,1.700922e+02
1.173962e+06,1.358752e+01,2.484169e+04,2.875196e-01,9.474687e-01,9.474122e-01,1.831265e-04,1.085539e-08,3.798026e+01,7.997448e+00,2.998281e+01,3.964262e+01,1.700962e+02
1.173972e+06,1.358764e+01,2.485169e+04,2.876353e-01,9.474628e-01,9.474123e-01,1.832351e-04,1.085539e-08,3.798138e+01,7.997448e+00,2.998393e+01,3.964400e+01,1.700998e+02
1.173982e+06,1.358775e+01,2.486169e+04,2.877511e-01,9.474496e-01,9.474124e-01,1.833436e-04,1.085539e-08,3.798293e+01,7.997448e+00,2.998548e+01,3.964607e+01,1.700958e+02
1.173992e+06,1.358787e+01,2.487169e+04,2.878668e-01,9.474365e-01,9.474125e-01,1.834522e-04,1.085539e-08,3.798447e+01,7.997448e+00,2.998703e+01,3.964815e+01,1.700918e+02
1.174002e+06,1.358798e+01,2.488169e+04,2.879826e-01,9.474233e-01,9.474126e-01,1.835608e-04,1.085539e-08,3.798602e+01,7.997448e+00,2.998857e+01,3.965022e+01,1.700878e+02
1.174012e+06,1.358810e+01,2.489169e+04,2.880983e-01,9.474101e-01,9.474127e-01,1.836693e-04,1.085539e-08,3.798757e+01,7.997448e+00,2.999012e+01,3.965229e+01,1.700837e+02
1.174022e+06,1.358821e+01,2.490170e+04,2.882141e-01,9.473970e-01,9.474128e-01,1.837779e-04,1.085539e-08,3.798911e+01,7.997448e+00,2.999167e+01,3.965436e+01,1.700797e+02
1.174032e+06,1.358833e+01,2.491170e+04,2.883298e-01,9.473838e-01,9.474129e-01,1.838864e-04,1.085538e-08,3.799066e+01,7.997448e+00,2.999321e+01,3.965644e+01,1.700757e+02
1.174042e+06,1.358845e+01,2.492170e+04,2.884456e-01,9.473706e-01,9.474130e-01,1.839950e-04,1.085538e-08,3.799221e+01,7.997448e+00,2.999476e+01,3.965851e+01,1.700717e+02
1.174052e+06,1.358856e+01,2.493170e+04,2.885613e-01,9.473575e-01,9.474131e-01,1.841036e-04,1.085538e-08,3.799375e+01,7.997448e+00,2.999631e+01,3.966058e+01,1.700677e+02
1.174062e+06,1.358868e+01,2.494170e+04,2.886771e-01,9.473443e-01,9.474132e-01,1.842121e-04,1.085538e-08,3.799530e+01,7.997448e+00,2.999785e+01,3.966265e+01,1.700636e+02
1.174072e+06,1.358879e+01,2.495170e+04,2.887928e-01,9.473311e-01,9.474133e-01,1.843207e-04,1.085538e-08,3.799685e+01,7.997448e+00,2.999940e+01,3.966473e+01,1.700596e+02
1.174082e+06,1.358891e+01,2.496170e+04,2.889086e-01,9.473180e-01,9.474134e-01,1.844292e-04,1.085538e-08,3.799839e+01,7.997448e+00,3.000095e+01,3.966680e+01,1.700556e+02
1.174092e+06,1.358902e+01,2.497170e+04,2.890243e-01,9.473048e-01,9.474135e-01,1.845378e-04,1.085538e-08,3.799994e+01,7.997448e+00,3.000249e+01,3.966887e+01,1.700516e+02
1.174102e+06,1.358914e+01,2.498170e+04,2.891401e-01,9.472916e-01,9.474136e-01,1.846464e-04,1.085538e-08,3.800149e+01,7.997448e+00,3.000404e+01,3.967095e+01,1.700476e+02
1.174112e+06,1.358926e+01,2.499170e+04,2.892558e-01,9.472785e-01,9.474137e-01,1.847549e-04,1.085538e-08,3.800303e+01,7.997448e+00,3.000559e+01,3.967302e+01,1.700435e+02
1.174122e+06,1.358937e+01,2.500170e+04,2.893716e-01,9.472653e-01,9.474138e-01,1.848635e-04,1.085537e-08,3.800458e+01,7.997448e+00,3.000713e+01,3.967509e+01,1.700395e+02
1.174132e+06,1.358949e+01,2.501170e+04,2.894873e-01,9.472521e-01,9.474139e-01,1.849721e-04,1.085537e-08,3.800613e+01,7.997448e+00,3.000868e+01,3.967717e+01,1.700355e+02
1.174142e+06,1.358960e+01,2.502170e+04,2.896031e-01,9.472390e-01,9.474140e-01,1.850806e-04,1.085537e-08,3.800767e+01,7.997448e+00,3.001023e+01,3.967924e+01,1.700315e+02
1.174152e+06,1.358972e+01,2.503170e+04,2.897188e-01,9.472258e-01,9.474141e-01,1.851892e-04,1.085537e-08,3.800922e+01,7.997448e+00,3.001177e+01,3.968131e+01,1.700275e+02
1.174162e+06,1.358983e+01,2.504170e+04,2.898345e-01,9.472126e-01,9.474143e-01,1.852977e-04,1.085537e-08,3.801077e+01,7.997448e+00,3.001332e+01,3.968339e+01,1.700235e+02
1.174172e+06,1.358995e+01,2.505171e+04,2.899503e-01,9.471995e-01,9.474144e-01,1.854063e-04,1.085537e-08,3.801231e+01,7.997448e+00,3.001487e+01,3.968546e+01,1.700194e+02
1.174182e+06,1.359007e+01,2.506171e+04,2.900660e-01,9.471863e-01,9.474145e-01,1.855149e-04,1.085537e-08,3.801386e+01,7.997448e+00,3.001641e+01,3.968753e+01,1.700154e+02
1.174192e+06,1.359018e+01,2.507171e+04,2.901818e-01,9.471731e-01,9.474146e-01,1.856234e-04,1.085537e-08,3.801541e+01,7.997448e+00,3.001796e+01,3.968961e+01,1.700114e+02
1.174202e+06,1.359030e+01,2.508171e+04,2.902975e-01,9.471600e-01,9.474147e-01,1.857320e-04,1.085536e-08,3.801695e+01,7.997448e+00,3.001951e+01,3.969168e+01,1.700074e+02
1.174212e+06,1.359041e+01,2.509171e+04,2.904133e-01,9.471473e-01,9.474148e-01,1.858405e-04,1.085536e-08,3.801850e+01,7.997448e+00,3.002105e+01,3.969373e+01,1.700034e+02
1.174222e+06,1.359053e+01,2.510171e+04,2.905290e-01,9.471409e-01,9.474149e-01,1.859491e-04,1.085536e-08,3.801958e+01,7.997448e+00,3.002213e+01,3.969509e+01,1.700000e+02
1.174232e+06,1.359064e+01,2.511171e+04,2.906448e-01,9.471524e-01,9.474150e-01,1.860577e-04,1.085536e-08,3.801830e+01,7.997448e+00,3.002085e+01,3.969335e+01,1.700000e+02
1.174242e+06,1.359076e+01,2.512171e+04,2.907605e-01,9.471640e-01,9.474151e-01,1.861662e-04,1.085536e-08,3.801702e+01,7.997448e+00,3.001957e+01,3.969162e+01,1.700000e+02
1.174252e+06,1.359088e+01,2.513171e+04,2.908763e-01,9.471755e-01,9.474152e-01,1.862748e-04,1.085536e-08,3.801574e+01,7.997448e+00,3.001829e+01,3.968988e+01,1.700000e+02
1.174262e+06,1.359099e+01,2.514171e+04,2.909920e-01,9.471870e-01,9.474153e-01,1.863833e-04,1.085536e-08,3.801446e+01,7.997448e+00,3.001701e+01,3.968814e+01,1.700000e+02
1.174272e+06,1.359111e+01,2.515171e+04,2.911078e-01,9.471985e-01,9.474154e-01,1.864919e-04,1.085536e-08,3.801318e+01,7.997448e+00,3.001573e+01,3.968641e+01,1.700000e+02
1.174282e+06,1.359122e+01,2.516171e+04,2.912235e-01,9.472101e-01,9.474155e-01,1.866005e-04,1.085536e-08,3.801190e+01,7.997448e+00,3.001445e+01,3.968467e+01,1.700000e+02
1.174292e+06,1.359134e+01,2.517171e+04,2.913393e-01,9.472216e-01,9.474156e-01,1.867090e-04,1.085535e-08,3.801062e+01,7.997448e+00,3.001317e+01,3.968293e+01,1.700000e+02
1.174302e+06,1.359146e+01,2.518171e+04,2.914550e-01,9.472331e-01,9.474157e-01,1.868176e-04,1.085535e-08,3.800934e+01,7.997448e+00,3.001189e+01,3.968119e+01,1.700000e+02
1.174312e+06,1.359157e+01,2.519172e+04,2.915708e-01,9.472447e-01,9.474158e-01,1.869261e-04,1.085535e-08,3.800806e+01,7.997448e+00,3.001061e+01,3.967946e+01,1.700000e+02
1.174322e+06,1.359169e+01,2.520172e+04,2.916865e-01,9.472562e-01,9.474159e-01,1.870347e-04,1.085535e-08,3.800678e+01,7.997448e+00,3.000933e+01,3.967772e+01,1.700000e+02
1.174332e+06,1.359180e+01,2.521172e+04,2.918023e-01,9.472677e-01,9.474160e-01,1.871433e-04,1.085535e-08,3.800550e+01,7.997448e+00,3.000805e+01,3.967598e+01,1.700000e+02
1.174342e+06,1.359192e+01,2.522172e+04,2.919180e-01,9.472792e-01,9.474161e-01,1.872518e-04,1.085535e-08,3.800422e+01,7.997448e+00,3.000677e+01,3.967425e+01,1.700000e+02
1.174352e+06,1.359203e+01,2.523172e+04,2.920338e-01,9.472908e-01,9.474162e-01,1.873604e-04,1.085535e-08,3.800294e+01,7.997448e+00,3.000549e+01,3.967251e+01,1.700000e+02
1.174362e+06,1.359215e+01,2.524172e+04,2.921495e-01,9.473023e-01,9.474163e-01,1.874690e-04,1.085535e-08,3.800166e+01,7.997448e+00,3.000421e+01,3.967077e+01,1.700000e+02
1.174372e+06,1.359227e+01,2.525172e+04,2.922653e-01,9.473138e-01,9.474164e-01,1.875775e-04,1.085534e-08,3.800038e+01,7.997448e+00,3.000293e+01,3.966904e+01,1.700000e+02
1.174382e+06,1.359238e+01,2.526172e+04,2.923810e-01,9.473254e-01,9.474165e-01,1.876861e-04,1.085534e-08,3.799910e+01,7.997448e+00,3.000165e+01,3.966730e+01,1.700000e+02
1.174392e+06,1.359250e+01,2.527172e+04,2.924968e-01,9.473369e-01,9.474166e-01,1.877946e-04,1.085534e-08,3.799782e+01,7.997448e+00,3.000037e+01,3.966556e+01,1.700000e+02
1.174402e+06,1.359261e+01,2.528172e+04,2.926125e-01,9.473484e-01,9.474167e-01,1.879032e-04,1.085534e-08,3.799654e+01,7.997448e+00,2.999909e+01,3.966383e+01,1.700000e+02
1.174412e+06,1.359273e+01,2.529172e+04,2.927283e-01,9.473600e-01,9.474168e-01,1.880118e-04,1.085534e-08,3.799526e+01,7.997448e+00,2.999781e+01,3.966209e+01,1.700000e+02
1.174422e+06,1.359284e+01,2.530172e+04,2.928440e-01,9.473715e-01,9.474169e-01,1.881203e-04,1.085534e-08,3.799398e+01,7.997448e+00,2.999653e+01,3.966035e+01,1.700000e+02
1.174432e+06,1.359296e+01,2.531172e+04,2.929598e-01,9.473830e-01,9.474170e-01,1.882289e-04,1.085534e-08,3.799270e+01,7.997448e+00,2.999525e+01,3.965862e+01,1.700000e+02
1.174442e+06,1.359308e+01,2.532172e+04,2.930755e-01,9.473945e-01,9.474171e-01,1.883374e-04,1.085534e-08,3.799142e+01,7.997448e+00,2.999397e+01,3.965688e+01,1.700000e+02
1.174452e+06,1.359319e+01,2.533172e+04,2.931913e-01,9.474061e-01,9.474172e-01,1.884460e-04,1.085534e-08,3.799014e+01,7.997448e+00,2.999269e+01,3.965515e+01,1.700000e+02
1.174462e+06,1.359331e+01,2.534173e+04,2.933070e-01,9.474180e-01,9.474173e-01,1.885546e-04,1.085533e-08,3.798886e+01,7.997448e+00,2.999141e+01,3.965340e+01,1.700000e+02
1.174472e+06,1.359342e+01,2.535173e+04,2.934228e-01,9.474311e-01,9.474174e-01,1.886631e-04,1.085533e-08,3.798760e+01,7.997448e+00,2.999015e+01,3.965163e+01,1.700004e+02
1.174482e+06,1.359354e+01,2.536173e+04,2.935385e-01,9.474316e-01,9.474175e-01,1.887717e-04,1.085533e-08,3.798649e+01,7.997448e+00,2.998904e+01,3.965043e+01,1.700044e+02
1.174492e+06,1.359365e+01,2.537173e+04,2.936543e-01,9.474322e-01,9.474176e-01,1.888802e-04,1.085533e-08,3.798538e+01,7.997448e+00,2.998793e+01,3.964924e+01,1.700085e+02
1.174502e+06,1.359377e+01,2.538173e+04,2.937700e-01,9.474327e-01,9.474177e-01,1.889888e-04,1.085533e-08,3.798426e+01,7.997448e+00,2.998681e+01,3.964805e+01,1.700125e+02
1.174512e+06,1.359389e+01,2.539173e+04,2.938857e-01,9.474332e-01,9.474179e-01,1.890974e-04,1.085533e-08,3.798315e+01,7.997448e+00,2.998570e+01,3.964686e+01,1.700165e+02
1.174522e+06,1.359400e+01,2.540173e+04,2.940015e-01,9.474337e-01,9.474180e-01,1.892059e-04,1.085533e-08,3.798204e+01,7.997448e+00,2.998459e+01,3.964567e+01,1.700205e+02
1.174532e+06,1.359412e+01,2.541173e+04,2.941172e-01,9.474342e-01,9.474181e-01,1.893145e-04,1.085533e-08,3.798092e+01,7.997448e+00,2.998347e+01,3.964447e+01,1.700245e+02
1.174542e+06,1.359423e+01,2.542173e+04,2.942330e-01,9.474347e-01,9.474182e-01,1.894230e-04,1.085532e-08,3.797981e+01,7.997448e+00,2.998236e+01,3.964328e+01,1.700285e+02
1.174552e+06,1.359435e+01,2.543173e+04,2.943487e-01,9.474353e-01,9.474183e-01,1.895316e-04,1.085532e-08,3.797870e+01,7.997448e+00,2.998125e+01,3.964209e+01,1.700325e+02
1.174562e+06,1.359446e+01,2.544173e+04,2.944645e-01,9.474358e-01,9.474184e-01,1.896402e-04,1.085532e-08,3.797758e+01,7.997448e+00,2.998013e+01,3.964090e+01,1.700365e+02
1.174572e+06,1.359458e+01,2.545173e+04,2.945802e-01,9.474363e-01,9.474185e-01,1.897487e-04,1.085532e-08,3.797647e+01,7.997448e+00,2.997902e+01,3.963970e+01,1.700405e+02
1.174582e+06,1.359470e+01,2.546173e+04,2.946960e-01,9.474368e-01,9.474186e-01,1.898573e-04,1.085532e-08,3.797536e+01,7.997448e+00,2.997791e+01,3.963851e+01,1.700445e+02
1.174592e+06,1.359481e+01,2.547173e+04,2.948117e-01,9.474373e-01,9.474187e-01,1.899659e-04,1.085532e-08,3.797424e+01,7.997448e+00,2.997680e+01,3.963732e+01,1.700485e+02
1.174602e+06,1.359493e+01,2.548173e+04,2.949275e-01,9.474379e-01,9.474188e-01,1.900744e-04,1.085532e-08,3.797313e+01,7.997448e+00,2.997568e+01,3.963613e+01,1.700525e+02
1.174612e+06,1.359504e+01,2.549174e+04,2.950432e-01,9.474384e-01,9.474189e-01,1.901830e-04,1.085532e-08,3.797202e+01,7.997448e+00,2.997457e+01,3.963494e+01,1.700565e+02
1.174622e+06,1.359516e+01,2.550174e+04,2.951590e-01,9.474389e-01,9.474190e-01,1.902915e-04,1.085532e-08,3.797090e+01,7.997448e+00,2.997346e+01,3.963374e+01,1.700605e+02
1.174632e+06,1.359527e+01,2.551174e+04,2.952747e-01,9.474394e-01,9.474191e-01,1.904001e-04,1.085531e-08,3.796979e+01,7.997448e+00,2.997234e+01,3.963255e+01,1.700645e+02
1.174642e+06,1.359539e+01,2.552174e+04,2.953905e-01,9.474399e-01,9.474192e-01,1.905087e-04,1.085531e-08,3.796868e+01,7.997448e+00,2.997123e+01,3.963136e+01,1.700685e+02
1.174652e+06,1.359551e+01,2.553174e+04,2.955062e-01,9.474404e-01,9.474193e-01,1.906172e-04,1.085531e-08,3.796756e+01,7.997448e+00,2.997012e+01,3.963017e+01,1.700725e+02
1.174662e+06,1.359562e+01,2.554174e+04,2.956220e-01,9.474410e-01,9.474194e-01,1.907258e-04,1.085531e-08,3.796645e+01,7.997448e+00,2.996900e+01,3.962897e+01,1.700765e+02
1.174672e+06,1.359574e+01,2.555174e+04,2.957377e-01,9.474415e-01,9.474195e-01,1.908343e-04,1.085531e-08,3.796534e+01,7.997448e+00,2.996789e+01,3.962778e+01,1.700805e+02
1.174682e+06,1.359585e+01,2.556174e+04,2.958535e-01,9.474420e-01,9.474196e-01,1.909429e-04,1.085531e-08,3.796423e+01,7.997448e+00,2.996678e+01,3.962659e+01,1.700845e+02
1.174692e+06,1.359597e+01,2.557174e+04,2.959692e-01,9.474425e-01,9.474197e-01,1.910515e-04,1.085531e-08,3.796311e+01,7.997448e+00,2.996566e+01,3.962540e+01,1.700886e+02
1.174702e+06,1.359608e+01,2.558174e+04,2.960850e-01,9.474430e-01,9.474198e-01,1.911600e-04,1.085531e-08,3.796200e+01,7.997448e+00,2.996455e+01,3.962421e+01,1.700926e+02
1.174712e+06,1.359620e+01,2.559174e+04,2.962007e-01,9.474431e-01,9.474199e-01,1.912686e-04,1.085530e-08,3.796089e+01,7.997448e+00,2.996344e+01,3.962303e+01,1.700966e+02
1.174722e+06,1.359632e+01,2.560174e+04,2.963165e-01,9.474409e-01,9.474200e-01,1.913771e-04,1.085530e-08,3.796020e+01,7.997448e+00,2.996275e+01,3.962238e+01,1.701000e+02
1.174732e+06,1.359643e+01,2.561174e+04,2.964322e-01,9.474420e-01,9.474201e-01,1.914857e-04,1.085530e-08,3.796208e+01,7.997448e+00,2.996463e+01,3.962433e+01,1.701000e+02
1.174742e+06,1.359655e+01,2.562174e+04,2.965480e-01,9.474430e-01,9.474202e-01,1.915943e-04,1.085530e-08,3.796397e+01,7.997448e+00,2.996652e+01,3.962628e+01,1.701000e+02
1.174752e+06,1.359666e+01,2.563175e+04,2.966637e-01,9.474440e-01,9.474203e-01,1.917028e-04,1.085530e-08,3.796585e+01,7.997448e+00,2.996840e+01,3.962824e+01,1.701000e+02
1.174762e+06,1.359678e+01,2.564175e+04,2.967795e-01,9.474451e-01,9.474204e-01,1.918114e-04,1.085530e-08,3.796773e+01,7.997448e+00,2.997029e+01,3.963019e+01,1.701000e+02
1.174772e+06,1.359690e+01,2.565175e+04,2.968952e-01,9.474461e-01,9.474205e-01,1.919199e-04,1.085530e-08,3.796962e+01,7.997448e+00,2.997217e+01,3.963214e+01,1.701000e+02
1.174782e+06,1.359701e+01,2.566175e+04,2.970110e-01,9.474472e-01,9.474206e-01,1.920285e-04,1.085530e-08,3.797150e+01,7.997448e+00,2.997405e+01,3.963410e+01,1.701000e+02
1.174792e+06,1.359713e+01,2.567175e+04,2.971267e-01,9.474482e-01,9.474207e-01,1.921371e-04,1.085530e-08,3.797339e+01,7.997448e+00,2.997594e+01,3.963605e+01,1.701000e+02
1.174802e+06,1.359724e+01,2.568175e+04,2.972425e-01,9.474492e-01,9.474208e-01,1.922456e-04,1.085529e-08,3.797527e+01,7.997448e+00,2.997782e+01,3.963801e+01,1.701000e+02
1.174812e+06,1.359736e+01,2.569175e+04,2.973582e-01,9.474503e-01,9.474209e-01,1.923542e-04,1.085529e-08,3.797715e+01,7.997448e+00,2.997970e+01,3.963996e+01,1.701000e+02
1.174822e+06,1.359747e+01,2.570175e+04,2.974740e-01,9.474513e-01,9.474210e-01,1.924627e-04,1.085529e-08,3.797904e+01,7.997448e+00,2.998159e+01,3.964191e+01,1.701000e+02
1.174832e+06,1.359759e+01,2.571175e+04,2.975897e-01,9.474523e-01,9.474211e-01,1.925713e-04,1.085529e-08,3.798092e+01,7.997448e+00,2.998347e+01,3.964387e+01,1.701000e+02
1.174842e+06,1.359771e+01,2.572175e+04,2.977055e-01,9.474534e-01,9.474212e-01,1.926799e-04,1.085529e-08,3.798280e+01,7.997448e+00,2.998536e+01,3.964582e+01,1.701000e+02
1.174852e+06,1.359782e+01,2.573175e+04,2.978212e-01,9.474544e-01,9.474213e-01,1.927884e-04,1.085529e-08,3.798469e+01,7.997448e+00,2.998724e+01,3.964777e+01,1.701000e+02
1.174862e+06,1.359794e+01,2.574175e+04,2.979370e-01,9.474554e-01,9.474215e-01,1.928970e-04,1.085529e-08,3.798657e+01,7.997448e+00,2.998912e+01,3.964973e+01,1.701000e+02
1.174872e+06,1.359805e+01,2.575175e+04,2.980527e-01,9.474565e-01,9.474216e-01,1.930055e-04,1.085529e-08,3.798846e+01,7.997448e+00,2.999101e+01,3.965168e+01,1.701000e+02
1.174882e+06,1.359817e+01,2.576175e+04,2.981684e-01,9.474575e-01,9.474217e-01,1.931141e-04,1.085528e-08,3.799034e+01,7.997448e+00,2.999289e+01,3.965364e+01,1.701000e+02
1.174892e+06,1.359828e+01,2.577175e+04,2.982842e-01,9.474585e-01,9.474218e-01,1.932227e-04,1.085528e-08,3.799222e+01,7.997448e+00,2.999478e+01,3.965559e+01,1.701000e+02
1.174902e+06,1.359840e+01,2.578176e+04,2.983999e-01,9.474596e-01,9.474219e-01,1.933312e-04,1.085528e-08,3.799411e+01,7.997448e+00,2.999666e+01,3.965754e+01,1.701000e+02
1.174912e+06,1.359852e+01,2.579176e+04,2.985157e-01,9.474606e-01,9.474220e-01,1.934398e-04,1.085528e-08,3.799599e+01,7.997448e+00,2.999854e+01,3.965950e+01,1.701000e+02
1.174922e+06,1.359863e+01,2.580176e+04,2.986314e-01,9.474616e-01,9.474221e-01,1.935483e-04,1.085528e-08,3.799788e+01,7.997448e+00,3.000043e+01,3.966145e+01,1.701000e+02
1.174932e+06,1.359875e+01,2.581176e+04,2.987472e-01,9.474627e-01,9.474222e-01,1.936569e-04,1.085528e-08,3.799976e+01,7.997448e+00,3.000231e+01,3.966340e+01,1.701000e+02
1.174942e+06,1.359886e+01,2.582176e+04,2.988629e-01,9.474637e-01,9.474223e-01,1.937655e-04,1.085528e-08,3.800164e+01,7.997448e+00,3.000419e+01,3.966536e+01,1.701000e+02
1.174952e+06,1.359898e+01,2.583176e+04,2.989787e-01,9.474647e-01,9.474224e-01,1.938740e-04,1.085528e-08,3.800353e+01,7.997448e+00,3.000608e+01,3.966731e+01,1.701000e+02
1.174962e+06,1.359909e+01,2.584176e+04,2.990944e-01,9.474652e-01,9.474225e-01,1.939826e-04,1.085528e-08,3.800541e+01,7.997448e+00,3.000796e+01,3.966928e+01,1.701000e+02
1.174972e+06,1.359921e+01,2.585176e+04,2.992102e-01,9.474619e-01,9.474226e-01,1.940911e-04,1.085527e-08,3.800688e+01,7.997448e+00,3.000943e+01,3.967094e+01,1.700993e+02
1.174982e+06,1.359933e+01,2.586176e+04,2.993259e-01,9.474529e-01,9.474227e-01,1.941997e-04,1.085527e-08,3.800636e+01,7.997448e+00,3.000891e+01,3.967070e+01,1.700953e+02
1.174992e+06,1.359944e+01,2.587176e+04,2.994417e-01,9.474439e-01,9.474228e-01,1.943083e-04,1.085527e-08,3.800585e+01,7.997448e+00,3.000840e+01,3.967046e+01,1.700913e+02
1.175002e+06,1.359956e+01,2.588176e+04,2.995574e-01,9.474349e-01,9.474229e-01,1.944168e-04,1.085527e-08,3.800533e+01,7.997448e+00,3.000789e+01,3.967022e+01,1.700873e+02
1.175012e+06,1.359967e+01,2.589176e+04,2.996732e-01,9.474259e-01,9.474230e-01,1.945254e-04,1.085527e-08,3.800482e+01,7.997448e+00,3.000737e+01,3.966998e+01,1.700833e+02
1.175022e+06,1.359979e+01,2.590176e+04,2.997889e-01,9.474169e-01,9.474231e-01,1.946339e-04,1.085527e-08,3.800431e+01,7.997448e+00,3.000686e+01,3.966973e+01,1.700793e+02
1.175032e+06,1.359990e+01,2.591176e+04,2.999047e-01,9.474079e-01,9.474232e-01,1.947425e-04,1.085527e-08,3.800379e+01,7.997448e+00,3.000635e+01,3.966949e+01,1.700753e+02
1.175042e+06,1.360002e+01,2.592176e+04,3.000204e-01,9.473989e-01,9.474233e-01,1.948511e-04,1.085527e-08,3.800328e+01,7.997448e+00,3.000583e+01,3.966925e+01,1.700713e+02
1.175052e+06,1.360014e+01,2.593177e+04,3.001362e-01,9.473899e-01,9.474234e-01,1.949596e-04,1.085526e-08,3.800277e+01,7.997448e+00,3.000532e+01,3.966901e+01,1.700673e+02
1.175062e+06,1.360025e+01,2.594177e+04,3.002519e-01,9.473810e-01,9.474235e-01,1.950682e-04,1.085526e-08,3.800225e+01,7.997448e+00,3.000480e+01,3.966877e+01,1.700633e+02
1.175072e+06,1.360037e+01,2.595177e+04,3.003677e-01,9.473720e-01,9.474236e-01,1.951767e-04,1.085526e-08,3.800174e+01,7.997448e+00,3.000429e+01,3.966852e+01,1.700593e+02
1.175082e+06,1.360048e+01,2.596177e+04,3.004834e-01,9.473630e-01,9.474237e-01,1.952853e-04,1.085526e-08,3.800122e+01,7.997448e+00,3.000378e+01,3.966828e+01,1.700552e+02
1.175092e+06,1.360060e+01,2.597177e+04,3.005992e-01,9.473540e-01,9.474238e-01,1.953939e-04,1.085526e-08,3.800071e+01,7.997448e+00,3.000326e+01,3.966804e+01,1.700512e+02
1.175102e+06,1.360071e+01,2.598177e+04,3.007149e-01,9.473450e-01,9.474239e-01,1.955024e-04,1.085526e-08,3.800020e+01,7.997448e+00,3.000275e+01,3.966780e+01,1.700472e+02
1.175112e+06,1.360083e+01,2.599177e+04,3.008307e-01,9.473360e-01,9.474240e-01,1.956110e-04,1.085526e-08,3.799968e+01,7.997448e+00,3.000223e+01,3.966756e+01,1.700432e+02
1.175122e+06,1.360095e+01,2.600177e+04,3.009464e-01,9.473270e-01,9.474241e-01,1.957195e-04,1.085526e-08,3.799917e+01,7.997448e+00,3.000172e+01,3.966732e+01,1.700392e+02
1.175132e+06,1.360106e+01,2.601177e+04,3.010622e-01,9.473180e-01,9.474242e-01,1.958281e-04,1.085526e-08,3.799866e+01,7.997448e+00,3.000121e+01,3.966707e+01,1.700352e+02
1.175142e+06,1.360118e+01,2.602177e+04,3.011779e-01,9.473090e-01,9.474243e-01,1.959367e-04,1.085525e-08,3.799814e+01,7.997448e+00,3.000069e+01,3.966683e+01,1.700312e+02
1.175152e+06,1.360129e+01,2.603177e+04,3.012937e-01,9.473000e-01,9.474244e-01,1.960452e-04,1.085525e-08,3.799763e+01,7.997448e+00,3.000018e+01,3.966659e+01,1.700272e+02
1.175162e+06,1.360141e+01,2.604177e+04,3.014094e-01,9.472911e-01,9.474245e-01,1.961538e-04,1.085525e-08,3.799711e+01,7.997448e+00,2.999967e+01,3.966635e+01,1.700232e+02
1.175172e+06,1.360153e+01,2.605177e+04,3.015252e-01,9.472821e-01,9.474246e-01,1.962623e-04,1.085525e-08,3.799660e+01,7.997448e+00,2.999915e+01,3.966611e+01,1.700192e+02
1.175182e+06,1.360164e+01,2.606177e+04,3.016409e-01,9.472731e-01,9.474247e-01,1.963709e-04,1.085525e-08,3.799609e+01,7.997448e+00,2.999864e+01,3.966587e+01,1.700152e+02
1.175192e+06,1.360176e+01,2.607178e+04,3.017567e-01,9.472641e-01,9.474248e-01,1.964795e-04,1.085525e-08,3.799557e+01,7.997448e+00,2.999812e+01,3.966562e+01,1.700112e+02
1.175202e+06,1.360187e+01,2.608178e+04,3.018724e-01,9.472551e-01,9.474249e-01,1.965880e-04,1.085525e-08,3.799506e+01,7.997448e+00,2.999761e+01,3.966538e+01,1.700072e+02
1.175212e+06,1.360199e+01,2.609178e+04,3.019882e-01,9.472468e-01,9.474251e-01,1.966966e-04,1.085525e-08,3.799455e+01,7.997448e+00,2.999710e+01,3.966512e+01,1.700032e+02
1.175222e+06,1.360210e+01,2.610178e+04,3.021039e-01,9.472424e-01,9.474252e-01,1.968051e-04,1.085524e-08,3.799414e+01,7.997448e+00,2.999669e+01,3.966483e+01,1.700000e+02
1.175232e+06,1.360222e+01,2.611178e+04,3.022197e-01,9.472434e-01,9.474253e-01,1.969137e-04,1.085524e-08,3.799414e+01,7.997448e+00,2.999669e+01,3.966480e+01,1.700000e+02
1.175242e+06,1.360234e+01,2.612178e+04,3.023354e-01,9.472444e-01,9.474254e-01,1.970223e-04,1.085524e-08,3.799414e+01,7.997448e+00,2.999669e+01,3.966476e+01,1.700000e+02
1.175252e+06,1.360245e+01,2.613178e+04,3.024511e-01,9.472455e-01,9.474255e-01,1.971308e-04,1.085524e-08,3.799414e+01,7.997448e+00,2.999669e+01,3.966473e+01,1.700000e+02
1.175262e+06,1.360257e+01,2.614178e+04,3.025669e-01,9.472465e-01,9.474256e-01,1.972394e-04,1.085524e-08,3.799414e+01,7.997448e+00,2.999669e+01,3.966470e+01,1.700000e+02
1.175272e+06,1.360268e+01,2.615178e+04,3.026826e-01,9.472475e-01,9.474257e-01,1.973479e-04,1.085524e-08,3.799414e+01,7.997448e+00,2.999669e+01,3.966466e+01,1.700000e+02
1.175282e+06,1.360280e+01,2.616178e+04,3.027984e-01,9.472485e-01,9.474258e-01,1.974565e-04,1.085524e-08,3.799414e+01,7.997448e+00,2.999669e+01,3.966463e+01,1.700000e+02
1.175292e+06,1.360291e+01,2.617178e+04,3.029141e-01,9.472496e-01,9.474259e-01,1.975651e-04,1.085524e-08,3.799414e+01,7.997448e+00,2.999669e+01,3.966459e+01,1.700000e+02
1.175302e+06,1.360303e+01,2.618178e+04,3.030299e-01,9.472506e-01,9.474260e-01,1.976736e-04,1.085524e-08,3.799414e+01,7.997448e+00,2.999669e+01,3.966456e+01,1.700000e+02
1.175312e+06,1.360315e+01,2.619178e+04,3.031456e-01,9.472516e-01,9.474261e-01,1.977822e-04,1.085523e-08,3.799414e+01,7.997448e+00,2.999669e+01,3.966452e+01,1.700000e+02
1.175322e+06,1.360326e+01,2.620178e+04,3.032614e-01,9.472526e-01,9.474262e-01,1.978907e-04,1.085523e-08,3.799414e+01,7.997448e+00,2.999669e+01,3.966449e+01,1.700000e+02
1.175332e+06,1.360338e+01,2.621178e+04,3.033771e-01,9.472537e-01,9.474263e-01,1.979993e-04,1.085523e-08,3.799414e+01,7.997448e+00,2.999669e+01,3.966446e+01,1.700000e+02
1.175342e+06,1.360349e+01,2.622179e+04,3.034929e-01,9.472547e-01,9.474264e-01,1.981079e-04,1.085523e-08,3.799414e+01,7.997448e+00,2.999669e+01,3.966442e+01,1.700000e+02
1.175352e+06,1.360361e+01,2.623179e+04,3.036086e-01,9.472557e-01,9.474265e-01,1.982164e-04,1.085523e-08,3.799414e+01,7.997448e+00,2.999669e+01,3.966439e+01,1.700000e+02
1.175362e+06,1.360372e+01,2.624179e+04,3.037244e-01,9.472568e-01,9.474266e-01,1.983250e-04,1.085523e-08,3.799414e+01,7.997448e+00,2.999669e+01,3.966435e+01,1.700000e+02
1.175372e+06,1.360384e+01,2.625179e+04,3.038401e-01,9.472578e-01,9.474267e-01,1.984335e-04,1.085523e-08,3.799414e+01,7.997448e+00,2.999669e+01,3.966432e+01,1.700000e+02
1.175382e+06,1.360396e+01,2.626179e+04,3.039559e-01,9.472588e-01,9.474268e-01,1.985421e-04,1.085523e-08,3.799414e+01,7.997448e+00,2.999669e+01,3.966428e+01,1.700000e+02
1.175392e+06,1.360407e+01,2.627179e+04,3.040716e-01,9.472598e-01,9.474269e-01,1.986507e-04,1.085522e-08,3.799414e+01,7.997448e+00,2.999669e+01,3.966425e+01,1.700000e+02
1.175402e+06,1.360419e+01,2.628179e+04,3.041874e-01,9.472609e-01,9.474270e-01,1.987592e-04,1.085522e-08,3.799414e+01,7.997448e+00,2.999669e+01,3.966422e+01,1.700000e+02
1.175412e+06,1.360430e+01,2.629179e+04,3.043031e-01,9.472619e-01,9.474271e-01,1.988678e-04,1.085522e-08,3.799414e+01,7.997448e+00,2.999669e+01,3.966418e+01,1.700000e+02
1.175422e+06,1.360442e+01,2.630179e+04,3.044189e-01,9.472629e-01,9.474272e-01,1.989763e-04,1.085522e-08,3.799414e+01,7.997448e+00,2.999669e+01,3.966415e+01,1.700000e+02
1.175432e+06,1.360453e+01,2.631179e+04,3.045346e-01,9.472639e-01,9.474273e-01,1.990849e-04,1.085522e-08,3.799414e+01,7.997448e+00,2.999669e+01,3.966411e+01,1.700000e+02
1.175442e+06,1.360465e+01,2.632179e+04,3.046504e-01,9.472650e-01,9.474274e-01,1.991935e-04,1.085522e-08,3.799414e+01,7.997448e+00,2.999669e+01,3.966408e+01,1.700000e+02
1.175452e+06,1.360477e+01,2.633179e+04,3.047661e-01,9.472660e-01,9.474275e-01,1.993020e-04,1.085522e-08,3.799414e+01,7.997448e+00,2.999669e+01,3.966404e+01,1.700000e+02
1.175462e+06,1.360488e+01,2.634179e+04,3.048819e-01,9.472670e-01,9.474276e-01,1.994106e-04,1.085522e-08,3.799414e+01,7.997448e+00,2.999669e+01,3.966401e+01,1.700000e+02
1.175472e+06,1.360500e+01,2.635179e+04,3.049976e-01,9.472695e-01,9.474277e-01,1.995191e-04,1.085522e-08,3.799402e+01,7.997448e+00,2.999657e+01,3.966380e+01,1.700000e+02
1.175482e+06,1.360511e+01,2.636179e+04,3.051134e-01,9.472800e-01,9.474278e-01,1.996277e-04,1.085521e-08,3.799325e+01,7.997448e+00,2.999580e+01,3.966264e+01,1.700000e+02
1.175492e+06,1.360523e+01,2.637180e+04,3.052291e-01,9.472906e-01,9.474279e-01,1.997363e-04,1.085521e-08,3.799248e+01,7.997448e+00,2.999503e+01,3.966147e+01,1.700000e+02
1.175502e+06,1.360534e+01,2.638180e+04,3.053449e-01,9.473011e-01,9.474280e-01,1.998448e-04,1.085521e-08,3.799171e+01,7.997448e+00,2.999426e+01,3.966031e+01,1.700000e+02
1.175512e+06,1.360546e+01,2.639180e+04,3.054606e-01,9.473116e-01,9.474281e-01,1.999534e-04,1.085521e-08,3.799094e+01,7.997448e+00,2.999349e+01,3.965914e+01,1.700000e+02
1.175522e+06,1.360558e+01,2.640180e+04,3.055764e-01,9.473222e-01,9.474282e-01,2.000619e-04,1.085521e-08,3.799017e+01,7.997448e+00,2.999272e+01,3.965798e+01,1.700000e+02
1.175532e+06,1.360569e+01,2.641180e+04,3.056921e-01,9.473327e-01,9.474283e-01,2.001705e-04,1.085521e-08,3.798940e+01,7.997448e+00,2.999195e+01,3.965681e+01,1.700000e+02
1.175542e+06,1.360581e+01,2.642180e+04,3.058079e-01,9.473432e-01,9.474284e-01,2.002791e-04,1.085521e-08,3.798863e+01,7.997448e+00,2.999118e+01,3.965564e+01,1.700000e+02
1.175552e+06,1.360592e+01,2.643180e+04,3.059236e-01,9.473538e-01,9.474285e-01,2.003876e-04,1.085521e-08,3.798786e+01,7.997448e+00,2.999041e+01,3.965448e+01,1.700000e+02
1.175562e+06,1.360604e+01,2.644180e+04,3.060394e-01,9.473643e-01,9.474287e-01,2.004962e-04,1.085520e-08,3.798708e+01,7.997448e+00,2.998964e+01,3.965331e+01,1.700000e+02
1.175572e+06,1.360616e+01,2.645180e+04,3.061551e-01,9.473749e-01,9.474288e-01,2.006047e-04,1.085520e-08,3.798631e+01,7.997448e+00,2.998887e+01,3.965215e+01,1.700000e+02
1.175582e+06,1.360627e+01,2.646180e+04,3.062709e-01,9.473854e-01,9.474289e-01,2.007133e-04,1.085520e-08,3.798554e+01,7.997448e+00,2.998810e+01,3.965098e+01,1.700000e+02
1.175592e+06,1.360639e+01,2.647180e+04,3.063866e-01,9.473959e-01,9.474290e-01,2.008218e-04,1.085520e-08,3.798477e+01,7.997448e+00,2.998732e+01,3.964982e+01,1.700000e+02
1.175602e+06,1.360650e+01,2.648180e+04,3.065023e-01,9.474065e-01,9.474291e-01,2.009304e-04,1.085520e-08,3.798400e+01,7.997448e+00,2.998655e+01,3.964865e+01,1.700000e+02
1.175612e+06,1.360662e+01,2.649180e+04,3.066181e-01,9.474170e-01,9.474292e-01,2.010390e-04,1.085520e-08,3.798323e+01,7.997448e+00,2.998578e+01,3.964749e+01,1.700000e+02
1.175622e+06,1.360673e+01,2.650180e+04,3.067338e-01,9.474275e-01,9.474293e-01,2.011475e-04,1.085520e-08,3.798246e+01,7.997448e+00,2.998501e+01,3.964632e+01,1.700000e+02
1.175632e+06,1.360685e+01,2.651180e+04,3.068496e-01,9.474381e-01,9.474294e-01,2.012561e-04,1.085520e-08,3.798169e+01,7.997448e+00,2.998424e+01,3.964515e+01,1.700000e+02
1.175642e+06,1.360697e+01,2.652181e+04,3.069653e-01,9.474486e-01,9.474295e-01,2.013646e-04,1.085519e-08,3.798092e+01,7.997448e+00,2.998347e+01,3.964399e+01,1.700000e+02
1.175652e+06,1.360708e+01,2.653181e+04,3.070811e-01,9.474592e-01,9.474296e-01,2.014732e-04,1.085519e-08,3.798015e+01,7.997448e+00,2.998270e+01,3.964282e+01,1.700000e+02
1.175662e+06,1.360720e+01,2.654181e+04,3.071968e-01,9.474697e-01,9.474297e-01,2.015818e-04,1.085519e-08,3.797938e+01,7.997448e+00,2.998193e+01,3.964166e+01,1.700000e+02
1.175672e+06,1.360731e+01,2.655181e+04,3.073126e-01,9.474802e-01,9.474298e-01,2.016903e-04,1.085519e-08,3.797861e+01,7.997448e+00,2.998116e+01,3.964049e+01,1.700000e+02
1.175682e+06,1.360743e+01,2.656181e+04,3.074283e-01,9.474908e-01,9.474299e-01,2.017989e-04,1.085519e-08,3.797784e+01,7.997448e+00,2.998039e+01,3.963933e+01,1.700000e+02
1.175692e+06,1.360754e+01,2.657181e+04,3.075441e-01,9.475013e-01,9.474300e-01,2.019074e-04,1.085519e-08,3.797707e+01,7.997448e+00,2.997962e+01,3.963816e+01,1.700000e+02
1.175702e+06,1.360766e+01,2.658181e+04,3.076598e-01,9.475118e-01,9.474301e-01,2.020160e-04,1.085519e-08,3.797630e+01,7.997448e+00,2.997885e+01,3.963700e+01,1.700000e+02
1.175712e+06,1.360778e+01,2.659181e+04,3.077756e-01,9.475230e-01,9.474302e-01,2.021246e-04,1.085519e-08,3.797553e+01,7.997448e+00,2.997808e+01,3.963581e+01,1.700000e+02
1.175722e+06,1.360789e+01,2.660181e+04,3.078913e-01,9.475351e-01,9.474303e-01,2.022331e-04,1.085519e-08,3.797518e+01,7.997448e+00,2.997773e+01,3.963504e+01,1.700007e+02
1.175732e+06,1.360801e+01,2.661181e+04,3.080071e-01,9.475399e-01,9.474304e-01,2.023417e-04,1.085518e-08,3.797672e+01,7.997448e+00,2.997927e+01,3.963651e+01,1.700047e+02
1.175742e+06,1.360812e+01,2.662181e+04,3.081228e-01,9.475448e-01,9.474305e-01,2.024502e-04,1.085518e-08,3.797826e+01,7.997448e+00,2.998081e+01,3.963797e+01,1.700087e+02
1.175752e+06,1.360824e+01,2.663181e+04,3.082386e-01,9.475497e-01,9.474306e-01,2.025588e-04,1.085518e-08,3.797980e+01,7.997448e+00,2.998236e+01,3.963944e+01,1.700128e+02
1.175762e+06,1.360835e+01,2.664181e+04,3.083543e-01,9.475545e-01,9.474307e-01,2.026674e-04,1.085518e-08,3.798135e+01,7.997448e+00,2.998390e+01,3.964090e+01,1.700168e+02
1.175772e+06,1.360847e+01,2.665181e+04,3.084701e-01,9.475594e-01,9.474308e-01,2.027759e-04,1.085518e-08,3.798289e+01,7.997448e+00,2.998544e+01,3.964237e+01,1.700208e+02
1.175782e+06,1.360859e+01,2.666182e+04,3.085858e-01,9.475642e-01,9.474309e-01,2.028845e-04,1.085518e-08,3.798443e+01,7.997448e+00,2.998698e+01,3.964383e+01,1.700248e+02
1.175792e+06,1.360870e+01,2.667182e+04,3.087016e-01,9.475691e-01,9.474310e-01,2.029930e-04,1.085518e-08,3.798597e+01,7.997448e+00,2.998852e+01,3.964529e+01,1.700288e+02
1.175802e+06,1.360882e+01,2.668182e+04,3.088173e-01,9.475740e-01,9.474311e-01,2.031016e-04,1.085518e-08,3.798751e+01,7.997448e+00,2.999006e+01,3.964676e+01,1.700328e+02
1.175812e+06,1.360893e+01,2.669182e+04,3.089331e-01,9.475788e-01,9.474312e-01,2.032102e-04,1.085517e-08,3.798905e+01,7.997448e+00,2.999160e+01,3.964822e+01,1.700368e+02
1.175822e+06,1.360905e+01,2.670182e+04,3.090488e-01,9.475837e-01,9.474313e-01,2.033187e-04,1.085517e-08,3.799059e+01,7.997448e+00,2.999315e+01,3.964969e+01,1.700408e+02
1.175832e+06,1.360916e+01,2.671182e+04,3.091646e-01,9.475885e-01,9.474314e-01,2.034273e-04,1.085517e-08,3.799213e+01,7.997448e+00,2.999469e+01,3.965115e+01,1.700448e+02
1.175842e+06,1.360928e+01,2.672182e+04,3.092803e-01,9.475934e-01,9.474315e-01,2.035358e-04,1.085517e-08,3.799368e+01,7.997448e+00,2.999623e+01,3.965262e+01,1.700488e+02
1.175852e+06,1.360940e+01,2.673182e+04,3.093961e-01,9.475983e-01,9.474316e-01,2.036444e-04,1.085517e-08,3.799522e+01,7.997448e+00,2.999777e+01,3.965408e+01,1.700528e+02
1.175862e+06,1.360951e+01,2.674182e+04,3.095118e-01,9.476031e-01,9.474317e-01,2.037529e-04,1.085517e-08,3.799676e+01,7.997448e+00,2.999931e+01,3.965554e+01,1.700568e+02
1.175872e+06,1.360963e+01,2.675182e+04,3.096276e-01,9.476080e-01,9.474318e-01,2.038615e-04,1.085517e-08,3.799830e+01,7.997448e+00,3.000085e+01,3.965701e+01,1.700608e+02
1.175882e+06,1.360974e+01,2.676182e+04,3.097433e-01,9.476128e-01,9.474319e-01,2.039701e-04,1.085517e-08,3.799984e+01,7.997448e+00,3.000239e+01,3.965847e+01,1.700648e+02
1.175892e+06,1.360986e+01,2.677182e+04,3.098591e-01,9.476177e-01,9.474320e-01,2.040786e-04,1.085517e-08,3.800138e+01,7.997448e+00,3.000393e+01,3.965994e+01,1.700688e+02
1.175902e+06,1.360997e+01,2.678182e+04,3.099748e-01,9.476226e-01,9.474321e-01,2.041872e-04,1.085516e-08,3.800292e+01,7.997448e+00,3.000548e+01,3.966140e+01,1.700728e+02
1.175912e+06,1.361009e+01,2.679182e+04,3.100906e-01,9.476274e-01,9.474323e-01,2.042957e-04,1.085516e-08,3.800447e+01,7.997448e+00,3.000702e+01,3.966286e+01,1.700768e+02
1.175922e+06,1.361021e+01,2.680182e+04,3.102063e-01,9.476323e-01,9.474324e-01,2.044043e-04,1.085516e-08,3.800601e+01,7.997448e+00,3.000856e+01,3.966433e+01,1.700808e+02
1.175932e+06,1.361032e+01,2.681183e+04,3.103221e-01,9.476371e-01,9.474325e-01,2.045129e-04,1.085516e-08,3.800755e+01,7.997448e+00,3.001010e+01,3.966579e+01,1.700848e+02
1.175942e+06,1.361044e+01,2.682183e+04,3.104378e-01,9.476420e-01,9.474326e-01,2.046214e-04,1.085516e-08,3.800909e+01,7.997448e+00,3.001164e+01,3.966726e+01,1.700889e+02
1.175952e+06,1.361055e+01,2.683183e+04,3.105536e-01,9.476469e-01,9.474327e-01,2.047300e-04,1.085516e-08,3.801063e+01,7.997448e+00,3.001318e+01,3.966872e+01,1.700929e+02
1.175962e+06,1.361067e+01,2.684183e+04,3.106693e-01,9.476503e-01,9.474328e-01,2.048385e-04,1.085516e-08,3.801217e+01,7.997448e+00,3.001472e+01,3.967023e+01,1.700969e+02
1.175972e+06,1.361079e+01,2.685183e+04,3.107850e-01,9.476462e-01,9.474329e-01,2.049471e-04,1.085516e-08,3.801316e+01,7.997448e+00,3.001571e+01,3.967141e+01,1.700991e+02
1.175982e+06,1.361090e+01,2.686183e+04,3.109008e-01,9.476324e-01,9.474330e-01,2.050557e-04,1.085515e-08,3.801213e+01,7.997448e+00,3.001469e+01,3.967079e+01,1.700951e+02
1.175992e+06,1.361102e+01,2.687183e+04,3.110165e-01,9.476186e-01,9.474331e-01,2.051642e-04,1.085515e-08,3.801111e+01,7.997448e+00,3.001366e+01,3.967017e+01,1.700912e+02
1.176002e+06,1.361113e+01,2.688183e+04,3.111323e-01,9.476048e-01,9.474332e-01,2.052728e-04,1.085515e-08,3.801009e+01,7.997448e+00,3.001264e+01,3.966955e+01,1.700872e+02
1.176012e+06,1.361125e+01,2.689183e+04,3.112480e-01,9.475910e-01,9.474333e-01,2.053813e-04,1.085515e-08,3.800906e+01,7.997448e+00,3.001161e+01,3.966893e+01,1.700832e+02
1.176022e+06,1.361136e+01,2.690183e+04,3.113638e-01,9.475772e-01,9.474334e-01,2.054899e-04,1.085515e-08,3.800804e+01,7.997448e+00,3.001059e+01,3.966831e+01,1.700792e+02
1.176032e+06,1.361148e+01,2.691183e+04,3.114795e-01,9.475634e-01,9.474335e-01,2.055985e-04,1.085515e-08,3.800701e+01,7.997448e+00,3.000957e+01,3.966769e+01,1.700752e+02
1.176042e+06,1.361160e+01,2.692183e+04,3.115953e-01,9.475496e-01,9.474336e-01,2.057070e-04,1.085515e-08,3.800599e+01,7.997448e+00,3.000854e+01,3.966708e+01,1.700712e+02
1.176052e+06,1.361171e+01,2.693183e+04,3.117110e-01,9.475358e-01,9.474337e-01,2.058156e-04,1.085515e-08,3.800497e+01,7.997448e+00,3.000752e+01,3.966646e+01,1.700672e+02
1.176062e+06,1.361183e+01,2.694183e+04,3.118268e-01,9.475220e-01,9.474338e-01,2.059241e-04,1.085515e-08,3.800394e+01,7.997448e+00,3.000649e+01,3.966584e+01,1.700632e+02
1.176072e+06,1.361194e+01,2.695183e+04,3.119425e-01,9.475082e-01,9.474339e-01,2.060327e-04,1.085514e-08,3.800292e+01,7.997448e+00,3.000547e+01,3.966522e+01,1.700592e+02
1.176082e+06,1.361206e+01,2.696184e+04,3.120583e-01,9.474944e-01,9.474340e-01,2.061412e-04,1.085514e-08,3.800189e+01,7.997448e+00,3.000445e+01,3.966460e+01,1.700552e+02
1.176092e+06,1.361217e+01,2.697184e+04,3.121740e-01,9.474806e-01,9.474341e-01,2.062498e-04,1.085514e-08,3.800087e+01,7.997448e+00,3.000342e+01,3.966398e+01,1.700512e+02
1.176102e+06,1.361229e+01,2.698184e+04,3.122898e-01,9.474668e-01,9.474342e-01,2.063584e-04,1.085514e-08,3.799985e+01,7.997448e+00,3.000240e+01,3.966336e+01,1.700472e+02
1.176112e+06,1.361241e+01,2.699184e+04,3.124055e-01,9.474530e-01,9.474343e-01,2.064669e-04,1.085514e-08,3.799882e+01,7.997448e+00,3.000137e+01,3.966274e+01,1.700433e+02
1.176122e+06,1.361252e+01,2.700184e+04,3.125213e-01,9.474392e-01,9.474344e-01,2.065755e-04,1.085514e-08,3.799780e+01,7.997448e+00,3.000035e+01,3.966212e+01,1.700393e+02
1.176132e+06,1.361264e+01,2.701184e+04,3.126370e-01,9.474254e-01,9.474345e-01,2.066840e-04,1.085514e-08,3.799677e+01,7.997448e+00,2.999933e+01,3.966150e+01,1.700353e+02
1.176142e+06,1.361275e+01,2.702184e+04,3.127528e-01,9.474116e-01,9.474346e-01,2.067926e-04,1.085514e-08,3.799575e+01,7.997448e+00,2.999830e+01,3.966088e+01,1.700313e+02
1.176152e+06,1.361287e+01,2.703184e+04,3.128685e-01,9.473978e-01,9.474347e-01,2.069012e-04,1.085513e-08,3.799473e+01,7.997448e+00,2.999728e+01,3.966026e+01,1.700273e+02
1.176162e+06,1.361298e+01,2.704184e+04,3.129843e-01,9.473840e-01,9.474348e-01,2.070097e-04,1.085513e-08,3.799370e+01,7.997448e+00,2.999625e+01,3.965964e+01,1.700233e+02
1.176172e+06,1.361310e+01,2.705184e+04,3.131000e-01,9.473702e-01,9.474349e-01,2.071183e-04,1.085513e-08,3.799268e+01,7.997448e+00,2.999523e+01,3.965902e+01,1.700193e+02
1.176182e+06,1.361322e+01,2.706184e+04,3.132158e-01,9.473564e-01,9.474350e-01,2.072268e-04,1.085513e-08,3.799165e+01,7.997448e+00,2.999421e+01,3.965840e+01,1.700153e+02
1.176192e+06,1.361333e+01,2.707184e+04,3.133315e-01,9.473426e-01,9.474351e-01,2.073354e-04,1.085513e-08,3.799063e+01,7.997448e+00,2.999318e+01,3.965778e+01,1.700113e+02
1.176202e+06,1.361345e+01,2.708184e+04,3.134473e-01,9.473288e-01,9.474352e-01,2.074440e-04,1.085513e-08,3.798961e+01,7.997448e+00,2.999216e+01,3.965716e+01,1.700073e+02
1.176212e+06,1.361356e+01,2.709184e+04,3.135630e-01,9.473155e-01,9.474353e-01,2.075525e-04,1.085513e-08,3.798858e+01,7.997448e+00,2.999113e+01,3.965652e+01,1.700033e+02
1.176222e+06,1.361368e+01,2.710185e+04,3.136788e-01,9.473071e-01,9.474354e-01,2.076611e-04,1.085513e-08,3.798760e+01,7.997448e+00,2.999015e+01,3.965577e+01,1.700000e+02
1.176232e+06,1.361379e+01,2.711185e+04,3.137945e-01,9.473102e-01,9.474355e-01,2.077696e-04,1.085513e-08,3.798683e+01,7.997448e+00,2.998938e+01,3.965485e+01,1.700000e+02
1.176242e+06,1.361391e+01,2.712185e+04,3.139103e-01,9.473133e-01,9.474356e-01,2.078782e-04,1.085512e-08,3.798606e+01,7.997448e+00,2.998861e+01,3.965393e+01,1.700000e+02
1.176252e+06,1.361403e+01,2.713185e+04,3.140260e-01,9.473164e-01,9.474357e-01,2.079867e-04,1.085512e-08,3.798529e+01,7.997448e+00,2.998784e+01,3.965302e+01,1.700000e+02
1.176262e+06,1.361414e+01,2.714185e+04,3.141418e-01,9.473195e-01,9.474359e-01,2.080953e-04,1.085512e-08,3.798452e+01,7.997448e+00,2.998707e+01,3.965210e+01,1.700000e+02
1.176272e+06,1.361426e+01,2.715185e+04,3.142575e-01,9.473226e-01,9.474360e-01,2.082039e-04,1.085512e-08,3.798375e+01,7.997448e+00,2.998630e+01,3.965118e+01,1.700000e+02
1.176282e+06,1.361437e+01,2.716185e+04,3.143733e-01,9.473257e-01,9.474361e-01,2.083124e-04,1.085512e-08,3.798298e+01,7.997448e+00,2.998553e+01,3.965026e+01,1.700000e+02
1.176292e+06,1.361449e+01,2.717185e+04,3.144890e-01,9.473288e-01,9.474362e-01,2.084210e-04,1.085512e-08,3.798220e+01,7.997448e+00,2.998476e+01,3.964935e+01,1.700000e+02
1.176302e+06,1.361460e+01,2.718185e+04,3.146048e-01,9.473319e-01,9.474363e-01,2.085295e-04,1.085512e-08,3.798143e+01,7.997448e+00,2.998399e+01,3.964843e+01,1.700000e+02
1.176312e+06,1.361472e+01,2.719185e+04,3.147205e-01,9.473350e-01,9.474364e-01,2.086381e-04,1.085512e-08,3.798066e+01,7.997448e+00,2.998322e+01,3.964751e+01,1.700000e+02
1.176322e+06,1.361484e+01,2.720185e+04,3.148362e-01,9.473381e-01,9.474365e-01,2.087467e-04,1.085511e-08,3.797989e+01,7.997448e+00,2.998244e+01,3.964660e+01,1.700000e+02
1.176332e+06,1.361495e+01,2.721185e+04,3.149520e-01,9.473412e-01,9.474366e-01,2.088552e-04,1.085511e-08,3.797912e+01,7.997448e+00,2.998167e+01,3.964568e+01,1.700000e+02
1.176342e+06,1.361507e+01,2.722185e+04,3.150677e-01,9.473443e-01,9.474367e-01,2.089638e-04,1.085511e-08,3.797835e+01,7.997448e+00,2.998090e+01,3.964476e+01,1.700000e+02
1.176352e+06,1.361518e+01,2.723185e+04,3.151835e-01,9.473474e-01,9.474368e-01,2.090723e-04,1.085511e-08,3.797758e+01,7.997448e+00,2.998013e+01,3.964385e+01,1.700000e+02
1.176362e+06,1.361530e+01,2.724185e+04,3.152992e-01,9.473505e-01,9.474369e-01,2.091809e-04,1.085511e-08,3.797681e+01,7.997448e+00,2.997936e+01,3.964293e+01,1.700000e+02
1.176372e+06,1.361541e+01,2.725186e+04,3.154150e-01,9.473536e-01,9.474370e-01,2.092894e-04,1.085511e-08,3.797604e+01,7.997448e+00,2.997859e+01,3.964201e+01,1.700000e+02
1.176382e+06,1.361553e+01,2.726186e+04,3.155307e-01,9.473567e-01,9.474371e-01,2.093980e-04,1.085511e-08,3.797527e+01,7.997448e+00,2.997782e+01,3.964109e+01,1.700000e+02
1.176392e+06,1.361565e+01,2.727186e+04,3.156465e-01,9.473598e-01,9.474372e-01,2.095066e-04,1.085511e-08,3.797450e+01,7.997448e+00,2.997705e+01,3.964018e+01,1.700000e+02
1.176402e+06,1.361576e+01,2.728186e+04,3.157622e-01,9.473629e-01,9.474373e-01,2.096151e-04,1.085511e-08,3.797373e+01,7.997448e+00,2.997628e+01,3.963926e+01,1.700000e+02
1.176412e+06,1.361588e+01,2.729186e+04,3.158780e-01,9.473660e-01,9.474374e-01,2.097237e-04,1.085510e-08,3.797296e+01,7.997448e+00,2.997551e+01,3.963834e+01,1.700000e+02
1.176422e+06,1.361599e+01,2.730186e+04,3.159937e-01,9.473691e-01,9.474375e-01,2.098322e-04,1.085510e-08,3.797219e+01,7.997448e+00,2.997474e+01,3.963743e+01,1.700000e+02
1.176432e+06,1.361611e+01,2.731186e+04,3.161095e-01,9.473722e-01,9.474376e-01,2.099408e-04,1.085510e-08,3.797142e+01,7.997448e+00,2.997397e+01,3.963651e+01,1.700000e+02
1.176442e+06,1.361623e+01,2.732186e+04,3.162252e-01,9.473753e-01,9.474377e-01,2.100494e-04,1.085510e-08,3.797065e+01,7.997448e+00,2.997320e+01,3.963559e+01,1.700000e+02
1.176452e+06,1.361634e+01,2.733186e+04,3.163410e-01,9.473784e-01,9.474378e-01,2.101579e-04,1.085510e-08,3.796987e+01,7.997448e+00,2.997243e+01,3.963468e+01,1.700000e+02
1.176462e+06,1.361646e+01,2.734186e+04,3.164567e-01,9.473809e-01,9.474379e-01,2.102665e-04,1.085510e-08,3.796910e+01,7.997448e+00,2.997166e+01,3.963378e+01,1.700000e+02
1.176472e+06,1.361657e+01,2.735186e+04,3.165725e-01,9.473778e-01,9.474380e-01,2.103750e-04,1.085510e-08,3.796863e+01,7.997448e+00,2.997118e+01,3.963338e+01,1.699992e+02
1.176482e+06,1.361669e+01,2.736186e+04,3.166882e-01,9.473624e-01,9.474381e-01,2.104836e-04,1.085510e-08,3.796940e+01,7.997448e+00,2.997195e+01,3.963471e+01,1.699952e+02
1.176492e+06,1.361680e+01,2.737186e+04,3.168040e-01,9.473469e-01,9.474382e-01,2.105921e-04,1.085509e-08,3.797017e+01,7.997448e+00,2.997272e+01,3.963604e+01,1.699912e+02
1.176502e+06,1.361692e+01,2.738186e+04,3.169197e-01,9.473315e-01,9.474383e-01,2.107007e-04,1.085509e-08,3.797094e+01,7.997448e+00,2.997349e+01,3.963736e+01,1.699873e+02
1.176512e+06,1.361704e+01,2.739186e+04,3.170355e-01,9.473160e-01,9.474384e-01,2.108093e-04,1.085509e-08,3.797170e+01,7.997448e+00,2.997426e+01,3.963869e+01,1.699833e+02
1.176522e+06,1.361715e+01,2.740187e+04,3.171512e-01,9.473006e-01,9.474385e-01,2.109178e-04,1.085509e-08,3.797247e+01,7.997448e+00,2.997502e+01,3.964002e+01,1.699793e+02
1.176532e+06,1.361727e+01,2.741187e+04,3.172670e-01,9.472851e-01,9.474386e-01,2.110264e-04,1.085509e-08,3.797324e+01,7.997448e+00,2.997579e+01,3.964134e+01,1.699753e+02
1.176542e+06,1.361738e+01,2.742187e+04,3.173827e-01,9.472697e-01,9.474387e-01,2.111349e-04,1.085509e-08,3.797401e+01,7.997448e+00,2.997656e+01,3.964267e+01,1.699713e+02
1.176552e+06,1.361750e+01,2.743187e+04,3.174985e-01,9.472542e-01,9.474388e-01,2.112435e-04,1.085509e-08,3.797478e+01,7.997448e+00,2.997733e+01,3.964400e+01,1.699673e+02
1.176562e+06,1.361761e+01,2.744187e+04,3.176142e-01,9.472388e-01,9.474389e-01,2.113521e-04,1.085509e-08,3.797554e+01,7.997448e+00,2.997810e+01,3.964532e+01,1.699633e+02
1.176572e+06,1.361773e+01,2.745187e+04,3.177300e-01,9.472233e-01,9.474390e-01,2.114606e-04,1.085509e-08,3.797631e+01,7.997448e+00,2.997886e+01,3.964665e+01,1.699593e+02
1.176582e+06,1.361785e+01,2.746187e+04,3.178457e-01,9.472079e-01,9.474391e-01,2.115692e-04,1.085508e-08,3.797708e+01,7.997448e+00,2.997963e+01,3.964798e+01,1.699553e+02
1.176592e+06,1.361796e+01,2.747187e+04,3.179615e-01,9.471925e-01,9.474392e-01,2.116777e-04,1.085508e-08,3.797785e+01,7.997448e+00,2.998040e+01,3.964930e+01,1.699513e+02
1.176602e+06,1.361808e+01,2.748187e+04,3.180772e-01,9.471770e-01,9.474393e-01,2.117863e-04,1.085508e-08,3.797862e+01,7.997448e+00,2.998117e+01,3.965063e+01,1.699473e+02
1.176612e+06,1.361819e+01,2.749187e+04,3.181930e-01,9.471616e-01,9.474395e-01,2.118948e-04,1.085508e-08,3.797938e+01,7.997448e+00,2.998194e+01,3.965196e+01,1.699433e+02
1.176622e+06,1.361831e+01,2.750187e+04,3.183087e-01,9.471461e-01,9.474396e-01,2.120034e-04,1.085508e-08,3.798015e+01,7.997448e+00,2.998270e+01,3.965329e+01,1.699394e+02
1.176632e+06,1.361842e+01,2.751187e+04,3.184245e-01,9.471307e-01,9.474397e-01,2.121120e-04,1.085508e-08,3.798092e+01,7.997448e+00,2.998347e+01,3.965461e+01,1.699354e+02
1.176642e+06,1.361854e+01,2.752187e+04,3.185402e-01,9.471152e-01,9.474398e-01,2.122205e-04,1.085508e-08,3.798169e+01,7.997448e+00,2.998424e+01,3.965594e+01,1.699314e+02
1.176652e+06,1.361866e+01,2.753187e+04,3.186560e-01,9.470998e-01,9.474399e-01,2.123291e-04,1.085508e-08,3.798246e+01,7.997448e+00,2.998501e+01,3.965727e+01,1.699274e+02
1.176662e+06,1.361877e+01,2.754188e+04,3.187717e-01,9.470843e-01,9.474400e-01,2.124376e-04,1.085507e-08,3.798322e+01,7.997448e+00,2.998578e+01,3.965859e+01,1.699234e+02
1.176672e+06,1.361889e+01,2.755188e+04,3.188875e-01,9.470689e-01,9.474401e-01,2.125462e-04,1.085507e-08,3.798399e+01,7.997448e+00,2.998654e+01,3.965992e+01,1.699194e+02
1.176682e+06,1.361900e+01,2.756188e+04,3.190032e-01,9.470534e-01,9.474402e-01,2.126548e-04,1.085507e-08,3.798476e+01,7.997448e+00,2.998731e+01,3.966125e+01,1.699154e+02
1.176692e+06,1.361912e+01,2.757188e+04,3.191189e-01,9.470380e-01,9.474403e-01,2.127633e-04,1.085507e-08,3.798553e+01,7.997448e+00,2.998808e+01,3.966258e+01,1.699114e+02
1.176702e+06,1.361923e+01,2.758188e+04,3.192347e-01,9.470225e-01,9.474404e-01,2.128719e-04,1.085507e-08,3.798630e+01,7.997448e+00,2.998885e+01,3.966390e+01,1.699074e+02
1.176712e+06,1.361935e+01,2.759188e+04,3.193504e-01,9.470071e-01,9.474405e-01,2.129804e-04,1.085507e-08,3.798706e+01,7.997448e+00,2.998962e+01,3.966523e+01,1.699034e+02
1.176722e+06,1.361947e+01,2.760188e+04,3.194662e-01,9.469951e-01,9.474406e-01,2.130890e-04,1.085507e-08,3.798787e+01,7.997448e+00,2.999042e+01,3.966648e+01,1.698994e+02
1.176732e+06,1.361958e+01,2.761188e+04,3.195819e-01,9.470044e-01,9.474407e-01,2.131975e-04,1.085507e-08,3.798890e+01,7.997448e+00,2.999145e+01,3.966726e+01,1.698954e+02
1.176742e+06,1.361970e+01,2.762188e+04,3.196977e-01,9.470137e-01,9.474408e-01,2.133061e-04,1.085507e-08,3.798992e+01,7.997448e+00,2.999247e+01,3.966803e+01,1.698914e+02
1.176752e+06,1.361981e+01,2.763188e+04,3.198134e-01,9.470230e-01,9.474409e-01,2.134147e-04,1.085506e-08,3.799095e+01,7.997448e+00,2.999350e+01,3.966880e+01,1.698874e+02
1.176762e+06,1.361993e+01,2.764188e+04,3.199292e-01,9.470323e-01,9.474410e-01,2.135232e-04,1.085506e-08,3.799198e+01,7.997448e+00,2.999453e+01,3.966958e+01,1.698834e+02
1.176772e+06,1.362004e+01,2.765188e+04,3.200449e-01,9.470416e-01,9.474411e-01,2.136318e-04,1.085506e-08,3.799301e+01,7.997448e+00,2.999556e+01,3.967035e+01,1.698794e+02
1.176782e+06,1.362016e+01,2.766188e+04,3.201607e-01,9.470508e-01,9.474412e-01,2.137403e-04,1.085506e-08,3.799403e+01,7.997448e+00,2.999658e+01,3.967113e+01,1.698754e+02
1.176792e+06,1.362028e+01,2.767188e+04,3.202764e-01,9.470601e-01,9.474413e-01,2.138489e-04,1.085506e-08,3.799506e+01,7.997448e+00,2.999761e+01,3.967190e+01,1.698714e+02
1.176802e+06,1.362039e+01,2.768188e+04,3.203922e-01,9.470694e-01,9.474414e-01,2.139575e-04,1.085506e-08,3.799609e+01,7.997448e+00,2.999864e+01,3.967268e+01,1.698674e+02
1.176812e+06,1.362051e+01,2.769189e+04,3.205079e-01,9.470787e-01,9.474415e-01,2.140660e-04,1.085506e-08,3.799712e+01,7.997448e+00,2.999967e+01,3.967345e+01,1.698634e+02
1.176822e+06,1.362062e+01,2.770189e+04,3.206237e-01,9.470880e-01,9.474416e-01,2.141746e-04,1.085506e-08,3.799814e+01,7.997448e+00,3.000069e+01,3.967422e+01,1.698594e+02
1.176832e+06,1.362074e+01,2.771189e+04,3.207394e-01,9.470973e-01,9.474417e-01,2.142831e-04,1.085505e-08,3.799917e+01,7.997448e+00,3.000172e+01,3.967500e+01,1.698554e+02
1.176842e+06,1.362086e+01,2.772189e+04,3.208552e-01,9.471066e-01,9.474418e-01,2.143917e-04,1.085505e-08,3.800020e+01,7.997448e+00,3.000275e+01,3.967577e+01,1.698514e+02
1.176852e+06,1.362097e+01,2.773189e+04,3.209709e-01,9.471159e-01,9.474419e-01,2.145002e-04,1.085505e-08,3.800123e+01,7.997448e+00,3.000378e+01,3.967655e+01,1.698474e+02
1.176862e+06,1.362109e+01,2.774189e+04,3.210867e-01,9.471252e-01,9.474420e-01,2.146088e-04,1.085505e-08,3.800225e+01,7.997448e+00,3.000480e+01,3.967732e+01,1.698434e+02
1.176872e+06,1.362120e+01,2.775189e+04,3.212024e-01,9.471345e-01,9.474421e-01,2.147174e-04,1.085505e-08,3.800328e+01,7.997448e+00,3.000583e+01,3.967809e+01,1.698394e+02
1.176882e+06,1.362132e+01,2.776189e+04,3.213182e-01,9.471438e-01,9.474422e-01,2.148259e-04,1.085505e-08,3.800431e+01,7.997448e+00,3.000686e+01,3.967887e+01,1.698354e+02
1.176892e+06,1.362143e+01,2.777189e+04,3.214339e-01,9.471531e-01,9.474423e-01,2.149345e-04,1.085505e-08,3.800534e+01,7.997448e+00,3.000789e+01,3.967964e+01,1.698314e+02
1.176902e+06,1.362155e+01,2.778189e+04,3.215497e-01,9.471623e-01,9.474424e-01,2.150430e-04,1.085505e-08,3.800636e+01,7.997448e+00,3.000892e+01,3.968042e+01,1.698273e+02
1.176912e+06,1.362167e+01,2.779189e+04,3.216654e-01,9.471716e-01,9.474425e-01,2.151516e-04,1.085505e-08,3.800739e+01,7.997448e+00,3.000994e+01,3.968119e+01,1.698233e+02
1.176922e+06,1.362178e+01,2.780189e+04,3.217812e-01,9.471809e-01,9.474426e-01,2.152601e-04,1.085504e-08,3.800842e+01,7.997448e+00,3.001097e+01,3.968197e+01,1.698193e+02
1.176932e+06,1.362190e+01,2.781189e+04,3.218969e-01,9.471902e-01,9.474427e-01,2.153687e-04,1.085504e-08,3.800945e+01,7.997448e+00,3.001200e+01,3.968274e+01,1.698153e+02
1.176942e+06,1.362201e+01,2.782189e+04,3.220127e-01,9.471995e-01,9.474428e-01,2.154773e-04,1.085504e-08,3.801047e+01,7.997448e+00,3.001303e+01,3.968351e+01,1.698113e+02
1.176952e+06,1.362213e+01,2.783189e+04,3.221284e-01,9.472088e-01,9.474429e-01,2.155858e-04,1.085504e-08,3.801150e+01,7.997448e+00,3.001405e+01,3.968429e+01,1.698073e+02
1.176962e+06,1.362224e+01,2.784190e+04,3.222442e-01,9.472186e-01,9.474431e-01,2.156944e-04,1.085504e-08,3.801253e+01,7.997448e+00,3.001508e+01,3.968504e+01,1.698033e+02
1.176972e+06,1.362236e+01,2.785190e+04,3.223599e-01,9.472310e-01,9.474432e-01,2.158029e-04,1.085504e-08,3.801320e+01,7.997448e+00,3.001575e+01,3.968534e+01,1.698000e+02
1.176982e+06,1.362248e+01,2.786190e+04,3.224757e-01,9.472426e-01,9.474433e-01,2.159115e-04,1.085504e-08,3.801218e+01,7.997448e+00,3.001473e+01,3.968387e+01,1.698000e+02
1.176992e+06,1.362259e+01,2.787190e+04,3.225914e-01,9.472541e-01,9.474434e-01,2.160200e-04,1.085504e-08,3.801115e+01,7.997448e+00,3.001370e+01,3.968240e+01,1.698000e+02
1.177002e+06,1.362271e+01,2.788190e+04,3.227072e-01,9.472657e-01,9.474435e-01,2.161286e-04,1.085503e-08,3.801012e+01,7.997448e+00,3.001267e+01,3.968093e+01,1.698000e+02
1.177012e+06,1.362282e+01,2.789190e+04,3.228229e-01,9.472773e-01,9.474436e-01,2.162372e-04,1.085503e-08,3.800909e+01,7.997448e+00,3.001164e+01,3.967945e+01,1.698000e+02
1.177022e+06,1.362294e+01,2.790190e+04,3.229387e-01,9.472889e-01,9.474437e-01,2.163457e-04,1.085503e-08,3.800806e+01,7.997448e+00,3.001062e+01,3.967798e+01,1.698000e+02
1.177032e+06,1.362305e+01,2.791190e+04,3.230544e-01,9.473005e-01,9.474438e-01,2.164543e-04,1.085503e-08,3.800704e+01,7.997448e+00,3.000959e+01,3.967651e+01,1.698000e+02
1.177042e+06,1.362317e+01,2.792190e+04,3.231702e-01,9.473120e-01,9.474439e-01,2.165628e-04,1.085503e-08,3.800601e+01,7.997448e+00,3.000856e+01,3.967504e+01,1.698000e+02
1.177052e+06,1.362329e+01,2.793190e+04,3.232859e-01,9.473236e-01,9.474440e-01,2.166714e-04,1.085503e-08,3.800498e+01,7.997448e+00,3.000753e+01,3.967357e+01,1.698000e+02
1.177062e+06,1.362340e+01,2.794190e+04,3.234016e-01,9.473352e-01,9.474441e-01,2.167800e-04,1.085503e-08,3.800395e+01,7.997448e+00,3.000651e+01,3.967209e+01,1.698000e+02
1.177072e+06,1.362352e+01,2.795190e+04,3.235174e-01,9.473468e-01,9.474442e-01,2.168885e-04,1.085503e-08,3.800293e+01,7.997448e+00,3.000548e+01,3.967062e+01,1.698000e+02
1.177082e+06,1.362363e+01,2.796190e+04,3.236331e-01,9.473584e-01,9.474443e-01,2.169971e-04,1.085503e-08,3.800190e+01,7.997448e+00,3.000445e+01,3.966915e+01,1.698000e+02
1.177092e+06,1.362375e+01,2.797190e+04,3.237489e-01,9.473699e-01,9.474444e-01,2.171056e-04,1.085502e-08,3.800087e+01,7.997448e+00,3.000342e+01,3.966768e+01,1.698000e+02
1.177102e+06,1.362386e+01,2.798191e+04,3.238646e-01,9.473815e-01,9.474445e-01,2.172142e-04,1.085502e-08,3.799984e+01,7.997448e+00,3.000240e+01,3.966621e+01,1.698000e+02
1.177112e+06,1.362398e+01,2.799191e+04,3.239804e-01,9.473931e-01,9.474446e-01,2.173227e-04,1.085502e-08,3.799882e+01,7.997448e+00,3.000137e+01,3.966474e+01,1.698000e+02
1.177122e+06,1.362410e+01,2.800191e+04,3.240961e-01,9.474047e-01,9.474447e-01,2.174313e-04,1.085502e-08,3.799779e+01,7.997448e+00,3.000034e+01,3.966326e+01,1.698000e+02
1.177132e+06,1.362421e+01,2.801191e+04,3.242119e-01,9.474163e-01,9.474448e-01,2.175399e-04,1.085502e-08,3.799676e+01,7.997448e+00,2.999931e+01,3.966179e+01,1.698000e+02
1.177142e+06,1.362433e+01,2.802191e+04,3.243276e-01,9.474278e-01,9.474449e-01,2.176484e-04,1.085502e-08,3.799573e+01,7.997448e+00,2.999829e+01,3.966032e+01,1.698000e+02
1.177152e+06,1.362444e+01,2.803191e+04,3.244434e-01,9.474394e-01,9.474450e-01,2.177570e-04,1.085502e-08,3.799471e+01,7.997448e+00,2.999726e+01,3.965885e+01,1.698000e+02
1.177162e+06,1.362456e+01,2.804191e+04,3.245591e-01,9.474510e-01,9.474451e-01,2.178655e-04,1.085502e-08,3.799368e+01,7.997448e+00,2.999623e+01,3.965738e+01,1.698000e+02
1.177172e+06,1.362467e+01,2.805191e+04,3.246749e-01,9.474626e-01,9.474452e-01,2.179741e-04,1.085501e-08,3.799265e+01,7.997448e+00,2.999520e+01,3.965591e+01,1.698000e+02
1.177182e+06,1.362479e+01,2.806191e+04,3.247906e-01,9.474742e-01,9.474453e-01,2.180826e-04,1.085501e-08,3.799162e+01,7.997448e+00,2.999418e+01,3.965443e+01,1.698000e+02
1.177192e+06,1.362491e+01,2.807191e+04,3.249064e-01,9.474857e-01,9.474454e-01,2.181912e-04,1.085501e-08,3.799060e+01,7.997448e+00,2.999315e+01,3.965296e+01,1.698000e+02
1.177202e+06,1.362502e+01,2.808191e+04,3.250221e-01,9.474973e-01,9.474455e-01,2.182998e-04,1.085501e-08,3.798957e+01,7.997448e+00,2.999212e+01,3.965149e+01,1.698000e+02
1.177212e+06,1.362514e+01,2.809191e+04,3.251379e-01,9.475095e-01,9.474456e-01,2.184083e-04,1.085501e-08,3.798854e+01,7.997448e+00,2.999109e+01,3.965000e+01,1.698000e+02
1.177222e+06,1.362525e+01,2.810191e+04,3.252536e-01,9.475203e-01,9.474457e-01,2.185169e-04,1.085501e-08,3.798772e+01,7.997396e+00,2.999033e+01,3.964878e+01,1.698008e+02
1.177232e+06,1.362537e+01,2.811191e+04,3.253694e-01,9.475151e-01,9.474458e-01,2.186254e-04,1.085501e-08,3.798772e+01,7.997142e+00,2.999058e+01,3.964897e+01,1.698048e+02
1.177242e+06,1.362549e+01,2.812191e+04,3.254851e-01,9.475099e-01,9.474459e-01,2.187340e-04,1.085501e-08,3.798772e+01,7.996888e+00,2.999084e+01,3.964915e+01,1.698088e+02
1.177252e+06,1.362560e+01,2.813192e+04,3.256009e-01,9.475047e-01,9.474460e-01,2.188425e-04,1.085501e-08,3.798772e+01,7.996634e+00,2.999109e+01,3.964934e+01,1.698128e+02
1.177262e+06,1.362572e+01,2.814192e+04,3.257166e-01,9.474996e-01,9.474461e-01,2.189511e-04,1.085500e-08,3.798772e+01,7.996380e+00,2.999134e+01,3.964953e+01,1.698168e+02
1.177272e+06,1.362583e+01,2.815192e+04,3.258324e-01,9.474944e-01,9.474462e-01,2.190597e-04,1.085500e-08,3.798772e+01,7.996126e+00,2.999160e+01,3.964971e+01,1.698208e+02
1.177282e+06,1.362595e+01,2.816192e+04,3.259481e-01,9.474892e-01,9.474463e-01,2.191682e-04,1.085500e-08,3.798772e+01,7.995872e+00,2.999185e+01,3.964990e+01,1.698248e+02
1.177292e+06,1.362606e+01,2.817192e+04,3.260639e-01,9.474841e-01,9.474464e-01,2.192768e-04,1.085500e-08,3.798772e+01,7.995618e+00,2.999211e+01,3.965009e+01,1.698289e+02
1.177302e+06,1.362618e+01,2.818192e+04,3.261796e-01,9.474789e-01,9.474465e-01,2.193853e-04,1.085500e-08,3.798772e+01,7.995363e+00,2.999236e+01,3.965028e+01,1.698329e+02
1.177312e+06,1.362630e+01,2.819192e+04,3.262954e-01,9.474737e-01,9.474467e-01,2.194939e-04,1.085500e-08,3.798772e+01,7.995109e+00,2.999261e+01,3.965046e+01,1.698369e+02
1.177322e+06,1.362641e+01,2.820192e+04,3.264111e-01,9.474685e-01,9.474468e-01,2.196024e-04,1.085500e-08,3.798772e+01,7.994855e+00,2.999287e+01,3.965065e+01,1.698409e+02
1.177332e+06,1.362653e+01,2.821192e+04,3.265269e-01,9.474634e-01,9.474469e-01,2.197110e-04,1.085500e-08,3.798772e+01,7.994601e+00,2.999312e+01,3.965084e+01,1.698449e+02
1.177342e+06,1.362664e+01,2.822192e+04,3.266426e-01,9.474582e-01,9.474470e-01,2.198196e-04,1.085499e-08,3.798772e+01,7.994347e+00,2.999338e+01,3.965102e+01,1.698489e+02
1.177352e+06,1.362676e+01,2.823192e+04,3.267584e-01,9.474530e-01,9.474471e-01,2.199281e-04,1.085499e-08,3.798772e+01,7.994093e+00,2.999363e+01,3.965121e+01,1.698529e+02
1.177362e+06,1.362687e+01,2.824192e+04,3.268741e-01,9.474479e-01,9.474472e-01,2.200367e-04,1.085499e-08,3.798772e+01,7.993839e+00,2.999389e+01,3.965140e+01,1.698569e+02
1.177372e+06,1.362699e+01,2.825192e+04,3.269899e-01,9.474427e-01,9.474473e-01,2.201452e-04,1.085499e-08,3.798772e+01,7.993585e+00,2.999414e+01,3.965158e+01,1.698609e+02
1.177382e+06,1.362711e+01,2.826192e+04,3.271056e-01,9.474375e-01,9.474474e-01,2.202538e-04,1.085499e-08,3.798772e+01,7.993330e+00,2.999439e+01,3.965177e+01,1.698649e+02
1.177392e+06,1.362722e+01,2.827192e+04,3.272214e-01,9.474323e-01,9.474475e-01,2.203624e-04,1.085499e-08,3.798772e+01,7.993076e+00,2.999465e+01,3.965196e+01,1.698689e+02
1.177402e+06,1.362734e+01,2.828193e+04,3.273371e-01,9.474272e-01,9.474476e-01,2.204709e-04,1.085499e-08,3.798772e+01,7.992822e+00,2.999490e+01,3.965214e+01,1.698729e+02
1.177412e+06,1.362745e+01,2.829193e+04,3.274528e-01,9.474220e-01,9.474477e-01,2.205795e-04,1.085499e-08,3.798772e+01,7.992568e+00,2.999516e+01,3.965233e+01,1.698769e+02
1.177422e+06,1.362757e+01,2.830193e+04,3.275686e-01,9.474168e-01,9.474478e-01,2.206880e-04,1.085499e-08,3.798772e+01,7.992314e+00,2.999541e+01,3.965252e+01,1.698809e+02
1.177432e+06,1.362768e+01,2.831193e+04,3.276843e-01,9.474117e-01,9.474479e-01,2.207966e-04,1.085498e-08,3.798772e+01,7.992060e+00,2.999566e+01,3.965270e+01,1.698849e+02
1.177442e+06,1.362780e+01,2.832193e+04,3.278001e-01,9.474065e-01,9.474480e-01,2.209051e-04,1.085498e-08,3.798772e+01,7.991806e+00,2.999592e+01,3.965289e+01,1.698889e+02
1.177452e+06,1.362792e+01,2.833193e+04,3.279158e-01,9.474013e-01,9.474481e-01,2.210137e-04,1.085498e-08,3.798772e+01,7.991552e+00,2.999617e+01,3.965308e+01,1.698929e+02
1.177462e+06,1.362803e+01,2.834193e+04,3.280316e-01,9.473946e-01,9.474482e-01,2.211223e-04,1.085498e-08,3.798772e+01,7.991298e+00,2.999643e+01,3.965332e+01,1.698969e+02
1.177472e+06,1.362815e+01,2.835193e+04,3.281473e-01,9.473855e-01,9.474483e-01,2.212308e-04,1.085498e-08,3.798766e+01,7.991163e+00,2.999650e+01,3.965356e+01,1.698991e+02
1.177482e+06,1.362826e+01,2.836193e+04,3.282631e-01,9.473843e-01,9.474484e-01,2.213394e-04,1.085498e-08,3.798741e+01,7.991417e+00,2.999599e+01,3.965332e+01,1.698951e+02
1.177492e+06,1.362838e+01,2.837193e+04,3.283788e-01,9.473830e-01,9.474485e-01,2.214479e-04,1.085498e-08,3.798715e+01,7.991670e+00,2.999548e+01,3.965308e+01,1.698911e+02
1.177502e+06,1.362849e+01,2.838193e+04,3.284946e-01,9.473818e-01,9.474486e-01,2.215565e-04,1.085498e-08,3.798690e+01,7.991923e+00,2.999497e+01,3.965284e+01,1.698871e+02
1.177512e+06,1.362861e+01,2.839193e+04,3.286103e-01,9.473806e-01,9.474487e-01,2.216650e-04,1.085497e-08,3.798664e+01,7.992176e+00,2.999446e+01,3.965259e+01,1.698831e+02
1.177522e+06,1.362873e+01,2.840193e+04,3.287261e-01,9.473793e-01,9.474488e-01,2.217736e-04,1.085497e-08,3.798638e+01,7.992429e+00,2.999395e+01,3.965235e+01,1.698791e+02
1.177532e+06,1.362884e+01,2.841193e+04,3.288418e-01,9.473781e-01,9.474489e-01,2.218822e-04,1.085497e-08,3.798613e+01,7.992683e+00,2.999344e+01,3.965211e+01,1.698751e+02
1.177542e+06,1.362896e+01,2.842194e+04,3.289576e-01,9.473769e-01,9.474490e-01,2.219907e-04,1.085497e-08,3.798587e+01,7.992936e+00,2.999294e+01,3.965186e+01,1.698711e+02
1.177552e+06,1.362907e+01,2.843194e+04,3.290733e-01,9.473756e-01,9.474491e-01,2.220993e-04,1.085497e-08,3.798562e+01,7.993189e+00,2.999243e+01,3.965162e+01,1.698671e+02
1.177562e+06,1.362919e+01,2.844194e+04,3.291891e-01,9.473744e-01,9.474492e-01,2.222078e-04,1.085497e-08,3.798536e+01,7.993442e+00,2.999192e+01,3.965138e+01,1.698631e+02
1.177572e+06,1.362930e+01,2.845194e+04,3.293048e-01,9.473732e-01,9.474493e-01,2.223164e-04,1.085497e-08,3.798510e+01,7.993696e+00,2.999141e+01,3.965113e+01,1.698591e+02
1.177582e+06,1.362942e+01,2.846194e+04,3.294206e-01,9.473720e-01,9.474494e-01,2.224249e-04,1.085497e-08,3.798485e+01,7.993949e+00,2.999090e+01,3.965089e+01,1.698552e+02
1.177592e+06,1.362954e+01,2.847194e+04,3.295363e-01,9.473707e-01,9.474495e-01,2.225335e-04,1.085497e-08,3.798459e+01,7.994202e+00,2.999039e+01,3.965065e+01,1.698512e+02
1.177602e+06,1.362965e+01,2.848194e+04,3.296521e-01,9.473695e-01,9.474496e-01,2.226421e-04,1.085496e-08,3.798434e+01,7.994455e+00,2.998988e+01,3.965040e+01,1.698472e+02
1.177612e+06,1.362977e+01,2.849194e+04,3.297678e-01,9.473683e-01,9.474497e-01,2.227506e-04,1.085496e-08,3.798408e+01,7.994709e+00,2.998937e+01,3.965016e+01,1.698432e+02
1.177622e+06,1.362988e+01,2.850194e+04,3.298836e-01,9.473670e-01,9.474498e-01,2.228592e-04,1.085496e-08,3.798382e+01,7.994962e+00,2.998886e+01,3.964992e+01,1.698392e+02
1.177632e+06,1.363000e+01,2.851194e+04,3.299993e-01,9.473658e-01,9.474499e-01,2.229677e-04,1.085496e-08,3.798357e+01,7.995215e+00,2.998835e+01,3.964968e+01,1.698352e+02
1.177642e+06,1.363012e+01,2.852194e+04,3.301151e-01,9.473646e-01,9.474500e-01,2.230763e-04,1.085496e-08,3.798331e+01,7.995468e+00,2.998784e+01,3.964943e+01,1.698312e+02
1.177652e+06,1.363023e+01,2.853194e+04,3.302308e-01,9.473633e-01,9.474501e-01,2.231848e-04,1.085496e-08,3.798306e+01,7.995722e+00,2.998733e+01,3.964919e+01,1.698272e+02
1.177662e+06,1.363035e+01,2.854194e+04,3.303466e-01,9.473621e-01,9.474503e-01,2.232934e-04,1.085496e-08,3.798280e+01,7.995975e+00,2.998682e+01,3.964895e+01,1.698232e+02
1.177672e+06,1.363046e+01,2.855194e+04,3.304623e-01,9.473609e-01,9.474504e-01,2.234019e-04,1.085496e-08,3.798254e+01,7.996228e+00,2.998632e+01,3.964870e+01,1.698192e+02
1.177682e+06,1.363058e+01,2.856194e+04,3.305781e-01,9.473596e-01,9.474505e-01,2.235105e-04,1.085495e-08,3.798229e+01,7.996481e+00,2.998581e+01,3.964846e+01,1.698152e+02
1.177692e+06,1.363069e+01,2.857195e+04,3.306938e-01,9.473584e-01,9.474506e-01,2.236191e-04,1.085495e-08,3.798203e+01,7.996735e+00,2.998530e+01,3.964822e+01,1.698112e+02
1.177702e+06,1.363081e+01,2.858195e+04,3.308096e-01,9.473572e-01,9.474507e-01,2.237276e-04,1.085495e-08,3.798178e+01,7.996988e+00,2.998479e+01,3.964797e+01,1.698073e+02
1.177712e+06,1.363093e+01,2.859195e+04,3.309253e-01,9.473571e-01,9.474508e-01,2.238362e-04,1.085495e-08,3.798152e+01,7.997241e+00,2.998428e+01,3.964769e+01,1.698033e+02
1.177722e+06,1.363104e+01,2.860195e+04,3.310411e-01,9.473634e-01,9.474509e-01,2.239447e-04,1.085495e-08,3.798140e+01,7.997448e+00,2.998396e+01,3.964735e+01,1.698007e+02
1.177732e+06,1.363116e+01,2.861195e+04,3.311568e-01,9.473746e-01,9.474510e-01,2.240533e-04,1.085495e-08,3.798192e+01,7.997448e+00,2.998447e+01,3.964751e+01,1.698047e+02
1.177742e+06,1.363127e+01,2.862195e+04,3.312726e-01,9.473859e-01,9.474511e-01,2.241618e-04,1.085495e-08,3.798243e+01,7.997448e+00,2.998498e+01,3.964768e+01,1.698087e+02
1.177752e+06,1.363139e+01,2.863195e+04,3.313883e-01,9.473972e-01,9.474512e-01,2.242704e-04,1.085495e-08,3.798295e+01,7.997448e+00,2.998550e+01,3.964785e+01,1.698127e+02
1.177762e+06,1.363150e+01,2.864195e+04,3.315041e-01,9.474084e-01,9.474513e-01,2.243790e-04,1.085495e-08,3.798346e+01,7.997448e+00,2.998601e+01,3.964801e+01,1.698167e+02
1.177772e+06,1.363162e+01,2.865195e+04,3.316198e-01,9.474197e-01,9.474514e-01,2.244875e-04,1.085494e-08,3.798397e+01,7.997448e+00,2.998652e+01,3.964818e+01,1.698208e+02
1.177782e+06,1.363174e+01,2.866195e+04,3.317355e-01,9.474310e-01,9.474515e-01,2.245961e-04,1.085494e-08,3.798449e+01,7.997448e+00,2.998704e+01,3.964834e+01,1.698248e+02
1.177792e+06,1.363185e+01,2.867195e+04,3.318513e-01,9.474422e-01,9.474516e-01,2.247046e-04,1.085494e-08,3.798500e+01,7.997448e+00,2.998755e+01,3.964851e+01,1.698288e+02
1.177802e+06,1.363197e+01,2.868195e+04,3.319670e-01,9.474535e-01,9.474517e-01,2.248132e-04,1.085494e-08,3.798551e+01,7.997448e+00,2.998807e+01,3.964867e+01,1.698328e+02
1.177812e+06,1.363208e+01,2.869195e+04,3.320828e-01,9.474648e-01,9.474518e-01,2.249217e-04,1.085494e-08,3.798603e+01,7.997448e+00,2.998858e+01,3.964884e+01,1.698368e+02
1.177822e+06,1.363220e+01,2.870195e+04,3.321985e-01,9.474760e-01,9.474519e-01,2.250303e-04,1.085494e-08,3.798654e+01,7.997448e+00,2.998909e+01,3.964901e+01,1.698408e+02
1.177832e+06,1.363231e+01,2.871195e+04,3.323143e-01,9.474873e-01,9.474520e-01,2.251389e-04,1.085494e-08,3.798706e+01,7.997448e+00,2.998961e+01,3.964917e+01,1.698448e+02
1.177842e+06,1.363243e+01,2.872196e+04,3.324300e-01,9.474986e-01,9.474521e-01,2.252474e-04,1.085494e-08,3.798757e+01,7.997448e+00,2.999012e+01,3.964934e+01,1.698488e+02
1.177852e+06,1.363255e+01,2.873196e+04,3.325458e-01,9.475098e-01,9.474522e-01,2.253560e-04,1.085493e-08,3.798808e+01,7.997448e+00,2.999063e+01,3.964950e+01,1.698528e+02
1.177862e+06,1.363266e+01,2.874196e+04,3.326615e-01,9.475211e-01,9.474523e-01,2.254645e-04,1.085493e-08,3.798860e+01,7.997448e+00,2.999115e+01,3.964967e+01,1.698568e+02
1.177872e+06,1.363278e+01,2.875196e+04,3.327773e-01,9.475324e-01,9.474524e-01,2.255731e-04,1.085493e-08,3.798911e+01,7.997448e+00,2.999166e+01,3.964984e+01,1.698608e+02
1.177882e+06,1.363289e+01,2.876196e+04,3.328930e-01,9.475436e-01,9.474525e-01,2.256816e-04,1.085493e-08,3.798962e+01,7.997448e+00,2.999218e+01,3.965000e+01,1.698648e+02
1.177892e+06,1.363301e+01,2.877196e+04,3.330088e-01,9.475549e-01,9.474526e-01,2.257902e-04,1.085493e-08,3.799014e+01,7.997448e+00,2.999269e+01,3.965017e+01,1.698688e+02
1.177902e+06,1.363312e+01,2.878196e+04,3.331245e-01,9.475662e-01,9.474527e-01,2.258988e-04,1.085493e-08,3.799065e+01,7.997448e+00,2.999320e+01,3.965033e+01,1.698728e+02
1.177912e+06,1.363324e+01,2.879196e+04,3.332403e-01,9.475774e-01,9.474528e-01,2.260073e-04,1.085493e-08,3.799117e+01,7.997448e+00,2.999372e+01,3.965050e+01,1.698768e+02
1.177922e+06,1.363336e+01,2.880196e+04,3.333560e-01,9.475887e-01,9.474529e-01,2.261159e-04,1.085493e-08,3.799168e+01,7.997448e+00,2.999423e+01,3.965066e+01,1.698808e+02
1.177932e+06,1.363347e+01,2.881196e+04,3.334718e-01,9.476000e-01,9.474530e-01,2.262244e-04,1.085493e-08,3.799219e+01,7.997448e+00,2.999474e+01,3.965083e+01,1.698848e+02
1.177942e+06,1.363359e+01,2.882196e+04,3.335875e-01,9.476113e-01,9.474531e-01,2.263330e-04,1.085492e-08,3.799271e+01,7.997448e+00,2.999526e+01,3.965100e+01,1.698888e+02
1.177952e+06,1.363370e+01,2.883196e+04,3.337033e-01,9.476225e-01,9.474532e-01,2.264415e-04,1.085492e-08,3.799322e+01,7.997448e+00,2.999577e+01,3.965116e+01,1.698928e+02
1.177962e+06,1.363382e+01,2.884196e+04,3.338190e-01,9.476338e-01,9.474533e-01,2.265501e-04,1.085492e-08,3.799373e+01,7.997448e+00,2.999629e+01,3.965133e+01,1.698969e+02
1.177972e+06,1.363393e+01,2.885196e+04,3.339348e-01,9.476401e-01,9.474534e-01,2.266587e-04,1.085492e-08,3.799425e+01,7.997448e+00,2.999680e+01,3.965166e+01,1.699009e+02
1.177982e+06,1.363405e+01,2.886197e+04,3.340505e-01,9.476283e-01,9.474535e-01,2.267672e-04,1.085492e-08,3.799476e+01,7.997448e+00,2.999731e+01,3.965259e+01,1.699049e+02
1.177992e+06,1.363417e+01,2.887197e+04,3.341663e-01,9.476166e-01,9.474536e-01,2.268758e-04,1.085492e-08,3.799528e+01,7.997448e+00,2.999783e+01,3.965353e+01,1.699089e+02
1.178002e+06,1.363428e+01,2.888197e+04,3.342820e-01,9.476048e-01,9.474537e-01,2.269843e-04,1.085492e-08,3.799579e+01,7.997448e+00,2.999834e+01,3.965447e+01,1.699129e+02
1.178012e+06,1.363440e+01,2.889197e+04,3.343978e-01,9.475930e-01,9.474539e-01,2.270929e-04,1.085492e-08,3.799630e+01,7.997448e+00,2.999885e+01,3.965540e+01,1.699169e+02
1.178022e+06,1.363451e+01,2.890197e+04,3.345135e-01,9.475812e-01,9.474540e-01,2.272014e-04,1.085491e-08,3.799682e+01,7.997448e+00,2.999937e+01,3.965634e+01,1.699209e+02
1.178032e+06,1.363463e+01,2.891197e+04,3.346293e-01,9.475694e-01,9.474541e-01,2.273100e-04,1.085491e-08,3.799733e+01,7.997448e+00,2.999988e+01,3.965727e+01,1.699249e+02
1.178042e+06,1.363475e+01,2.892197e+04,3.347450e-01,9.475576e-01,9.474542e-01,2.274185e-04,1.085491e-08,3.799784e+01,7.997448e+00,3.000040e+01,3.965821e+01,1.699289e+02
1.178052e+06,1.363486e+01,2.893197e+04,3.348608e-01,9.475459e-01,9.474543e-01,2.275271e-04,1.085491e-08,3.799836e+01,7.997448e+00,3.000091e+01,3.965915e+01,1.699329e+02
1.178062e+06,1.363498e+01,2.894197e+04,3.349765e-01,9.475341e-01,9.474544e-01,2.276357e-04,1.085491e-08,3.799887e+01,7.997448e+00,3.000142e+01,3.966008e+01,1.699369e+02
1.178072e+06,1.363509e+01,2.895197e+04,3.350923e-01,9.475223e-01,9.474545e-01,2.277442e-04,1.085491e-08,3.799939e+01,7.997448e+00,3.000194e+01,3.966102e+01,1.699409e+02
1.178082e+06,1.363521e+01,2.896197e+04,3.352080e-01,9.475105e-01,9.474546e-01,2.278528e-04,1.085491e-08,3.799990e+01,7.997448e+00,3.000245e+01,3.966195e+01,1.699449e+02
1.178092e+06,1.363532e+01,2.897197e+04,3.353238e-01,9.474987e-01,9.474547e-01,2.279613e-04,1.085491e-08,3.800041e+01,7.997448e+00,3.000296e+01,3.966289e+01,1.699489e+02
1.178102e+06,1.363544e+01,2.898197e+04,3.354395e-01,9.474869e-01,9.474548e-01,2.280699e-04,1.085491e-08,3.800093e+01,7.997448e+00,3.000348e+01,3.966382e+01,1.699529e+02
1.178112e+06,1.363556e+01,2.899197e+04,3.355553e-01,9.474752e-01,9.474549e-01,2.281784e-04,1.085490e-08,3.800144e+01,7.997448e+00,3.000399e+01,3.966476e+01,1.699569e+02
1.178122e+06,1.363567e+01,2.900197e+04,3.356710e-01,9.474634e-01,9.474550e-01,2.282870e-04,1.085490e-08,3.800195e+01,7.997448e+00,3.000451e+01,3.966570e+01,1.699609e+02
1.178132e+06,1.363579e+01,2.901198e+04,3.357868e-01,9.474516e-01,9.474551e-01,2.283956e-04,1.085490e-08,3.800247e+01,7.997448e+00,3.000502e+01,3.966663e+01,1.699649e+02
1.178142e+06,1.363590e+01,2.902198e+04,3.359025e-01,9.474398e-01,9.474552e-01,2.285041e-04,1.085490e-08,3.800298e+01,7.997448e+00,3.000553e+01,3.966757e+01,1.699689e+02
1.178152e+06,1.363602e+01,2.903198e+04,3.360182e-01,9.474280e-01,9.474553e-01,2.286127e-04,1.085490e-08,3.800350e+01,7.997448e+00,3.000605e+01,3.966851e+01,1.699729e+02
1.178162e+06,1.363613e+01,2.904198e+04,3.361340e-01,9.474163e-01,9.474554e-01,2.287212e-04,1.085490e-08,3.800401e+01,7.997448e+00,3.000656e+01,3.966944e+01,1.699770e+02
1.178172e+06,1.363625e+01,2.905198e+04,3.362497e-01,9.474045e-01,9.474555e-01,2.288298e-04,1.085490e-08,3.800452e+01,7.997448e+00,3.000707e+01,3.967038e+01,1.699810e+02
1.178182e+06,1.363637e+01,2.906198e+04,3.363655e-01,9.473927e-01,9.474556e-01,2.289383e-04,1.085490e-08,3.800504e+01,7.997448e+00,3.000759e+01,3.967131e+01,1.699850e+02
1.178192e+06,1.363648e+01,2.907198e+04,3.364812e-01,9.473809e-01,9.474557e-01,2.290469e-04,1.085489e-08,3.800555e+01,7.997448e+00,3.000810e+01,3.967225e+01,1.699890e+02
1.178202e+06,1.363660e+01,2.908198e+04,3.365970e-01,9.473691e-01,9.474558e-01,2.291555e-04,1.085489e-08,3.800606e+01,7.997448e+00,3.000862e+01,3.967319e+01,1.699930e+02
1.178212e+06,1.363671e+01,2.909198e+04,3.367127e-01,9.473566e-01,9.474559e-01,2.292640e-04,1.085489e-08,3.800658e+01,7.997448e+00,3.000913e+01,3.967415e+01,1.699970e+02
1.178222e+06,1.363683e+01,2.910198e+04,3.368285e-01,9.473467e-01,9.474560e-01,2.293726e-04,1.085489e-08,3.800678e+01,7.997448e+00,3.000933e+01,3.967469e+01,1.700000e+02
1.178232e+06,1.363694e+01,2.911198e+04,3.369442e-01,9.473526e-01,9.474561e-01,2.294811e-04,1.085489e-08,3.800601e+01,7.997448e+00,3.000856e+01,3.967368e+01,1.700000e+02
1.178242e+06,1.363706e+01,2.912198e+04,3.370600e-01,9.473584e-01,9.474562e-01,2.295897e-04,1.085489e-08,3.800524e+01,7.997448e+00,3.000779e+01,3.967267e+01,1.700000e+02
1.178252e+06,1.363718e+01,2.913198e+04,3.371757e-01,9.473643e-01,9.474563e-01,2.296982e-04,1.085489e-08,3.800447e+01,7.997448e+00,3.000702e+01,3.967167e+01,1.700000e+02
1.178262e+06,1.363729e+01,2.914198e+04,3.372915e-01,9.473702e-01,9.474564e-01,2.298068e-04,1.085489e-08,3.800370e+01,7.997448e+00,3.000626e+01,3.967066e+01,1.700000e+02
1.178272e+06,1.363741e+01,2.915198e+04,3.374072e-01,9.473761e-01,9.474565e-01,2.299153e-04,1.085489e-08,3.800294e+01,7.997448e+00,3.000549e+01,3.966965e+01,1.700000e+02
1.178282e+06,1.363752e+01,2.916199e+04,3.375230e-01,9.473819e-01,9.474566e-01,2.300239e-04,1.085488e-08,3.800217e+01,7.997448e+00,3.000472e+01,3.966865e+01,1.700000e+02
1.178292e+06,1.363764e+01,2.917199e+04,3.376387e-01,9.473878e-01,9.474567e-01,2.301325e-04,1.085488e-08,3.800140e+01,7.997448e+00,3.000395e+01,3.966764e+01,1.700000e+02
1.178302e+06,1.363775e+01,2.918199e+04,3.377545e-01,9.473937e-01,9.474568e-01,2.302410e-04,1.085488e-08,3.800063e+01,7.997448e+00,3.000318e+01,3.966663e+01,1.700000e+02
1.178312e+06,1.363787e+01,2.919199e+04,3.378702e-01,9.473995e-01,9.474569e-01,2.303496e-04,1.085488e-08,3.799986e+01,7.997448e+00,3.000242e+01,3.966563e+01,1.700000e+02
1.178322e+06,1.363799e+01,2.920199e+04,3.379860e-01,9.474054e-01,9.474570e-01,2.304581e-04,1.085488e-08,3.799910e+01,7.997448e+00,3.000165e+01,3.966462e+01,1.700000e+02
1.178332e+06,1.363810e+01,2.921199e+04,3.381017e-01,9.474113e-01,9.474571e-01,2.305667e-04,1.085488e-08,3.799833e+01,7.997448e+00,3.000088e+01,3.966361e+01,1.700000e+02
1.178342e+06,1.363822e+01,2.922199e+04,3.382175e-01,9.474171e-01,9.474572e-01,2.306752e-04,1.085488e-08,3.799756e+01,7.997448e+00,3.000011e+01,3.966260e+01,1.700000e+02
1.178352e+06,1.363833e+01,2.923199e+04,3.383332e-01,9.474230e-01,9.474573e-01,2.307838e-04,1.085488e-08,3.799679e+01,7.997448e+00,2.999934e+01,3.966160e+01,1.700000e+02
1.178362e+06,1.363845e+01,2.924199e+04,3.384490e-01,9.474289e-01,9.474575e-01,2.308924e-04,1.085487e-08,3.799602e+01,7.997448e+00,2.999858e+01,3.966059e+01,1.700000e+02
1.178372e+06,1.363856e+01,2.925199e+04,3.385647e-01,9.474348e-01,9.474576e-01,2.310009e-04,1.085487e-08,3.799526e+01,7.997448e+00,2.999781e+01,3.965958e+01,1.700000e+02
1.178382e+06,1.363868e+01,2.926199e+04,3.386805e-01,9.474406e-01,9.474577e-01,2.311095e-04,1.085487e-08,3.799449e+01,7.997448e+00,2.999704e+01,3.965858e+01,1.700000e+02
1.178392e+06,1.363880e+01,2.927199e+04,3.387962e-01,9.474465e-01,9.474578e-01,2.312180e-04,1.085487e-08,3.799372e+01,7.997448e+00,2.999627e+01,3.965757e+01,1.700000e+02
1.178402e+06,1.363891e+01,2.928199e+04,3.389120e-01,9.474524e-01,9.474579e-01,2.313266e-04,1.085487e-08,3.799295e+01,7.997448e+00,2.999550e+01,3.965656e+01,1.700000e+02
1.178412e+06,1.363903e+01,2.929199e+04,3.390277e-01,9.474582e-01,9.474580e-01,2.314351e-04,1.085487e-08,3.799218e+01,7.997448e+00,2.999474e+01,3.965556e+01,1.700000e+02
1.178422e+06,1.363914e+01,2.930199e+04,3.391435e-01,9.474641e-01,9.474581e-01,2.315437e-04,1.085487e-08,3.799142e+01,7.997448e+00,2.999397e+01,3.965455e+01,1.700000e+02
1.178432e+06,1.363926e+01,2.931200e+04,3.392592e-01,9.474700e-01,9.474582e-01,2.316522e-04,1.085487e-08,3.799065e+01,7.997448e+00,2.999320e+01,3.965354e+01,1.700000e+02
1.178442e+06,1.363937e+01,2.932200e+04,3.393750e-01,9.474758e-01,9.474583e-01,2.317608e-04,1.085487e-08,3.798988e+01,7.997448e+00,2.999243e+01,3.965254e+01,1.700000e+02
1.178452e+06,1.363949e+01,2.933200e+04,3.394907e-01,9.474817e-01,9.474584e-01,2.318694e-04,1.085486e-08,3.798911e+01,7.997448e+00,2.999166e+01,3.965153e+01,1.700000e+02
1.178462e+06,1.363961e+01,2.934200e+04,3.396065e-01,9.474870e-01,9.474585e-01,2.319779e-04,1.085486e-08,3.798834e+01,7.997448e+00,2.999090e+01,3.965054e+01,1.700000e+02
1.178472e+06,1.363972e+01,2.935200e+04,3.397222e-01,9.474866e-01,9.474586e-01,2.320865e-04,1.085486e-08,3.798782e+01,7.997448e+00,2.999037e+01,3.965001e+01,1.699992e+02
1.178482e+06,1.363984e+01,2.936200e+04,3.398380e-01,9.474735e-01,9.474587e-01,2.321950e-04,1.085486e-08,3.798834e+01,7.997448e+00,2.999089e+01,3.965099e+01,1.699952e+02
1.178492e+06,1.363995e+01,2.937200e+04,3.399537e-01,9.474604e-01,9.474588e-01,2.323036e-04,1.085486e-08,3.798885e+01,7.997448e+00,2.999140e+01,3.965197e+01,1.699912e+02
1.178502e+06,1.364007e+01,2.938200e+04,3.400694e-01,9.474472e-01,9.474589e-01,2.324121e-04,1.085486e-08,3.798936e+01,7.997448e+00,2.999192e+01,3.965295e+01,1.699872e+02
1.178512e+06,1.364019e+01,2.939200e+04,3.401852e-01,9.474341e-01,9.474590e-01,2.325207e-04,1.085486e-08,3.798988e+01,7.997448e+00,2.999243e+01,3.965393e+01,1.699832e+02
1.178522e+06,1.364030e+01,2.940200e+04,3.403009e-01,9.474210e-01,9.474591e-01,2.326292e-04,1.085486e-08,3.799039e+01,7.997448e+00,2.999294e+01,3.965491e+01,1.699792e+02
1.178532e+06,1.364042e+01,2.941200e+04,3.404167e-01,9.474079e-01,9.474592e-01,2.327378e-04,1.085485e-08,3.799091e+01,7.997448e+00,2.999346e+01,3.965589e+01,1.699752e+02
1.178542e+06,1.364053e+01,2.942200e+04,3.405324e-01,9.473947e-01,9.474593e-01,2.328464e-04,1.085485e-08,3.799142e+01,7.997448e+00,2.999397e+01,3.965687e+01,1.699712e+02
1.178552e+06,1.364065e+01,2.943200e+04,3.406482e-01,9.473816e-01,9.474594e-01,2.329549e-04,1.085485e-08,3.799193e+01,7.997448e+00,2.999448e+01,3.965785e+01,1.699672e+02
1.178562e+06,1.364076e+01,2.944200e+04,3.407639e-01,9.473685e-01,9.474595e-01,2.330635e-04,1.085485e-08,3.799245e+01,7.997448e+00,2.999500e+01,3.965883e+01,1.699632e+02
1.178572e+06,1.364088e+01,2.945201e+04,3.408797e-01,9.473554e-01,9.474596e-01,2.331720e-04,1.085485e-08,3.799296e+01,7.997448e+00,2.999551e+01,3.965981e+01,1.699592e+02
1.178582e+06,1.364100e+01,2.946201e+04,3.409954e-01,9.473422e-01,9.474597e-01,2.332806e-04,1.085485e-08,3.799347e+01,7.997448e+00,2.999603e+01,3.966079e+01,1.699552e+02
1.178592e+06,1.364111e+01,2.947201e+04,3.411112e-01,9.473291e-01,9.474598e-01,2.333891e-04,1.085485e-08,3.799399e+01,7.997448e+00,2.999654e+01,3.966178e+01,1.699512e+02
1.178602e+06,1.364123e+01,2.948201e+04,3.412269e-01,9.473160e-01,9.474599e-01,2.334977e-04,1.085485e-08,3.799450e+01,7.997448e+00,2.999705e+01,3.966276e+01,1.699472e+02
1.178612e+06,1.364134e+01,2.949201e+04,3.413427e-01,9.473029e-01,9.474600e-01,2.336063e-04,1.085484e-08,3.799502e+01,7.997448e+00,2.999757e+01,3.966374e+01,1.699432e+02
1.178622e+06,1.364146e+01,2.950201e+04,3.414584e-01,9.472897e-01,9.474601e-01,2.337148e-04,1.085484e-08,3.799553e+01,7.997448e+00,2.999808e+01,3.966472e+01,1.699392e+02
1.178632e+06,1.364157e+01,2.951201e+04,3.415742e-01,9.472766e-01,9.474602e-01,2.338234e-04,1.085484e-08,3.799604e+01,7.997448e+00,2.999859e+01,3.966570e+01,1.699351e+02
1.178642e+06,1.364169e+01,2.952201e+04,3.416899e-01,9.472635e-01,9.474603e-01,2.339319e-04,1.085484e-08,3.799656e+01,7.997448e+00,2.999911e+01,3.966668e+01,1.699311e+02
1.178652e+06,1.364181e+01,2.953201e+04,3.418057e-01,9.472504e-01,9.474604e-01,2.340405e-04,1.085484e-08,3.799707e+01,7.997448e+00,2.999962e+01,3.966766e+01,1.699271e+02
1.178662e+06,1.364192e+01,2.954201e+04,3.419214e-01,9.472372e-01,9.474605e-01,2.341490e-04,1.085484e-08,3.799758e+01,7.997448e+00,3.000014e+01,3.966864e+01,1.699231e+02
1.178672e+06,1.364204e+01,2.955201e+04,3.420372e-01,9.472241e-01,9.474606e-01,2.342576e-04,1.085484e-08,3.799810e+01,7.997448e+00,3.000065e+01,3.966962e+01,1.699191e+02
1.178682e+06,1.364215e+01,2.956201e+04,3.421529e-01,9.472110e-01,9.474607e-01,2.343661e-04,1.085484e-08,3.799861e+01,7.997448e+00,3.000116e+01,3.967061e+01,1.699151e+02
1.178692e+06,1.364227e+01,2.957201e+04,3.422687e-01,9.471979e-01,9.474608e-01,2.344747e-04,1.085484e-08,3.799913e+01,7.997448e+00,3.000168e+01,3.967159e+01,1.699111e+02
1.178702e+06,1.364238e+01,2.958201e+04,3.423844e-01,9.471847e-01,9.474609e-01,2.345833e-04,1.085483e-08,3.799964e+01,7.997448e+00,3.000219e+01,3.967257e+01,1.699071e+02
1.178712e+06,1.364250e+01,2.959201e+04,3.425002e-01,9.471730e-01,9.474611e-01,2.346918e-04,1.085483e-08,3.800015e+01,7.997448e+00,3.000270e+01,3.967350e+01,1.699031e+02
1.178722e+06,1.364262e+01,2.960202e+04,3.426159e-01,9.471715e-01,9.474612e-01,2.348004e-04,1.085483e-08,3.800049e+01,7.997448e+00,3.000305e+01,3.967392e+01,1.699009e+02
1.178732e+06,1.364273e+01,2.961202e+04,3.427317e-01,9.471878e-01,9.474613e-01,2.349089e-04,1.085483e-08,3.800024e+01,7.997448e+00,3.000279e+01,3.967310e+01,1.699049e+02
1.178742e+06,1.364285e+01,2.962202e+04,3.428474e-01,9.472041e-01,9.474614e-01,2.350175e-04,1.085483e-08,3.799998e+01,7.997448e+00,3.000254e+01,3.967229e+01,1.699088e+02
1.178752e+06,1.364296e+01,2.963202e+04,3.429632e-01,9.472204e-01,9.474615e-01,2.351260e-04,1.085483e-08,3.799973e+01,7.997448e+00,3.000228e+01,3.967147e+01,1.699128e+02
1.178762e+06,1.364308e+01,2.964202e+04,3.430789e-01,9.472367e-01,9.474616e-01,2.352346e-04,1.085483e-08,3.799947e+01,7.997448e+00,3.000203e+01,3.967066e+01,1.699168e+02
1.178772e+06,1.364319e+01,2.965202e+04,3.431947e-01,9.472531e-01,9.474617e-01,2.353431e-04,1.085483e-08,3.799922e+01,7.997448e+00,3.000177e+01,3.966984e+01,1.699208e+02
1.178782e+06,1.364331e+01,2.966202e+04,3.433104e-01,9.472694e-01,9.474618e-01,2.354517e-04,1.085482e-08,3.799896e+01,7.997448e+00,3.000152e+01,3.966903e+01,1.699248e+02
1.178792e+06,1.364343e+01,2.967202e+04,3.434262e-01,9.472857e-01,9.474619e-01,2.355603e-04,1.085482e-08,3.799871e+01,7.997448e+00,3.000126e+01,3.966821e+01,1.699287e+02
1.178802e+06,1.364354e+01,2.968202e+04,3.435419e-01,9.473020e-01,9.474620e-01,2.356688e-04,1.085482e-08,3.799845e+01,7.997448e+00,3.000101e+01,3.966740e+01,1.699327e+02
1.178812e+06,1.364366e+01,2.969202e+04,3.436577e-01,9.473183e-01,9.474621e-01,2.357774e-04,1.085482e-08,3.799820e+01,7.997448e+00,3.000075e+01,3.966658e+01,1.699367e+02
1.178822e+06,1.364377e+01,2.970202e+04,3.437734e-01,9.473346e-01,9.474622e-01,2.358859e-04,1.085482e-08,3.799794e+01,7.997448e+00,3.000050e+01,3.966577e+01,1.699407e+02
1.178832e+06,1.364389e+01,2.971202e+04,3.438892e-01,9.473510e-01,9.474623e-01,2.359945e-04,1.085482e-08,3.799769e+01,7.997448e+00,3.000024e+01,3.966495e+01,1.699446e+02
1.178842e+06,1.364400e+01,2.972202e+04,3.440049e-01,9.473673e-01,9.474624e-01,2.361030e-04,1.085482e-08,3.799743e+01,7.997448e+00,2.999998e+01,3.966414e+01,1.699486e+02
1.178852e+06,1.364412e+01,2.973202e+04,3.441207e-01,9.473836e-01,9.474625e-01,2.362116e-04,1.085482e-08,3.799718e+01,7.997448e+00,2.999973e+01,3.966332e+01,1.699526e+02
1.178862e+06,1.364424e+01,2.974202e+04,3.442364e-01,9.473999e-01,9.474626e-01,2.363201e-04,1.085482e-08,3.799692e+01,7.997448e+00,2.999947e+01,3.966251e+01,1.699566e+02
1.178872e+06,1.364435e+01,2.975203e+04,3.443521e-01,9.474162e-01,9.474627e-01,2.364287e-04,1.085481e-08,3.799667e+01,7.997448e+00,2.999922e+01,3.966169e+01,1.699606e+02
1.178882e+06,1.364447e+01,2.976203e+04,3.444679e-01,9.474325e-01,9.474628e-01,2.365373e-04,1.085481e-08,3.799641e+01,7.997448e+00,2.999896e+01,3.966088e+01,1.699645e+02
1.178892e+06,1.364458e+01,2.977203e+04,3.445836e-01,9.474489e-01,9.474629e-01,2.366458e-04,1.085481e-08,3.799616e+01,7.997448e+00,2.999871e+01,3.966006e+01,1.699685e+02
1.178902e+06,1.364470e+01,2.978203e+04,3.446994e-01,9.474652e-01,9.474630e-01,2.367544e-04,1.085481e-08,3.799590e+01,7.997448e+00,2.999845e+01,3.965925e+01,1.699725e+02
1.178912e+06,1.364482e+01,2.979203e+04,3.448151e-01,9.474815e-01,9.474631e-01,2.368629e-04,1.085481e-08,3.799565e+01,7.997448e+00,2.999820e+01,3.965844e+01,1.699765e+02
1.178922e+06,1.364493e+01,2.980203e+04,3.449309e-01,9.474978e-01,9.474632e-01,2.369715e-04,1.085481e-08,3.799539e+01,7.997448e+00,2.999794e+01,3.965762e+01,1.699804e+02
1.178932e+06,1.364505e+01,2.981203e+04,3.450466e-01,9.475141e-01,9.474633e-01,2.370800e-04,1.085481e-08,3.799514e+01,7.997448e+00,2.999769e+01,3.965681e+01,1.699844e+02
1.178942e+06,1.364516e+01,2.982203e+04,3.451624e-01,9.475304e-01,9.474634e-01,2.371886e-04,1.085481e-08,3.799488e+01,7.997448e+00,2.999743e+01,3.965599e+01,1.699884e+02
1.178952e+06,1.364528e+01,2.983203e+04,3.452781e-01,9.475467e-01,9.474635e-01,2.372971e-04,1.085480e-08,3.799463e+01,7.997448e+00,2.999718e+01,3.965518e+01,1.699924e+02
1.178962e+06,1.364539e+01,2.984203e+04,3.453939e-01,9.475631e-01,9.474636e-01,2.374057e-04,1.085480e-08,3.799437e+01,7.997448e+00,2.999692e+01,3.965436e+01,1.699964e+02
1.178972e+06,1.364551e+01,2.985203e+04,3.455096e-01,9.475774e-01,9.474637e-01,2.375143e-04,1.085480e-08,3.799414e+01,7.997470e+00,2.999667e+01,3.965364e+01,1.700003e+02
1.178982e+06,1.364563e+01,2.986203e+04,3.456254e-01,9.475696e-01,9.474638e-01,2.376228e-04,1.085480e-08,3.799414e+01,7.997725e+00,2.999641e+01,3.965388e+01,1.700044e+02
1.178992e+06,1.364574e+01,2.987203e+04,3.457411e-01,9.475619e-01,9.474639e-01,2.377314e-04,1.085480e-08,3.799414e+01,7.997980e+00,2.999616e+01,3.965413e+01,1.700084e+02
1.179002e+06,1.364586e+01,2.988203e+04,3.458569e-01,9.475541e-01,9.474640e-01,2.378399e-04,1.085480e-08,3.799414e+01,7.998235e+00,2.999590e+01,3.965437e+01,1.700124e+02
1.179012e+06,1.364597e+01,2.989204e+04,3.459726e-01,9.475463e-01,9.474641e-01,2.379485e-04,1.085480e-08,3.799414e+01,7.998490e+00,2.999565e+01,3.965462e+01,1.700164e+02
1.179022e+06,1.364609e+01,2.990204e+04,3.460884e-01,9.475385e-01,9.474642e-01,2.380570e-04,1.085480e-08,3.799414e+01,7.998745e+00,2.999539e+01,3.965486e+01,1.700204e+02
1.179032e+06,1.364620e+01,2.991204e+04,3.462041e-01,9.475308e-01,9.474643e-01,2.381656e-04,1.085480e-08,3.799414e+01,7.999000e+00,2.999514e+01,3.965511e+01,1.700244e+02
1.179042e+06,1.364632e+01,2.992204e+04,3.463199e-01,9.475230e-01,9.474644e-01,2.382741e-04,1.085479e-08,3.799414e+01,7.999255e+00,2.999488e+01,3.965536e+01,1.700285e+02
1.179052e+06,1.364644e+01,2.993204e+04,3.464356e-01,9.475152e-01,9.474645e-01,2.383827e-04,1.085479e-08,3.799414e+01,7.999510e+00,2.999463e+01,3.965560e+01,1.700325e+02
1.179062e+06,1.364655e+01,2.994204e+04,3.465514e-01,9.475075e-01,9.474647e-01,2.384913e-04,1.085479e-08,3.799414e+01,7.999765e+00,2.999437e+01,3.965585e+01,1.700365e+02
1.179072e+06,1.364667e+01,2.995204e+04,3.466671e-01,9.474997e-01,9.474648e-01,2.385998e-04,1.085479e-08,3.799414e+01,8.000020e+00,2.999412e+01,3.965609e+01,1.700405e+02
1.179082e+06,1.364678e+01,2.996204e+04,3.467829e-01,9.474919e-01,9.474649e-01,2.387084e-04,1.085479e-08,3.799414e+01,8.000275e+00,2.999386e+01,3.965634e+01,1.700445e+02
1.179092e+06,1.364690e+01,2.997204e+04,3.468986e-01,9.474841e-01,9.474650e-01,2.388169e-04,1.085479e-08,3.799414e+01,8.000530e+00,2.999361e+01,3.965658e+01,1.700486e+02
1.179102e+06,1.364701e+01,2.998204e+04,3.470144e-01,9.474764e-01,9.474651e-01,2.389255e-04,1.085479e-08,3.799414e+01,8.000785e+00,2.999335e+01,3.965683e+01,1.700526e+02
1.179112e+06,1.364713e+01,2.999204e+04,3.471301e-01,9.474686e-01,9.474652e-01,2.390340e-04,1.085479e-08,3.799414e+01,8.001040e+00,2.999310e+01,3.965707e+01,1.700566e+02
1.179122e+06,1.364725e+01,3.000204e+04,3.472459e-01,9.474608e-01,9.474653e-01,2.391426e-04,1.085478e-08,3.799414e+01,8.001295e+00,2.999284e+01,3.965732e+01,1.700606e+02
1.179132e+06,1.364736e+01,3.001204e+04,3.473616e-01,9.474530e-01,9.474654e-01,2.392511e-04,1.085478e-08,3.799414e+01,8.001550e+00,2.999259e+01,3.965757e+01,1.700646e+02
1.179142e+06,1.364748e+01,3.002204e+04,3.474774e-01,9.474453e-01,9.474655e-01,2.393597e-04,1.085478e-08,3.799414e+01,8.001805e+00,2.999233e+01,3.965781e+01,1.700687e+02
1.179152e+06,1.364759e+01,3.003204e+04,3.475931e-01,9.474375e-01,9.474656e-01,2.394682e-04,1.085478e-08,3.799414e+01,8.002060e+00,2.999208e+01,3.965806e+01,1.700727e+02
1.179162e+06,1.364771e+01,3.004205e+04,3.477089e-01,9.474297e-01,9.474657e-01,2.395768e-04,1.085478e-08,3.799414e+01,8.002315e+00,2.999182e+01,3.965830e+01,1.700767e+02
1.179172e+06,1.364782e+01,3.005205e+04,3.478246e-01,9.474220e-01,9.474658e-01,2.396854e-04,1.085478e-08,3.799414e+01,8.002570e+00,2.999157e+01,3.965855e+01,1.700807e+02
1.179182e+06,1.364794e+01,3.006205e+04,3.479404e-01,9.474142e-01,9.474659e-01,2.397939e-04,1.085478e-08,3.799414e+01,8.002825e+00,2.999131e+01,3.965879e+01,1.700847e+02
1.179192e+06,1.364806e+01,3.007205e+04,3.480561e-01,9.474064e-01,9.474660e-01,2.399025e-04,1.085478e-08,3.799414e+01,8.003080e+00,2.999106e+01,3.965904e+01,1.700888e+02
1.179202e+06,1.364817e+01,3.008205e+04,3.481719e-01,9.473986e-01,9.474661e-01,2.400110e-04,1.085478e-08,3.799414e+01,8.003335e+00,2.999080e+01,3.965928e+01,1.700928e+02
1.179212e+06,1.364829e+01,3.009205e+04,3.482876e-01,9.473909e-01,9.474662e-01,2.401196e-04,1.085477e-08,3.799414e+01,8.003590e+00,2.999055e+01,3.965953e+01,1.700968e+02
1.179222e+06,1.364840e+01,3.010205e+04,3.484033e-01,9.473864e-01,9.474663e-01,2.402281e-04,1.085477e-08,3.799429e+01,8.003793e+00,2.999050e+01,3.965983e+01,1.701008e+02
1.179232e+06,1.364852e+01,3.011205e+04,3.485191e-01,9.473954e-01,9.474664e-01,2.403367e-04,1.085477e-08,3.799506e+01,8.003793e+00,2.999127e+01,3.966034e+01,1.701048e+02
1.179242e+06,1.364863e+01,3.012205e+04,3.486348e-01,9.474044e-01,9.474665e-01,2.404452e-04,1.085477e-08,3.799583e+01,8.003793e+00,2.999204e+01,3.966085e+01,1.701088e+02
1.179252e+06,1.364875e+01,3.013205e+04,3.487506e-01,9.474133e-01,9.474666e-01,2.405538e-04,1.085477e-08,3.799660e+01,8.003793e+00,2.999280e+01,3.966136e+01,1.701128e+02
1.179262e+06,1.364887e+01,3.014205e+04,3.488663e-01,9.474223e-01,9.474667e-01,2.406624e-04,1.085477e-08,3.799736e+01,8.003793e+00,2.999357e+01,3.966187e+01,1.701168e+02
1.179272e+06,1.364898e+01,3.015205e+04,3.489821e-01,9.474313e-01,9.474668e-01,2.407709e-04,1.085477e-08,3.799813e+01,8.003793e+00,2.999434e+01,3.966239e+01,1.701208e+02
1.179282e+06,1.364910e+01,3.016205e+04,3.490978e-01,9.474402e-01,9.474669e-01,2.408795e-04,1.085477e-08,3.799890e+01,8.003793e+00,2.999511e+01,3.966290e+01,1.701248e+02
1.179292e+06,1.364921e+01,3.017205e+04,3.492136e-01,9.474492e-01,9.474670e-01,2.409880e-04,1.085476e-08,3.799967e+01,8.003793e+00,2.999588e+01,3.966341e+01,1.701287e+02
1.179302e+06,1.364933e+01,3.018205e+04,3.493293e-01,9.474581e-01,9.474671e-01,2.410966e-04,1.085476e-08,3.800044e+01,8.003793e+00,2.999664e+01,3.966392e+01,1.701327e+02
1.179312e+06,1.364945e+01,3.019206e+04,3.494451e-01,9.474671e-01,9.474672e-01,2.412051e-04,1.085476e-08,3.800120e+01,8.003793e+00,2.999741e+01,3.966443e+01,1.701367e+02
1.179322e+06,1.364956e+01,3.020206e+04,3.495608e-01,9.474761e-01,9.474673e-01,2.413137e-04,1.085476e-08,3.800197e+01,8.003793e+00,2.999818e+01,3.966494e+01,1.701407e+02
1.179332e+06,1.364968e+01,3.021206e+04,3.496766e-01,9.474850e-01,9.474674e-01,2.414222e-04,1.085476e-08,3.800274e+01,8.003793e+00,2.999895e+01,3.966545e+01,1.701447e+02
1.179342e+06,1.364979e+01,3.022206e+04,3.497923e-01,9.474940e-01,9.474675e-01,2.415308e-04,1.085476e-08,3.800351e+01,8.003793e+00,2.999972e+01,3.966596e+01,1.701487e+02
1.179352e+06,1.364991e+01,3.023206e+04,3.499081e-01,9.475030e-01,9.474676e-01,2.416394e-04,1.085476e-08,3.800428e+01,8.003793e+00,3.000048e+01,3.966647e+01,1.701527e+02
1.179362e+06,1.365002e+01,3.024206e+04,3.500238e-01,9.475119e-01,9.474677e-01,2.417479e-04,1.085476e-08,3.800504e+01,8.003793e+00,3.000125e+01,3.966698e+01,1.701567e+02
1.179372e+06,1.365014e+01,3.025206e+04,3.501396e-01,9.475209e-01,9.474678e-01,2.418565e-04,1.085476e-08,3.800581e+01,8.003793e+00,3.000202e+01,3.966750e+01,1.701607e+02
1.179382e+06,1.365026e+01,3.026206e+04,3.502553e-01,9.475299e-01,9.474679e-01,2.419650e-04,1.085475e-08,3.800658e+01,8.003793e+00,3.000279e+01,3.966801e+01,1.701647e+02
1.179392e+06,1.365037e+01,3.027206e+04,3.503711e-01,9.475388e-01,9.474680e-01,2.420736e-04,1.085475e-08,3.800735e+01,8.003793e+00,3.000356e+01,3.966852e+01,1.701687e+02
1.179402e+06,1.365049e+01,3.028206e+04,3.504868e-01,9.475478e-01,9.474681e-01,2.421821e-04,1.085475e-08,3.800812e+01,8.003793e+00,3.000432e+01,3.966903e+01,1.701726e+02
1.179412e+06,1.365060e+01,3.029206e+04,3.506026e-01,9.475567e-01,9.474682e-01,2.422907e-04,1.085475e-08,3.800888e+01,8.003793e+00,3.000509e+01,3.966954e+01,1.701766e+02
1.179422e+06,1.365072e+01,3.030206e+04,3.507183e-01,9.475657e-01,9.474684e-01,2.423992e-04,1.085475e-08,3.800965e+01,8.003793e+00,3.000586e+01,3.967005e+01,1.701806e+02
1.179432e+06,1.365083e+01,3.031206e+04,3.508341e-01,9.475747e-01,9.474685e-01,2.425078e-04,1.085475e-08,3.801042e+01,8.003793e+00,3.000663e+01,3.967056e+01,1.701846e+02
1.179442e+06,1.365095e+01,3.032206e+04,3.509498e-01,9.475836e-01,9.474686e-01,2.426163e-04,1.085475e-08,3.801119e+01,8.003793e+00,3.000740e+01,3.967107e+01,1.701886e+02
1.179452e+06,1.365107e+01,3.033207e+04,3.510656e-01,9.475926e-01,9.474687e-01,2.427249e-04,1.085475e-08,3.801196e+01,8.003793e+00,3.000816e+01,3.967158e+01,1.701926e+02
1.179462e+06,1.365118e+01,3.034207e+04,3.511813e-01,9.476016e-01,9.474688e-01,2.428335e-04,1.085474e-08,3.801272e+01,8.003793e+00,3.000893e+01,3.967209e+01,1.701966e+02
1.179472e+06,1.365130e+01,3.035207e+04,3.512971e-01,9.476081e-01,9.474689e-01,2.429420e-04,1.085474e-08,3.801323e+01,8.003793e+00,3.000943e+01,3.967241e+01,1.702006e+02
1.179482e+06,1.365141e+01,3.036207e+04,3.514128e-01,9.476003e-01,9.474690e-01,2.430506e-04,1.085474e-08,3.801220e+01,8.003793e+00,3.000841e+01,3.967158e+01,1.702046e+02
1.179492e+06,1.365153e+01,3.037207e+04,3.515286e-01,9.475926e-01,9.474691e-01,2.431591e-04,1.085474e-08,3.801117e+01,8.003793e+00,3.000738e+01,3.967076e+01,1.702086e+02
1.179502e+06,1.365164e+01,3.038207e+04,3.516443e-01,9.475849e-01,9.474692e-01,2.432677e-04,1.085474e-08,3.801015e+01,8.003793e+00,3.000635e+01,3.966993e+01,1.702126e+02
1.179512e+06,1.365176e+01,3.039207e+04,3.517601e-01,9.475771e-01,9.474693e-01,2.433762e-04,1.085474e-08,3.800912e+01,8.003793e+00,3.000532e+01,3.966910e+01,1.702166e+02
1.179522e+06,1.365188e+01,3.040207e+04,3.518758e-01,9.475694e-01,9.474694e-01,2.434848e-04,1.085474e-08,3.800809e+01,8.003793e+00,3.000430e+01,3.966828e+01,1.702206e+02
1.179532e+06,1.365199e+01,3.041207e+04,3.519916e-01,9.475617e-01,9.474695e-01,2.435933e-04,1.085474e-08,3.800706e+01,8.003793e+00,3.000327e+01,3.966745e+01,1.702246e+02
1.179542e+06,1.365211e+01,3.042207e+04,3.521073e-01,9.475539e-01,9.474696e-01,2.437019e-04,1.085474e-08,3.800604e+01,8.003793e+00,3.000224e+01,3.966663e+01,1.702286e+02
1.179552e+06,1.365222e+01,3.043207e+04,3.522231e-01,9.475462e-01,9.474697e-01,2.438104e-04,1.085473e-08,3.800501e+01,8.003793e+00,3.000121e+01,3.966580e+01,1.702326e+02
1.179562e+06,1.365234e+01,3.044207e+04,3.523388e-01,9.475384e-01,9.474698e-01,2.439190e-04,1.085473e-08,3.800398e+01,8.003793e+00,3.000019e+01,3.966498e+01,1.702366e+02
1.179572e+06,1.365245e+01,3.045207e+04,3.524546e-01,9.475307e-01,9.474699e-01,2.440276e-04,1.085473e-08,3.800295e+01,8.003793e+00,2.999916e+01,3.966415e+01,1.702406e+02
1.179582e+06,1.365257e+01,3.046207e+04,3.525703e-01,9.475230e-01,9.474700e-01,2.441361e-04,1.085473e-08,3.800193e+01,8.003793e+00,2.999813e+01,3.966332e+01,1.702446e+02
1.179592e+06,1.365269e+01,3.047207e+04,3.526860e-01,9.475152e-01,9.474701e-01,2.442447e-04,1.085473e-08,3.800090e+01,8.003793e+00,2.999710e+01,3.966250e+01,1.702487e+02
1.179602e+06,1.365280e+01,3.048208e+04,3.528018e-01,9.475075e-01,9.474702e-01,2.443532e-04,1.085473e-08,3.799987e+01,8.003793e+00,2.999608e+01,3.966167e+01,1.702527e+02
1.179612e+06,1.365292e+01,3.049208e+04,3.529175e-01,9.474998e-01,9.474703e-01,2.444618e-04,1.085473e-08,3.799884e+01,8.003793e+00,2.999505e+01,3.966085e+01,1.702567e+02
1.179622e+06,1.365303e+01,3.050208e+04,3.530333e-01,9.474920e-01,9.474704e-01,2.445703e-04,1.085473e-08,3.799781e+01,8.003793e+00,2.999402e+01,3.966002e+01,1.702607e+02
1.179632e+06,1.365315e+01,3.051208e+04,3.531490e-01,9.474843e-01,9.474705e-01,2.446789e-04,1.085472e-08,3.799679e+01,8.003793e+00,2.999299e+01,3.965919e+01,1.702647e+02
1.179642e+06,1.365326e+01,3.052208e+04,3.532648e-01,9.474765e-01,9.474706e-01,2.447874e-04,1.085472e-08,3.799576e+01,8.003793e+00,2.999197e+01,3.965837e+01,1.702687e+02
1.179652e+06,1.365338e+01,3.053208e+04,3.533805e-01,9.474688e-01,9.474707e-01,2.448960e-04,1.085472e-08,3.799473e+01,8.003793e+00,2.999094e+01,3.965754e+01,1.702727e+02
1.179662e+06,1.365350e+01,3.054208e+04,3.534963e-01,9.474611e-01,9.474708e-01,2.450045e-04,1.085472e-08,3.799370e+01,8.003793e+00,2.998991e+01,3.965672e+01,1.702767e+02
1.179672e+06,1.365361e+01,3.055208e+04,3.536120e-01,9.474533e-01,9.474709e-01,2.451131e-04,1.085472e-08,3.799268e+01,8.003793e+00,2.998888e+01,3.965589e+01,1.702807e+02
1.179682e+06,1.365373e+01,3.056208e+04,3.537278e-01,9.474456e-01,9.474710e-01,2.452217e-04,1.085472e-08,3.799165e+01,8.003793e+00,2.998786e+01,3.965506e+01,1.702847e+02
1.179692e+06,1.365384e+01,3.057208e+04,3.538435e-01,9.474379e-01,9.474711e-01,2.453302e-04,1.085472e-08,3.799062e+01,8.003793e+00,2.998683e+01,3.965424e+01,1.702887e+02
1.179702e+06,1.365396e+01,3.058208e+04,3.539593e-01,9.474301e-01,9.474712e-01,2.454388e-04,1.085472e-08,3.798959e+01,8.003793e+00,2.998580e+01,3.965341e+01,1.702927e+02
1.179712e+06,1.365408e+01,3.059208e+04,3.540750e-01,9.474218e-01,9.474713e-01,2.455473e-04,1.085472e-08,3.798857e+01,8.003793e+00,2.998477e+01,3.965260e+01,1.702967e+02
1.179722e+06,1.365419e+01,3.060208e+04,3.541908e-01,9.474143e-01,9.474714e-01,2.456559e-04,1.085471e-08,3.798786e+01,8.003793e+00,2.998407e+01,3.965211e+01,1.703000e+02
1.179732e+06,1.365431e+01,3.061208e+04,3.543065e-01,9.474226e-01,9.474715e-01,2.457644e-04,1.085471e-08,3.798863e+01,8.003793e+00,2.998484e+01,3.965265e+01,1.703000e+02
1.179742e+06,1.365442e+01,3.062208e+04,3.544223e-01,9.474308e-01,9.474716e-01,2.458730e-04,1.085471e-08,3.798940e+01,8.003793e+00,2.998561e+01,3.965319e+01,1.703000e+02
1.179752e+06,1.365454e+01,3.063209e+04,3.545380e-01,9.474391e-01,9.474717e-01,2.459815e-04,1.085471e-08,3.799017e+01,8.003793e+00,2.998638e+01,3.965372e+01,1.703000e+02
1.179762e+06,1.365465e+01,3.064209e+04,3.546538e-01,9.474473e-01,9.474718e-01,2.460901e-04,1.085471e-08,3.799095e+01,8.003793e+00,2.998715e+01,3.965426e+01,1.703000e+02
1.179772e+06,1.365477e+01,3.065209e+04,3.547695e-01,9.474556e-01,9.474720e-01,2.461986e-04,1.085471e-08,3.799172e+01,8.003793e+00,2.998792e+01,3.965480e+01,1.703000e+02
1.179782e+06,1.365489e+01,3.066209e+04,3.548853e-01,9.474639e-01,9.474721e-01,2.463072e-04,1.085471e-08,3.799249e+01,8.003793e+00,2.998869e+01,3.965534e+01,1.703000e+02
1.179792e+06,1.365500e+01,3.067209e+04,3.550010e-01,9.474721e-01,9.474722e-01,2.464158e-04,1.085471e-08,3.799326e+01,8.003793e+00,2.998946e+01,3.965587e+01,1.703000e+02
1.179802e+06,1.365512e+01,3.068209e+04,3.551168e-01,9.474804e-01,9.474723e-01,2.465243e-04,1.085470e-08,3.799403e+01,8.003793e+00,2.999023e+01,3.965641e+01,1.703000e+02
1.179812e+06,1.365523e+01,3.069209e+04,3.552325e-01,9.474886e-01,9.474724e-01,2.466329e-04,1.085470e-08,3.799480e+01,8.003793e+00,2.999101e+01,3.965695e+01,1.703000e+02
1.179822e+06,1.365535e+01,3.070209e+04,3.553483e-01,9.474969e-01,9.474725e-01,2.467414e-04,1.085470e-08,3.799557e+01,8.003793e+00,2.999178e+01,3.965749e+01,1.703000e+02
1.179832e+06,1.365546e+01,3.071209e+04,3.554640e-01,9.475051e-01,9.474726e-01,2.468500e-04,1.085470e-08,3.799634e+01,8.003793e+00,2.999255e+01,3.965802e+01,1.703000e+02
1.179842e+06,1.365558e+01,3.072209e+04,3.555798e-01,9.475134e-01,9.474727e-01,2.469585e-04,1.085470e-08,3.799711e+01,8.003793e+00,2.999332e+01,3.965856e+01,1.703000e+02
1.179852e+06,1.365570e+01,3.073209e+04,3.556955e-01,9.475217e-01,9.474728e-01,2.470671e-04,1.085470e-08,3.799788e+01,8.003793e+00,2.999409e+01,3.965910e+01,1.703000e+02
1.179862e+06,1.365581e+01,3.074209e+04,3.558113e-01,9.475299e-01,9.474729e-01,2.471756e-04,1.085470e-08,3.799865e+01,8.003793e+00,2.999486e+01,3.965964e+01,1.703000e+02
1.179872e+06,1.365593e+01,3.075209e+04,3.559270e-01,9.475382e-01,9.474730e-01,2.472842e-04,1.085470e-08,3.799942e+01,8.003793e+00,2.999563e+01,3.966017e+01,1.703000e+02
1.179882e+06,1.365604e+01,3.076209e+04,3.560428e-01,9.475464e-01,9.474731e-01,2.473927e-04,1.085470e-08,3.800019e+01,8.003793e+00,2.999640e+01,3.966071e+01,1.703000e+02
1.179892e+06,1.365616e+01,3.077210e+04,3.561585e-01,9.475547e-01,9.474732e-01,2.475013e-04,1.085469e-08,3.800096e+01,8.003793e+00,2.999717e+01,3.966125e+01,1.703000e+02
1.179902e+06,1.365627e+01,3.078210e+04,3.562743e-01,9.475629e-01,9.474733e-01,2.476099e-04,1.085469e-08,3.800173e+01,8.003793e+00,2.999794e+01,3.966179e+01,1.703000e+02
1.179912e+06,1.365639e+01,3.079210e+04,3.563900e-01,9.475712e-01,9.474734e-01,2.477184e-04,1.085469e-08,3.800250e+01,8.003793e+00,2.999871e+01,3.966232e+01,1.703000e+02
1.179922e+06,1.365651e+01,3.080210e+04,3.565058e-01,9.475795e-01,9.474735e-01,2.478270e-04,1.085469e-08,3.800328e+01,8.003793e+00,2.999948e+01,3.966286e+01,1.703000e+02
1.179932e+06,1.365662e+01,3.081210e+04,3.566215e-01,9.475877e-01,9.474736e-01,2.479355e-04,1.085469e-08,3.800405e+01,8.003793e+00,3.000025e+01,3.966340e+01,1.703000e+02
1.179942e+06,1.365674e+01,3.082210e+04,3.567373e-01,9.475960e-01,9.474737e-01,2.480441e-04,1.085469e-08,3.800482e+01,8.003793e+00,3.000102e+01,3.966394e+01,1.703000e+02
1.179952e+06,1.365685e+01,3.083210e+04,3.568530e-01,9.476042e-01,9.474738e-01,2.481526e-04,1.085469e-08,3.800559e+01,8.003793e+00,3.000179e+01,3.966447e+01,1.703000e+02
1.179962e+06,1.365697e+01,3.084210e+04,3.569687e-01,9.476118e-01,9.474739e-01,2.482612e-04,1.085469e-08,3.800636e+01,8.003793e+00,3.000256e+01,3.966503e+01,1.703000e+02
1.179972e+06,1.365708e+01,3.085210e+04,3.570845e-01,9.476121e-01,9.474740e-01,2.483697e-04,1.085468e-08,3.800686e+01,8.003793e+00,3.000306e+01,3.966555e+01,1.702992e+02
1.179982e+06,1.365720e+01,3.086210e+04,3.572002e-01,9.475949e-01,9.474741e-01,2.484783e-04,1.085468e-08,3.800634e+01,8.003793e+00,3.000255e+01,3.966558e+01,1.702951e+02
1.179992e+06,1.365732e+01,3.087210e+04,3.573160e-01,9.475777e-01,9.474742e-01,2.485868e-04,1.085468e-08,3.800583e+01,8.003793e+00,3.000204e+01,3.966562e+01,1.702911e+02
1.180002e+06,1.365743e+01,3.088210e+04,3.574317e-01,9.475604e-01,9.474743e-01,2.486954e-04,1.085468e-08,3.800532e+01,8.003793e+00,3.000152e+01,3.966565e+01,1.702871e+02
1.180012e+06,1.365755e+01,3.089210e+04,3.575475e-01,9.475432e-01,9.474744e-01,2.488040e-04,1.085468e-08,3.800480e+01,8.003793e+00,3.000101e+01,3.966568e+01,1.702831e+02
1.180022e+06,1.365766e+01,3.090210e+04,3.576632e-01,9.475259e-01,9.474745e-01,2.489125e-04,1.085468e-08,3.800429e+01,8.003793e+00,3.000049e+01,3.966572e+01,1.702791e+02
1.180032e+06,1.365778e+01,3.091210e+04,3.577790e-01,9.475087e-01,9.474746e-01,2.490211e-04,1.085468e-08,3.800377e+01,8.003793e+00,2.999998e+01,3.966575e+01,1.702751e+02
1.180042e+06,1.365789e+01,3.092211e+04,3.578947e-01,9.474914e-01,9.474747e-01,2.491296e-04,1.085468e-08,3.800326e+01,8.003793e+00,2.999947e+01,3.966579e+01,1.702711e+02
1.180052e+06,1.365801e+01,3.093211e+04,3.580105e-01,9.474742e-01,9.474748e-01,2.492382e-04,1.085468e-08,3.800275e+01,8.003793e+00,2.999895e+01,3.966582e+01,1.702671e+02
1.180062e+06,1.365813e+01,3.094211e+04,3.581262e-01,9.474569e-01,9.474749e-01,2.493467e-04,1.085467e-08,3.800223e+01,8.003793e+00,2.999844e+01,3.966585e+01,1.702631e+02
1.180072e+06,1.365824e+01,3.095211e+04,3.582420e-01,9.474397e-01,9.474750e-01,2.494553e-04,1.085467e-08,3.800172e+01,8.003793e+00,2.999793e+01,3.966589e+01,1.702591e+02
1.180082e+06,1.365836e+01,3.096211e+04,3.583577e-01,9.474225e-01,9.474751e-01,2.495638e-04,1.085467e-08,3.800121e+01,8.003793e+00,2.999741e+01,3.966592e+01,1.702551e+02
1.180092e+06,1.365847e+01,3.097211e+04,3.584735e-01,9.474052e-01,9.474752e-01,2.496724e-04,1.085467e-08,3.800069e+01,8.003793e+00,2.999690e+01,3.966596e+01,1.702511e+02
1.180102e+06,1.365859e+01,3.098211e+04,3.585892e-01,9.473880e-01,9.474753e-01,2.497809e-04,1.085467e-08,3.800018e+01,8.003793e+00,2.999638e+01,3.966599e+01,1.702471e+02
1.180112e+06,1.365870e+01,3.099211e+04,3.587050e-01,9.473707e-01,9.474754e-01,2.498895e-04,1.085467e-08,3.799966e+01,8.003793e+00,2.999587e+01,3.966602e+01,1.702431e+02
1.180122e+06,1.365882e+01,3.100211e+04,3.588207e-01,9.473535e-01,9.474756e-01,2.499980e-04,1.085467e-08,3.799915e+01,8.003793e+00,2.999536e+01,3.966606e+01,1.702391e+02
1.180132e+06,1.365894e+01,3.101211e+04,3.589365e-01,9.473362e-01,9.474757e-01,2.501066e-04,1.085467e-08,3.799864e+01,8.003793e+00,2.999484e+01,3.966609e+01,1.702351e+02
1.180142e+06,1.365905e+01,3.102211e+04,3.590522e-01,9.473190e-01,9.474758e-01,2.502152e-04,1.085466e-08,3.799812e+01,8.003793e+00,2.999433e+01,3.966613e+01,1.702311e+02
1.180152e+06,1.365917e+01,3.103211e+04,3.591680e-01,9.473017e-01,9.474759e-01,2.503237e-04,1.085466e-08,3.799761e+01,8.003793e+00,2.999382e+01,3.966616e+01,1.702271e+02
1.180162e+06,1.365928e+01,3.104211e+04,3.592837e-01,9.472845e-01,9.474760e-01,2.504323e-04,1.085466e-08,3.799710e+01,8.003793e+00,2.999330e+01,3.966619e+01,1.702231e+02
1.180172e+06,1.365940e+01,3.105211e+04,3.593995e-01,9.472672e-01,9.474761e-01,2.505408e-04,1.085466e-08,3.799658e+01,8.003793e+00,2.999279e+01,3.966623e+01,1.702190e+02
1.180182e+06,1.365952e+01,3.106211e+04,3.595152e-01,9.472500e-01,9.474762e-01,2.506494e-04,1.085466e-08,3.799607e+01,8.003793e+00,2.999227e+01,3.966626e+01,1.702150e+02
1.180192e+06,1.365963e+01,3.107212e+04,3.596310e-01,9.472328e-01,9.474763e-01,2.507579e-04,1.085466e-08,3.799555e+01,8.003793e+00,2.999176e+01,3.966630e+01,1.702110e+02
1.180202e+06,1.365975e+01,3.108212e+04,3.597467e-01,9.472155e-01,9.474764e-01,2.508665e-04,1.085466e-08,3.799504e+01,8.003793e+00,2.999125e+01,3.966633e+01,1.702070e+02
1.180212e+06,1.365986e+01,3.109212e+04,3.598625e-01,9.471983e-01,9.474765e-01,2.509750e-04,1.085466e-08,3.799453e+01,8.003793e+00,2.999073e+01,3.966637e+01,1.702030e+02
1.180222e+06,1.365998e+01,3.110212e+04,3.599782e-01,9.471857e-01,9.474766e-01,2.510836e-04,1.085466e-08,3.799426e+01,8.003855e+00,2.999041e+01,3.966650e+01,1.701990e+02
1.180232e+06,1.366009e+01,3.111212e+04,3.600940e-01,9.471878e-01,9.474767e-01,2.511921e-04,1.085465e-08,3.799477e+01,8.004108e+00,2.999067e+01,3.966696e+01,1.701950e+02
1.180242e+06,1.366021e+01,3.112212e+04,3.602097e-01,9.471898e-01,9.474768e-01,2.513007e-04,1.085465e-08,3.799529e+01,8.004361e+00,2.999093e+01,3.966742e+01,1.701910e+02
1.180252e+06,1.366033e+01,3.113212e+04,3.603255e-01,9.471919e-01,9.474769e-01,2.514092e-04,1.085465e-08,3.799580e+01,8.004615e+00,2.999118e+01,3.966788e+01,1.701871e+02
1.180262e+06,1.366044e+01,3.114212e+04,3.604412e-01,9.471939e-01,9.474770e-01,2.515178e-04,1.085465e-08,3.799631e+01,8.004868e+00,2.999144e+01,3.966833e+01,1.701831e+02
1.180272e+06,1.366056e+01,3.115212e+04,3.605570e-01,9.471960e-01,9.474771e-01,2.516264e-04,1.085465e-08,3.799682e+01,8.005121e+00,2.999170e+01,3.966879e+01,1.701791e+02
1.180282e+06,1.366067e+01,3.116212e+04,3.606727e-01,9.471980e-01,9.474772e-01,2.517349e-04,1.085465e-08,3.799733e+01,8.005374e+00,2.999196e+01,3.966925e+01,1.701751e+02
1.180292e+06,1.366079e+01,3.117212e+04,3.607885e-01,9.472000e-01,9.474773e-01,2.518435e-04,1.085465e-08,3.799785e+01,8.005628e+00,2.999222e+01,3.966971e+01,1.701711e+02
1.180302e+06,1.366090e+01,3.118212e+04,3.609042e-01,9.472021e-01,9.474774e-01,2.519520e-04,1.085465e-08,3.799836e+01,8.005881e+00,2.999248e+01,3.967017e+01,1.701671e+02
1.180312e+06,1.366102e+01,3.119212e+04,3.610199e-01,9.472041e-01,9.474775e-01,2.520606e-04,1.085464e-08,3.799887e+01,8.006134e+00,2.999274e+01,3.967062e+01,1.701631e+02
1.180322e+06,1.366114e+01,3.120212e+04,3.611357e-01,9.472062e-01,9.474776e-01,2.521691e-04,1.085464e-08,3.799938e+01,8.006387e+00,2.999300e+01,3.967108e+01,1.701591e+02
1.180332e+06,1.366125e+01,3.121213e+04,3.612514e-01,9.472082e-01,9.474777e-01,2.522777e-04,1.085464e-08,3.799989e+01,8.006641e+00,2.999325e+01,3.967154e+01,1.701551e+02
1.180342e+06,1.366137e+01,3.122213e+04,3.613672e-01,9.472103e-01,9.474778e-01,2.523862e-04,1.085464e-08,3.800041e+01,8.006894e+00,2.999351e+01,3.967200e+01,1.701511e+02
1.180352e+06,1.366148e+01,3.123213e+04,3.614829e-01,9.472123e-01,9.474779e-01,2.524948e-04,1.085464e-08,3.800092e+01,8.007147e+00,2.999377e+01,3.967246e+01,1.701471e+02
1.180362e+06,1.366160e+01,3.124213e+04,3.615987e-01,9.472144e-01,9.474780e-01,2.526033e-04,1.085464e-08,3.800143e+01,8.007400e+00,2.999403e+01,3.967292e+01,1.701431e+02
1.180372e+06,1.366171e+01,3.125213e+04,3.617144e-01,9.472164e-01,9.474781e-01,2.527119e-04,1.085464e-08,3.800194e+01,8.007653e+00,2.999429e+01,3.967337e+01,1.701392e+02
1.180382e+06,1.366183e+01,3.126213e+04,3.618302e-01,9.472184e-01,9.474782e-01,2.528204e-04,1.085464e-08,3.800245e+01,8.007907e+00,2.999455e+01,3.967383e+01,1.701352e+02
1.180392e+06,1.366195e+01,3.127213e+04,3.619459e-01,9.472205e-01,9.474783e-01,2.529290e-04,1.085464e-08,3.800297e+01,8.008160e+00,2.999481e+01,3.967429e+01,1.701312e+02
1.180402e+06,1.366206e+01,3.128213e+04,3.620617e-01,9.472225e-01,9.474784e-01,2.530376e-04,1.085463e-08,3.800348e+01,8.008413e+00,2.999507e+01,3.967475e+01,1.701272e+02
1.180412e+06,1.366218e+01,3.129213e+04,3.621774e-01,9.472246e-01,9.474785e-01,2.531461e-04,1.085463e-08,3.800399e+01,8.008666e+00,2.999532e+01,3.967521e+01,1.701232e+02
1.180422e+06,1.366229e+01,3.130213e+04,3.622932e-01,9.472266e-01,9.474786e-01,2.532547e-04,1.085463e-08,3.800450e+01,8.008920e+00,2.999558e+01,3.967566e+01,1.701192e+02
1.180432e+06,1.366241e+01,3.131213e+04,3.624089e-01,9.472287e-01,9.474787e-01,2.533632e-04,1.085463e-08,3.800501e+01,8.009173e+00,2.999584e+01,3.967612e+01,1.701152e+02
1.180442e+06,1.366252e+01,3.132213e+04,3.625247e-01,9.472307e-01,9.474788e-01,2.534718e-04,1.085463e-08,3.800553e+01,8.009426e+00,2.999610e+01,3.967658e+01,1.701112e+02
1.180452e+06,1.366264e+01,3.133213e+04,3.626404e-01,9.472328e-01,9.474789e-01,2.535803e-04,1.085463e-08,3.800604e+01,8.009679e+00,2.999636e+01,3.967704e+01,1.701072e+02
1.180462e+06,1.366276e+01,3.134213e+04,3.627562e-01,9.472354e-01,9.474790e-01,2.536889e-04,1.085463e-08,3.800655e+01,8.009933e+00,2.999662e+01,3.967748e+01,1.701032e+02
1.180472e+06,1.366287e+01,3.135213e+04,3.628719e-01,9.472424e-01,9.474792e-01,2.537974e-04,1.085463e-08,3.800677e+01,8.010090e+00,2.999668e+01,3.967746e+01,1.701000e+02
1.180482e+06,1.366299e+01,3.136214e+04,3.629877e-01,9.472571e-01,9.474793e-01,2.539060e-04,1.085462e-08,3.800574e+01,8.009836e+00,2.999591e+01,3.967590e+01,1.701000e+02
1.180492e+06,1.366310e+01,3.137214e+04,3.631034e-01,9.472718e-01,9.474794e-01,2.540145e-04,1.085462e-08,3.800472e+01,8.009582e+00,2.999513e+01,3.967434e+01,1.701000e+02
1.180502e+06,1.366322e+01,3.138214e+04,3.632192e-01,9.472864e-01,9.474795e-01,2.541231e-04,1.085462e-08,3.800369e+01,8.009327e+00,2.999436e+01,3.967278e+01,1.701000e+02
1.180512e+06,1.366333e+01,3.139214e+04,3.633349e-01,9.473011e-01,9.474796e-01,2.542316e-04,1.085462e-08,3.800266e+01,8.009073e+00,2.999359e+01,3.967122e+01,1.701000e+02
1.180522e+06,1.366345e+01,3.140214e+04,3.634507e-01,9.473158e-01,9.474797e-01,2.543402e-04,1.085462e-08,3.800163e+01,8.008819e+00,2.999281e+01,3.966966e+01,1.701000e+02
1.180532e+06,1.366357e+01,3.141214e+04,3.635664e-01,9.473304e-01,9.474798e-01,2.544488e-04,1.085462e-08,3.800061e+01,8.008565e+00,2.999204e+01,3.966810e+01,1.701000e+02
1.180542e+06,1.366368e+01,3.142214e+04,3.636822e-01,9.473451e-01,9.474799e-01,2.545573e-04,1.085462e-08,3.799958e+01,8.008311e+00,2.999127e+01,3.966654e+01,1.701000e+02
1.180552e+06,1.366380e+01,3.143214e+04,3.637979e-01,9.473598e-01,9.474800e-01,2.546659e-04,1.085462e-08,3.799855e+01,8.008057e+00,2.999049e+01,3.966498e+01,1.701000e+02
1.180562e+06,1.366391e+01,3.144214e+04,3.639137e-01,9.473744e-01,9.474801e-01,2.547744e-04,1.085462e-08,3.799752e+01,8.007803e+00,2.998972e+01,3.966342e+01,1.701000e+02
1.180572e+06,1.366403e+01,3.145214e+04,3.640294e-01,9.473891e-01,9.474802e-01,2.548830e-04,1.085461e-08,3.799650e+01,8.007549e+00,2.998895e+01,3.966186e+01,1.701000e+02
1.180582e+06,1.366415e+01,3.146214e+04,3.641452e-01,9.474038e-01,9.474803e-01,2.549915e-04,1.085461e-08,3.799547e+01,8.007294e+00,2.998817e+01,3.966030e+01,1.701000e+02
1.180592e+06,1.366426e+01,3.147214e+04,3.642609e-01,9.474184e-01,9.474804e-01,2.551001e-04,1.085461e-08,3.799444e+01,8.007040e+00,2.998740e+01,3.965874e+01,1.701000e+02
1.180602e+06,1.366438e+01,3.148214e+04,3.643767e-01,9.474331e-01,9.474805e-01,2.552086e-04,1.085461e-08,3.799341e+01,8.006786e+00,2.998663e+01,3.965718e+01,1.701000e+02
1.180612e+06,1.366449e+01,3.149214e+04,3.644924e-01,9.474478e-01,9.474806e-01,2.553172e-04,1.085461e-08,3.799239e+01,8.006532e+00,2.998585e+01,3.965562e+01,1.701000e+02
1.180622e+06,1.366461e+01,3.150214e+04,3.646082e-01,9.474624e-01,9.474807e-01,2.554257e-04,1.085461e-08,3.799136e+01,8.006278e+00,2.998508e+01,3.965405e+01,1.701000e+02
1.180632e+06,1.366472e+01,3.151215e+04,3.647239e-01,9.474771e-01,9.474808e-01,2.555343e-04,1.085461e-08,3.799033e+01,8.006024e+00,2.998431e+01,3.965249e+01,1.701000e+02
1.180642e+06,1.366484e+01,3.152215e+04,3.648397e-01,9.474918e-01,9.474809e-01,2.556428e-04,1.085461e-08,3.798930e+01,8.005770e+00,2.998353e+01,3.965093e+01,1.701000e+02
1.180652e+06,1.366496e+01,3.153215e+04,3.649554e-01,9.475064e-01,9.474810e-01,2.557514e-04,1.085460e-08,3.798828e+01,8.005516e+00,2.998276e+01,3.964937e+01,1.701000e+02
1.180662e+06,1.366507e+01,3.154215e+04,3.650712e-01,9.475211e-01,9.474811e-01,2.558600e-04,1.085460e-08,3.798725e+01,8.005262e+00,2.998199e+01,3.964781e+01,1.701000e+02
1.180672e+06,1.366519e+01,3.155215e+04,3.651869e-01,9.475358e-01,9.474812e-01,2.559685e-04,1.085460e-08,3.798622e+01,8.005007e+00,2.998121e+01,3.964625e+01,1.701000e+02
1.180682e+06,1.366530e+01,3.156215e+04,3.653026e-01,9.475505e-01,9.474813e-01,2.560771e-04,1.085460e-08,3.798519e+01,8.004753e+00,2.998044e+01,3.964469e+01,1.701000e+02
1.180692e+06,1.366542e+01,3.157215e+04,3.654184e-01,9.475651e-01,9.474814e-01,2.561856e-04,1.085460e-08,3.798417e+01,8.004499e+00,2.997967e+01,3.964313e+01,1.701000e+02
1.180702e+06,1.366553e+01,3.158215e+04,3.655341e-01,9.475798e-01,9.474815e-01,2.562942e-04,1.085460e-08,3.798314e+01,8.004245e+00,2.997889e+01,3.964157e+01,1.701000e+02
1.180712e+06,1.366565e+01,3.159215e+04,3.656499e-01,9.475937e-01,9.474816e-01,2.564027e-04,1.085460e-08,3.798211e+01,8.003991e+00,2.997812e+01,3.964004e+01,1.701000e+02
1.180722e+06,1.366577e+01,3.160215e+04,3.657656e-01,9.476011e-01,9.474817e-01,2.565113e-04,1.085460e-08,3.798125e+01,8.003793e+00,2.997746e+01,3.963890e+01,1.700991e+02
1.180732e+06,1.366588e+01,3.161215e+04,3.658814e-01,9.475940e-01,9.474818e-01,2.566198e-04,1.085460e-08,3.798100e+01,8.003793e+00,2.997720e+01,3.963887e+01,1.700951e+02
1.180742e+06,1.366600e+01,3.162215e+04,3.659971e-01,9.475868e-01,9.474819e-01,2.567284e-04,1.085459e-08,3.798074e+01,8.003793e+00,2.997695e+01,3.963883e+01,1.700911e+02
1.180752e+06,1.366611e+01,3.163215e+04,3.661129e-01,9.475797e-01,9.474820e-01,2.568369e-04,1.085459e-08,3.798048e+01,8.003793e+00,2.997669e+01,3.963880e+01,1.700871e+02
1.180762e+06,1.366623e+01,3.164215e+04,3.662286e-01,9.475726e-01,9.474821e-01,2.569455e-04,1.085459e-08,3.798023e+01,8.003793e+00,2.997643e+01,3.963877e+01,1.700831e+02
1.180772e+06,1.366634e+01,3.165215e+04,3.663444e-01,9.475654e-01,9.474822e-01,2.570540e-04,1.085459e-08,3.797997e+01,8.003793e+00,2.997618e+01,3.963873e+01,1.700791e+02
1.180782e+06,1.366646e+01,3.166216e+04,3.664601e-01,9.475583e-01,9.474823e-01,2.571626e-04,1.085459e-08,3.797971e+01,8.003793e+00,2.997592e+01,3.963870e+01,1.700751e+02
1.180792e+06,1.366658e+01,3.167216e+04,3.665759e-01,9.475512e-01,9.474824e-01,2.572711e-04,1.085459e-08,3.797946e+01,8.003793e+00,2.997566e+01,3.963867e+01,1.700711e+02
1.180802e+06,1.366669e+01,3.168216e+04,3.666916e-01,9.475440e-01,9.474825e-01,2.573797e-04,1.085459e-08,3.797920e+01,8.003793e+00,2.997541e+01,3.963863e+01,1.700671e+02
1.180812e+06,1.366681e+01,3.169216e+04,3.668074e-01,9.475369e-01,9.474826e-01,2.574883e-04,1.085459e-08,3.797894e+01,8.003793e+00,2.997515e+01,3.963860e+01,1.700631e+02
1.180822e+06,1.366692e+01,3.170216e+04,3.669231e-01,9.475298e-01,9.474828e-01,2.575968e-04,1.085458e-08,3.797868e+01,8.003793e+00,2.997489e+01,3.963857e+01,1.700591e+02
1.180832e+06,1.366704e+01,3.171216e+04,3.670389e-01,9.475227e-01,9.474829e-01,2.577054e-04,1.085458e-08,3.797843e+01,8.003793e+00,2.997463e+01,3.963853e+01,1.700551e+02
1.180842e+06,1.366715e+01,3.172216e+04,3.671546e-01,9.475155e-01,9.474830e-01,2.578139e-04,1.085458e-08,3.797817e+01,8.003793e+00,2.997438e+01,3.963850e+01,1.700511e+02
1.180852e+06,1.366727e+01,3.173216e+04,3.672704e-01,9.475084e-01,9.474831e-01,2.579225e-04,1.085458e-08,3.797791e+01,8.003793e+00,2.997412e+01,3.963847e+01,1.700470e+02
1.180862e+06,1.366739e+01,3.174216e+04,3.673861e-01,9.475013e-01,9.474832e-01,2.580310e-04,1.085458e-08,3.797766e+01,8.003793e+00,2.997386e+01,3.963844e+01,1.700430e+02
1.180872e+06,1.366750e+01,3.175216e+04,3.675019e-01,9.474941e-01,9.474833e-01,2.581396e-04,1.085458e-08,3.797740e+01,8.003793e+00,2.997361e+01,3.963840e+01,1.700390e+02
1.180882e+06,1.366762e+01,3.176216e+04,3.676176e-01,9.474870e-01,9.474834e-01,2.582481e-04,1.085458e-08,3.797714e+01,8.003793e+00,2.997335e+01,3.963837e+01,1.700350e+02
1.180892e+06,1.366773e+01,3.177216e+04,3.677334e-01,9.474799e-01,9.474835e-01,2.583567e-04,1.085458e-08,3.797689e+01,8.003793e+00,2.997309e+01,3.963834e+01,1.700310e+02
1.180902e+06,1.366785e+01,3.178216e+04,3.678491e-01,9.474728e-01,9.474836e-01,2.584652e-04,1.085458e-08,3.797663e+01,8.003793e+00,2.997284e+01,3.963830e+01,1.700270e+02
1.180912e+06,1.366796e+01,3.179216e+04,3.679649e-01,9.474656e-01,9.474837e-01,2.585738e-04,1.085457e-08,3.797637e+01,8.003793e+00,2.997258e+01,3.963827e+01,1.700230e+02
1.180922e+06,1.366808e+01,3.180217e+04,3.680806e-01,9.474585e-01,9.474838e-01,2.586823e-04,1.085457e-08,3.797612e+01,8.003793e+00,2.997232e+01,3.963824e+01,1.700190e+02
1.180932e+06,1.366820e+01,3.181217e+04,3.681964e-01,9.474514e-01,9.474839e-01,2.587909e-04,1.085457e-08,3.797586e+01,8.003793e+00,2.997207e+01,3.963820e+01,1.700150e+02
1.180942e+06,1.366831e+01,3.182217e+04,3.683121e-01,9.474442e-01,9.474840e-01,2.588994e-04,1.085457e-08,3.797560e+01,8.003793e+00,2.997181e+01,3.963817e+01,1.700110e+02
1.180952e+06,1.366843e+01,3.183217e+04,3.684279e-01,9.474371e-01,9.474841e-01,2.590080e-04,1.085457e-08,3.797535e+01,8.003793e+00,2.997155e+01,3.963814e+01,1.700070e+02
1.180962e+06,1.366854e+01,3.184217e+04,3.685436e-01,9.474308e-01,9.474842e-01,2.591165e-04,1.085457e-08,3.797509e+01,8.003793e+00,2.997130e+01,3.963808e+01,1.700030e+02
1.180972e+06,1.366866e+01,3.185217e+04,3.686594e-01,9.474295e-01,9.474843e-01,2.592251e-04,1.085457e-08,3.797483e+01,8.003793e+00,2.997104e+01,3.963785e+01,1.700000e+02
1.180982e+06,1.366878e+01,3.186217e+04,3.687751e-01,9.474362e-01,9.474844e-01,2.593337e-04,1.085457e-08,3.797458e+01,8.003793e+00,2.997078e+01,3.963736e+01,1.700000e+02
1.180992e+06,1.366889e+01,3.187217e+04,3.688909e-01,9.474429e-01,9.474845e-01,2.594422e-04,1.085456e-08,3.797432e+01,8.003793e+00,2.997053e+01,3.963686e+01,1.700000e+02
1.181002e+06,1.366901e+01,3.188217e+04,3.690066e-01,9.474495e-01,9.474846e-01,2.595508e-04,1.085456e-08,3.797407e+01,8.003793e+00,2.997027e+01,3.963637e+01,1.700000e+02
1.181012e+06,1.366912e+01,3.189217e+04,3.691224e-01,9.474562e-01,9.474847e-01,2.596593e-04,1.085456e-08,3.797381e+01,8.003793e+00,2.997002e+01,3.963588e+01,1.700000e+02
1.181022e+06,1.366924e+01,3.190217e+04,3.692381e-01,9.474629e-01,9.474848e-01,2.597679e-04,1.085456e-08,3.797356e+01,8.003793e+00,2.996976e+01,3.963539e+01,1.700000e+02
1.181032e+06,1.366935e+01,3.191217e+04,3.693539e-01,9.474696e-01,9.474849e-01,2.598764e-04,1.085456e-08,3.797330e+01,8.003793e+00,2.996951e+01,3.963490e+01,1.700000e+02
1.181042e+06,1.366947e+01,3.192217e+04,3.694696e-01,9.474762e-01,9.474850e-01,2.599850e-04,1.085456e-08,3.797305e+01,8.003793e+00,2.996925e+01,3.963441e+01,1.700000e+02
1.181052e+06,1.366959e+01,3.193217e+04,3.695853e-01,9.474829e-01,9.474851e-01,2.600935e-04,1.085456e-08,3.797279e+01,8.003793e+00,2.996900e+01,3.963391e+01,1.700000e+02
1.181062e+06,1.366970e+01,3.194217e+04,3.697011e-01,9.474896e-01,9.474852e-01,2.602021e-04,1.085456e-08,3.797254e+01,8.003793e+00,2.996874e+01,3.963342e+01,1.700000e+02
1.181072e+06,1.366982e+01,3.195218e+04,3.698168e-01,9.474962e-01,9.474853e-01,2.603106e-04,1.085456e-08,3.797228e+01,8.003793e+00,2.996849e+01,3.963293e+01,1.700000e+02
1.181082e+06,1.366993e+01,3.196218e+04,3.699326e-01,9.475029e-01,9.474854e-01,2.604192e-04,1.085455e-08,3.797203e+01,8.003793e+00,2.996823e+01,3.963244e+01,1.700000e+02
1.181092e+06,1.367005e+01,3.197218e+04,3.700483e-01,9.475096e-01,9.474855e-01,2.605277e-04,1.085455e-08,3.797177e+01,8.003793e+00,2.996798e+01,3.963195e+01,1.700000e+02
1.181102e+06,1.367016e+01,3.198218e+04,3.701641e-01,9.475162e-01,9.474856e-01,2.606363e-04,1.085455e-08,3.797152e+01,8.003793e+00,2.996772e+01,3.963145e+01,1.700000e+02
1.181112e+06,1.367028e+01,3.199218e+04,3.702798e-01,9.475229e-01,9.474857e-01,2.607448e-04,1.085455e-08,3.797126e+01,8.003793e+00,2.996747e+01,3.963096e+01,1.700000e+02
1.181122e+06,1.367040e+01,3.200218e+04,3.703956e-01,9.475296e-01,9.474858e-01,2.608534e-04,1.085455e-08,3.797101e+01,8.003793e+00,2.996721e+01,3.963047e+01,1.700000e+02
1.181132e+06,1.367051e+01,3.201218e+04,3.705113e-01,9.475362e-01,9.474859e-01,2.609619e-04,1.085455e-08,3.797075e+01,8.003793e+00,2.996696e+01,3.962998e+01,1.700000e+02
1.181142e+06,1.367063e+01,3.202218e+04,3.706271e-01,9.475429e-01,9.474860e-01,2.610705e-04,1.085455e-08,3.797049e+01,8.003793e+00,2.996670e+01,3.962949e+01,1.700000e+02
1.181152e+06,1.367074e+01,3.203218e+04,3.707428e-01,9.475496e-01,9.474861e-01,2.611791e-04,1.085455e-08,3.797024e+01,8.003793e+00,2.996645e+01,3.962900e+01,1.700000e+02
1.181162e+06,1.367086e+01,3.204218e+04,3.708586e-01,9.475562e-01,9.474862e-01,2.612876e-04,1.085454e-08,3.796998e+01,8.003793e+00,2.996619e+01,3.962850e+01,1.700000e+02
1.181172e+06,1.367097e+01,3.205218e+04,3.709743e-01,9.475629e-01,9.474864e-01,2.613962e-04,1.085454e-08,3.796973e+01,8.003793e+00,2.996594e+01,3.962801e+01,1.700000e+02
1.181182e+06,1.367109e+01,3.206218e+04,3.710901e-01,9.475696e-01,9.474865e-01,2.615047e-04,1.085454e-08,3.796947e+01,8.003793e+00,2.996568e+01,3.962752e+01,1.700000e+02
1.181192e+06,1.367121e+01,3.207218e+04,3.712058e-01,9.475762e-01,9.474866e-01,2.616133e-04,1.085454e-08,3.796922e+01,8.003793e+00,2.996543e+01,3.962703e+01,1.700000e+02
1.181202e+06,1.367132e+01,3.208218e+04,3.713216e-01,9.475829e-01,9.474867e-01,2.617218e-04,1.085454e-08,3.796896e+01,8.003793e+00,2.996517e+01,3.962654e+01,1.700000e+02
1.181212e+06,1.367144e+01,3.209218e+04,3.714373e-01,9.475896e-01,9.474868e-01,2.618304e-04,1.085454e-08,3.796871e+01,8.003793e+00,2.996492e+01,3.962605e+01,1.700000e+02
1.181222e+06,1.367155e+01,3.210219e+04,3.715531e-01,9.475938e-01,9.474869e-01,2.619389e-04,1.085454e-08,3.796866e+01,8.003764e+00,2.996489e+01,3.962585e+01,1.700000e+02
1.181232e+06,1.367167e+01,3.211219e+04,3.716688e-01,9.475787e-01,9.474870e-01,2.620475e-04,1.085454e-08,3.797020e+01,8.003509e+00,2.996669e+01,3.962800e+01,1.700000e+02
1.181242e+06,1.367178e+01,3.212219e+04,3.717846e-01,9.475637e-01,9.474871e-01,2.621560e-04,1.085454e-08,3.797175e+01,8.003254e+00,2.996850e+01,3.963015e+01,1.700000e+02
1.181252e+06,1.367190e+01,3.213219e+04,3.719003e-01,9.475487e-01,9.474872e-01,2.622646e-04,1.085453e-08,3.797330e+01,8.002999e+00,2.997030e+01,3.963230e+01,1.700000e+02
1.181262e+06,1.367202e+01,3.214219e+04,3.720161e-01,9.475336e-01,9.474873e-01,2.623731e-04,1.085453e-08,3.797484e+01,8.002744e+00,2.997210e+01,3.963444e+01,1.700000e+02
1.181272e+06,1.367213e+01,3.215219e+04,3.721318e-01,9.475186e-01,9.474874e-01,2.624817e-04,1.085453e-08,3.797639e+01,8.002489e+00,2.997390e+01,3.963659e+01,1.700000e+02
1.181282e+06,1.367225e+01,3.216219e+04,3.722476e-01,9.475036e-01,9.474875e-01,2.625902e-04,1.085453e-08,3.797794e+01,8.002234e+00,2.997570e+01,3.963874e+01,1.700000e+02
1.181292e+06,1.367236e+01,3.217219e+04,3.723633e-01,9.474885e-01,9.474876e-01,2.626988e-04,1.085453e-08,3.797948e+01,8.001979e+00,2.997750e+01,3.964089e+01,1.700000e+02
1.181302e+06,1.367248e+01,3.218219e+04,3.724791e-01,9.474735e-01,9.474877e-01,2.628073e-04,1.085453e-08,3.798103e+01,8.001724e+00,2.997931e+01,3.964304e+01,1.700000e+02
1.181312e+06,1.367259e+01,3.219219e+04,3.725948e-01,9.474585e-01,9.474878e-01,2.629159e-04,1.085453e-08,3.798258e+01,8.001469e+00,2.998111e+01,3.964519e+01,1.700000e+02
1.181322e+06,1.367271e+01,3.220219e+04,3.727106e-01,9.474434e-01,9.474879e-01,2.630245e-04,1.085453e-08,3.798412e+01,8.001214e+00,2.998291e+01,3.964733e+01,1.700000e+02
1.181332e+06,1.367283e+01,3.221219e+04,3.728263e-01,9.474284e-01,9.474880e-01,2.631330e-04,1.085452e-08,3.798567e+01,8.000959e+00,2.998471e+01,3.964948e+01,1.700000e+02
1.181342e+06,1.367294e+01,3.222219e+04,3.729421e-01,9.474134e-01,9.474881e-01,2.632416e-04,1.085452e-08,3.798722e+01,8.000704e+00,2.998651e+01,3.965163e+01,1.700000e+02
1.181352e+06,1.367306e+01,3.223219e+04,3.730578e-01,9.473983e-01,9.474882e-01,2.633501e-04,1.085452e-08,3.798876e+01,8.000449e+00,2.998831e+01,3.965378e+01,1.700000e+02
1.181362e+06,1.367317e+01,3.224220e+04,3.731736e-01,9.473833e-01,9.474883e-01,2.634587e-04,1.085452e-08,3.799031e+01,8.000194e+00,2.999012e+01,3.965593e+01,1.700000e+02
1.181372e+06,1.367329e+01,3.225220e+04,3.732893e-01,9.473683e-01,9.474884e-01,2.635672e-04,1.085452e-08,3.799186e+01,7.999939e+00,2.999192e+01,3.965808e+01,1.700000e+02
1.181382e+06,1.367341e+01,3.226220e+04,3.734051e-01,9.473533e-01,9.474885e-01,2.636758e-04,1.085452e-08,3.799340e+01,7.999684e+00,2.999372e+01,3.966023e+01,1.700000e+02
1.181392e+06,1.367352e+01,3.227220e+04,3.735208e-01,9.473382e-01,9.474886e-01,2.637843e-04,1.085452e-08,3.799495e+01,7.999429e+00,2.999552e+01,3.966238e+01,1.700000e+02
1.181402e+06,1.367364e+01,3.228220e+04,3.736365e-01,9.473232e-01,9.474887e-01,2.638929e-04,1.085452e-08,3.799650e+01,7.999174e+00,2.999732e+01,3.966453e+01,1.700000e+02
1.181412e+06,1.367375e+01,3.229220e+04,3.737523e-01,9.473082e-01,9.474888e-01,2.640014e-04,1.085452e-08,3.799804e+01,7.998919e+00,2.999912e+01,3.966668e+01,1.700000e+02
1.181422e+06,1.367387e+01,3.230220e+04,3.738680e-01,9.472931e-01,9.474889e-01,2.641100e-04,1.085451e-08,3.799959e+01,7.998664e+00,3.000093e+01,3.966883e+01,1.700000e+02
1.181432e+06,1.367398e+01,3.231220e+04,3.739838e-01,9.472781e-01,9.474890e-01,2.642185e-04,1.085451e-08,3.800114e+01,7.998409e+00,3.000273e+01,3.967098e+01,1.700000e+02
1.181442e+06,1.367410e+01,3.232220e+04,3.740995e-01,9.472631e-01,9.474891e-01,2.643271e-04,1.085451e-08,3.800268e+01,7.998154e+00,3.000453e+01,3.967312e+01,1.700000e+02
1.181452e+06,1.367422e+01,3.233220e+04,3.742153e-01,9.472480e-01,9.474892e-01,2.644356e-04,1.085451e-08,3.800423e+01,7.997899e+00,3.000633e+01,3.967527e+01,1.700000e+02
1.181462e+06,1.367433e+01,3.234220e+04,3.743310e-01,9.472337e-01,9.474893e-01,2.645442e-04,1.085451e-08,3.800578e+01,7.997644e+00,3.000813e+01,3.967740e+01,1.700000e+02
1.181472e+06,1.367445e+01,3.235220e+04,3.744468e-01,9.472278e-01,9.474894e-01,2.646527e-04,1.085451e-08,3.800647e+01,7.997507e+00,3.000897e+01,3.967834e+01,1.700009e+02
1.181482e+06,1.367456e+01,3.236220e+04,3.745625e-01,9.472416e-01,9.474895e-01,2.647613e-04,1.085451e-08,3.800435e+01,7.997759e+00,3.000659e+01,3.967562e+01,1.700049e+02
1.181492e+06,1.367468e+01,3.237220e+04,3.746783e-01,9.472553e-01,9.474896e-01,2.648698e-04,1.085451e-08,3.800222e+01,7.998011e+00,3.000421e+01,3.967290e+01,1.700089e+02
1.181502e+06,1.367479e+01,3.238220e+04,3.747940e-01,9.472691e-01,9.474897e-01,2.649784e-04,1.085450e-08,3.800010e+01,7.998264e+00,3.000183e+01,3.967019e+01,1.700129e+02
1.181512e+06,1.367491e+01,3.239221e+04,3.749098e-01,9.472828e-01,9.474898e-01,2.650869e-04,1.085450e-08,3.799797e+01,7.998516e+00,2.999945e+01,3.966747e+01,1.700168e+02
1.181522e+06,1.367503e+01,3.240221e+04,3.750255e-01,9.472966e-01,9.474900e-01,2.651955e-04,1.085450e-08,3.799584e+01,7.998769e+00,2.999708e+01,3.966475e+01,1.700208e+02
1.181532e+06,1.367514e+01,3.241221e+04,3.751413e-01,9.473103e-01,9.474901e-01,2.653041e-04,1.085450e-08,3.799372e+01,7.999021e+00,2.999470e+01,3.966203e+01,1.700248e+02
1.181542e+06,1.367526e+01,3.242221e+04,3.752570e-01,9.473241e-01,9.474902e-01,2.654126e-04,1.085450e-08,3.799159e+01,7.999273e+00,2.999232e+01,3.965931e+01,1.700288e+02
1.181552e+06,1.367537e+01,3.243221e+04,3.753728e-01,9.473378e-01,9.474903e-01,2.655212e-04,1.085450e-08,3.798947e+01,7.999526e+00,2.998994e+01,3.965660e+01,1.700327e+02
1.181562e+06,1.367549e+01,3.244221e+04,3.754885e-01,9.473516e-01,9.474904e-01,2.656297e-04,1.085450e-08,3.798734e+01,7.999778e+00,2.998756e+01,3.965388e+01,1.700367e+02
1.181572e+06,1.367560e+01,3.245221e+04,3.756043e-01,9.473653e-01,9.474905e-01,2.657383e-04,1.085450e-08,3.798521e+01,8.000030e+00,2.998518e+01,3.965116e+01,1.700407e+02
1.181582e+06,1.367572e+01,3.246221e+04,3.757200e-01,9.473790e-01,9.474906e-01,2.658468e-04,1.085450e-08,3.798309e+01,8.000283e+00,2.998281e+01,3.964844e+01,1.700447e+02
1.181592e+06,1.367584e+01,3.247221e+04,3.758358e-01,9.473928e-01,9.474907e-01,2.659554e-04,1.085449e-08,3.798096e+01,8.000535e+00,2.998043e+01,3.964573e+01,1.700487e+02
1.181602e+06,1.367595e+01,3.248221e+04,3.759515e-01,9.474065e-01,9.474908e-01,2.660639e-04,1.085449e-08,3.797884e+01,8.000788e+00,2.997805e+01,3.964301e+01,1.700526e+02
1.181612e+06,1.367607e+01,3.249221e+04,3.760673e-01,9.474203e-01,9.474909e-01,2.661725e-04,1.085449e-08,3.797671e+01,8.001040e+00,2.997567e+01,3.964029e+01,1.700566e+02
1.181622e+06,1.367618e+01,3.250221e+04,3.761830e-01,9.474340e-01,9.474910e-01,2.662810e-04,1.085449e-08,3.797458e+01,8.001292e+00,2.997329e+01,3.963758e+01,1.700606e+02
1.181632e+06,1.367630e+01,3.251221e+04,3.762988e-01,9.474478e-01,9.474911e-01,2.663896e-04,1.085449e-08,3.797246e+01,8.001545e+00,2.997091e+01,3.963486e+01,1.700646e+02
1.181642e+06,1.367641e+01,3.252221e+04,3.764145e-01,9.474615e-01,9.474912e-01,2.664981e-04,1.085449e-08,3.797033e+01,8.001797e+00,2.996854e+01,3.963214e+01,1.700685e+02
1.181652e+06,1.367653e+01,3.253221e+04,3.765303e-01,9.474753e-01,9.474913e-01,2.666067e-04,1.085449e-08,3.796821e+01,8.002049e+00,2.996616e+01,3.962942e+01,1.700725e+02
1.181662e+06,1.367665e+01,3.254222e+04,3.766460e-01,9.474890e-01,9.474914e-01,2.667152e-04,1.085449e-08,3.796608e+01,8.002302e+00,2.996378e+01,3.962671e+01,1.700765e+02
1.181672e+06,1.367676e+01,3.255222e+04,3.767618e-01,9.475028e-01,9.474915e-01,2.668238e-04,1.085448e-08,3.796395e+01,8.002554e+00,2.996140e+01,3.962399e+01,1.700805e+02
1.181682e+06,1.367688e+01,3.256222e+04,3.768775e-01,9.475165e-01,9.474916e-01,2.669323e-04,1.085448e-08,3.796183e+01,8.002807e+00,2.995902e+01,3.962127e+01,1.700845e+02
1.181692e+06,1.367699e+01,3.257222e+04,3.769933e-01,9.475303e-01,9.474917e-01,2.670409e-04,1.085448e-08,3.795970e+01,8.003059e+00,2.995664e+01,3.961856e+01,1.700884e+02
1.181702e+06,1.367711e+01,3.258222e+04,3.771090e-01,9.475440e-01,9.474918e-01,2.671494e-04,1.085448e-08,3.795758e+01,8.003311e+00,2.995426e+01,3.961584e+01,1.700924e+02
1.181712e+06,1.367722e+01,3.259222e+04,3.772248e-01,9.475572e-01,9.474919e-01,2.672580e-04,1.085448e-08,3.795545e+01,8.003564e+00,2.995189e+01,3.961314e+01,1.700964e+02
1.181722e+06,1.367734e+01,3.260222e+04,3.773405e-01,9.475625e-01,9.474920e-01,2.673665e-04,1.085448e-08,3.795352e+01,8.003793e+00,2.994972e+01,3.961092e+01,1.700996e+02
1.181732e+06,1.367746e+01,3.261222e+04,3.774563e-01,9.475468e-01,9.474921e-01,2.674751e-04,1.085448e-08,3.795352e+01,8.003793e+00,2.994972e+01,3.961144e+01,1.700956e+02
1.181742e+06,1.367757e+01,3.262222e+04,3.775720e-01,9.475312e-01,9.474922e-01,2.675837e-04,1.085448e-08,3.795352e+01,8.003793e+00,2.994972e+01,3.961196e+01,1.700916e+02
1.181752e+06,1.367769e+01,3.263222e+04,3.776878e-01,9.475155e-01,9.474923e-01,2.676922e-04,1.085447e-08,3.795352e+01,8.003793e+00,2.994972e+01,3.961248e+01,1.700876e+02
1.181762e+06,1.367780e+01,3.264222e+04,3.778035e-01,9.474999e-01,9.474924e-01,2.678008e-04,1.085447e-08,3.795352e+01,8.003793e+00,2.994972e+01,3.961301e+01,1.700836e+02
1.181772e+06,1.367792e+01,3.265222e+04,3.779192e-01,9.474842e-01,9.474925e-01,2.679093e-04,1.085447e-08,3.795352e+01,8.003793e+00,2.994972e+01,3.961353e+01,1.700795e+02
1.181782e+06,1.367803e+01,3.266222e+04,3.780350e-01,9.474686e-01,9.474926e-01,2.680179e-04,1.085447e-08,3.795352e+01,8.003793e+00,2.994972e+01,3.961405e+01,1.700755e+02
1.181792e+06,1.367815e+01,3.267222e+04,3.781507e-01,9.474529e-01,9.474927e-01,2.681264e-04,1.085447e-08,3.795352e+01,8.003793e+00,2.994972e+01,3.961457e+01,1.700715e+02
1.181802e+06,1.367827e+01,3.268223e+04,3.782665e-01,9.474372e-01,9.474928e-01,2.682350e-04,1.085447e-08,3.795352e+01,8.003793e+00,2.994972e+01,3.961509e+01,1.700675e+02
1.181812e+06,1.367838e+01,3.269223e+04,3.783822e-01,9.474216e-01,9.474929e-01,2.683435e-04,1.085447e-08,3.795352e+01,8.003793e+00,2.994972e+01,3.961562e+01,1.700635e+02
1.181822e+06,1.367850e+01,3.270223e+04,3.784980e-01,9.474059e-01,9.474930e-01,2.684521e-04,1.085447e-08,3.795352e+01,8.003793e+00,2.994972e+01,3.961614e+01,1.700594e+02
1.181832e+06,1.367861e+01,3.271223e+04,3.786137e-01,9.473903e-01,9.474931e-01,2.685606e-04,1.085447e-08,3.795352e+01,8.003793e+00,2.994972e+01,3.961666e+01,1.700554e+02
1.181842e+06,1.367873e+01,3.272223e+04,3.787295e-01,9.473746e-01,9.474932e-01,2.686692e-04,1.085446e-08,3.795352e+01,8.003793e+00,2.994972e+01,3.961718e+01,1.700514e+02
1.181852e+06,1.367885e+01,3.273223e+04,3.788452e-01,9.473590e-01,9.474933e-01,2.687777e-04,1.085446e-08,3.795352e+01,8.003793e+00,2.994972e+01,3.961771e+01,1.700474e+02
1.181862e+06,1.367896e+01,3.274223e+04,3.789610e-01,9.473433e-01,9.474934e-01,2.688863e-04,1.085446e-08,3.795352e+01,8.003793e+00,2.994972e+01,3.961823e+01,1.700434e+02
1.181872e+06,1.367908e+01,3.275223e+04,3.790767e-01,9.473277e-01,9.474936e-01,2.689948e-04,1.085446e-08,3.795352e+01,8.003793e+00,2.994972e+01,3.961875e+01,1.700393e+02
1.181882e+06,1.367919e+01,3.276223e+04,3.791925e-01,9.473120e-01,9.474937e-01,2.691034e-04,1.085446e-08,3.795352e+01,8.003793e+00,2.994972e+01,3.961927e+01,1.700353e+02
1.181892e+06,1.367931e+01,3.277223e+04,3.793082e-01,9.472964e-01,9.474938e-01,2.692119e-04,1.085446e-08,3.795352e+01,8.003793e+00,2.994972e+01,3.961980e+01,1.700313e+02
1.181902e+06,1.367942e+01,3.278223e+04,3.794240e-01,9.472807e-01,9.474939e-01,2.693205e-04,1.085446e-08,3.795352e+01,8.003793e+00,2.994972e+01,3.962032e+01,1.700273e+02
1.181912e+06,1.367954e+01,3.279223e+04,3.795397e-01,9.472650e-01,9.474940e-01,2.694290e-04,1.085446e-08,3.795352e+01,8.003793e+00,2.994972e+01,3.962084e+01,1.700233e+02
1.181922e+06,1.367966e+01,3.280223e+04,3.796555e-01,9.472494e-01,9.474941e-01,2.695376e-04,1.085445e-08,3.795352e+01,8.003793e+00,2.994972e+01,3.962136e+01,1.700193e+02
1.181932e+06,1.367977e+01,3.281223e+04,3.797712e-01,9.472337e-01,9.474942e-01,2.696461e-04,1.085445e-08,3.795352e+01,8.003793e+00,2.994972e+01,3.962189e+01,1.700152e+02
1.181942e+06,1.367989e+01,3.282223e+04,3.798870e-01,9.472181e-01,9.474943e-01,2.697547e-04,1.085445e-08,3.795352e+01,8.003793e+00,2.994972e+01,3.962241e+01,1.700112e+02
1.181952e+06,1.368000e+01,3.283224e+04,3.800027e-01,9.472024e-01,9.474944e-01,2.698632e-04,1.085445e-08,3.795352e+01,8.003793e+00,2.994972e+01,3.962293e+01,1.700072e+02
1.181962e+06,1.368012e+01,3.284224e+04,3.801185e-01,9.471881e-01,9.474945e-01,2.699718e-04,1.085445e-08,3.795352e+01,8.003793e+00,2.994972e+01,3.962341e+01,1.700032e+02
1.181972e+06,1.368023e+01,3.285224e+04,3.802342e-01,9.471820e-01,9.474946e-01,2.700803e-04,1.085445e-08,3.795396e+01,8.003793e+00,2.995017e+01,3.962409e+01,1.700008e+02
1.181982e+06,1.368035e+01,3.286224e+04,3.803500e-01,9.471875e-01,9.474947e-01,2.701889e-04,1.085445e-08,3.795610e+01,8.003793e+00,2.995230e+01,3.962615e+01,1.700048e+02
1.181992e+06,1.368047e+01,3.287224e+04,3.804657e-01,9.471931e-01,9.474948e-01,2.702975e-04,1.085445e-08,3.795823e+01,8.003793e+00,2.995444e+01,3.962822e+01,1.700088e+02
1.182002e+06,1.368058e+01,3.288224e+04,3.805815e-01,9.471987e-01,9.474949e-01,2.704060e-04,1.085445e-08,3.796036e+01,8.003793e+00,2.995657e+01,3.963028e+01,1.700128e+02
1.182012e+06,1.368070e+01,3.289224e+04,3.806972e-01,9.472042e-01,9.474950e-01,2.705146e-04,1.085444e-08,3.796250e+01,8.003793e+00,2.995870e+01,3.963235e+01,1.700168e+02
1.182022e+06,1.368081e+01,3.290224e+04,3.808130e-01,9.472098e-01,9.474951e-01,2.706231e-04,1.085444e-08,3.796463e+01,8.003793e+00,2.996084e+01,3.963442e+01,1.700208e+02
1.182032e+06,1.368093e+01,3.291224e+04,3.809287e-01,9.472153e-01,9.474952e-01,2.707317e-04,1.085444e-08,3.796676e+01,8.003793e+00,2.996297e+01,3.963648e+01,1.700248e+02
1.182042e+06,1.368104e+01,3.292224e+04,3.810445e-01,9.472209e-01,9.474953e-01,2.708402e-04,1.085444e-08,3.796890e+01,8.003793e+00,2.996510e+01,3.963855e+01,1.700288e+02
1.182052e+06,1.368116e+01,3.293224e+04,3.811602e-01,9.472265e-01,9.474954e-01,2.709488e-04,1.085444e-08,3.797103e+01,8.003793e+00,2.996724e+01,3.964062e+01,1.700328e+02
1.182062e+06,1.368128e+01,3.294224e+04,3.812760e-01,9.472320e-01,9.474955e-01,2.710573e-04,1.085444e-08,3.797316e+01,8.003793e+00,2.996937e+01,3.964268e+01,1.700368e+02
1.182072e+06,1.368139e+01,3.295224e+04,3.813917e-01,9.472376e-01,9.474956e-01,2.711659e-04,1.085444e-08,3.797530e+01,8.003793e+00,2.997150e+01,3.964475e+01,1.700407e+02
1.182082e+06,1.368151e+01,3.296224e+04,3.815075e-01,9.472432e-01,9.474957e-01,2.712744e-04,1.085444e-08,3.797743e+01,8.003793e+00,2.997364e+01,3.964682e+01,1.700447e+02
1.182092e+06,1.368162e+01,3.297224e+04,3.816232e-01,9.472487e-01,9.474958e-01,2.713830e-04,1.085443e-08,3.797956e+01,8.003793e+00,2.997577e+01,3.964888e+01,1.700487e+02
1.182102e+06,1.368174e+01,3.298225e+04,3.817390e-01,9.472543e-01,9.474959e-01,2.714915e-04,1.085443e-08,3.798170e+01,8.003793e+00,2.997790e+01,3.965095e+01,1.700527e+02
1.182112e+06,1.368185e+01,3.299225e+04,3.818547e-01,9.472599e-01,9.474960e-01,2.716001e-04,1.085443e-08,3.798383e+01,8.003793e+00,2.998004e+01,3.965301e+01,1.700567e+02
1.182122e+06,1.368197e+01,3.300225e+04,3.819705e-01,9.472654e-01,9.474961e-01,2.717086e-04,1.085443e-08,3.798596e+01,8.003793e+00,2.998217e+01,3.965508e+01,1.700607e+02
1.182132e+06,1.368209e+01,3.301225e+04,3.820862e-01,9.472710e-01,9.474962e-01,2.718172e-04,1.085443e-08,3.798810e+01,8.003793e+00,2.998430e+01,3.965715e+01,1.700647e+02
1.182142e+06,1.368220e+01,3.302225e+04,3.822019e-01,9.472765e-01,9.474963e-01,2.719257e-04,1.085443e-08,3.799023e+01,8.003793e+00,2.998644e+01,3.965921e+01,1.700687e+02
1.182152e+06,1.368232e+01,3.303225e+04,3.823177e-01,9.472821e-01,9.474964e-01,2.720343e-04,1.085443e-08,3.799236e+01,8.003793e+00,2.998857e+01,3.966128e+01,1.700727e+02
1.182162e+06,1.368243e+01,3.304225e+04,3.824334e-01,9.472877e-01,9.474965e-01,2.721428e-04,1.085443e-08,3.799450e+01,8.003793e+00,2.999070e+01,3.966334e+01,1.700767e+02
1.182172e+06,1.368255e+01,3.305225e+04,3.825492e-01,9.472932e-01,9.474966e-01,2.722514e-04,1.085443e-08,3.799663e+01,8.003793e+00,2.999284e+01,3.966541e+01,1.700807e+02
1.182182e+06,1.368266e+01,3.306225e+04,3.826649e-01,9.472988e-01,9.474967e-01,2.723599e-04,1.085442e-08,3.799876e+01,8.003793e+00,2.999497e+01,3.966748e+01,1.700847e+02
1.182192e+06,1.368278e+01,3.307225e+04,3.827807e-01,9.473044e-01,9.474968e-01,2.724685e-04,1.085442e-08,3.800090e+01,8.003793e+00,2.999710e+01,3.966954e+01,1.700886e+02
1.182202e+06,1.368290e+01,3.308225e+04,3.828964e-01,9.473099e-01,9.474969e-01,2.725770e-04,1.085442e-08,3.800303e+01,8.003793e+00,2.999924e+01,3.967161e+01,1.700926e+02
1.182212e+06,1.368301e+01,3.309225e+04,3.830122e-01,9.473150e-01,9.474970e-01,2.726856e-04,1.085442e-08,3.800516e+01,8.003793e+00,3.000137e+01,3.967369e+01,1.700966e+02
1.182222e+06,1.368313e+01,3.310225e+04,3.831279e-01,9.473172e-01,9.474972e-01,2.727941e-04,1.085442e-08,3.800677e+01,8.003754e+00,3.000301e+01,3.967531e+01,1.701000e+02
1.182232e+06,1.368324e+01,3.311225e+04,3.832437e-01,9.473182e-01,9.474973e-01,2.729027e-04,1.085442e-08,3.800548e+01,8.003499e+00,3.000198e+01,3.967393e+01,1.701000e+02
1.182242e+06,1.368336e+01,3.312226e+04,3.833594e-01,9.473192e-01,9.474974e-01,2.730112e-04,1.085442e-08,3.800419e+01,8.003244e+00,3.000094e+01,3.967255e+01,1.701000e+02
1.182252e+06,1.368348e+01,3.313226e+04,3.834752e-01,9.473203e-01,9.474975e-01,2.731198e-04,1.085442e-08,3.800290e+01,8.002989e+00,2.999991e+01,3.967117e+01,1.701000e+02
1.182262e+06,1.368359e+01,3.314226e+04,3.835909e-01,9.473213e-01,9.474976e-01,2.732283e-04,1.085441e-08,3.800161e+01,8.002734e+00,2.999888e+01,3.966979e+01,1.701000e+02
1.182272e+06,1.368371e+01,3.315226e+04,3.837067e-01,9.473224e-01,9.474977e-01,2.733369e-04,1.085441e-08,3.800032e+01,8.002479e+00,2.999784e+01,3.966841e+01,1.701000e+02
1.182282e+06,1.368382e+01,3.316226e+04,3.838224e-01,9.473234e-01,9.474978e-01,2.734455e-04,1.085441e-08,3.799903e+01,8.002224e+00,2.999681e+01,3.966703e+01,1.701000e+02
1.182292e+06,1.368394e+01,3.317226e+04,3.839382e-01,9.473244e-01,9.474979e-01,2.735540e-04,1.085441e-08,3.799774e+01,8.001969e+00,2.999578e+01,3.966565e+01,1.701000e+02
1.182302e+06,1.368405e+01,3.318226e+04,3.840539e-01,9.473255e-01,9.474980e-01,2.736626e-04,1.085441e-08,3.799645e+01,8.001714e+00,2.999474e+01,3.966427e+01,1.701000e+02
1.182312e+06,1.368417e+01,3.319226e+04,3.841697e-01,9.473265e-01,9.474981e-01,2.737711e-04,1.085441e-08,3.799517e+01,8.001459e+00,2.999371e+01,3.966288e+01,1.701000e+02
1.182322e+06,1.368429e+01,3.320226e+04,3.842854e-01,9.473275e-01,9.474982e-01,2.738797e-04,1.085441e-08,3.799388e+01,8.001204e+00,2.999267e+01,3.966150e+01,1.701000e+02
1.182332e+06,1.368440e+01,3.321226e+04,3.844012e-01,9.473286e-01,9.474983e-01,2.739882e-04,1.085441e-08,3.799259e+01,8.000949e+00,2.999164e+01,3.966012e+01,1.701000e+02
1.182342e+06,1.368452e+01,3.322226e+04,3.845169e-01,9.473296e-01,9.474984e-01,2.740968e-04,1.085441e-08,3.799130e+01,8.000694e+00,2.999061e+01,3.965874e+01,1.701000e+02
1.182352e+06,1.368463e+01,3.323226e+04,3.846327e-01,9.473307e-01,9.474985e-01,2.742053e-04,1.085440e-08,3.799001e+01,8.000439e+00,2.998957e+01,3.965736e+01,1.701000e+02
1.182362e+06,1.368475e+01,3.324226e+04,3.847484e-01,9.473317e-01,9.474986e-01,2.743139e-04,1.085440e-08,3.798872e+01,8.000184e+00,2.998854e+01,3.965598e+01,1.701000e+02
1.182372e+06,1.368486e+01,3.325226e+04,3.848642e-01,9.473327e-01,9.474987e-01,2.744224e-04,1.085440e-08,3.798743e+01,7.999929e+00,2.998750e+01,3.965460e+01,1.701000e+02
1.182382e+06,1.368498e+01,3.326226e+04,3.849799e-01,9.473338e-01,9.474988e-01,2.745310e-04,1.085440e-08,3.798614e+01,7.999674e+00,2.998647e+01,3.965322e+01,1.701000e+02
1.182392e+06,1.368510e+01,3.327227e+04,3.850957e-01,9.473348e-01,9.474989e-01,2.746395e-04,1.085440e-08,3.798486e+01,7.999419e+00,2.998544e+01,3.965184e+01,1.701000e+02
1.182402e+06,1.368521e+01,3.328227e+04,3.852114e-01,9.473358e-01,9.474990e-01,2.747481e-04,1.085440e-08,3.798357e+01,7.999164e+00,2.998440e+01,3.965045e+01,1.701000e+02
1.182412e+06,1.368533e+01,3.329227e+04,3.853272e-01,9.473369e-01,9.474991e-01,2.748566e-04,1.085440e-08,3.798228e+01,7.998909e+00,2.998337e+01,3.964907e+01,1.701000e+02
1.182422e+06,1.368544e+01,3.330227e+04,3.854429e-01,9.473379e-01,9.474992e-01,2.749652e-04,1.085440e-08,3.798099e+01,7.998654e+00,2.998233e+01,3.964769e+01,1.701000e+02
1.182432e+06,1.368556e+01,3.331227e+04,3.855587e-01,9.473390e-01,9.474993e-01,2.750737e-04,1.085439e-08,3.797970e+01,7.998399e+00,2.998130e+01,3.964631e+01,1.701000e+02
1.182442e+06,1.368567e+01,3.332227e+04,3.856744e-01,9.473400e-01,9.474994e-01,2.751823e-04,1.085439e-08,3.797841e+01,7.998144e+00,2.998027e+01,3.964493e+01,1.701000e+02
1.182452e+06,1.368579e+01,3.333227e+04,3.857902e-01,9.473410e-01,9.474995e-01,2.752908e-04,1.085439e-08,3.797712e+01,7.997889e+00,2.997923e+01,3.964355e+01,1.701000e+02
1.182462e+06,1.368591e+01,3.334227e+04,3.859059e-01,9.473429e-01,9.474996e-01,2.753994e-04,1.085439e-08,3.797583e+01,7.997634e+00,2.997820e+01,3.964214e+01,1.701000e+02
1.182472e+06,1.368602e+01,3.335227e+04,3.860217e-01,9.473477e-01,9.474997e-01,2.755079e-04,1.085439e-08,3.797525e+01,7.997448e+00,2.997780e+01,3.964137e+01,1.701011e+02
1.182482e+06,1.368614e+01,3.336227e+04,3.861374e-01,9.473539e-01,9.474998e-01,2.756165e-04,1.085439e-08,3.797653e+01,7.997448e+00,2.997908e+01,3.964252e+01,1.701051e+02
1.182492e+06,1.368625e+01,3.337227e+04,3.862531e-01,9.473601e-01,9.474999e-01,2.757250e-04,1.085439e-08,3.797781e+01,7.997448e+00,2.998036e+01,3.964366e+01,1.701091e+02
1.182502e+06,1.368637e+01,3.338227e+04,3.863689e-01,9.473662e-01,9.475000e-01,2.758336e-04,1.085439e-08,3.797909e+01,7.997448e+00,2.998164e+01,3.964481e+01,1.701131e+02
1.182512e+06,1.368648e+01,3.339227e+04,3.864846e-01,9.473724e-01,9.475001e-01,2.759421e-04,1.085439e-08,3.798037e+01,7.997448e+00,2.998292e+01,3.964595e+01,1.701171e+02
1.182522e+06,1.368660e+01,3.340227e+04,3.866004e-01,9.473786e-01,9.475002e-01,2.760507e-04,1.085438e-08,3.798165e+01,7.997448e+00,2.998420e+01,3.964710e+01,1.701210e+02
1.182532e+06,1.368672e+01,3.341227e+04,3.867161e-01,9.473848e-01,9.475003e-01,2.761592e-04,1.085438e-08,3.798293e+01,7.997448e+00,2.998548e+01,3.964824e+01,1.701250e+02
1.182542e+06,1.368683e+01,3.342228e+04,3.868319e-01,9.473910e-01,9.475004e-01,2.762678e-04,1.085438e-08,3.798421e+01,7.997448e+00,2.998676e+01,3.964938e+01,1.701290e+02
1.182552e+06,1.368695e+01,3.343228e+04,3.869476e-01,9.473971e-01,9.475005e-01,2.763763e-04,1.085438e-08,3.798549e+01,7.997448e+00,2.998804e+01,3.965053e+01,1.701330e+02
1.182562e+06,1.368706e+01,3.344228e+04,3.870634e-01,9.474033e-01,9.475006e-01,2.764849e-04,1.085438e-08,3.798677e+01,7.997448e+00,2.998932e+01,3.965167e+01,1.701370e+02
1.182572e+06,1.368718e+01,3.345228e+04,3.871791e-01,9.474095e-01,9.475008e-01,2.765934e-04,1.085438e-08,3.798805e+01,7.997448e+00,2.999060e+01,3.965282e+01,1.701410e+02
1.182582e+06,1.368729e+01,3.346228e+04,3.872949e-01,9.474157e-01,9.475009e-01,2.767020e-04,1.085438e-08,3.798933e+01,7.997448e+00,2.999188e+01,3.965396e+01,1.701450e+02
1.182592e+06,1.368741e+01,3.347228e+04,3.874106e-01,9.474218e-01,9.475010e-01,2.768105e-04,1.085438e-08,3.799061e+01,7.997448e+00,2.999316e+01,3.965511e+01,1.701490e+02
1.182602e+06,1.368753e+01,3.348228e+04,3.875264e-01,9.474280e-01,9.475011e-01,2.769191e-04,1.085437e-08,3.799189e+01,7.997448e+00,2.999444e+01,3.965625e+01,1.701530e+02
1.182612e+06,1.368764e+01,3.349228e+04,3.876421e-01,9.474342e-01,9.475012e-01,2.770276e-04,1.085437e-08,3.799317e+01,7.997448e+00,2.999572e+01,3.965740e+01,1.701570e+02
1.182622e+06,1.368776e+01,3.350228e+04,3.877579e-01,9.474404e-01,9.475013e-01,2.771362e-04,1.085437e-08,3.799445e+01,7.997448e+00,2.999700e+01,3.965854e+01,1.701610e+02
1.182632e+06,1.368787e+01,3.351228e+04,3.878736e-01,9.474466e-01,9.475014e-01,2.772447e-04,1.085437e-08,3.799573e+01,7.997448e+00,2.999828e+01,3.965969e+01,1.701650e+02
1.182642e+06,1.368799e+01,3.352228e+04,3.879894e-01,9.474527e-01,9.475015e-01,2.773533e-04,1.085437e-08,3.799701e+01,7.997448e+00,2.999956e+01,3.966083e+01,1.701689e+02
1.182652e+06,1.368811e+01,3.353228e+04,3.881051e-01,9.474589e-01,9.475016e-01,2.774618e-04,1.085437e-08,3.799829e+01,7.997448e+00,3.000084e+01,3.966197e+01,1.701729e+02
1.182662e+06,1.368822e+01,3.354228e+04,3.882209e-01,9.474651e-01,9.475017e-01,2.775704e-04,1.085437e-08,3.799957e+01,7.997448e+00,3.000212e+01,3.966312e+01,1.701769e+02
1.182672e+06,1.368834e+01,3.355228e+04,3.883366e-01,9.474713e-01,9.475018e-01,2.776790e-04,1.085437e-08,3.800085e+01,7.997448e+00,3.000340e+01,3.966426e+01,1.701809e+02
1.182682e+06,1.368845e+01,3.356229e+04,3.884524e-01,9.474774e-01,9.475019e-01,2.777875e-04,1.085437e-08,3.800213e+01,7.997448e+00,3.000468e+01,3.966541e+01,1.701849e+02
1.182692e+06,1.368857e+01,3.357229e+04,3.885681e-01,9.474836e-01,9.475020e-01,2.778961e-04,1.085436e-08,3.800341e+01,7.997448e+00,3.000596e+01,3.966655e+01,1.701889e+02
1.182702e+06,1.368868e+01,3.358229e+04,3.886839e-01,9.474898e-01,9.475021e-01,2.780046e-04,1.085436e-08,3.800469e+01,7.997448e+00,3.000724e+01,3.966770e+01,1.701929e+02
1.182712e+06,1.368880e+01,3.359229e+04,3.887996e-01,9.474960e-01,9.475022e-01,2.781132e-04,1.085436e-08,3.800597e+01,7.997448e+00,3.000852e+01,3.966884e+01,1.701969e+02
1.182722e+06,1.368892e+01,3.360229e+04,3.889154e-01,9.475006e-01,9.475023e-01,2.782217e-04,1.085436e-08,3.800655e+01,7.997448e+00,3.000910e+01,3.966931e+01,1.702009e+02
1.182732e+06,1.368903e+01,3.361229e+04,3.890311e-01,9.474998e-01,9.475024e-01,2.783303e-04,1.085436e-08,3.800467e+01,7.997448e+00,3.000722e+01,3.966734e+01,1.702049e+02
1.182742e+06,1.368915e+01,3.362229e+04,3.891469e-01,9.474990e-01,9.475025e-01,2.784388e-04,1.085436e-08,3.800279e+01,7.997448e+00,3.000534e+01,3.966538e+01,1.702089e+02
1.182752e+06,1.368926e+01,3.363229e+04,3.892626e-01,9.474982e-01,9.475026e-01,2.785474e-04,1.085436e-08,3.800090e+01,7.997448e+00,3.000345e+01,3.966342e+01,1.702129e+02
1.182762e+06,1.368938e+01,3.364229e+04,3.893784e-01,9.474974e-01,9.475027e-01,2.786559e-04,1.085436e-08,3.799902e+01,7.997448e+00,3.000157e+01,3.966146e+01,1.702169e+02
1.182772e+06,1.368949e+01,3.365229e+04,3.894941e-01,9.474966e-01,9.475028e-01,2.787645e-04,1.085435e-08,3.799713e+01,7.997448e+00,2.999969e+01,3.965950e+01,1.702209e+02
1.182782e+06,1.368961e+01,3.366229e+04,3.896099e-01,9.474957e-01,9.475029e-01,2.788730e-04,1.085435e-08,3.799525e+01,7.997448e+00,2.999780e+01,3.965754e+01,1.702249e+02
1.182792e+06,1.368973e+01,3.367229e+04,3.897256e-01,9.474949e-01,9.475030e-01,2.789816e-04,1.085435e-08,3.799337e+01,7.997448e+00,2.999592e+01,3.965558e+01,1.702289e+02
1.182802e+06,1.368984e+01,3.368229e+04,3.898414e-01,9.474941e-01,9.475031e-01,2.790901e-04,1.085435e-08,3.799148e+01,7.997448e+00,2.999403e+01,3.965362e+01,1.702329e+02
1.182812e+06,1.368996e+01,3.369229e+04,3.899571e-01,9.474933e-01,9.475032e-01,2.791987e-04,1.085435e-08,3.798960e+01,7.997448e+00,2.999215e+01,3.965166e+01,1.702369e+02
1.182822e+06,1.369007e+01,3.370229e+04,3.900729e-01,9.474925e-01,9.475033e-01,2.793072e-04,1.085435e-08,3.798771e+01,7.997448e+00,2.999027e+01,3.964970e+01,1.702409e+02
1.182832e+06,1.369019e+01,3.371230e+04,3.901886e-01,9.474917e-01,9.475034e-01,2.794158e-04,1.085435e-08,3.798583e+01,7.997448e+00,2.998838e+01,3.964773e+01,1.702449e+02
1.182842e+06,1.369030e+01,3.372230e+04,3.903044e-01,9.474908e-01,9.475035e-01,2.795243e-04,1.085435e-08,3.798395e+01,7.997448e+00,2.998650e+01,3.964577e+01,1.702489e+02
1.182852e+06,1.369042e+01,3.373230e+04,3.904201e-01,9.474900e-01,9.475036e-01,2.796329e-04,1.085435e-08,3.798206e+01,7.997448e+00,2.998462e+01,3.964381e+01,1.702529e+02
1.182862e+06,1.369054e+01,3.374230e+04,3.905358e-01,9.474892e-01,9.475037e-01,2.797414e-04,1.085434e-08,3.798018e+01,7.997448e+00,2.998273e+01,3.964185e+01,1.702569e+02
1.182872e+06,1.369065e+01,3.375230e+04,3.906516e-01,9.474884e-01,9.475038e-01,2.798500e-04,1.085434e-08,3.797830e+01,7.997448e+00,2.998085e+01,3.963989e+01,1.702610e+02
1.182882e+06,1.369077e+01,3.376230e+04,3.907673e-01,9.474876e-01,9.475039e-01,2.799585e-04,1.085434e-08,3.797641e+01,7.997448e+00,2.997896e+01,3.963793e+01,1.702650e+02
1.182892e+06,1.369088e+01,3.377230e+04,3.908831e-01,9.474868e-01,9.475040e-01,2.800671e-04,1.085434e-08,3.797453e+01,7.997448e+00,2.997708e+01,3.963597e+01,1.702690e+02
1.182902e+06,1.369100e+01,3.378230e+04,3.909988e-01,9.474860e-01,9.475041e-01,2.801756e-04,1.085434e-08,3.797264e+01,7.997448e+00,2.997520e+01,3.963401e+01,1.702730e+02
1.182912e+06,1.369111e+01,3.379230e+04,3.911146e-01,9.474851e-01,9.475042e-01,2.802842e-04,1.085434e-08,3.797076e+01,7.997448e+00,2.997331e+01,3.963205e+01,1.702770e+02
1.182922e+06,1.369123e+01,3.380230e+04,3.912303e-01,9.474843e-01,9.475044e-01,2.803927e-04,1.085434e-08,3.796888e+01,7.997448e+00,2.997143e+01,3.963009e+01,1.702810e+02
1.182932e+06,1.369135e+01,3.381230e+04,3.913461e-01,9.474835e-01,9.475045e-01,2.805013e-04,1.085434e-08,3.796699e+01,7.997448e+00,2.996954e+01,3.962813e+01,1.702850e+02
1.182942e+06,1.369146e+01,3.382230e+04,3.914618e-01,9.474827e-01,9.475046e-01,2.806098e-04,1.085433e-08,3.796511e+01,7.997448e+00,2.996766e+01,3.962616e+01,1.702890e+02
1.182952e+06,1.369158e+01,3.383230e+04,3.915776e-01,9.474819e-01,9.475047e-01,2.807184e-04,1.085433e-08,3.796323e+01,7.997448e+00,2.996578e+01,3.962420e+01,1.702930e+02
1.182962e+06,1.369169e+01,3.384230e+04,3.916933e-01,9.474811e-01,9.475048e-01,2.808269e-04,1.085433e-08,3.796134e+01,7.997448e+00,2.996389e+01,3.962224e+01,1.702970e+02
1.182972e+06,1.369181e+01,3.385230e+04,3.918091e-01,9.474810e-01,9.475049e-01,2.809355e-04,1.085433e-08,3.796034e+01,7.997448e+00,2.996289e+01,3.962119e+01,1.703010e+02
1.182982e+06,1.369192e+01,3.386231e+04,3.919248e-01,9.474833e-01,9.475050e-01,2.810440e-04,1.085433e-08,3.796197e+01,7.997448e+00,2.996452e+01,3.962283e+01,1.703050e+02
1.182992e+06,1.369204e+01,3.387231e+04,3.920406e-01,9.474856e-01,9.475051e-01,2.811526e-04,1.085433e-08,3.796359e+01,7.997448e+00,2.996615e+01,3.962447e+01,1.703090e+02
1.183002e+06,1.369216e+01,3.388231e+04,3.921563e-01,9.474879e-01,9.475052e-01,2.812611e-04,1.085433e-08,3.796522e+01,7.997448e+00,2.996777e+01,3.962611e+01,1.703130e+02
1.183012e+06,1.369227e+01,3.389231e+04,3.922721e-01,9.474901e-01,9.475053e-01,2.813697e-04,1.085433e-08,3.796685e+01,7.997448e+00,2.996940e+01,3.962775e+01,1.703170e+02
1.183022e+06,1.369239e+01,3.390231e+04,3.923878e-01,9.474924e-01,9.475054e-01,2.814782e-04,1.085433e-08,3.796847e+01,7.997448e+00,2.997103e+01,3.962939e+01,1.703210e+02
1.183032e+06,1.369250e+01,3.391231e+04,3.925036e-01,9.474947e-01,9.475055e-01,2.815868e-04,1.085432e-08,3.797010e+01,7.997448e+00,2.997265e+01,3.963103e+01,1.703250e+02
1.183042e+06,1.369262e+01,3.392231e+04,3.926193e-01,9.474970e-01,9.475056e-01,2.816953e-04,1.085432e-08,3.797173e+01,7.997448e+00,2.997428e+01,3.963267e+01,1.703290e+02
1.183052e+06,1.369274e+01,3.393231e+04,3.927351e-01,9.474992e-01,9.475057e-01,2.818039e-04,1.085432e-08,3.797336e+01,7.997448e+00,2.997591e+01,3.963431e+01,1.703330e+02
1.183062e+06,1.369285e+01,3.394231e+04,3.928508e-01,9.475015e-01,9.475058e-01,2.819124e-04,1.085432e-08,3.797498e+01,7.997448e+00,2.997753e+01,3.963596e+01,1.703371e+02
1.183072e+06,1.369297e+01,3.395231e+04,3.929666e-01,9.475038e-01,9.475059e-01,2.820210e-04,1.085432e-08,3.797661e+01,7.997448e+00,2.997916e+01,3.963760e+01,1.703411e+02
1.183082e+06,1.369308e+01,3.396231e+04,3.930823e-01,9.475061e-01,9.475060e-01,2.821295e-04,1.085432e-08,3.797824e+01,7.997448e+00,2.998079e+01,3.963924e+01,1.703451e+02
1.183092e+06,1.369320e+01,3.397231e+04,3.931981e-01,9.475084e-01,9.475061e-01,2.822381e-04,1.085432e-08,3.797986e+01,7.997448e+00,2.998241e+01,3.964088e+01,1.703491e+02
1.183102e+06,1.369331e+01,3.398231e+04,3.933138e-01,9.475106e-01,9.475062e-01,2.823466e-04,1.085432e-08,3.798149e+01,7.997448e+00,2.998404e+01,3.964252e+01,1.703531e+02
1.183112e+06,1.369343e+01,3.399231e+04,3.934296e-01,9.475129e-01,9.475063e-01,2.824552e-04,1.085431e-08,3.798312e+01,7.997448e+00,2.998567e+01,3.964416e+01,1.703571e+02
1.183122e+06,1.369355e+01,3.400231e+04,3.935453e-01,9.475152e-01,9.475064e-01,2.825637e-04,1.085431e-08,3.798474e+01,7.997448e+00,2.998730e+01,3.964580e+01,1.703611e+02
1.183132e+06,1.369366e+01,3.401232e+04,3.936611e-01,9.475175e-01,9.475065e-01,2.826723e-04,1.085431e-08,3.798637e+01,7.997448e+00,2.998892e+01,3.964744e+01,1.703651e+02
1.183142e+06,1.369378e+01,3.402232e+04,3.937768e-01,9.475197e-01,9.475066e-01,2.827808e-04,1.085431e-08,3.798800e+01,7.997448e+00,2.999055e+01,3.964908e+01,1.703691e+02
1.183152e+06,1.369389e+01,3.403232e+04,3.938926e-01,9.475220e-01,9.475067e-01,2.828894e-04,1.085431e-08,3.798962e+01,7.997448e+00,2.999218e+01,3.965072e+01,1.703731e+02
1.183162e+06,1.369401e+01,3.404232e+04,3.940083e-01,9.475243e-01,9.475068e-01,2.829979e-04,1.085431e-08,3.799125e+01,7.997448e+00,2.999380e+01,3.965237e+01,1.703771e+02
1.183172e+06,1.369412e+01,3.405232e+04,3.941241e-01,9.475266e-01,9.475069e-01,2.831065e-04,1.085431e-08,3.799288e+01,7.997448e+00,2.999543e+01,3.965401e+01,1.703811e+02
1.183182e+06,1.369424e+01,3.406232e+04,3.942398e-01,9.475289e-01,9.475070e-01,2.832150e-04,1.085431e-08,3.799451e+01,7.997448e+00,2.999706e+01,3.965565e+01,1.703851e+02
1.183192e+06,1.369436e+01,3.407232e+04,3.943556e-01,9.475311e-01,9.475071e-01,2.833236e-04,1.085431e-08,3.799613e+01,7.997448e+00,2.999868e+01,3.965729e+01,1.703891e+02
1.183202e+06,1.369447e+01,3.408232e+04,3.944713e-01,9.475334e-01,9.475072e-01,2.834321e-04,1.085430e-08,3.799776e+01,7.997448e+00,3.000031e+01,3.965893e+01,1.703931e+02
1.183212e+06,1.369459e+01,3.409232e+04,3.945870e-01,9.475339e-01,9.475073e-01,2.835407e-04,1.085430e-08,3.799939e+01,7.997448e+00,3.000194e+01,3.966063e+01,1.703971e+02
1.183222e+06,1.369470e+01,3.410232e+04,3.947028e-01,9.475279e-01,9.475074e-01,2.836492e-04,1.085430e-08,3.800048e+01,7.997448e+00,3.000303e+01,3.966198e+01,1.703989e+02
1.183232e+06,1.369482e+01,3.411232e+04,3.948185e-01,9.475172e-01,9.475075e-01,2.837578e-04,1.085430e-08,3.800022e+01,7.997448e+00,3.000278e+01,3.966207e+01,1.703949e+02
1.183242e+06,1.369493e+01,3.412232e+04,3.949343e-01,9.475066e-01,9.475076e-01,2.838663e-04,1.085430e-08,3.799997e+01,7.997448e+00,3.000252e+01,3.966216e+01,1.703909e+02
1.183252e+06,1.369505e+01,3.413232e+04,3.950500e-01,9.474959e-01,9.475077e-01,2.839749e-04,1.085430e-08,3.799971e+01,7.997448e+00,3.000227e+01,3.966225e+01,1.703869e+02
1.183262e+06,1.369517e+01,3.414232e+04,3.951658e-01,9.474852e-01,9.475078e-01,2.840834e-04,1.085430e-08,3.799946e+01,7.997448e+00,3.000201e+01,3.966233e+01,1.703830e+02
1.183272e+06,1.369528e+01,3.415233e+04,3.952815e-01,9.474746e-01,9.475080e-01,2.841920e-04,1.085430e-08,3.799920e+01,7.997448e+00,3.000176e+01,3.966242e+01,1.703790e+02
1.183282e+06,1.369540e+01,3.416233e+04,3.953973e-01,9.474639e-01,9.475081e-01,2.843005e-04,1.085429e-08,3.799895e+01,7.997448e+00,3.000150e+01,3.966251e+01,1.703750e+02
1.183292e+06,1.369551e+01,3.417233e+04,3.955130e-01,9.474532e-01,9.475082e-01,2.844091e-04,1.085429e-08,3.799869e+01,7.997448e+00,3.000125e+01,3.966259e+01,1.703710e+02
1.183302e+06,1.369563e+01,3.418233e+04,3.956288e-01,9.474426e-01,9.475083e-01,2.845176e-04,1.085429e-08,3.799844e+01,7.997448e+00,3.000099e+01,3.966268e+01,1.703671e+02
1.183312e+06,1.369574e+01,3.419233e+04,3.957445e-01,9.474319e-01,9.475084e-01,2.846262e-04,1.085429e-08,3.799818e+01,7.997448e+00,3.000074e+01,3.966277e+01,1.703631e+02
1.183322e+06,1.369586e+01,3.420233e+04,3.958603e-01,9.474212e-01,9.475085e-01,2.847347e-04,1.085429e-08,3.799793e+01,7.997448e+00,3.000048e+01,3.966286e+01,1.703591e+02
1.183332e+06,1.369598e+01,3.421233e+04,3.959760e-01,9.474106e-01,9.475086e-01,2.848433e-04,1.085429e-08,3.799767e+01,7.997448e+00,3.000022e+01,3.966294e+01,1.703551e+02
1.183342e+06,1.369609e+01,3.422233e+04,3.960918e-01,9.473999e-01,9.475087e-01,2.849518e-04,1.085429e-08,3.799742e+01,7.997448e+00,2.999997e+01,3.966303e+01,1.703511e+02
1.183352e+06,1.369621e+01,3.423233e+04,3.962075e-01,9.473892e-01,9.475088e-01,2.850604e-04,1.085429e-08,3.799716e+01,7.997448e+00,2.999971e+01,3.966312e+01,1.703472e+02
1.183362e+06,1.369632e+01,3.424233e+04,3.963233e-01,9.473786e-01,9.475089e-01,2.851689e-04,1.085429e-08,3.799691e+01,7.997448e+00,2.999946e+01,3.966321e+01,1.703432e+02
1.183372e+06,1.369644e+01,3.425233e+04,3.964390e-01,9.473679e-01,9.475090e-01,2.852775e-04,1.085428e-08,3.799665e+01,7.997448e+00,2.999920e+01,3.966329e+01,1.703392e+02
1.183382e+06,1.369655e+01,3.426233e+04,3.965548e-01,9.473572e-01,9.475091e-01,2.853860e-04,1.085428e-08,3.799640e+01,7.997448e+00,2.999895e+01,3.966338e+01,1.703352e+02
1.183392e+06,1.369667e+01,3.427233e+04,3.966705e-01,9.473466e-01,9.475092e-01,2.854946e-04,1.085428e-08,3.799614e+01,7.997448e+00,2.999869e+01,3.966347e+01,1.703313e+02
1.183402e+06,1.369679e+01,3.428233e+04,3.967863e-01,9.473359e-01,9.475093e-01,2.856031e-04,1.085428e-08,3.799589e+01,7.997448e+00,2.999844e+01,3.966355e+01,1.703273e+02
1.183412e+06,1.369690e+01,3.429233e+04,3.969020e-01,9.473252e-01,9.475094e-01,2.857117e-04,1.085428e-08,3.799563e+01,7.997448e+00,2.999818e+01,3.966364e+01,1.703233e+02
1.183422e+06,1.369702e+01,3.430234e+04,3.970178e-01,9.473146e-01,9.475095e-01,2.858202e-04,1.085428e-08,3.799538e+01,7.997448e+00,2.999793e+01,3.966373e+01,1.703193e+02
1.183432e+06,1.369713e+01,3.431234e+04,3.971335e-01,9.473039e-01,9.475096e-01,2.859288e-04,1.085428e-08,3.799512e+01,7.997448e+00,2.999767e+01,3.966382e+01,1.703153e+02
1.183442e+06,1.369725e+01,3.432234e+04,3.972493e-01,9.472932e-01,9.475097e-01,2.860373e-04,1.085428e-08,3.799487e+01,7.997448e+00,2.999742e+01,3.966390e+01,1.703114e+02
1.183452e+06,1.369737e+01,3.433234e+04,3.973650e-01,9.472826e-01,9.475098e-01,2.861459e-04,1.085427e-08,3.799461e+01,7.997448e+00,2.999716e+01,3.966399e+01,1.703074e+02
1.183462e+06,1.369748e+01,3.434234e+04,3.974808e-01,9.472719e-01,9.475099e-01,2.862544e-04,1.085427e-08,3.799436e+01,7.997448e+00,2.999691e+01,3.966408e+01,1.703034e+02
1.183472e+06,1.369760e+01,3.435234e+04,3.975965e-01,9.472628e-01,9.475100e-01,2.863630e-04,1.085427e-08,3.799403e+01,7.997448e+00,2.999658e+01,3.966404e+01,1.702994e+02
1.183482e+06,1.369771e+01,3.436234e+04,3.977123e-01,9.472631e-01,9.475101e-01,2.864715e-04,1.085427e-08,3.799325e+01,7.997448e+00,2.999581e+01,3.966321e+01,1.702954e+02
1.183492e+06,1.369783e+01,3.437234e+04,3.978280e-01,9.472634e-01,9.475102e-01,2.865801e-04,1.085427e-08,3.799248e+01,7.997448e+00,2.999503e+01,3.966238e+01,1.702914e+02
1.183502e+06,1.369794e+01,3.438234e+04,3.979438e-01,9.472637e-01,9.475103e-01,2.866886e-04,1.085427e-08,3.799171e+01,7.997448e+00,2.999426e+01,3.966156e+01,1.702874e+02
1.183512e+06,1.369806e+01,3.439234e+04,3.980595e-01,9.472640e-01,9.475104e-01,2.867972e-04,1.085427e-08,3.799093e+01,7.997448e+00,2.999349e+01,3.966073e+01,1.702834e+02
1.183522e+06,1.369818e+01,3.440234e+04,3.981753e-01,9.472643e-01,9.475105e-01,2.869057e-04,1.085427e-08,3.799016e+01,7.997448e+00,2.999271e+01,3.965990e+01,1.702793e+02
1.183532e+06,1.369829e+01,3.441234e+04,3.982910e-01,9.472646e-01,9.475106e-01,2.870143e-04,1.085427e-08,3.798939e+01,7.997448e+00,2.999194e+01,3.965908e+01,1.702753e+02
1.183542e+06,1.369841e+01,3.442234e+04,3.984068e-01,9.472649e-01,9.475107e-01,2.871228e-04,1.085426e-08,3.798861e+01,7.997448e+00,2.999117e+01,3.965825e+01,1.702713e+02
1.183552e+06,1.369852e+01,3.443234e+04,3.985225e-01,9.472652e-01,9.475108e-01,2.872314e-04,1.085426e-08,3.798784e+01,7.997448e+00,2.999039e+01,3.965742e+01,1.702673e+02
1.183562e+06,1.369864e+01,3.444234e+04,3.986383e-01,9.472655e-01,9.475109e-01,2.873399e-04,1.085426e-08,3.798707e+01,7.997448e+00,2.998962e+01,3.965660e+01,1.702633e+02
1.183572e+06,1.369875e+01,3.445235e+04,3.987540e-01,9.472658e-01,9.475110e-01,2.874485e-04,1.085426e-08,3.798629e+01,7.997448e+00,2.998885e+01,3.965577e+01,1.702592e+02
1.183582e+06,1.369887e+01,3.446235e+04,3.988697e-01,9.472661e-01,9.475111e-01,2.875570e-04,1.085426e-08,3.798552e+01,7.997448e+00,2.998807e+01,3.965495e+01,1.702552e+02
1.183592e+06,1.369899e+01,3.447235e+04,3.989855e-01,9.472664e-01,9.475112e-01,2.876656e-04,1.085426e-08,3.798475e+01,7.997448e+00,2.998730e+01,3.965412e+01,1.702512e+02
1.183602e+06,1.369910e+01,3.448235e+04,3.991012e-01,9.472667e-01,9.475113e-01,2.877741e-04,1.085426e-08,3.798397e+01,7.997448e+00,2.998653e+01,3.965329e+01,1.702472e+02
1.183612e+06,1.369922e+01,3.449235e+04,3.992170e-01,9.472670e-01,9.475114e-01,2.878827e-04,1.085426e-08,3.798320e+01,7.997448e+00,2.998575e+01,3.965247e+01,1.702432e+02
1.183622e+06,1.369933e+01,3.450235e+04,3.993327e-01,9.472673e-01,9.475116e-01,2.879912e-04,1.085425e-08,3.798243e+01,7.997448e+00,2.998498e+01,3.965164e+01,1.702391e+02
1.183632e+06,1.369945e+01,3.451235e+04,3.994485e-01,9.472676e-01,9.475117e-01,2.880998e-04,1.085425e-08,3.798165e+01,7.997448e+00,2.998421e+01,3.965081e+01,1.702351e+02
1.183642e+06,1.369956e+01,3.452235e+04,3.995642e-01,9.472679e-01,9.475118e-01,2.882083e-04,1.085425e-08,3.798088e+01,7.997448e+00,2.998343e+01,3.964999e+01,1.702311e+02
1.183652e+06,1.369968e+01,3.453235e+04,3.996800e-01,9.472682e-01,9.475119e-01,2.883169e-04,1.085425e-08,3.798011e+01,7.997448e+00,2.998266e+01,3.964916e+01,1.702271e+02
1.183662e+06,1.369980e+01,3.454235e+04,3.997957e-01,9.472685e-01,9.475120e-01,2.884254e-04,1.085425e-08,3.797933e+01,7.997448e+00,2.998189e+01,3.964833e+01,1.702231e+02
1.183672e+06,1.369991e+01,3.455235e+04,3.999115e-01,9.472688e-01,9.475121e-01,2.885340e-04,1.085425e-08,3.797856e+01,7.997448e+00,2.998111e+01,3.964751e+01,1.702190e+02
1.183682e+06,1.370003e+01,3.456235e+04,4.000272e-01,9.472691e-01,9.475122e-01,2.886425e-04,1.085425e-08,3.797779e+01,7.997448e+00,2.998034e+01,3.964668e+01,1.702150e+02
1.183692e+06,1.370014e+01,3.457235e+04,4.001430e-01,9.472694e-01,9.475123e-01,2.887511e-04,1.085425e-08,3.797701e+01,7.997448e+00,2.997957e+01,3.964585e+01,1.702110e+02
1.183702e+06,1.370026e+01,3.458235e+04,4.002587e-01,9.472697e-01,9.475124e-01,2.888596e-04,1.085425e-08,3.797624e+01,7.997448e+00,2.997879e+01,3.964503e+01,1.702070e+02
1.183712e+06,1.370037e+01,3.459236e+04,4.003745e-01,9.472683e-01,9.475125e-01,2.889682e-04,1.085424e-08,3.797547e+01,7.997448e+00,2.997802e+01,3.964426e+01,1.702030e+02
1.183722e+06,1.370049e+01,3.460236e+04,4.004902e-01,9.472606e-01,9.475126e-01,2.890767e-04,1.085424e-08,3.797490e+01,7.997448e+00,2.997745e+01,3.964391e+01,1.701969e+02
1.183732e+06,1.370061e+01,3.461236e+04,4.006060e-01,9.472481e-01,9.475127e-01,2.891853e-04,1.085424e-08,3.797490e+01,7.997448e+00,2.997745e+01,3.964433e+01,1.701850e+02
1.183742e+06,1.370072e+01,3.462236e+04,4.007217e-01,9.472355e-01,9.475128e-01,2.892938e-04,1.085424e-08,3.797490e+01,7.997448e+00,2.997745e+01,3.964475e+01,1.701730e+02
1.183752e+06,1.370084e+01,3.463236e+04,4.008375e-01,9.472230e-01,9.475129e-01,2.894024e-04,1.085424e-08,3.797490e+01,7.997448e+00,2.997745e+01,3.964517e+01,1.701611e+02
1.183762e+06,1.370095e+01,3.464236e+04,4.009532e-01,9.472105e-01,9.475130e-01,2.895109e-04,1.085424e-08,3.797490e+01,7.997448e+00,2.997745e+01,3.964559e+01,1.701492e+02
1.183772e+06,1.370107e+01,3.465236e+04,4.010690e-01,9.471980e-01,9.475131e-01,2.896195e-04,1.085424e-08,3.797490e+01,7.997448e+00,2.997745e+01,3.964601e+01,1.701372e+02
1.183782e+06,1.370118e+01,3.466236e+04,4.011847e-01,9.471854e-01,9.475132e-01,2.897280e-04,1.085424e-08,3.797490e+01,7.997448e+00,2.997745e+01,3.964642e+01,1.701253e+02
1.183792e+06,1.370130e+01,3.467236e+04,4.013005e-01,9.471729e-01,9.475133e-01,2.898366e-04,1.085423e-08,3.797490e+01,7.997448e+00,2.997745e+01,3.964684e+01,1.701134e+02
1.183802e+06,1.370142e+01,3.468236e+04,4.014162e-01,9.471604e-01,9.475134e-01,2.899451e-04,1.085423e-08,3.797490e+01,7.997448e+00,2.997745e+01,3.964726e+01,1.701014e+02
1.183812e+06,1.370153e+01,3.469236e+04,4.015320e-01,9.471478e-01,9.475135e-01,2.900537e-04,1.085423e-08,3.797490e+01,7.997448e+00,2.997745e+01,3.964768e+01,1.700895e+02
1.183822e+06,1.370165e+01,3.470236e+04,4.016477e-01,9.471353e-01,9.475136e-01,2.901622e-04,1.085423e-08,3.797490e+01,7.997448e+00,2.997745e+01,3.964810e+01,1.700776e+02
1.183832e+06,1.370176e+01,3.471236e+04,4.017635e-01,9.471228e-01,9.475137e-01,2.902708e-04,1.085423e-08,3.797490e+01,7.997448e+00,2.997745e+01,3.964852e+01,1.700656e+02
1.183842e+06,1.370188e+01,3.472236e+04,4.018792e-01,9.471102e-01,9.475138e-01,2.903793e-04,1.085423e-08,3.797490e+01,7.997448e+00,2.997745e+01,3.964894e+01,1.700537e+02
1.183852e+06,1.370199e+01,3.473236e+04,4.019950e-01,9.470977e-01,9.475139e-01,2.904879e-04,1.085423e-08,3.797490e+01,7.997448e+00,2.997745e+01,3.964935e+01,1.700418e+02
1.183862e+06,1.370211e+01,3.474237e+04,4.021107e-01,9.470852e-01,9.475140e-01,2.905964e-04,1.085423e-08,3.797490e+01,7.997448e+00,2.997745e+01,3.964977e+01,1.700298e+02
1.183872e+06,1.370223e+01,3.475237e+04,4.022265e-01,9.470726e-01,9.475141e-01,2.907050e-04,1.085423e-08,3.797490e+01,7.997448e+00,2.997745e+01,3.965019e+01,1.700179e+02
1.183882e+06,1.370234e+01,3.476237e+04,4.023422e-01,9.470601e-01,9.475142e-01,2.908135e-04,1.085422e-08,3.797490e+01,7.997448e+00,2.997745e+01,3.965061e+01,1.700060e+02
1.183892e+06,1.370246e+01,3.477237e+04,4.024580e-01,9.470476e-01,9.475143e-01,2.909221e-04,1.085422e-08,3.797490e+01,7.997448e+00,2.997745e+01,3.965103e+01,1.699940e+02
1.183902e+06,1.370257e+01,3.478237e+04,4.025737e-01,9.470351e-01,9.475144e-01,2.910306e-04,1.085422e-08,3.797490e+01,7.997448e+00,2.997745e+01,3.965145e+01,1.699821e+02
1.183912e+06,1.370269e+01,3.479237e+04,4.026895e-01,9.470225e-01,9.475145e-01,2.911392e-04,1.085422e-08,3.797490e+01,7.997448e+00,2.997745e+01,3.965187e+01,1.699702e+02
1.183922e+06,1.370281e+01,3.480237e+04,4.028052e-01,9.470100e-01,9.475146e-01,2.912477e-04,1.085422e-08,3.797490e+01,7.997448e+00,2.997745e+01,3.965229e+01,1.699582e+02
1.183932e+06,1.370292e+01,3.481237e+04,4.029210e-01,9.469975e-01,9.475147e-01,2.913563e-04,1.085422e-08,3.797490e+01,7.997448e+00,2.997745e+01,3.965271e+01,1.699463e+02
1.183942e+06,1.370304e+01,3.482237e+04,4.030367e-01,9.469849e-01,9.475148e-01,2.914648e-04,1.085422e-08,3.797490e+01,7.997448e+00,2.997745e+01,3.965312e+01,1.699344e+02
1.183952e+06,1.370315e+01,3.483237e+04,4.031524e-01,9.469724e-01,9.475149e-01,2.915734e-04,1.085422e-08,3.797490e+01,7.997448e+00,2.997745e+01,3.965354e+01,1.699224e+02
1.183962e+06,1.370327e+01,3.484237e+04,4.032682e-01,9.469610e-01,9.475150e-01,2.916819e-04,1.085421e-08,3.797490e+01,7.997448e+00,2.997745e+01,3.965392e+01,1.699105e+02
1.183972e+06,1.370338e+01,3.485237e+04,4.033839e-01,9.469614e-01,9.475152e-01,2.917905e-04,1.085421e-08,3.797493e+01,7.997418e+00,2.997751e+01,3.965395e+01,1.699000e+02
1.183982e+06,1.370350e+01,3.486237e+04,4.034997e-01,9.469861e-01,9.475153e-01,2.918990e-04,1.085421e-08,3.797519e+01,7.997163e+00,2.997802e+01,3.965340e+01,1.699000e+02
1.183992e+06,1.370362e+01,3.487237e+04,4.036154e-01,9.470109e-01,9.475154e-01,2.920076e-04,1.085421e-08,3.797544e+01,7.996908e+00,2.997854e+01,3.965286e+01,1.699000e+02
1.184002e+06,1.370373e+01,3.488237e+04,4.037312e-01,9.470357e-01,9.475155e-01,2.921161e-04,1.085421e-08,3.797570e+01,7.996653e+00,2.997905e+01,3.965232e+01,1.699000e+02
1.184012e+06,1.370385e+01,3.489238e+04,4.038469e-01,9.470605e-01,9.475156e-01,2.922247e-04,1.085421e-08,3.797596e+01,7.996398e+00,2.997956e+01,3.965178e+01,1.699000e+02
1.184022e+06,1.370396e+01,3.490238e+04,4.039627e-01,9.470852e-01,9.475157e-01,2.923332e-04,1.085421e-08,3.797622e+01,7.996143e+00,2.998007e+01,3.965124e+01,1.699000e+02
1.184032e+06,1.370408e+01,3.491238e+04,4.040784e-01,9.471100e-01,9.475158e-01,2.924418e-04,1.085421e-08,3.797647e+01,7.995888e+00,2.998059e+01,3.965070e+01,1.699000e+02
1.184042e+06,1.370419e+01,3.492238e+04,4.041942e-01,9.471348e-01,9.475159e-01,2.925503e-04,1.085421e-08,3.797673e+01,7.995633e+00,2.998110e+01,3.965016e+01,1.699000e+02
1.184052e+06,1.370431e+01,3.493238e+04,4.043099e-01,9.471596e-01,9.475160e-01,2.926589e-04,1.085420e-08,3.797699e+01,7.995378e+00,2.998161e+01,3.964961e+01,1.699000e+02
1.184062e+06,1.370443e+01,3.494238e+04,4.044257e-01,9.471843e-01,9.475161e-01,2.927674e-04,1.085420e-08,3.797725e+01,7.995123e+00,2.998213e+01,3.964907e+01,1.699000e+02
1.184072e+06,1.370454e+01,3.495238e+04,4.045414e-01,9.472091e-01,9.475162e-01,2.928760e-04,1.085420e-08,3.797751e+01,7.994868e+00,2.998264e+01,3.964853e+01,1.699000e+02
1.184082e+06,1.370466e+01,3.496238e+04,4.046572e-01,9.472339e-01,9.475163e-01,2.929845e-04,1.085420e-08,3.797776e+01,7.994613e+00,2.998315e+01,3.964799e+01,1.699000e+02
1.184092e+06,1.370477e+01,3.497238e+04,4.047729e-01,9.472587e-01,9.475164e-01,2.930931e-04,1.085420e-08,3.797802e+01,7.994358e+00,2.998366e+01,3.964745e+01,1.699000e+02
1.184102e+06,1.370489e+01,3.498238e+04,4.048887e-01,9.472834e-01,9.475165e-01,2.932016e-04,1.085420e-08,3.797828e+01,7.994103e+00,2.998418e+01,3.964691e+01,1.699000e+02
1.184112e+06,1.370500e+01,3.499238e+04,4.050044e-01,9.473082e-01,9.475166e-01,2.933102e-04,1.085420e-08,3.797854e+01,7.993848e+00,2.998469e+01,3.964636e+01,1.699000e+02
1.184122e+06,1.370512e+01,3.500238e+04,4.051202e-01,9.473330e-01,9.475167e-01,2.934187e-04,1.085420e-08,3.797879e+01,7.993593e+00,2.998520e+01,3.964582e+01,1.699000e+02
1.184132e+06,1.370524e+01,3.501238e+04,4.052359e-01,9.473578e-01,9.475168e-01,2.935273e-04,1.085419e-08,3.797905e+01,7.993338e+00,2.998571e+01,3.964528e+01,1.699000e+02
1.184142e+06,1.370535e+01,3.502238e+04,4.053517e-01,9.473825e-01,9.475169e-01,2.936358e-04,1.085419e-08,3.797931e+01,7.993083e+00,2.998623e+01,3.964474e+01,1.699000e+02
1.184152e+06,1.370547e+01,3.503239e+04,4.054674e-01,9.474073e-01,9.475170e-01,2.937444e-04,1.085419e-08,3.797957e+01,7.992828e+00,2.998674e+01,3.964420e+01,1.699000e+02
1.184162e+06,1.370558e+01,3.504239e+04,4.055832e-01,9.474321e-01,9.475171e-01,2.938529e-04,1.085419e-08,3.797983e+01,7.992573e+00,2.998725e+01,3.964366e+01,1.699000e+02
1.184172e+06,1.370570e+01,3.505239e+04,4.056989e-01,9.474568e-01,9.475172e-01,2.939615e-04,1.085419e-08,3.798008e+01,7.992318e+00,2.998777e+01,3.964312e+01,1.699000e+02
1.184182e+06,1.370581e+01,3.506239e+04,4.058147e-01,9.474816e-01,9.475173e-01,2.940700e-04,1.085419e-08,3.798034e+01,7.992063e+00,2.998828e+01,3.964257e+01,1.699000e+02
1.184192e+06,1.370593e+01,3.507239e+04,4.059304e-01,9.475064e-01,9.475174e-01,2.941786e-04,1.085419e-08,3.798060e+01,7.991808e+00,2.998879e+01,3.964203e+01,1.699000e+02
1.184202e+06,1.370605e+01,3.508239e+04,4.060462e-01,9.475312e-01,9.475175e-01,2.942871e-04,1.085419e-08,3.798086e+01,7.991553e+00,2.998930e+01,3.964149e+01,1.699000e+02
1.184212e+06,1.370616e+01,3.509239e+04,4.061619e-01,9.475559e-01,9.475176e-01,2.943957e-04,1.085419e-08,3.798111e+01,7.991298e+00,2.998982e+01,3.964095e+01,1.699000e+02
1.184222e+06,1.370628e+01,3.510239e+04,4.062777e-01,9.475754e-01,9.475177e-01,2.945042e-04,1.085418e-08,3.798125e+01,7.991164e+00,2.999009e+01,3.964045e+01,1.699000e+02
1.184232e+06,1.370639e+01,3.511239e+04,4.063934e-01,9.475780e-01,9.475178e-01,2.946128e-04,1.085418e-08,3.798099e+01,7.991417e+00,2.998958e+01,3.964008e+01,1.699000e+02
1.184242e+06,1.370651e+01,3.512239e+04,4.065092e-01,9.475806e-01,9.475179e-01,2.947213e-04,1.085418e-08,3.798074e+01,7.991670e+00,2.998907e+01,3.963971e+01,1.699000e+02
1.184252e+06,1.370662e+01,3.513239e+04,4.066249e-01,9.475832e-01,9.475180e-01,2.948299e-04,1.085418e-08,3.798048e+01,7.991924e+00,2.998856e+01,3.963934e+01,1.699000e+02
1.184262e+06,1.370674e+01,3.514239e+04,4.067407e-01,9.475857e-01,9.475181e-01,2.949384e-04,1.085418e-08,3.798023e+01,7.992177e+00,2.998805e+01,3.963897e+01,1.699000e+02
1.184272e+06,1.370686e+01,3.515239e+04,4.068564e-01,9.475883e-01,9.475182e-01,2.950470e-04,1.085418e-08,3.797997e+01,7.992430e+00,2.998754e+01,3.963860e+01,1.699000e+02
1.184282e+06,1.370697e+01,3.516239e+04,4.069722e-01,9.475909e-01,9.475183e-01,2.951555e-04,1.085418e-08,3.797971e+01,7.992683e+00,2.998703e+01,3.963823e+01,1.699000e+02
1.184292e+06,1.370709e+01,3.517239e+04,4.070879e-01,9.475935e-01,9.475184e-01,2.952641e-04,1.085418e-08,3.797946e+01,7.992937e+00,2.998652e+01,3.963786e+01,1.699000e+02
1.184302e+06,1.370720e+01,3.518240e+04,4.072036e-01,9.475961e-01,9.475185e-01,2.953726e-04,1.085417e-08,3.797920e+01,7.993190e+00,2.998601e+01,3.963749e+01,1.699000e+02
1.184312e+06,1.370732e+01,3.519240e+04,4.073194e-01,9.475986e-01,9.475186e-01,2.954812e-04,1.085417e-08,3.797895e+01,7.993443e+00,2.998550e+01,3.963712e+01,1.699000e+02
1.184322e+06,1.370744e+01,3.520240e+04,4.074351e-01,9.476012e-01,9.475188e-01,2.955897e-04,1.085417e-08,3.797869e+01,7.993696e+00,2.998499e+01,3.963675e+01,1.699000e+02
1.184332e+06,1.370755e+01,3.521240e+04,4.075509e-01,9.476038e-01,9.475189e-01,2.956983e-04,1.085417e-08,3.797843e+01,7.993950e+00,2.998448e+01,3.963638e+01,1.699000e+02
1.184342e+06,1.370767e+01,3.522240e+04,4.076666e-01,9.476064e-01,9.475190e-01,2.958068e-04,1.085417e-08,3.797818e+01,7.994203e+00,2.998397e+01,3.963601e+01,1.699000e+02
1.184352e+06,1.370778e+01,3.523240e+04,4.077824e-01,9.476090e-01,9.475191e-01,2.959154e-04,1.085417e-08,3.797792e+01,7.994456e+00,2.998347e+01,3.963564e+01,1.699000e+02
1.184362e+06,1.370790e+01,3.524240e+04,4.078981e-01,9.476115e-01,9.475192e-01,2.960239e-04,1.085417e-08,3.797767e+01,7.994709e+00,2.998296e+01,3.963527e+01,1.699000e+02
1.184372e+06,1.370801e+01,3.525240e+04,4.080139e-01,9.476141e-01,9.475193e-01,2.961325e-04,1.085417e-08,3.797741e+01,7.994963e+00,2.998245e+01,3.963490e+01,1.699000e+02
1.184382e+06,1.370813e+01,3.526240e+04,4.081296e-01,9.476167e-01,9.475194e-01,2.962410e-04,1.085417e-08,3.797715e+01,7.995216e+00,2.998194e+01,3.963452e+01,1.699000e+02
1.184392e+06,1.370825e+01,3.527240e+04,4.082454e-01,9.476193e-01,9.475195e-01,2.963496e-04,1.085416e-08,3.797690e+01,7.995469e+00,2.998143e+01,3.963415e+01,1.699000e+02
1.184402e+06,1.370836e+01,3.528240e+04,4.083611e-01,9.476219e-01,9.475196e-01,2.964581e-04,1.085416e-08,3.797664e+01,7.995722e+00,2.998092e+01,3.963378e+01,1.699000e+02
1.184412e+06,1.370848e+01,3.529240e+04,4.084769e-01,9.476244e-01,9.475197e-01,2.965667e-04,1.085416e-08,3.797639e+01,7.995976e+00,2.998041e+01,3.963341e+01,1.699000e+02
1.184422e+06,1.370859e+01,3.530240e+04,4.085926e-01,9.476270e-01,9.475198e-01,2.966752e-04,1.085416e-08,3.797613e+01,7.996229e+00,2.997990e+01,3.963304e+01,1.699000e+02
1.184432e+06,1.370871e+01,3.531240e+04,4.087084e-01,9.476296e-01,9.475199e-01,2.967838e-04,1.085416e-08,3.797587e+01,7.996482e+00,2.997939e+01,3.963267e+01,1.699000e+02
1.184442e+06,1.370882e+01,3.532240e+04,4.088241e-01,9.476322e-01,9.475200e-01,2.968923e-04,1.085416e-08,3.797562e+01,7.996735e+00,2.997888e+01,3.963230e+01,1.699000e+02
1.184452e+06,1.370894e+01,3.533241e+04,4.089399e-01,9.476348e-01,9.475201e-01,2.970009e-04,1.085416e-08,3.797536e+01,7.996989e+00,2.997837e+01,3.963193e+01,1.699000e+02
1.184462e+06,1.370906e+01,3.534241e+04,4.090556e-01,9.476367e-01,9.475202e-01,2.971094e-04,1.085416e-08,3.797511e+01,7.997242e+00,2.997786e+01,3.963158e+01,1.699000e+02
1.184472e+06,1.370917e+01,3.535241e+04,4.091714e-01,9.476343e-01,9.475203e-01,2.972179e-04,1.085415e-08,3.797518e+01,7.997448e+00,2.997773e+01,3.963173e+01,1.698993e+02
1.184482e+06,1.370929e+01,3.536241e+04,4.092871e-01,9.476239e-01,9.475204e-01,2.973265e-04,1.085415e-08,3.797672e+01,7.997448e+00,2.997927e+01,3.963371e+01,1.698953e+02
1.184492e+06,1.370940e+01,3.537241e+04,4.094029e-01,9.476134e-01,9.475205e-01,2.974350e-04,1.085415e-08,3.797826e+01,7.997448e+00,2.998082e+01,3.963568e+01,1.698913e+02
1.184502e+06,1.370952e+01,3.538241e+04,4.095186e-01,9.476030e-01,9.475206e-01,2.975436e-04,1.085415e-08,3.797981e+01,7.997448e+00,2.998236e+01,3.963766e+01,1.698872e+02
1.184512e+06,1.370963e+01,3.539241e+04,4.096344e-01,9.475925e-01,9.475207e-01,2.976521e-04,1.085415e-08,3.798135e+01,7.997448e+00,2.998390e+01,3.963963e+01,1.698832e+02
1.184522e+06,1.370975e+01,3.540241e+04,4.097501e-01,9.475821e-01,9.475208e-01,2.977607e-04,1.085415e-08,3.798289e+01,7.997448e+00,2.998544e+01,3.964161e+01,1.698792e+02
1.184532e+06,1.370987e+01,3.541241e+04,4.098659e-01,9.475717e-01,9.475209e-01,2.978692e-04,1.085415e-08,3.798443e+01,7.997448e+00,2.998698e+01,3.964358e+01,1.698752e+02
1.184542e+06,1.370998e+01,3.542241e+04,4.099816e-01,9.475612e-01,9.475210e-01,2.979778e-04,1.085415e-08,3.798597e+01,7.997448e+00,2.998852e+01,3.964556e+01,1.698712e+02
1.184552e+06,1.371010e+01,3.543241e+04,4.100974e-01,9.475508e-01,9.475211e-01,2.980863e-04,1.085415e-08,3.798751e+01,7.997448e+00,2.999006e+01,3.964753e+01,1.698672e+02
1.184562e+06,1.371021e+01,3.544241e+04,4.102131e-01,9.475403e-01,9.475212e-01,2.981949e-04,1.085414e-08,3.798905e+01,7.997448e+00,2.999160e+01,3.964951e+01,1.698632e+02
1.184572e+06,1.371033e+01,3.545241e+04,4.103289e-01,9.475299e-01,9.475213e-01,2.983034e-04,1.085414e-08,3.799059e+01,7.997448e+00,2.999315e+01,3.965148e+01,1.698592e+02
1.184582e+06,1.371044e+01,3.546241e+04,4.104446e-01,9.475195e-01,9.475214e-01,2.984120e-04,1.085414e-08,3.799214e+01,7.997448e+00,2.999469e+01,3.965346e+01,1.698552e+02
1.184592e+06,1.371056e+01,3.547242e+04,4.105604e-01,9.475090e-01,9.475215e-01,2.985205e-04,1.085414e-08,3.799368e+01,7.997448e+00,2.999623e+01,3.965544e+01,1.698512e+02
1.184602e+06,1.371068e+01,3.548242e+04,4.106761e-01,9.474986e-01,9.475216e-01,2.986291e-04,1.085414e-08,3.799522e+01,7.997448e+00,2.999777e+01,3.965741e+01,1.698472e+02
1.184612e+06,1.371079e+01,3.549242e+04,4.107919e-01,9.474881e-01,9.475217e-01,2.987376e-04,1.085414e-08,3.799676e+01,7.997448e+00,2.999931e+01,3.965939e+01,1.698432e+02
1.184622e+06,1.371091e+01,3.550242e+04,4.109076e-01,9.474777e-01,9.475218e-01,2.988462e-04,1.085414e-08,3.799830e+01,7.997448e+00,3.000085e+01,3.966136e+01,1.698392e+02
1.184632e+06,1.371102e+01,3.551242e+04,4.110234e-01,9.474672e-01,9.475219e-01,2.989547e-04,1.085414e-08,3.799984e+01,7.997448e+00,3.000239e+01,3.966334e+01,1.698352e+02
1.184642e+06,1.371114e+01,3.552242e+04,4.111391e-01,9.474568e-01,9.475220e-01,2.990633e-04,1.085413e-08,3.800138e+01,7.997448e+00,3.000393e+01,3.966531e+01,1.698312e+02
1.184652e+06,1.371125e+01,3.553242e+04,4.112549e-01,9.474464e-01,9.475221e-01,2.991718e-04,1.085413e-08,3.800292e+01,7.997448e+00,3.000548e+01,3.966729e+01,1.698272e+02
1.184662e+06,1.371137e+01,3.554242e+04,4.113706e-01,9.474359e-01,9.475222e-01,2.992804e-04,1.085413e-08,3.800447e+01,7.997448e+00,3.000702e+01,3.966927e+01,1.698232e+02
1.184672e+06,1.371149e+01,3.555242e+04,4.114863e-01,9.474255e-01,9.475224e-01,2.993889e-04,1.085413e-08,3.800601e+01,7.997448e+00,3.000856e+01,3.967124e+01,1.698192e+02
1.184682e+06,1.371160e+01,3.556242e+04,4.116021e-01,9.474150e-01,9.475225e-01,2.994975e-04,1.085413e-08,3.800755e+01,7.997448e+00,3.001010e+01,3.967322e+01,1.698152e+02
1.184692e+06,1.371172e+01,3.557242e+04,4.117178e-01,9.474046e-01,9.475226e-01,2.996060e-04,1.085413e-08,3.800909e+01,7.997448e+00,3.001164e+01,3.967519e+01,1.698111e+02
1.184702e+06,1.371183e+01,3.558242e+04,4.118336e-01,9.473942e-01,9.475227e-01,2.997146e-04,1.085413e-08,3.801063e+01,7.997448e+00,3.001318e+01,3.967717e+01,1.698071e+02
1.184712e+06,1.371195e+01,3.559242e+04,4.119493e-01,9.473851e-01,9.475228e-01,2.998231e-04,1.085413e-08,3.801217e+01,7.997448e+00,3.001472e+01,3.967910e+01,1.698031e+02
1.184722e+06,1.371207e+01,3.560242e+04,4.120651e-01,9.473863e-01,9.475229e-01,2.999317e-04,1.085413e-08,3.801286e+01,7.997448e+00,3.001541e+01,3.967978e+01,1.698009e+02
1.184732e+06,1.371218e+01,3.561242e+04,4.121808e-01,9.474066e-01,9.475230e-01,3.000402e-04,1.085412e-08,3.801046e+01,7.997448e+00,3.001301e+01,3.967657e+01,1.698049e+02
1.184742e+06,1.371230e+01,3.562243e+04,4.122966e-01,9.474269e-01,9.475231e-01,3.001488e-04,1.085412e-08,3.800806e+01,7.997448e+00,3.001062e+01,3.967337e+01,1.698089e+02
1.184752e+06,1.371241e+01,3.563243e+04,4.124123e-01,9.474471e-01,9.475232e-01,3.002573e-04,1.085412e-08,3.800567e+01,7.997448e+00,3.000822e+01,3.967016e+01,1.698129e+02
1.184762e+06,1.371253e+01,3.564243e+04,4.125281e-01,9.474674e-01,9.475233e-01,3.003659e-04,1.085412e-08,3.800327e+01,7.997448e+00,3.000582e+01,3.966695e+01,1.698169e+02
1.184772e+06,1.371264e+01,3.565243e+04,4.126438e-01,9.474877e-01,9.475234e-01,3.004744e-04,1.085412e-08,3.800087e+01,7.997448e+00,3.000342e+01,3.966374e+01,1.698209e+02
1.184782e+06,1.371276e+01,3.566243e+04,4.127596e-01,9.475079e-01,9.475235e-01,3.005830e-04,1.085412e-08,3.799847e+01,7.997448e+00,3.000103e+01,3.966054e+01,1.698249e+02
1.184792e+06,1.371288e+01,3.567243e+04,4.128753e-01,9.475282e-01,9.475236e-01,3.006915e-04,1.085412e-08,3.799608e+01,7.997448e+00,2.999863e+01,3.965733e+01,1.698289e+02
1.184802e+06,1.371299e+01,3.568243e+04,4.129911e-01,9.475484e-01,9.475237e-01,3.008001e-04,1.085412e-08,3.799368e+01,7.997448e+00,2.999623e+01,3.965412e+01,1.698329e+02
1.184812e+06,1.371311e+01,3.569243e+04,4.131068e-01,9.475687e-01,9.475238e-01,3.009086e-04,1.085411e-08,3.799128e+01,7.997448e+00,2.999383e+01,3.965091e+01,1.698369e+02
1.184822e+06,1.371322e+01,3.570243e+04,4.132226e-01,9.475890e-01,9.475239e-01,3.010172e-04,1.085411e-08,3.798888e+01,7.997448e+00,2.999144e+01,3.964771e+01,1.698409e+02
1.184832e+06,1.371334e+01,3.571243e+04,4.133383e-01,9.476092e-01,9.475240e-01,3.011257e-04,1.085411e-08,3.798649e+01,7.997448e+00,2.998904e+01,3.964450e+01,1.698449e+02
1.184842e+06,1.371345e+01,3.572243e+04,4.134541e-01,9.476295e-01,9.475241e-01,3.012343e-04,1.085411e-08,3.798409e+01,7.997448e+00,2.998664e+01,3.964129e+01,1.698489e+02
1.184852e+06,1.371357e+01,3.573243e+04,4.135698e-01,9.476498e-01,9.475242e-01,3.013428e-04,1.085411e-08,3.798169e+01,7.997448e+00,2.998424e+01,3.963809e+01,1.698529e+02
1.184862e+06,1.371369e+01,3.574243e+04,4.136856e-01,9.476700e-01,9.475243e-01,3.014513e-04,1.085411e-08,3.797929e+01,7.997448e+00,2.998185e+01,3.963488e+01,1.698569e+02
1.184872e+06,1.371380e+01,3.575243e+04,4.138013e-01,9.476903e-01,9.475244e-01,3.015599e-04,1.085411e-08,3.797690e+01,7.997448e+00,2.997945e+01,3.963167e+01,1.698609e+02
1.184882e+06,1.371392e+01,3.576243e+04,4.139171e-01,9.477105e-01,9.475245e-01,3.016684e-04,1.085411e-08,3.797450e+01,7.997448e+00,2.997705e+01,3.962847e+01,1.698650e+02
1.184892e+06,1.371403e+01,3.577244e+04,4.140328e-01,9.477308e-01,9.475246e-01,3.017770e-04,1.085411e-08,3.797210e+01,7.997448e+00,2.997465e+01,3.962526e+01,1.698690e+02
1.184902e+06,1.371415e+01,3.578244e+04,4.141486e-01,9.477511e-01,9.475247e-01,3.018855e-04,1.085410e-08,3.796970e+01,7.997448e+00,2.997226e+01,3.962206e+01,1.698730e+02
1.184912e+06,1.371426e+01,3.579244e+04,4.142643e-01,9.477713e-01,9.475248e-01,3.019941e-04,1.085410e-08,3.796731e+01,7.997448e+00,2.996986e+01,3.961885e+01,1.698770e+02
1.184922e+06,1.371438e+01,3.580244e+04,4.143801e-01,9.477916e-01,9.475249e-01,3.021026e-04,1.085410e-08,3.796491e+01,7.997448e+00,2.996746e+01,3.961564e+01,1.698810e+02
1.184932e+06,1.371450e+01,3.581244e+04,4.144958e-01,9.478119e-01,9.475250e-01,3.022112e-04,1.085410e-08,3.796251e+01,7.997448e+00,2.996506e+01,3.961244e+01,1.698850e+02
1.184942e+06,1.371461e+01,3.582244e+04,4.146116e-01,9.478321e-01,9.475251e-01,3.023197e-04,1.085410e-08,3.796011e+01,7.997448e+00,2.996266e+01,3.960923e+01,1.698890e+02
1.184952e+06,1.371473e+01,3.583244e+04,4.147273e-01,9.478524e-01,9.475252e-01,3.024283e-04,1.085410e-08,3.795772e+01,7.997448e+00,2.996027e+01,3.960603e+01,1.698930e+02
1.184962e+06,1.371484e+01,3.584244e+04,4.148431e-01,9.478727e-01,9.475253e-01,3.025368e-04,1.085410e-08,3.795532e+01,7.997448e+00,2.995787e+01,3.960282e+01,1.698970e+02
1.184972e+06,1.371496e+01,3.585244e+04,4.149588e-01,9.478862e-01,9.475254e-01,3.026454e-04,1.085410e-08,3.795392e+01,7.997448e+00,2.995647e+01,3.960090e+01,1.699010e+02
1.184982e+06,1.371507e+01,3.586244e+04,4.150746e-01,9.478795e-01,9.475255e-01,3.027539e-04,1.085409e-08,3.795555e+01,7.997448e+00,2.995810e+01,3.960284e+01,1.699050e+02
1.184992e+06,1.371519e+01,3.587244e+04,4.151903e-01,9.478727e-01,9.475256e-01,3.028625e-04,1.085409e-08,3.795718e+01,7.997448e+00,2.995973e+01,3.960478e+01,1.699090e+02
1.185002e+06,1.371531e+01,3.588244e+04,4.153061e-01,9.478660e-01,9.475257e-01,3.029710e-04,1.085409e-08,3.795880e+01,7.997448e+00,2.996135e+01,3.960672e+01,1.699130e+02
1.185012e+06,1.371542e+01,3.589244e+04,4.154218e-01,9.478593e-01,9.475258e-01,3.030796e-04,1.085409e-08,3.796043e+01,7.997448e+00,2.996298e+01,3.960866e+01,1.699170e+02
1.185022e+06,1.371554e+01,3.590244e+04,4.155376e-01,9.478526e-01,9.475260e-01,3.031881e-04,1.085409e-08,3.796206e+01,7.997448e+00,2.996461e+01,3.961060e+01,1.699210e+02
1.185032e+06,1.371565e+01,3.591245e+04,4.156533e-01,9.478458e-01,9.475261e-01,3.032967e-04,1.085409e-08,3.796368e+01,7.997448e+00,2.996624e+01,3.961254e+01,1.699250e+02
1.185042e+06,1.371577e+01,3.592245e+04,4.157690e-01,9.478391e-01,9.475262e-01,3.034052e-04,1.085409e-08,3.796531e+01,7.997448e+00,2.996786e+01,3.961448e+01,1.699290e+02
1.185052e+06,1.371588e+01,3.593245e+04,4.158848e-01,9.478324e-01,9.475263e-01,3.035138e-04,1.085409e-08,3.796694e+01,7.997448e+00,2.996949e+01,3.961642e+01,1.699330e+02
1.185062e+06,1.371600e+01,3.594245e+04,4.160005e-01,9.478257e-01,9.475264e-01,3.036223e-04,1.085409e-08,3.796856e+01,7.997448e+00,2.997112e+01,3.961836e+01,1.699370e+02
1.185072e+06,1.371612e+01,3.595245e+04,4.161163e-01,9.478190e-01,9.475265e-01,3.037309e-04,1.085408e-08,3.797019e+01,7.997448e+00,2.997274e+01,3.962031e+01,1.699410e+02
1.185082e+06,1.371623e+01,3.596245e+04,4.162320e-01,9.478122e-01,9.475266e-01,3.038394e-04,1.085408e-08,3.797182e+01,7.997448e+00,2.997437e+01,3.962225e+01,1.699451e+02
1.185092e+06,1.371635e+01,3.597245e+04,4.163478e-01,9.478055e-01,9.475267e-01,3.039480e-04,1.085408e-08,3.797345e+01,7.997448e+00,2.997600e+01,3.962419e+01,1.699491e+02
1.185102e+06,1.371646e+01,3.598245e+04,4.164635e-01,9.477988e-01,9.475268e-01,3.040565e-04,1.085408e-08,3.797507e+01,7.997448e+00,2.997762e+01,3.962613e+01,1.699531e+02
1.185112e+06,1.371658e+01,3.599245e+04,4.165793e-01,9.477921e-01,9.475269e-01,3.041651e-04,1.085408e-08,3.797670e+01,7.997448e+00,2.997925e+01,3.962807e+01,1.699571e+02
1.185122e+06,1.371670e+01,3.600245e+04,4.166950e-01,9.477853e-01,9.475270e-01,3.042736e-04,1.085408e-08,3.797833e+01,7.997448e+00,2.998088e+01,3.963001e+01,1.699611e+02
1.185132e+06,1.371681e+01,3.601245e+04,4.168108e-01,9.477786e-01,9.475271e-01,3.043822e-04,1.085408e-08,3.797995e+01,7.997448e+00,2.998250e+01,3.963195e+01,1.699651e+02
1.185142e+06,1.371693e+01,3.602245e+04,4.169265e-01,9.477719e-01,9.475272e-01,3.044907e-04,1.085408e-08,3.798158e+01,7.997448e+00,2.998413e+01,3.963389e+01,1.699691e+02
1.185152e+06,1.371704e+01,3.603245e+04,4.170423e-01,9.477652e-01,9.475273e-01,3.045993e-04,1.085407e-08,3.798321e+01,7.997448e+00,2.998576e+01,3.963583e+01,1.699731e+02
1.185162e+06,1.371716e+01,3.604245e+04,4.171580e-01,9.477584e-01,9.475274e-01,3.047078e-04,1.085407e-08,3.798483e+01,7.997448e+00,2.998739e+01,3.963777e+01,1.699771e+02
1.185172e+06,1.371727e+01,3.605245e+04,4.172738e-01,9.477517e-01,9.475275e-01,3.048163e-04,1.085407e-08,3.798646e+01,7.997448e+00,2.998901e+01,3.963971e+01,1.699811e+02
1.185182e+06,1.371739e+01,3.606246e+04,4.173895e-01,9.477450e-01,9.475276e-01,3.049249e-04,1.085407e-08,3.798809e+01,7.997448e+00,2.999064e+01,3.964166e+01,1.699851e+02
1.185192e+06,1.371751e+01,3.607246e+04,4.175053e-01,9.477383e-01,9.475277e-01,3.050334e-04,1.085407e-08,3.798971e+01,7.997448e+00,2.999227e+01,3.964360e+01,1.699891e+02
1.185202e+06,1.371762e+01,3.608246e+04,4.176210e-01,9.477315e-01,9.475278e-01,3.051420e-04,1.085407e-08,3.799134e+01,7.997448e+00,2.999389e+01,3.964554e+01,1.699931e+02
1.185212e+06,1.371774e+01,3.609246e+04,4.177368e-01,9.477239e-01,9.475279e-01,3.052505e-04,1.085407e-08,3.799297e+01,7.997448e+00,2.999552e+01,3.964751e+01,1.699971e+02
1.185222e+06,1.371785e+01,3.610246e+04,4.178525e-01,9.477131e-01,9.475280e-01,3.053591e-04,1.085407e-08,3.799421e+01,7.997448e+00,2.999676e+01,3.964918e+01,1.700000e+02
1.185232e+06,1.371797e+01,3.611246e+04,4.179683e-01,9.477000e-01,9.475281e-01,3.054676e-04,1.085406e-08,3.799447e+01,7.997448e+00,2.999702e+01,3.964989e+01,1.700000e+02
1.185242e+06,1.371808e+01,3.612246e+04,4.180840e-01,9.476869e-01,9.475282e-01,3.055762e-04,1.085406e-08,3.799472e+01,7.997448e+00,2.999727e+01,3.965059e+01,1.700000e+02
1.185252e+06,1.371820e+01,3.613246e+04,4.181998e-01,9.476739e-01,9.475283e-01,3.056847e-04,1.085406e-08,3.799498e+01,7.997448e+00,2.999753e+01,3.965130e+01,1.700000e+02
1.185262e+06,1.371832e+01,3.614246e+04,4.183155e-01,9.476608e-01,9.475284e-01,3.057933e-04,1.085406e-08,3.799523e+01,7.997448e+00,2.999779e+01,3.965201e+01,1.700000e+02
1.185272e+06,1.371843e+01,3.615246e+04,4.184313e-01,9.476477e-01,9.475285e-01,3.059018e-04,1.085406e-08,3.799549e+01,7.997448e+00,2.999804e+01,3.965272e+01,1.700000e+02
1.185282e+06,1.371855e+01,3.616246e+04,4.185470e-01,9.476346e-01,9.475286e-01,3.060104e-04,1.085406e-08,3.799575e+01,7.997448e+00,2.999830e+01,3.965342e+01,1.700000e+02
1.185292e+06,1.371866e+01,3.617246e+04,4.186628e-01,9.476215e-01,9.475287e-01,3.061189e-04,1.085406e-08,3.799600e+01,7.997448e+00,2.999855e+01,3.965413e+01,1.700000e+02
1.185302e+06,1.371878e+01,3.618246e+04,4.187785e-01,9.476085e-01,9.475288e-01,3.062275e-04,1.085406e-08,3.799626e+01,7.997448e+00,2.999881e+01,3.965484e+01,1.700000e+02
1.185312e+06,1.371889e+01,3.619246e+04,4.188943e-01,9.475954e-01,9.475289e-01,3.063360e-04,1.085406e-08,3.799651e+01,7.997448e+00,2.999907e+01,3.965554e+01,1.700000e+02
1.185322e+06,1.371901e+01,3.620246e+04,4.190100e-01,9.475823e-01,9.475290e-01,3.064446e-04,1.085405e-08,3.799677e+01,7.997448e+00,2.999932e+01,3.965625e+01,1.700000e+02
1.185332e+06,1.371913e+01,3.621247e+04,4.191258e-01,9.475692e-01,9.475291e-01,3.065531e-04,1.085405e-08,3.799703e+01,7.997448e+00,2.999958e+01,3.965696e+01,1.700000e+02
1.185342e+06,1.371924e+01,3.622247e+04,4.192415e-01,9.475562e-01,9.475292e-01,3.066617e-04,1.085405e-08,3.799728e+01,7.997448e+00,2.999983e+01,3.965767e+01,1.700000e+02
1.185352e+06,1.371936e+01,3.623247e+04,4.193573e-01,9.475431e-01,9.475293e-01,3.067702e-04,1.085405e-08,3.799754e+01,7.997448e+00,3.000009e+01,3.965837e+01,1.700000e+02
1.185362e+06,1.371947e+01,3.624247e+04,4.194730e-01,9.475300e-01,9.475294e-01,3.068788e-04,1.085405e-08,3.799779e+01,7.997448e+00,3.000035e+01,3.965908e+01,1.700000e+02
1.185372e+06,1.371959e+01,3.625247e+04,4.195888e-01,9.475169e-01,9.475295e-01,3.069873e-04,1.085405e-08,3.799805e+01,7.997448e+00,3.000060e+01,3.965979e+01,1.700000e+02
1.185382e+06,1.371970e+01,3.626247e+04,4.197045e-01,9.475038e-01,9.475297e-01,3.070959e-04,1.085405e-08,3.799831e+01,7.997448e+00,3.000086e+01,3.966049e+01,1.700000e+02
1.185392e+06,1.371982e+01,3.627247e+04,4.198202e-01,9.474908e-01,9.475298e-01,3.072044e-04,1.085405e-08,3.799856e+01,7.997448e+00,3.000111e+01,3.966120e+01,1.700000e+02
1.185402e+06,1.371994e+01,3.628247e+04,4.199360e-01,9.474777e-01,9.475299e-01,3.073129e-04,1.085404e-08,3.799882e+01,7.997448e+00,3.000137e+01,3.966191e+01,1.700000e+02
1.185412e+06,1.372005e+01,3.629247e+04,4.200517e-01,9.474646e-01,9.475300e-01,3.074215e-04,1.085404e-08,3.799907e+01,7.997448e+00,3.000163e+01,3.966262e+01,1.700000e+02
1.185422e+06,1.372017e+01,3.630247e+04,4.201675e-01,9.474515e-01,9.475301e-01,3.075300e-04,1.085404e-08,3.799933e+01,7.997448e+00,3.000188e+01,3.966332e+01,1.700000e+02
1.185432e+06,1.372028e+01,3.631247e+04,4.202832e-01,9.474384e-01,9.475302e-01,3.076386e-04,1.085404e-08,3.799959e+01,7.997448e+00,3.000214e+01,3.966403e+01,1.700000e+02
1.185442e+06,1.372040e+01,3.632247e+04,4.203990e-01,9.474254e-01,9.475303e-01,3.077471e-04,1.085404e-08,3.799984e+01,7.997448e+00,3.000239e+01,3.966474e+01,1.700000e+02
1.185452e+06,1.372051e+01,3.633247e+04,4.205147e-01,9.474123e-01,9.475304e-01,3.078557e-04,1.085404e-08,3.800010e+01,7.997448e+00,3.000265e+01,3.966545e+01,1.700000e+02
1.185462e+06,1.372063e+01,3.634247e+04,4.206305e-01,9.473992e-01,9.475305e-01,3.079642e-04,1.085404e-08,3.800035e+01,7.997448e+00,3.000291e+01,3.966615e+01,1.700000e+02
1.185472e+06,1.372075e+01,3.635247e+04,4.207462e-01,9.473902e-01,9.475306e-01,3.080728e-04,1.085404e-08,3.800044e+01,7.997448e+00,3.000299e+01,3.966654e+01,1.700000e+02
1.185482e+06,1.372086e+01,3.636248e+04,4.208620e-01,9.473950e-01,9.475307e-01,3.081813e-04,1.085404e-08,3.799992e+01,7.997448e+00,3.000248e+01,3.966584e+01,1.700000e+02
1.185492e+06,1.372098e+01,3.637248e+04,4.209777e-01,9.473999e-01,9.475308e-01,3.082899e-04,1.085403e-08,3.799941e+01,7.997448e+00,3.000196e+01,3.966514e+01,1.700000e+02
1.185502e+06,1.372109e+01,3.638248e+04,4.210935e-01,9.474047e-01,9.475309e-01,3.083984e-04,1.085403e-08,3.799890e+01,7.997448e+00,3.000145e+01,3.966443e+01,1.700000e+02
1.185512e+06,1.372121e+01,3.639248e+04,4.212092e-01,9.474096e-01,9.475310e-01,3.085070e-04,1.085403e-08,3.799839e+01,7.997448e+00,3.000094e+01,3.966373e+01,1.700000e+02
1.185522e+06,1.372132e+01,3.640248e+04,4.213250e-01,9.474144e-01,9.475311e-01,3.086155e-04,1.085403e-08,3.799788e+01,7.997448e+00,3.000043e+01,3.966303e+01,1.700000e+02
1.185532e+06,1.372144e+01,3.641248e+04,4.214407e-01,9.474192e-01,9.475312e-01,3.087241e-04,1.085403e-08,3.799736e+01,7.997448e+00,2.999992e+01,3.966233e+01,1.700000e+02
1.185542e+06,1.372156e+01,3.642248e+04,4.215565e-01,9.474241e-01,9.475313e-01,3.088326e-04,1.085403e-08,3.799685e+01,7.997448e+00,2.999940e+01,3.966163e+01,1.700000e+02
1.185552e+06,1.372167e+01,3.643248e+04,4.216722e-01,9.474289e-01,9.475314e-01,3.089412e-04,1.085403e-08,3.799634e+01,7.997448e+00,2.999889e+01,3.966092e+01,1.700000e+02
1.185562e+06,1.372179e+01,3.644248e+04,4.217880e-01,9.474338e-01,9.475315e-01,3.090497e-04,1.085403e-08,3.799583e+01,7.997448e+00,2.999838e+01,3.966022e+01,1.700000e+02
1.185572e+06,1.372190e+01,3.645248e+04,4.219037e-01,9.474386e-01,9.475316e-01,3.091583e-04,1.085402e-08,3.799532e+01,7.997448e+00,2.999787e+01,3.965952e+01,1.700000e+02
1.185582e+06,1.372202e+01,3.646248e+04,4.220195e-01,9.474434e-01,9.475317e-01,3.092668e-04,1.085402e-08,3.799480e+01,7.997448e+00,2.999736e+01,3.965882e+01,1.700000e+02
1.185592e+06,1.372214e+01,3.647248e+04,4.221352e-01,9.474483e-01,9.475318e-01,3.093754e-04,1.085402e-08,3.799429e+01,7.997448e+00,2.999684e+01,3.965811e+01,1.700000e+02
1.185602e+06,1.372225e+01,3.648248e+04,4.222510e-01,9.474531e-01,9.475319e-01,3.094839e-04,1.085402e-08,3.799378e+01,7.997448e+00,2.999633e+01,3.965741e+01,1.700000e+02
1.185612e+06,1.372237e+01,3.649248e+04,4.223667e-01,9.474580e-01,9.475320e-01,3.095925e-04,1.085402e-08,3.799327e+01,7.997448e+00,2.999582e+01,3.965671e+01,1.700000e+02
1.185622e+06,1.372248e+01,3.650249e+04,4.224825e-01,9.474628e-01,9.475321e-01,3.097010e-04,1.085402e-08,3.799276e+01,7.997448e+00,2.999531e+01,3.965601e+01,1.700000e+02
1.185632e+06,1.372260e+01,3.651249e+04,4.225982e-01,9.474676e-01,9.475322e-01,3.098095e-04,1.085402e-08,3.799224e+01,7.997448e+00,2.999480e+01,3.965531e+01,1.700000e+02
1.185642e+06,1.372271e+01,3.652249e+04,4.227140e-01,9.474725e-01,9.475323e-01,3.099181e-04,1.085402e-08,3.799173e+01,7.997448e+00,2.999428e+01,3.965460e+01,1.700000e+02
1.185652e+06,1.372283e+01,3.653249e+04,4.228297e-01,9.474773e-01,9.475324e-01,3.100266e-04,1.085402e-08,3.799122e+01,7.997448e+00,2.999377e+01,3.965390e+01,1.700000e+02
1.185662e+06,1.372295e+01,3.654249e+04,4.229455e-01,9.474821e-01,9.475325e-01,3.101352e-04,1.085401e-08,3.799071e+01,7.997448e+00,2.999326e+01,3.965320e+01,1.700000e+02
1.185672e+06,1.372306e+01,3.655249e+04,4.230612e-01,9.474870e-01,9.475326e-01,3.102437e-04,1.085401e-08,3.799020e+01,7.997448e+00,2.999275e+01,3.965250e+01,1.700000e+02
1.185682e+06,1.372318e+01,3.656249e+04,4.231770e-01,9.474918e-01,9.475327e-01,3.103523e-04,1.085401e-08,3.798968e+01,7.997448e+00,2.999224e+01,3.965180e+01,1.700000e+02
1.185692e+06,1.372329e+01,3.657249e+04,4.232927e-01,9.474967e-01,9.475328e-01,3.104608e-04,1.085401e-08,3.798917e+01,7.997448e+00,2.999172e+01,3.965109e+01,1.700000e+02
1.185702e+06,1.372341e+01,3.658249e+04,4.234085e-01,9.475015e-01,9.475329e-01,3.105694e-04,1.085401e-08,3.798866e+01,7.997448e+00,2.999121e+01,3.965039e+01,1.700000e+02
1.185712e+06,1.372352e+01,3.659249e+04,4.235242e-01,9.475063e-01,9.475330e-01,3.106779e-04,1.085401e-08,3.798815e+01,7.997448e+00,2.999070e+01,3.964969e+01,1.700000e+02
1.185722e+06,1.372364e+01,3.660249e+04,4.236400e-01,9.475100e-01,9.475331e-01,3.107865e-04,1.085401e-08,3.798781e+01,7.997448e+00,2.999036e+01,3.964921e+01,1.700000e+02
1.185732e+06,1.372376e+01,3.661249e+04,4.237557e-01,9.475083e-01,9.475333e-01,3.108950e-04,1.085401e-08,3.798833e+01,7.997448e+00,2.999088e+01,3.964982e+01,1.700000e+02
1.185742e+06,1.372387e+01,3.662249e+04,4.238715e-01,9.475065e-01,9.475334e-01,3.110036e-04,1.085400e-08,3.798884e+01,7.997448e+00,2.999140e+01,3.965042e+01,1.700000e+02
1.185752e+06,1.372399e+01,3.663249e+04,4.239872e-01,9.475048e-01,9.475335e-01,3.111121e-04,1.085400e-08,3.798936e+01,7.997448e+00,2.999191e+01,3.965102e+01,1.700000e+02
1.185762e+06,1.372410e+01,3.664249e+04,4.241029e-01,9.475030e-01,9.475336e-01,3.112207e-04,1.085400e-08,3.798988e+01,7.997448e+00,2.999243e+01,3.965162e+01,1.700000e+02
1.185772e+06,1.372422e+01,3.665250e+04,4.242187e-01,9.475012e-01,9.475337e-01,3.113292e-04,1.085400e-08,3.799039e+01,7.997448e+00,2.999294e+01,3.965223e+01,1.700000e+02
1.185782e+06,1.372433e+01,3.666250e+04,4.243344e-01,9.474995e-01,9.475338e-01,3.114378e-04,1.085400e-08,3.799091e+01,7.997448e+00,2.999346e+01,3.965283e+01,1.700000e+02
1.185792e+06,1.372445e+01,3.667250e+04,4.244502e-01,9.474977e-01,9.475339e-01,3.115463e-04,1.085400e-08,3.799142e+01,7.997448e+00,2.999397e+01,3.965343e+01,1.700000e+02
1.185802e+06,1.372457e+01,3.668250e+04,4.245659e-01,9.474959e-01,9.475340e-01,3.116549e-04,1.085400e-08,3.799194e+01,7.997448e+00,2.999449e+01,3.965404e+01,1.700000e+02
1.185812e+06,1.372468e+01,3.669250e+04,4.246817e-01,9.474942e-01,9.475341e-01,3.117634e-04,1.085400e-08,3.799245e+01,7.997448e+00,2.999500e+01,3.965464e+01,1.700000e+02
1.185822e+06,1.372480e+01,3.670250e+04,4.247974e-01,9.474924e-01,9.475342e-01,3.118719e-04,1.085400e-08,3.799297e+01,7.997448e+00,2.999552e+01,3.965524e+01,1.700000e+02
1.185832e+06,1.372491e+01,3.671250e+04,4.249132e-01,9.474907e-01,9.475343e-01,3.119805e-04,1.085399e-08,3.799348e+01,7.997448e+00,2.999604e+01,3.965585e+01,1.700000e+02
1.185843e+06,1.372503e+01,3.672250e+04,4.250289e-01,9.474889e-01,9.475344e-01,3.120890e-04,1.085399e-08,3.799400e+01,7.997448e+00,2.999655e+01,3.965645e+01,1.700000e+02
1.185853e+06,1.372514e+01,3.673250e+04,4.251447e-01,9.474871e-01,9.475345e-01,3.121976e-04,1.085399e-08,3.799452e+01,7.997448e+00,2.999707e+01,3.965705e+01,1.700000e+02
1.185863e+06,1.372526e+01,3.674250e+04,4.252604e-01,9.474854e-01,9.475346e-01,3.123061e-04,1.085399e-08,3.799503e+01,7.997448e+00,2.999758e+01,3.965765e+01,1.700000e+02
1.185873e+06,1.372538e+01,3.675250e+04,4.253762e-01,9.474836e-01,9.475347e-01,3.124147e-04,1.085399e-08,3.799555e+01,7.997448e+00,2.999810e+01,3.965826e+01,1.700000e+02
1.185883e+06,1.372549e+01,3.676250e+04,4.254919e-01,9.474818e-01,9.475348e-01,3.125232e-04,1.085399e-08,3.799606e+01,7.997448e+00,2.999861e+01,3.965886e+01,1.700000e+02
1.185893e+06,1.372561e+01,3.677250e+04,4.256077e-01,9.474801e-01,9.475349e-01,3.126318e-04,1.085399e-08,3.799658e+01,7.997448e+00,2.999913e+01,3.965946e+01,1.700000e+02
1.185903e+06,1.372572e+01,3.678250e+04,4.257234e-01,9.474783e-01,9.475350e-01,3.127403e-04,1.085399e-08,3.799709e+01,7.997448e+00,2.999964e+01,3.966007e+01,1.700000e+02
1.185913e+06,1.372584e+01,3.679250e+04,4.258392e-01,9.474766e-01,9.475351e-01,3.128489e-04,1.085398e-08,3.799761e+01,7.997448e+00,3.000016e+01,3.966067e+01,1.700000e+02
1.185923e+06,1.372595e+01,3.680251e+04,4.259549e-01,9.474748e-01,9.475352e-01,3.129574e-04,1.085398e-08,3.799812e+01,7.997448e+00,3.000068e+01,3.966127e+01,1.700000e+02
1.185933e+06,1.372607e+01,3.681251e+04,4.260707e-01,9.474730e-01,9.475353e-01,3.130660e-04,1.085398e-08,3.799864e+01,7.997448e+00,3.000119e+01,3.966188e+01,1.700000e+02
1.185943e+06,1.372619e+01,3.682251e+04,4.261864e-01,9.474713e-01,9.475354e-01,3.131745e-04,1.085398e-08,3.799916e+01,7.997448e+00,3.000171e+01,3.966248e+01,1.700000e+02
1.185953e+06,1.372630e+01,3.683251e+04,4.263022e-01,9.474695e-01,9.475355e-01,3.132831e-04,1.085398e-08,3.799967e+01,7.997448e+00,3.000222e+01,3.966308e+01,1.700000e+02
1.185963e+06,1.372642e+01,3.684251e+04,4.264179e-01,9.474696e-01,9.475356e-01,3.133916e-04,1.085398e-08,3.800019e+01,7.997448e+00,3.000274e+01,3.966362e+01,1.700000e+02
1.185973e+06,1.372653e+01,3.685251e+04,4.265337e-01,9.474789e-01,9.475357e-01,3.135002e-04,1.085398e-08,3.800040e+01,7.997522e+00,3.000288e+01,3.966354e+01,1.700023e+02
1.185983e+06,1.372665e+01,3.686251e+04,4.266494e-01,9.474999e-01,9.475358e-01,3.136087e-04,1.085398e-08,3.799989e+01,7.997774e+00,3.000212e+01,3.966228e+01,1.700103e+02
1.185993e+06,1.372677e+01,3.687251e+04,4.267652e-01,9.475208e-01,9.475359e-01,3.137173e-04,1.085398e-08,3.799938e+01,7.998026e+00,3.000136e+01,3.966103e+01,1.700182e+02
1.186003e+06,1.372688e+01,3.688251e+04,4.268809e-01,9.475418e-01,9.475360e-01,3.138258e-04,1.085397e-08,3.799887e+01,7.998279e+00,3.000059e+01,3.965978e+01,1.700262e+02
1.186013e+06,1.372700e+01,3.689251e+04,4.269967e-01,9.475627e-01,9.475361e-01,3.139343e-04,1.085397e-08,3.799836e+01,7.998531e+00,2.999983e+01,3.965853e+01,1.700341e+02
1.186023e+06,1.372711e+01,3.690251e+04,4.271124e-01,9.475836e-01,9.475362e-01,3.140429e-04,1.085397e-08,3.799785e+01,7.998784e+00,2.999907e+01,3.965728e+01,1.700421e+02
1.186033e+06,1.372723e+01,3.691251e+04,4.272282e-01,9.476046e-01,9.475363e-01,3.141514e-04,1.085397e-08,3.799734e+01,7.999036e+00,2.999831e+01,3.965602e+01,1.700500e+02
1.186043e+06,1.372734e+01,3.692251e+04,4.273439e-01,9.476255e-01,9.475364e-01,3.142600e-04,1.085397e-08,3.799683e+01,7.999288e+00,2.999754e+01,3.965477e+01,1.700580e+02
1.186053e+06,1.372746e+01,3.693251e+04,4.274597e-01,9.476465e-01,9.475365e-01,3.143685e-04,1.085397e-08,3.799632e+01,7.999541e+00,2.999678e+01,3.965352e+01,1.700660e+02
1.186063e+06,1.372758e+01,3.694252e+04,4.275754e-01,9.476674e-01,9.475366e-01,3.144771e-04,1.085397e-08,3.799581e+01,7.999793e+00,2.999602e+01,3.965227e+01,1.700739e+02
1.186073e+06,1.372769e+01,3.695252e+04,4.276912e-01,9.476883e-01,9.475367e-01,3.145856e-04,1.085397e-08,3.799530e+01,8.000045e+00,2.999526e+01,3.965102e+01,1.700819e+02
1.186083e+06,1.372781e+01,3.696252e+04,4.278069e-01,9.477093e-01,9.475369e-01,3.146942e-04,1.085396e-08,3.799479e+01,8.000298e+00,2.999449e+01,3.964976e+01,1.700898e+02
1.186093e+06,1.372792e+01,3.697252e+04,4.279227e-01,9.477302e-01,9.475370e-01,3.148027e-04,1.085396e-08,3.799428e+01,8.000550e+00,2.999373e+01,3.964851e+01,1.700978e+02
1.186103e+06,1.372804e+01,3.698252e+04,4.280384e-01,9.477511e-01,9.475371e-01,3.149113e-04,1.085396e-08,3.799377e+01,8.000803e+00,2.999297e+01,3.964726e+01,1.701057e+02
1.186113e+06,1.372815e+01,3.699252e+04,4.281541e-01,9.477721e-01,9.475372e-01,3.150198e-04,1.085396e-08,3.799326e+01,8.001055e+00,2.999221e+01,3.964601e+01,1.701137e+02
1.186123e+06,1.372827e+01,3.700252e+04,4.282699e-01,9.477930e-01,9.475373e-01,3.151284e-04,1.085396e-08,3.799275e+01,8.001307e+00,2.999144e+01,3.964476e+01,1.701216e+02
1.186133e+06,1.372839e+01,3.701252e+04,4.283856e-01,9.478140e-01,9.475374e-01,3.152369e-04,1.085396e-08,3.799224e+01,8.001560e+00,2.999068e+01,3.964351e+01,1.701296e+02
1.186143e+06,1.372850e+01,3.702252e+04,4.285014e-01,9.478349e-01,9.475375e-01,3.153455e-04,1.085396e-08,3.799173e+01,8.001812e+00,2.998992e+01,3.964226e+01,1.701376e+02
1.186153e+06,1.372862e+01,3.703252e+04,4.286171e-01,9.478558e-01,9.475376e-01,3.154540e-04,1.085396e-08,3.799122e+01,8.002064e+00,2.998915e+01,3.964101e+01,1.701455e+02
1.186163e+06,1.372873e+01,3.704252e+04,4.287329e-01,9.478768e-01,9.475377e-01,3.155626e-04,1.085396e-08,3.799071e+01,8.002317e+00,2.998839e+01,3.963975e+01,1.701535e+02
1.186173e+06,1.372885e+01,3.705252e+04,4.288486e-01,9.478977e-01,9.475378e-01,3.156711e-04,1.085395e-08,3.799020e+01,8.002569e+00,2.998763e+01,3.963850e+01,1.701614e+02
1.186183e+06,1.372896e+01,3.706252e+04,4.289644e-01,9.479187e-01,9.475379e-01,3.157796e-04,1.085395e-08,3.798969e+01,8.002822e+00,2.998687e+01,3.963725e+01,1.701694e+02
1.186193e+06,1.372908e+01,3.707252e+04,4.290801e-01,9.479396e-01,9.475380e-01,3.158882e-04,1.085395e-08,3.798918e+01,8.003074e+00,2.998610e+01,3.963600e+01,1.701773e+02
1.186203e+06,1.372920e+01,3.708252e+04,4.291959e-01,9.479605e-01,9.475381e-01,3.159967e-04,1.085395e-08,3.798867e+01,8.003326e+00,2.998534e+01,3.963475e+01,1.701853e+02
1.186213e+06,1.372931e+01,3.709253e+04,4.293116e-01,9.479805e-01,9.475382e-01,3.161053e-04,1.085395e-08,3.798816e+01,8.003579e+00,2.998458e+01,3.963353e+01,1.701932e+02
1.186223e+06,1.372943e+01,3.710253e+04,4.294274e-01,9.479908e-01,9.475383e-01,3.162138e-04,1.085395e-08,3.798772e+01,8.003755e+00,2.998397e+01,3.963272e+01,1.702000e+02
1.186233e+06,1.372954e+01,3.711253e+04,4.295431e-01,9.479768e-01,9.475384e-01,3.163224e-04,1.085395e-08,3.798772e+01,8.003500e+00,2.998422e+01,3.963320e+01,1.702000e+02
1.186243e+06,1.372966e+01,3.712253e+04,4.296589e-01,9.479628e-01,9.475385e-01,3.164309e-04,1.085395e-08,3.798772e+01,8.003245e+00,2.998448e+01,3.963368e+01,1.702000e+02
1.186253e+06,1.372977e+01,3.713253e+04,4.297746e-01,9.479488e-01,9.475386e-01,3.165395e-04,1.085394e-08,3.798772e+01,8.002990e+00,2.998473e+01,3.963416e+01,1.702000e+02
1.186263e+06,1.372989e+01,3.714253e+04,4.298904e-01,9.479348e-01,9.475387e-01,3.166480e-04,1.085394e-08,3.798772e+01,8.002735e+00,2.998499e+01,3.963465e+01,1.702000e+02
1.186273e+06,1.373001e+01,3.715253e+04,4.300061e-01,9.479208e-01,9.475388e-01,3.167566e-04,1.085394e-08,3.798772e+01,8.002480e+00,2.998524e+01,3.963513e+01,1.702000e+02
1.186283e+06,1.373012e+01,3.716253e+04,4.301219e-01,9.479068e-01,9.475389e-01,3.168651e-04,1.085394e-08,3.798772e+01,8.002225e+00,2.998550e+01,3.963561e+01,1.702000e+02
1.186293e+06,1.373024e+01,3.717253e+04,4.302376e-01,9.478928e-01,9.475390e-01,3.169737e-04,1.085394e-08,3.798772e+01,8.001970e+00,2.998575e+01,3.963609e+01,1.702000e+02
1.186303e+06,1.373035e+01,3.718253e+04,4.303534e-01,9.478788e-01,9.475391e-01,3.170822e-04,1.085394e-08,3.798772e+01,8.001715e+00,2.998601e+01,3.963657e+01,1.702000e+02
1.186313e+06,1.373047e+01,3.719253e+04,4.304691e-01,9.478648e-01,9.475392e-01,3.171908e-04,1.085394e-08,3.798772e+01,8.001460e+00,2.998626e+01,3.963705e+01,1.702000e+02
1.186323e+06,1.373058e+01,3.720253e+04,4.305849e-01,9.478508e-01,9.475393e-01,3.172993e-04,1.085394e-08,3.798772e+01,8.001205e+00,2.998652e+01,3.963753e+01,1.702000e+02
1.186333e+06,1.373070e+01,3.721253e+04,4.307006e-01,9.478368e-01,9.475394e-01,3.174078e-04,1.085394e-08,3.798772e+01,8.000950e+00,2.998677e+01,3.963801e+01,1.702000e+02
1.186343e+06,1.373082e+01,3.722253e+04,4.308164e-01,9.478228e-01,9.475395e-01,3.175164e-04,1.085393e-08,3.798772e+01,8.000695e+00,2.998703e+01,3.963849e+01,1.702000e+02
1.186353e+06,1.373093e+01,3.723253e+04,4.309321e-01,9.478088e-01,9.475396e-01,3.176249e-04,1.085393e-08,3.798772e+01,8.000440e+00,2.998728e+01,3.963898e+01,1.702000e+02
1.186363e+06,1.373105e+01,3.724254e+04,4.310479e-01,9.477948e-01,9.475397e-01,3.177335e-04,1.085393e-08,3.798772e+01,8.000185e+00,2.998754e+01,3.963946e+01,1.702000e+02
1.186373e+06,1.373116e+01,3.725254e+04,4.311636e-01,9.477808e-01,9.475398e-01,3.178420e-04,1.085393e-08,3.798772e+01,7.999930e+00,2.998779e+01,3.963994e+01,1.702000e+02
1.186383e+06,1.373128e+01,3.726254e+04,4.312794e-01,9.477668e-01,9.475399e-01,3.179506e-04,1.085393e-08,3.798772e+01,7.999675e+00,2.998805e+01,3.964042e+01,1.702000e+02
1.186393e+06,1.373140e+01,3.727254e+04,4.313951e-01,9.477528e-01,9.475400e-01,3.180591e-04,1.085393e-08,3.798772e+01,7.999420e+00,2.998830e+01,3.964090e+01,1.702000e+02
1.186403e+06,1.373151e+01,3.728254e+04,4.315109e-01,9.477389e-01,9.475401e-01,3.181677e-04,1.085393e-08,3.798772e+01,7.999165e+00,2.998856e+01,3.964138e+01,1.702000e+02
1.186413e+06,1.373163e+01,3.729254e+04,4.316266e-01,9.477249e-01,9.475402e-01,3.182762e-04,1.085393e-08,3.798772e+01,7.998910e+00,2.998881e+01,3.964186e+01,1.702000e+02
1.186423e+06,1.373174e+01,3.730254e+04,4.317424e-01,9.477109e-01,9.475403e-01,3.183848e-04,1.085392e-08,3.798772e+01,7.998655e+00,2.998907e+01,3.964235e+01,1.702000e+02
1.186433e+06,1.373186e+01,3.731254e+04,4.318581e-01,9.476969e-01,9.475405e-01,3.184933e-04,1.085392e-08,3.798772e+01,7.998400e+00,2.998932e+01,3.964283e+01,1.702000e+02
1.186443e+06,1.373197e+01,3.732254e+04,4.319739e-01,9.476829e-01,9.475406e-01,3.186019e-04,1.085392e-08,3.798772e+01,7.998145e+00,2.998958e+01,3.964331e+01,1.702000e+02
1.186453e+06,1.373209e+01,3.733254e+04,4.320896e-01,9.476689e-01,9.475407e-01,3.187104e-04,1.085392e-08,3.798772e+01,7.997890e+00,2.998983e+01,3.964379e+01,1.702000e+02
1.186463e+06,1.373221e+01,3.734254e+04,4.322054e-01,9.476532e-01,9.475408e-01,3.188190e-04,1.085392e-08,3.798772e+01,7.997635e+00,2.999009e+01,3.964433e+01,1.702000e+02
1.186473e+06,1.373232e+01,3.735254e+04,4.323211e-01,9.476351e-01,9.475409e-01,3.189275e-04,1.085392e-08,3.798786e+01,7.997448e+00,2.999041e+01,3.964509e+01,1.701979e+02
1.186483e+06,1.373244e+01,3.736254e+04,4.324368e-01,9.476232e-01,9.475410e-01,3.190360e-04,1.085392e-08,3.798837e+01,7.997448e+00,2.999092e+01,3.964602e+01,1.701899e+02
1.186493e+06,1.373255e+01,3.737254e+04,4.325526e-01,9.476113e-01,9.475411e-01,3.191446e-04,1.085392e-08,3.798888e+01,7.997448e+00,2.999143e+01,3.964696e+01,1.701820e+02
1.186503e+06,1.373267e+01,3.738255e+04,4.326683e-01,9.475993e-01,9.475412e-01,3.192531e-04,1.085392e-08,3.798939e+01,7.997448e+00,2.999194e+01,3.964790e+01,1.701740e+02
1.186513e+06,1.373278e+01,3.739255e+04,4.327841e-01,9.475874e-01,9.475413e-01,3.193617e-04,1.085391e-08,3.798990e+01,7.997448e+00,2.999245e+01,3.964883e+01,1.701660e+02
1.186523e+06,1.373290e+01,3.740255e+04,4.328998e-01,9.475755e-01,9.475414e-01,3.194702e-04,1.085391e-08,3.799041e+01,7.997448e+00,2.999296e+01,3.964977e+01,1.701581e+02
1.186533e+06,1.373302e+01,3.741255e+04,4.330156e-01,9.475636e-01,9.475415e-01,3.195788e-04,1.085391e-08,3.799092e+01,7.997448e+00,2.999347e+01,3.965070e+01,1.701501e+02
1.186543e+06,1.373313e+01,3.742255e+04,4.331313e-01,9.475517e-01,9.475416e-01,3.196873e-04,1.085391e-08,3.799143e+01,7.997448e+00,2.999398e+01,3.965164e+01,1.701422e+02
1.186553e+06,1.373325e+01,3.743255e+04,4.332471e-01,9.475398e-01,9.475417e-01,3.197959e-04,1.085391e-08,3.799194e+01,7.997448e+00,2.999449e+01,3.965258e+01,1.701342e+02
1.186563e+06,1.373336e+01,3.744255e+04,4.333628e-01,9.475279e-01,9.475418e-01,3.199044e-04,1.085391e-08,3.799245e+01,7.997448e+00,2.999501e+01,3.965351e+01,1.701263e+02
1.186573e+06,1.373348e+01,3.745255e+04,4.334786e-01,9.475160e-01,9.475419e-01,3.200130e-04,1.085391e-08,3.799296e+01,7.997448e+00,2.999552e+01,3.965445e+01,1.701183e+02
1.186583e+06,1.373359e+01,3.746255e+04,4.335943e-01,9.475041e-01,9.475420e-01,3.201215e-04,1.085391e-08,3.799347e+01,7.997448e+00,2.999603e+01,3.965539e+01,1.701104e+02
1.186593e+06,1.373371e+01,3.747255e+04,4.337101e-01,9.474922e-01,9.475421e-01,3.202301e-04,1.085390e-08,3.799398e+01,7.997448e+00,2.999654e+01,3.965632e+01,1.701024e+02
1.186603e+06,1.373383e+01,3.748255e+04,4.338258e-01,9.474803e-01,9.475422e-01,3.203386e-04,1.085390e-08,3.799449e+01,7.997448e+00,2.999705e+01,3.965726e+01,1.700944e+02
1.186613e+06,1.373394e+01,3.749255e+04,4.339416e-01,9.474684e-01,9.475423e-01,3.204472e-04,1.085390e-08,3.799500e+01,7.997448e+00,2.999756e+01,3.965820e+01,1.700865e+02
1.186623e+06,1.373406e+01,3.750255e+04,4.340573e-01,9.474564e-01,9.475424e-01,3.205557e-04,1.085390e-08,3.799551e+01,7.997448e+00,2.999807e+01,3.965913e+01,1.700785e+02
1.186633e+06,1.373417e+01,3.751255e+04,4.341731e-01,9.474445e-01,9.475425e-01,3.206642e-04,1.085390e-08,3.799602e+01,7.997448e+00,2.999858e+01,3.966007e+01,1.700706e+02
1.186643e+06,1.373429e+01,3.752255e+04,4.342888e-01,9.474326e-01,9.475426e-01,3.207728e-04,1.085390e-08,3.799654e+01,7.997448e+00,2.999909e+01,3.966100e+01,1.700626e+02
1.186653e+06,1.373440e+01,3.753256e+04,4.344046e-01,9.474207e-01,9.475427e-01,3.208813e-04,1.085390e-08,3.799705e+01,7.997448e+00,2.999960e+01,3.966194e+01,1.700547e+02
1.186663e+06,1.373452e+01,3.754256e+04,4.345203e-01,9.474088e-01,9.475428e-01,3.209899e-04,1.085390e-08,3.799756e+01,7.997448e+00,3.000011e+01,3.966288e+01,1.700467e+02
1.186673e+06,1.373464e+01,3.755256e+04,4.346361e-01,9.473969e-01,9.475429e-01,3.210984e-04,1.085390e-08,3.799807e+01,7.997448e+00,3.000062e+01,3.966381e+01,1.700388e+02
1.186683e+06,1.373475e+01,3.756256e+04,4.347518e-01,9.473850e-01,9.475430e-01,3.212070e-04,1.085389e-08,3.799858e+01,7.997448e+00,3.000113e+01,3.966475e+01,1.700308e+02
1.186693e+06,1.373487e+01,3.757256e+04,4.348676e-01,9.473731e-01,9.475431e-01,3.213155e-04,1.085389e-08,3.799909e+01,7.997448e+00,3.000164e+01,3.966569e+01,1.700228e+02
1.186703e+06,1.373498e+01,3.758256e+04,4.349833e-01,9.473612e-01,9.475432e-01,3.214241e-04,1.085389e-08,3.799960e+01,7.997448e+00,3.000215e+01,3.966662e+01,1.700149e+02
1.186713e+06,1.373510e+01,3.759256e+04,4.350991e-01,9.473505e-01,9.475433e-01,3.215326e-04,1.085389e-08,3.800011e+01,7.997448e+00,3.000266e+01,3.966752e+01,1.700069e+02
1.186723e+06,1.373521e+01,3.760256e+04,4.352148e-01,9.473495e-01,9.475434e-01,3.216412e-04,1.085389e-08,3.800049e+01,7.997448e+00,3.000304e+01,3.966795e+01,1.700005e+02
1.186733e+06,1.373533e+01,3.761256e+04,4.353306e-01,9.473579e-01,9.475435e-01,3.217497e-04,1.085389e-08,3.799997e+01,7.997448e+00,3.000252e+01,3.966713e+01,1.700045e+02
1.186743e+06,1.373545e+01,3.762256e+04,4.354463e-01,9.473664e-01,9.475436e-01,3.218583e-04,1.085389e-08,3.799945e+01,7.997448e+00,3.000201e+01,3.966630e+01,1.700086e+02
1.186753e+06,1.373556e+01,3.763256e+04,4.355621e-01,9.473748e-01,9.475437e-01,3.219668e-04,1.085389e-08,3.799894e+01,7.997448e+00,3.000149e+01,3.966548e+01,1.700126e+02
1.186763e+06,1.373568e+01,3.764256e+04,4.356778e-01,9.473832e-01,9.475438e-01,3.220753e-04,1.085388e-08,3.799842e+01,7.997448e+00,3.000098e+01,3.966465e+01,1.700166e+02
1.186773e+06,1.373579e+01,3.765256e+04,4.357936e-01,9.473916e-01,9.475439e-01,3.221839e-04,1.085388e-08,3.799791e+01,7.997448e+00,3.000046e+01,3.966383e+01,1.700206e+02
1.186783e+06,1.373591e+01,3.766256e+04,4.359093e-01,9.474000e-01,9.475441e-01,3.222924e-04,1.085388e-08,3.799739e+01,7.997448e+00,2.999994e+01,3.966300e+01,1.700246e+02
1.186793e+06,1.373603e+01,3.767256e+04,4.360251e-01,9.474084e-01,9.475442e-01,3.224010e-04,1.085388e-08,3.799688e+01,7.997448e+00,2.999943e+01,3.966218e+01,1.700286e+02
1.186803e+06,1.373614e+01,3.768257e+04,4.361408e-01,9.474168e-01,9.475443e-01,3.225095e-04,1.085388e-08,3.799636e+01,7.997448e+00,2.999891e+01,3.966135e+01,1.700327e+02
1.186813e+06,1.373626e+01,3.769257e+04,4.362566e-01,9.474252e-01,9.475444e-01,3.226181e-04,1.085388e-08,3.799585e+01,7.997448e+00,2.999840e+01,3.966053e+01,1.700367e+02
1.186823e+06,1.373637e+01,3.770257e+04,4.363723e-01,9.474336e-01,9.475445e-01,3.227266e-04,1.085388e-08,3.799533e+01,7.997448e+00,2.999788e+01,3.965970e+01,1.700407e+02
1.186833e+06,1.373649e+01,3.771257e+04,4.364881e-01,9.474420e-01,9.475446e-01,3.228352e-04,1.085388e-08,3.799481e+01,7.997448e+00,2.999737e+01,3.965888e+01,1.700447e+02
1.186843e+06,1.373660e+01,3.772257e+04,4.366038e-01,9.474504e-01,9.475447e-01,3.229437e-04,1.085388e-08,3.799430e+01,7.997448e+00,2.999685e+01,3.965805e+01,1.700487e+02
1.186853e+06,1.373672e+01,3.773257e+04,4.367195e-01,9.474588e-01,9.475448e-01,3.230523e-04,1.085387e-08,3.799378e+01,7.997448e+00,2.999634e+01,3.965723e+01,1.700528e+02
1.186863e+06,1.373684e+01,3.774257e+04,4.368353e-01,9.474672e-01,9.475449e-01,3.231608e-04,1.085387e-08,3.799327e+01,7.997448e+00,2.999582e+01,3.965640e+01,1.700568e+02
1.186873e+06,1.373695e+01,3.775257e+04,4.369510e-01,9.474756e-01,9.475450e-01,3.232694e-04,1.085387e-08,3.799275e+01,7.997448e+00,2.999530e+01,3.965558e+01,1.700608e+02
1.186883e+06,1.373707e+01,3.776257e+04,4.370668e-01,9.474840e-01,9.475451e-01,3.233779e-04,1.085387e-08,3.799224e+01,7.997448e+00,2.999479e+01,3.965475e+01,1.700648e+02
1.186893e+06,1.373718e+01,3.777257e+04,4.371825e-01,9.474924e-01,9.475452e-01,3.234864e-04,1.085387e-08,3.799172e+01,7.997448e+00,2.999427e+01,3.965393e+01,1.700688e+02
1.186903e+06,1.373730e+01,3.778257e+04,4.372983e-01,9.475008e-01,9.475453e-01,3.235950e-04,1.085387e-08,3.799121e+01,7.997448e+00,2.999376e+01,3.965310e+01,1.700729e+02
1.186913e+06,1.373741e+01,3.779257e+04,4.374140e-01,9.475092e-01,9.475454e-01,3.237035e-04,1.085387e-08,3.799069e+01,7.997448e+00,2.999324e+01,3.965228e+01,1.700769e+02
1.186923e+06,1.373753e+01,3.780257e+04,4.375298e-01,9.475176e-01,9.475455e-01,3.238121e-04,1.085387e-08,3.799017e+01,7.997448e+00,2.999273e+01,3.965145e+01,1.700809e+02
1.186933e+06,1.373765e+01,3.781257e+04,4.376455e-01,9.475260e-01,9.475456e-01,3.239206e-04,1.085386e-08,3.798966e+01,7.997448e+00,2.999221e+01,3.965063e+01,1.700849e+02
1.186943e+06,1.373776e+01,3.782258e+04,4.377613e-01,9.475344e-01,9.475457e-01,3.240292e-04,1.085386e-08,3.798914e+01,7.997448e+00,2.999170e+01,3.964980e+01,1.700889e+02
1.186953e+06,1.373788e+01,3.783258e+04,4.378770e-01,9.475428e-01,9.475458e-01,3.241377e-04,1.085386e-08,3.798863e+01,7.997448e+00,2.999118e+01,3.964898e+01,1.700930e+02
1.186963e+06,1.373799e+01,3.784258e+04,4.379928e-01,9.475504e-01,9.475459e-01,3.242463e-04,1.085386e-08,3.798811e+01,7.997448e+00,2.999066e+01,3.964818e+01,1.700970e+02
1.186973e+06,1.373811e+01,3.785258e+04,4.381085e-01,9.475546e-01,9.475460e-01,3.243548e-04,1.085386e-08,3.798745e+01,7.997448e+00,2.999000e+01,3.964734e+01,1.701000e+02
1.186983e+06,1.373822e+01,3.786258e+04,4.382243e-01,9.475560e-01,9.475461e-01,3.244634e-04,1.085386e-08,3.798634e+01,7.997448e+00,2.998889e+01,3.964613e+01,1.701000e+02
1.186993e+06,1.373834e+01,3.787258e+04,4.383400e-01,9.475573e-01,9.475462e-01,3.245719e-04,1.085386e-08,3.798523e+01,7.997448e+00,2.998778e+01,3.964491e+01,1.701000e+02
1.187003e+06,1.373846e+01,3.788258e+04,4.384558e-01,9.475587e-01,9.475463e-01,3.246805e-04,1.085386e-08,3.798412e+01,7.997448e+00,2.998667e+01,3.964369e+01,1.701000e+02
1.187013e+06,1.373857e+01,3.789258e+04,4.385715e-01,9.475600e-01,9.475464e-01,3.247890e-04,1.085386e-08,3.798301e+01,7.997448e+00,2.998557e+01,3.964248e+01,1.701000e+02
1.187023e+06,1.373869e+01,3.790258e+04,4.386873e-01,9.475613e-01,9.475465e-01,3.248975e-04,1.085385e-08,3.798190e+01,7.997448e+00,2.998446e+01,3.964126e+01,1.701000e+02
1.187033e+06,1.373880e+01,3.791258e+04,4.388030e-01,9.475627e-01,9.475466e-01,3.250061e-04,1.085385e-08,3.798079e+01,7.997448e+00,2.998335e+01,3.964005e+01,1.701000e+02
1.187043e+06,1.373892e+01,3.792258e+04,4.389188e-01,9.475640e-01,9.475467e-01,3.251146e-04,1.085385e-08,3.797969e+01,7.997448e+00,2.998224e+01,3.963883e+01,1.701000e+02
1.187053e+06,1.373903e+01,3.793258e+04,4.390345e-01,9.475654e-01,9.475468e-01,3.252232e-04,1.085385e-08,3.797858e+01,7.997448e+00,2.998113e+01,3.963762e+01,1.701000e+02
1.187063e+06,1.373915e+01,3.794258e+04,4.391503e-01,9.475667e-01,9.475469e-01,3.253317e-04,1.085385e-08,3.797747e+01,7.997448e+00,2.998002e+01,3.963640e+01,1.701000e+02
1.187073e+06,1.373927e+01,3.795258e+04,4.392660e-01,9.475680e-01,9.475470e-01,3.254403e-04,1.085385e-08,3.797636e+01,7.997448e+00,2.997891e+01,3.963519e+01,1.701000e+02
1.187083e+06,1.373938e+01,3.796258e+04,4.393818e-01,9.475694e-01,9.475471e-01,3.255488e-04,1.085385e-08,3.797525e+01,7.997448e+00,2.997780e+01,3.963397e+01,1.701000e+02
1.187093e+06,1.373950e+01,3.797259e+04,4.394975e-01,9.475707e-01,9.475472e-01,3.256574e-04,1.085385e-08,3.797414e+01,7.997448e+00,2.997669e+01,3.963276e+01,1.701000e+02
1.187103e+06,1.373961e+01,3.798259e+04,4.396133e-01,9.475721e-01,9.475473e-01,3.257659e-04,1.085384e-08,3.797303e+01,7.997448e+00,2.997558e+01,3.963154e+01,1.701000e+02
1.187113e+06,1.373973e+01,3.799259e+04,4.397290e-01,9.475734e-01,9.475474e-01,3.258745e-04,1.085384e-08,3.797192e+01,7.997448e+00,2.997447e+01,3.963032e+01,1.701000e+02
1.187123e+06,1.373984e+01,3.800259e+04,4.398448e-01,9.475747e-01,9.475475e-01,3.259830e-04,1.085384e-08,3.797081e+01,7.997448e+00,2.997336e+01,3.962911e+01,1.701000e+02
1.187133e+06,1.373996e+01,3.801259e+04,4.399605e-01,9.475761e-01,9.475477e-01,3.260915e-04,1.085384e-08,3.796970e+01,7.997448e+00,2.997225e+01,3.962789e+01,1.701000e+02
1.187143e+06,1.374008e+01,3.802259e+04,4.400763e-01,9.475774e-01,9.475478e-01,3.262001e-04,1.085384e-08,3.796859e+01,7.997448e+00,2.997114e+01,3.962668e+01,1.701000e+02
1.187153e+06,1.374019e+01,3.803259e+04,4.401920e-01,9.475787e-01,9.475479e-01,3.263086e-04,1.085384e-08,3.796748e+01,7.997448e+00,2.997003e+01,3.962546e+01,1.701000e+02
1.187163e+06,1.374031e+01,3.804259e+04,4.403078e-01,9.475801e-01,9.475480e-01,3.264172e-04,1.085384e-08,3.796637e+01,7.997448e+00,2.996893e+01,3.962425e+01,1.701000e+02
1.187173e+06,1.374042e+01,3.805259e+04,4.404235e-01,9.475814e-01,9.475481e-01,3.265257e-04,1.085384e-08,3.796526e+01,7.997448e+00,2.996782e+01,3.962303e+01,1.701000e+02
1.187183e+06,1.374054e+01,3.806259e+04,4.405393e-01,9.475828e-01,9.475482e-01,3.266343e-04,1.085384e-08,3.796416e+01,7.997448e+00,2.996671e+01,3.962182e+01,1.701000e+02
1.187193e+06,1.374066e+01,3.807259e+04,4.406550e-01,9.475841e-01,9.475483e-01,3.267428e-04,1.085383e-08,3.796305e+01,7.997448e+00,2.996560e+01,3.962060e+01,1.701000e+02
1.187203e+06,1.374077e+01,3.808259e+04,4.407707e-01,9.475854e-01,9.475484e-01,3.268514e-04,1.085383e-08,3.796194e+01,7.997448e+00,2.996449e+01,3.961939e+01,1.701000e+02
1.187213e+06,1.374089e+01,3.809259e+04,4.408865e-01,9.475874e-01,9.475485e-01,3.269599e-04,1.085383e-08,3.796083e+01,7.997448e+00,2.996338e+01,3.961815e+01,1.701000e+02
1.187223e+06,1.374100e+01,3.810259e+04,4.410022e-01,9.475919e-01,9.475486e-01,3.270685e-04,1.085383e-08,3.796020e+01,7.997448e+00,2.996275e+01,3.961733e+01,1.701008e+02
1.187233e+06,1.374112e+01,3.811259e+04,4.411180e-01,9.475960e-01,9.475487e-01,3.271770e-04,1.085383e-08,3.796157e+01,7.997448e+00,2.996412e+01,3.961865e+01,1.701048e+02
1.187243e+06,1.374123e+01,3.812260e+04,4.412337e-01,9.476002e-01,9.475488e-01,3.272856e-04,1.085383e-08,3.796294e+01,7.997448e+00,2.996550e+01,3.961996e+01,1.701088e+02
1.187253e+06,1.374135e+01,3.813260e+04,4.413495e-01,9.476043e-01,9.475489e-01,3.273941e-04,1.085383e-08,3.796432e+01,7.997448e+00,2.996687e+01,3.962127e+01,1.701128e+02
1.187263e+06,1.374147e+01,3.814260e+04,4.414652e-01,9.476085e-01,9.475490e-01,3.275026e-04,1.085383e-08,3.796569e+01,7.997448e+00,2.996825e+01,3.962258e+01,1.701168e+02
1.187273e+06,1.374158e+01,3.815260e+04,4.415810e-01,9.476126e-01,9.475491e-01,3.276112e-04,1.085382e-08,3.796707e+01,7.997448e+00,2.996962e+01,3.962390e+01,1.701209e+02
1.187283e+06,1.374170e+01,3.816260e+04,4.416967e-01,9.476168e-01,9.475492e-01,3.277197e-04,1.085382e-08,3.796844e+01,7.997448e+00,2.997100e+01,3.962521e+01,1.701249e+02
1.187293e+06,1.374181e+01,3.817260e+04,4.418125e-01,9.476209e-01,9.475493e-01,3.278283e-04,1.085382e-08,3.796982e+01,7.997448e+00,2.997237e+01,3.962652e+01,1.701289e+02
1.187303e+06,1.374193e+01,3.818260e+04,4.419282e-01,9.476251e-01,9.475494e-01,3.279368e-04,1.085382e-08,3.797119e+01,7.997448e+00,2.997375e+01,3.962783e+01,1.701329e+02
1.187313e+06,1.374204e+01,3.819260e+04,4.420440e-01,9.476292e-01,9.475495e-01,3.280454e-04,1.085382e-08,3.797257e+01,7.997448e+00,2.997512e+01,3.962915e+01,1.701369e+02
1.187323e+06,1.374216e+01,3.820260e+04,4.421597e-01,9.476334e-01,9.475496e-01,3.281539e-04,1.085382e-08,3.797394e+01,7.997448e+00,2.997649e+01,3.963046e+01,1.701410e+02
1.187333e+06,1.374228e+01,3.821260e+04,4.422755e-01,9.476375e-01,9.475497e-01,3.282625e-04,1.085382e-08,3.797532e+01,7.997448e+00,2.997787e+01,3.963177e+01,1.701450e+02
1.187343e+06,1.374239e+01,3.822260e+04,4.423912e-01,9.476417e-01,9.475498e-01,3.283710e-04,1.085382e-08,3.797669e+01,7.997448e+00,2.997924e+01,3.963308e+01,1.701490e+02
1.187353e+06,1.374251e+01,3.823260e+04,4.425070e-01,9.476458e-01,9.475499e-01,3.284796e-04,1.085382e-08,3.797807e+01,7.997448e+00,2.998062e+01,3.963439e+01,1.701530e+02
1.187363e+06,1.374262e+01,3.824260e+04,4.426227e-01,9.476500e-01,9.475500e-01,3.285881e-04,1.085381e-08,3.797944e+01,7.997448e+00,2.998199e+01,3.963571e+01,1.701570e+02
1.187373e+06,1.374274e+01,3.825260e+04,4.427385e-01,9.476541e-01,9.475501e-01,3.286966e-04,1.085381e-08,3.798082e+01,7.997448e+00,2.998337e+01,3.963702e+01,1.701611e+02
1.187383e+06,1.374285e+01,3.826261e+04,4.428542e-01,9.476583e-01,9.475502e-01,3.288052e-04,1.085381e-08,3.798219e+01,7.997448e+00,2.998474e+01,3.963833e+01,1.701651e+02
1.187393e+06,1.374297e+01,3.827261e+04,4.429700e-01,9.476624e-01,9.475503e-01,3.289137e-04,1.085381e-08,3.798357e+01,7.997448e+00,2.998612e+01,3.963964e+01,1.701691e+02
1.187403e+06,1.374309e+01,3.828261e+04,4.430857e-01,9.476666e-01,9.475504e-01,3.290223e-04,1.085381e-08,3.798494e+01,7.997448e+00,2.998749e+01,3.964096e+01,1.701731e+02
1.187413e+06,1.374320e+01,3.829261e+04,4.432015e-01,9.476707e-01,9.475505e-01,3.291308e-04,1.085381e-08,3.798632e+01,7.997448e+00,2.998887e+01,3.964227e+01,1.701771e+02
1.187423e+06,1.374332e+01,3.830261e+04,4.433172e-01,9.476748e-01,9.475506e-01,3.292394e-04,1.085381e-08,3.798769e+01,7.997448e+00,2.999024e+01,3.964358e+01,1.701812e+02
1.187433e+06,1.374343e+01,3.831261e+04,4.434330e-01,9.476790e-01,9.475507e-01,3.293479e-04,1.085381e-08,3.798907e+01,7.997448e+00,2.999162e+01,3.964489e+01,1.701852e+02
1.187443e+06,1.374355e+01,3.832261e+04,4.435487e-01,9.476831e-01,9.475508e-01,3.294565e-04,1.085380e-08,3.799044e+01,7.997448e+00,2.999299e+01,3.964620e+01,1.701892e+02
1.187453e+06,1.374366e+01,3.833261e+04,4.436645e-01,9.476873e-01,9.475509e-01,3.295650e-04,1.085380e-08,3.799182e+01,7.997448e+00,2.999437e+01,3.964752e+01,1.701932e+02
1.187463e+06,1.374378e+01,3.834261e+04,4.437802e-01,9.476904e-01,9.475510e-01,3.296736e-04,1.085380e-08,3.799319e+01,7.997448e+00,2.999574e+01,3.964886e+01,1.701972e+02
1.187473e+06,1.374390e+01,3.835261e+04,4.438960e-01,9.476895e-01,9.475511e-01,3.297821e-04,1.085380e-08,3.799422e+01,7.997448e+00,2.999677e+01,3.964998e+01,1.702000e+02
1.187483e+06,1.374401e+01,3.836261e+04,4.440117e-01,9.476843e-01,9.475513e-01,3.298906e-04,1.085380e-08,3.799447e+01,7.997448e+00,2.999703e+01,3.965042e+01,1.702000e+02
1.187493e+06,1.374413e+01,3.837261e+04,4.441275e-01,9.476792e-01,9.475514e-01,3.299992e-04,1.085380e-08,3.799473e+01,7.997448e+00,2.999728e+01,3.965086e+01,1.702000e+02
1.187503e+06,1.374424e+01,3.838261e+04,4.442432e-01,9.476741e-01,9.475515e-01,3.301077e-04,1.085380e-08,3.799499e+01,7.997448e+00,2.999754e+01,3.965130e+01,1.702000e+02
1.187513e+06,1.374436e+01,3.839261e+04,4.443590e-01,9.476689e-01,9.475516e-01,3.302163e-04,1.085380e-08,3.799524e+01,7.997448e+00,2.999779e+01,3.965175e+01,1.702000e+02
1.187523e+06,1.374447e+01,3.840261e+04,4.444747e-01,9.476638e-01,9.475517e-01,3.303248e-04,1.085380e-08,3.799550e+01,7.997448e+00,2.999805e+01,3.965219e+01,1.702000e+02
1.187533e+06,1.374459e+01,3.841262e+04,4.445905e-01,9.476586e-01,9.475518e-01,3.304334e-04,1.085379e-08,3.799575e+01,7.997448e+00,2.999831e+01,3.965263e+01,1.702000e+02
1.187543e+06,1.374471e+01,3.842262e+04,4.447062e-01,9.476535e-01,9.475519e-01,3.305419e-04,1.085379e-08,3.799601e+01,7.997448e+00,2.999856e+01,3.965307e+01,1.702000e+02
1.187553e+06,1.374482e+01,3.843262e+04,4.448220e-01,9.476483e-01,9.475520e-01,3.306505e-04,1.085379e-08,3.799627e+01,7.997448e+00,2.999882e+01,3.965351e+01,1.702000e+02
1.187563e+06,1.374494e+01,3.844262e+04,4.449377e-01,9.476432e-01,9.475521e-01,3.307590e-04,1.085379e-08,3.799652e+01,7.997448e+00,2.999907e+01,3.965396e+01,1.702000e+02
1.187573e+06,1.374505e+01,3.845262e+04,4.450534e-01,9.476380e-01,9.475522e-01,3.308676e-04,1.085379e-08,3.799678e+01,7.997448e+00,2.999933e+01,3.965440e+01,1.702000e+02
1.187583e+06,1.374517e+01,3.846262e+04,4.451692e-01,9.476329e-01,9.475523e-01,3.309761e-04,1.085379e-08,3.799703e+01,7.997448e+00,2.999959e+01,3.965484e+01,1.702000e+02
1.187593e+06,1.374528e+01,3.847262e+04,4.452849e-01,9.476277e-01,9.475524e-01,3.310846e-04,1.085379e-08,3.799729e+01,7.997448e+00,2.999984e+01,3.965528e+01,1.702000e+02
1.187603e+06,1.374540e+01,3.848262e+04,4.454007e-01,9.476226e-01,9.475525e-01,3.311932e-04,1.085379e-08,3.799755e+01,7.997448e+00,3.000010e+01,3.965572e+01,1.702000e+02
1.187613e+06,1.374552e+01,3.849262e+04,4.455164e-01,9.476175e-01,9.475526e-01,3.313017e-04,1.085378e-08,3.799780e+01,7.997448e+00,3.000035e+01,3.965617e+01,1.702000e+02
1.187623e+06,1.374563e+01,3.850262e+04,4.456322e-01,9.476123e-01,9.475527e-01,3.314103e-04,1.085378e-08,3.799806e+01,7.997448e+00,3.000061e+01,3.965661e+01,1.702000e+02
1.187633e+06,1.374575e+01,3.851262e+04,4.457479e-01,9.476072e-01,9.475528e-01,3.315188e-04,1.085378e-08,3.799831e+01,7.997448e+00,3.000087e+01,3.965705e+01,1.702000e+02
1.187643e+06,1.374586e+01,3.852262e+04,4.458637e-01,9.476020e-01,9.475529e-01,3.316274e-04,1.085378e-08,3.799857e+01,7.997448e+00,3.000112e+01,3.965749e+01,1.702000e+02
1.187653e+06,1.374598e+01,3.853262e+04,4.459794e-01,9.475969e-01,9.475530e-01,3.317359e-04,1.085378e-08,3.799883e+01,7.997448e+00,3.000138e+01,3.965793e+01,1.702000e+02
1.187663e+06,1.374610e+01,3.854262e+04,4.460952e-01,9.475917e-01,9.475531e-01,3.318445e-04,1.085378e-08,3.799908e+01,7.997448e+00,3.000163e+01,3.965838e+01,1.702000e+02
1.187673e+06,1.374621e+01,3.855262e+04,4.462109e-01,9.475866e-01,9.475532e-01,3.319530e-04,1.085378e-08,3.799934e+01,7.997448e+00,3.000189e+01,3.965882e+01,1.702000e+02
1.187683e+06,1.374633e+01,3.856263e+04,4.463267e-01,9.475814e-01,9.475533e-01,3.320616e-04,1.085378e-08,3.799959e+01,7.997448e+00,3.000215e+01,3.965926e+01,1.702000e+02
1.187693e+06,1.374644e+01,3.857263e+04,4.464424e-01,9.475763e-01,9.475534e-01,3.321701e-04,1.085378e-08,3.799985e+01,7.997448e+00,3.000240e+01,3.965970e+01,1.702000e+02
1.187703e+06,1.374656e+01,3.858263e+04,4.465582e-01,9.475711e-01,9.475535e-01,3.322786e-04,1.085377e-08,3.800011e+01,7.997448e+00,3.000266e+01,3.966014e+01,1.702000e+02
1.187713e+06,1.374667e+01,3.859263e+04,4.466739e-01,9.475660e-01,9.475536e-01,3.323872e-04,1.085377e-08,3.800036e+01,7.997448e+00,3.000291e+01,3.966059e+01,1.702000e+02
1.187723e+06,1.374679e+01,3.860263e+04,4.467897e-01,9.475639e-01,9.475537e-01,3.324957e-04,1.085377e-08,3.800014e+01,7.997448e+00,3.000269e+01,3.966042e+01,1.702000e+02
1.187733e+06,1.374691e+01,3.861263e+04,4.469054e-01,9.475704e-01,9.475538e-01,3.326043e-04,1.085377e-08,3.799851e+01,7.997448e+00,3.000107e+01,3.965849e+01,1.702000e+02
1.187743e+06,1.374702e+01,3.862263e+04,4.470212e-01,9.475770e-01,9.475539e-01,3.327128e-04,1.085377e-08,3.799689e+01,7.997448e+00,2.999945e+01,3.965656e+01,1.702000e+02
1.187753e+06,1.374714e+01,3.863263e+04,4.471369e-01,9.475836e-01,9.475540e-01,3.328214e-04,1.085377e-08,3.799527e+01,7.997448e+00,2.999782e+01,3.965463e+01,1.702000e+02
1.187763e+06,1.374725e+01,3.864263e+04,4.472527e-01,9.475902e-01,9.475541e-01,3.329299e-04,1.085377e-08,3.799365e+01,7.997448e+00,2.999620e+01,3.965270e+01,1.702000e+02
1.187773e+06,1.374737e+01,3.865263e+04,4.473684e-01,9.475968e-01,9.475542e-01,3.330385e-04,1.085377e-08,3.799203e+01,7.997448e+00,2.999458e+01,3.965077e+01,1.702000e+02
1.187783e+06,1.374748e+01,3.866263e+04,4.474842e-01,9.476034e-01,9.475543e-01,3.331470e-04,1.085376e-08,3.799041e+01,7.997448e+00,2.999296e+01,3.964883e+01,1.702000e+02
1.187793e+06,1.374760e+01,3.867263e+04,4.475999e-01,9.476099e-01,9.475544e-01,3.332555e-04,1.085376e-08,3.798879e+01,7.997448e+00,2.999134e+01,3.964690e+01,1.702000e+02
1.187803e+06,1.374772e+01,3.868263e+04,4.477157e-01,9.476165e-01,9.475545e-01,3.333641e-04,1.085376e-08,3.798717e+01,7.997448e+00,2.998972e+01,3.964497e+01,1.702000e+02
1.187813e+06,1.374783e+01,3.869263e+04,4.478314e-01,9.476231e-01,9.475546e-01,3.334726e-04,1.085376e-08,3.798554e+01,7.997448e+00,2.998810e+01,3.964304e+01,1.702000e+02
1.187823e+06,1.374795e+01,3.870263e+04,4.479472e-01,9.476297e-01,9.475547e-01,3.335812e-04,1.085376e-08,3.798392e+01,7.997448e+00,2.998647e+01,3.964111e+01,1.702000e+02
1.187833e+06,1.374806e+01,3.871264e+04,4.480629e-01,9.476363e-01,9.475549e-01,3.336897e-04,1.085376e-08,3.798230e+01,7.997448e+00,2.998485e+01,3.963918e+01,1.702000e+02
1.187843e+06,1.374818e+01,3.872264e+04,4.481787e-01,9.476429e-01,9.475550e-01,3.337983e-04,1.085376e-08,3.798068e+01,7.997448e+00,2.998323e+01,3.963725e+01,1.702000e+02
1.187853e+06,1.374829e+01,3.873264e+04,4.482944e-01,9.476494e-01,9.475551e-01,3.339068e-04,1.085376e-08,3.797906e+01,7.997448e+00,2.998161e+01,3.963532e+01,1.702000e+02
1.187863e+06,1.374841e+01,3.874264e+04,4.484102e-01,9.476560e-01,9.475552e-01,3.340154e-04,1.085376e-08,3.797744e+01,7.997448e+00,2.997999e+01,3.963339e+01,1.702000e+02
1.187873e+06,1.374853e+01,3.875264e+04,4.485259e-01,9.476626e-01,9.475553e-01,3.341239e-04,1.085375e-08,3.797582e+01,7.997448e+00,2.997837e+01,3.963146e+01,1.702000e+02
1.187883e+06,1.374864e+01,3.876264e+04,4.486417e-01,9.476692e-01,9.475554e-01,3.342325e-04,1.085375e-08,3.797420e+01,7.997448e+00,2.997675e+01,3.962953e+01,1.702000e+02
1.187893e+06,1.374876e+01,3.877264e+04,4.487574e-01,9.476758e-01,9.475555e-01,3.343410e-04,1.085375e-08,3.797257e+01,7.997448e+00,2.997513e+01,3.962760e+01,1.702000e+02
1.187903e+06,1.374887e+01,3.878264e+04,4.488732e-01,9.476824e-01,9.475556e-01,3.344495e-04,1.085375e-08,3.797095e+01,7.997448e+00,2.997350e+01,3.962567e+01,1.702000e+02
1.187913e+06,1.374899e+01,3.879264e+04,4.489889e-01,9.476889e-01,9.475557e-01,3.345581e-04,1.085375e-08,3.796933e+01,7.997448e+00,2.997188e+01,3.962374e+01,1.702000e+02
1.187923e+06,1.374910e+01,3.880264e+04,4.491047e-01,9.476955e-01,9.475558e-01,3.346666e-04,1.085375e-08,3.796771e+01,7.997448e+00,2.997026e+01,3.962181e+01,1.702000e+02
1.187933e+06,1.374922e+01,3.881264e+04,4.492204e-01,9.477021e-01,9.475559e-01,3.347752e-04,1.085375e-08,3.796609e+01,7.997448e+00,2.996864e+01,3.961987e+01,1.702000e+02
1.187943e+06,1.374934e+01,3.882264e+04,4.493361e-01,9.477087e-01,9.475560e-01,3.348837e-04,1.085375e-08,3.796447e+01,7.997448e+00,2.996702e+01,3.961794e+01,1.702000e+02
1.187953e+06,1.374945e+01,3.883264e+04,4.494519e-01,9.477153e-01,9.475561e-01,3.349923e-04,1.085374e-08,3.796285e+01,7.997448e+00,2.996540e+01,3.961601e+01,1.702000e+02
1.187963e+06,1.374957e+01,3.884264e+04,4.495676e-01,9.477225e-01,9.475562e-01,3.351008e-04,1.085374e-08,3.796122e+01,7.997448e+00,2.996378e+01,3.961406e+01,1.702000e+02
1.187973e+06,1.374968e+01,3.885265e+04,4.496834e-01,9.477294e-01,9.475563e-01,3.352094e-04,1.085374e-08,3.796026e+01,7.997448e+00,2.996281e+01,3.961281e+01,1.702008e+02
1.187983e+06,1.374980e+01,3.886265e+04,4.497991e-01,9.477251e-01,9.475564e-01,3.353179e-04,1.085374e-08,3.796189e+01,7.997448e+00,2.996444e+01,3.961467e+01,1.702048e+02
1.187993e+06,1.374991e+01,3.887265e+04,4.499149e-01,9.477208e-01,9.475565e-01,3.354264e-04,1.085374e-08,3.796351e+01,7.997448e+00,2.996607e+01,3.961653e+01,1.702088e+02
1.188003e+06,1.375003e+01,3.888265e+04,4.500306e-01,9.477165e-01,9.475566e-01,3.355350e-04,1.085374e-08,3.796514e+01,7.997448e+00,2.996769e+01,3.961840e+01,1.702128e+02
1.188013e+06,1.375015e+01,3.889265e+04,4.501464e-01,9.477121e-01,9.475567e-01,3.356435e-04,1.085374e-08,3.796677e+01,7.997448e+00,2.996932e+01,3.962026e+01,1.702168e+02
1.188023e+06,1.375026e+01,3.890265e+04,4.502621e-01,9.477078e-01,9.475568e-01,3.357521e-04,1.085374e-08,3.796839e+01,7.997448e+00,2.997095e+01,3.962212e+01,1.702208e+02
1.188033e+06,1.375038e+01,3.891265e+04,4.503779e-01,9.477035e-01,9.475569e-01,3.358606e-04,1.085374e-08,3.797002e+01,7.997448e+00,2.997257e+01,3.962398e+01,1.702248e+02
1.188043e+06,1.375049e+01,3.892265e+04,4.504936e-01,9.476991e-01,9.475570e-01,3.359692e-04,1.085373e-08,3.797165e+01,7.997448e+00,2.997420e+01,3.962584e+01,1.702288e+02
1.188053e+06,1.375061e+01,3.893265e+04,4.506094e-01,9.476948e-01,9.475571e-01,3.360777e-04,1.085373e-08,3.797328e+01,7.997448e+00,2.997583e+01,3.962770e+01,1.702329e+02
1.188063e+06,1.375073e+01,3.894265e+04,4.507251e-01,9.476905e-01,9.475572e-01,3.361863e-04,1.085373e-08,3.797490e+01,7.997448e+00,2.997745e+01,3.962956e+01,1.702369e+02
1.188073e+06,1.375084e+01,3.895265e+04,4.508409e-01,9.476861e-01,9.475573e-01,3.362948e-04,1.085373e-08,3.797653e+01,7.997448e+00,2.997908e+01,3.963142e+01,1.702409e+02
1.188083e+06,1.375096e+01,3.896265e+04,4.509566e-01,9.476818e-01,9.475574e-01,3.364033e-04,1.085373e-08,3.797816e+01,7.997448e+00,2.998071e+01,3.963329e+01,1.702449e+02
1.188093e+06,1.375107e+01,3.897265e+04,4.510724e-01,9.476775e-01,9.475575e-01,3.365119e-04,1.085373e-08,3.797978e+01,7.997448e+00,2.998233e+01,3.963515e+01,1.702489e+02
1.188103e+06,1.375119e+01,3.898265e+04,4.511881e-01,9.476731e-01,9.475576e-01,3.366204e-04,1.085373e-08,3.798141e+01,7.997448e+00,2.998396e+01,3.963701e+01,1.702529e+02
1.188113e+06,1.375130e+01,3.899265e+04,4.513039e-01,9.476688e-01,9.475577e-01,3.367290e-04,1.085373e-08,3.798304e+01,7.997448e+00,2.998559e+01,3.963887e+01,1.702569e+02
1.188123e+06,1.375142e+01,3.900266e+04,4.514196e-01,9.476645e-01,9.475578e-01,3.368375e-04,1.085372e-08,3.798466e+01,7.997448e+00,2.998722e+01,3.964073e+01,1.702609e+02
1.188133e+06,1.375154e+01,3.901266e+04,4.515354e-01,9.476602e-01,9.475579e-01,3.369461e-04,1.085372e-08,3.798629e+01,7.997448e+00,2.998884e+01,3.964259e+01,1.702649e+02
1.188143e+06,1.375165e+01,3.902266e+04,4.516511e-01,9.476558e-01,9.475580e-01,3.370546e-04,1.085372e-08,3.798792e+01,7.997448e+00,2.999047e+01,3.964445e+01,1.702689e+02
1.188153e+06,1.375177e+01,3.903266e+04,4.517669e-01,9.476515e-01,9.475581e-01,3.371632e-04,1.085372e-08,3.798954e+01,7.997448e+00,2.999210e+01,3.964632e+01,1.702729e+02
1.188163e+06,1.375188e+01,3.904266e+04,4.518826e-01,9.476472e-01,9.475582e-01,3.372717e-04,1.085372e-08,3.799117e+01,7.997448e+00,2.999372e+01,3.964818e+01,1.702769e+02
1.188173e+06,1.375200e+01,3.905266e+04,4.519984e-01,9.476428e-01,9.475583e-01,3.373802e-04,1.085372e-08,3.799280e+01,7.997448e+00,2.999535e+01,3.965004e+01,1.702809e+02
1.188183e+06,1.375211e+01,3.906266e+04,4.521141e-01,9.476385e-01,9.475585e-01,3.374888e-04,1.085372e-08,3.799443e+01,7.997448e+00,2.999698e+01,3.965190e+01,1.702849e+02
1.188193e+06,1.375223e+01,3.907266e+04,4.522299e-01,9.476342e-01,9.475586e-01,3.375973e-04,1.085372e-08,3.799605e+01,7.997448e+00,2.999860e+01,3.965376e+01,1.702889e+02
1.188203e+06,1.375235e+01,3.908266e+04,4.523456e-01,9.476298e-01,9.475587e-01,3.377059e-04,1.085372e-08,3.799768e+01,7.997448e+00,3.000023e+01,3.965562e+01,1.702929e+02
1.188213e+06,1.375246e+01,3.909266e+04,4.524614e-01,9.476240e-01,9.475588e-01,3.378144e-04,1.085371e-08,3.799931e+01,7.997448e+00,3.000186e+01,3.965753e+01,1.702969e+02
1.188223e+06,1.375258e+01,3.910266e+04,4.525771e-01,9.476145e-01,9.475589e-01,3.379230e-04,1.085371e-08,3.800049e+01,7.997448e+00,3.000304e+01,3.965910e+01,1.702991e+02
1.188233e+06,1.375269e+01,3.911266e+04,4.526929e-01,9.476088e-01,9.475590e-01,3.380315e-04,1.085371e-08,3.800024e+01,7.997448e+00,3.000279e+01,3.965902e+01,1.702951e+02
1.188243e+06,1.375281e+01,3.912266e+04,4.528086e-01,9.476031e-01,9.475591e-01,3.381401e-04,1.085371e-08,3.799998e+01,7.997448e+00,3.000253e+01,3.965894e+01,1.702911e+02
1.188253e+06,1.375292e+01,3.913266e+04,4.529244e-01,9.475975e-01,9.475592e-01,3.382486e-04,1.085371e-08,3.799972e+01,7.997448e+00,3.000228e+01,3.965886e+01,1.702871e+02
1.188263e+06,1.375304e+01,3.914266e+04,4.530401e-01,9.475918e-01,9.475593e-01,3.383572e-04,1.085371e-08,3.799947e+01,7.997448e+00,3.000202e+01,3.965878e+01,1.702831e+02
1.188273e+06,1.375316e+01,3.915267e+04,4.531559e-01,9.475861e-01,9.475594e-01,3.384657e-04,1.085371e-08,3.799921e+01,7.997448e+00,3.000176e+01,3.965870e+01,1.702791e+02
1.188283e+06,1.375327e+01,3.916267e+04,4.532716e-01,9.475805e-01,9.475595e-01,3.385742e-04,1.085371e-08,3.799896e+01,7.997448e+00,3.000151e+01,3.965862e+01,1.702751e+02
1.188293e+06,1.375339e+01,3.917267e+04,4.533873e-01,9.475748e-01,9.475596e-01,3.386828e-04,1.085370e-08,3.799870e+01,7.997448e+00,3.000125e+01,3.965854e+01,1.702711e+02
1.188303e+06,1.375350e+01,3.918267e+04,4.535031e-01,9.475691e-01,9.475597e-01,3.387913e-04,1.085370e-08,3.799844e+01,7.997448e+00,3.000100e+01,3.965846e+01,1.702671e+02
1.188313e+06,1.375362e+01,3.919267e+04,4.536188e-01,9.475635e-01,9.475598e-01,3.388999e-04,1.085370e-08,3.799819e+01,7.997448e+00,3.000074e+01,3.965838e+01,1.702631e+02
1.188323e+06,1.375373e+01,3.920267e+04,4.537346e-01,9.475578e-01,9.475599e-01,3.390084e-04,1.085370e-08,3.799793e+01,7.997448e+00,3.000048e+01,3.965830e+01,1.702592e+02
1.188333e+06,1.375385e+01,3.921267e+04,4.538503e-01,9.475521e-01,9.475600e-01,3.391170e-04,1.085370e-08,3.799768e+01,7.997448e+00,3.000023e+01,3.965822e+01,1.702552e+02
1.188343e+06,1.375397e+01,3.922267e+04,4.539661e-01,9.475465e-01,9.475601e-01,3.392255e-04,1.085370e-08,3.799742e+01,7.997448e+00,2.999997e+01,3.965813e+01,1.702512e+02
1.188353e+06,1.375408e+01,3.923267e+04,4.540818e-01,9.475408e-01,9.475602e-01,3.393340e-04,1.085370e-08,3.799716e+01,7.997448e+00,2.999972e+01,3.965805e+01,1.702472e+02
1.188363e+06,1.375420e+01,3.924267e+04,4.541976e-01,9.475351e-01,9.475603e-01,3.394426e-04,1.085370e-08,3.799691e+01,7.997448e+00,2.999946e+01,3.965797e+01,1.702432e+02
1.188373e+06,1.375431e+01,3.925267e+04,4.543133e-01,9.475295e-01,9.475604e-01,3.395511e-04,1.085370e-08,3.799665e+01,7.997448e+00,2.999920e+01,3.965789e+01,1.702392e+02
1.188383e+06,1.375443e+01,3.926267e+04,4.544291e-01,9.475238e-01,9.475605e-01,3.396597e-04,1.085369e-08,3.799640e+01,7.997448e+00,2.999895e+01,3.965781e+01,1.702352e+02
1.188393e+06,1.375454e+01,3.927267e+04,4.545448e-01,9.475181e-01,9.475606e-01,3.397682e-04,1.085369e-08,3.799614e+01,7.997448e+00,2.999869e+01,3.965773e+01,1.702312e+02
1.188403e+06,1.375466e+01,3.928267e+04,4.546606e-01,9.475125e-01,9.475607e-01,3.398768e-04,1.085369e-08,3.799588e+01,7.997448e+00,2.999844e+01,3.965765e+01,1.702272e+02
1.188413e+06,1.375478e+01,3.929268e+04,4.547763e-01,9.475068e-01,9.475608e-01,3.399853e-04,1.085369e-08,3.799563e+01,7.997448e+00,2.999818e+01,3.965757e+01,1.702232e+02
1.188423e+06,1.375489e+01,3.930268e+04,4.548921e-01,9.475011e-01,9.475609e-01,3.400939e-04,1.085369e-08,3.799537e+01,7.997448e+00,2.999792e+01,3.965749e+01,1.702192e+02
1.188433e+06,1.375501e+01,3.931268e+04,4.550078e-01,9.474955e-01,9.475610e-01,3.402024e-04,1.085369e-08,3.799512e+01,7.997448e+00,2.999767e+01,3.965741e+01,1.702152e+02
1.188443e+06,1.375512e+01,3.932268e+04,4.551236e-01,9.474898e-01,9.475611e-01,3.403109e-04,1.085369e-08,3.799486e+01,7.997448e+00,2.999741e+01,3.965733e+01,1.702113e+02
1.188453e+06,1.375524e+01,3.933268e+04,4.552393e-01,9.474841e-01,9.475612e-01,3.404195e-04,1.085369e-08,3.799460e+01,7.997448e+00,2.999716e+01,3.965725e+01,1.702073e+02
1.188463e+06,1.375536e+01,3.934268e+04,4.553551e-01,9.474796e-01,9.475613e-01,3.405280e-04,1.085368e-08,3.799435e+01,7.997448e+00,2.999690e+01,3.965713e+01,1.702033e+02
1.188473e+06,1.375547e+01,3.935268e+04,4.554708e-01,9.474832e-01,9.475614e-01,3.406366e-04,1.085368e-08,3.799400e+01,7.997448e+00,2.999655e+01,3.965664e+01,1.702007e+02
1.188483e+06,1.375559e+01,3.936268e+04,4.555866e-01,9.474997e-01,9.475615e-01,3.407451e-04,1.085368e-08,3.799323e+01,7.997448e+00,2.999578e+01,3.965527e+01,1.702047e+02
1.188493e+06,1.375570e+01,3.937268e+04,4.557023e-01,9.475161e-01,9.475616e-01,3.408537e-04,1.085368e-08,3.799245e+01,7.997448e+00,2.999500e+01,3.965391e+01,1.702088e+02
1.188503e+06,1.375582e+01,3.938268e+04,4.558181e-01,9.475326e-01,9.475617e-01,3.409622e-04,1.085368e-08,3.799168e+01,7.997448e+00,2.999423e+01,3.965254e+01,1.702128e+02
1.188513e+06,1.375593e+01,3.939268e+04,4.559338e-01,9.475491e-01,9.475618e-01,3.410708e-04,1.085368e-08,3.799091e+01,7.997448e+00,2.999346e+01,3.965117e+01,1.702168e+02
1.188523e+06,1.375605e+01,3.940268e+04,4.560496e-01,9.475656e-01,9.475619e-01,3.411793e-04,1.085368e-08,3.799013e+01,7.997448e+00,2.999268e+01,3.964980e+01,1.702208e+02
1.188533e+06,1.375617e+01,3.941268e+04,4.561653e-01,9.475821e-01,9.475621e-01,3.412878e-04,1.085368e-08,3.798936e+01,7.997448e+00,2.999191e+01,3.964844e+01,1.702248e+02
1.188543e+06,1.375628e+01,3.942268e+04,4.562811e-01,9.475986e-01,9.475622e-01,3.413964e-04,1.085368e-08,3.798859e+01,7.997448e+00,2.999114e+01,3.964707e+01,1.702289e+02
1.188553e+06,1.375640e+01,3.943268e+04,4.563968e-01,9.476150e-01,9.475623e-01,3.415049e-04,1.085367e-08,3.798781e+01,7.997448e+00,2.999036e+01,3.964570e+01,1.702329e+02
1.188563e+06,1.375651e+01,3.944269e+04,4.565126e-01,9.476315e-01,9.475624e-01,3.416135e-04,1.085367e-08,3.798704e+01,7.997448e+00,2.998959e+01,3.964434e+01,1.702369e+02
1.188573e+06,1.375663e+01,3.945269e+04,4.566283e-01,9.476480e-01,9.475625e-01,3.417220e-04,1.085367e-08,3.798627e+01,7.997448e+00,2.998882e+01,3.964297e+01,1.702409e+02
1.188583e+06,1.375674e+01,3.946269e+04,4.567441e-01,9.476645e-01,9.475626e-01,3.418306e-04,1.085367e-08,3.798549e+01,7.997448e+00,2.998804e+01,3.964161e+01,1.702449e+02
1.188593e+06,1.375686e+01,3.947269e+04,4.568598e-01,9.476810e-01,9.475627e-01,3.419391e-04,1.085367e-08,3.798472e+01,7.997448e+00,2.998727e+01,3.964024e+01,1.702490e+02
1.188603e+06,1.375698e+01,3.948269e+04,4.569756e-01,9.476975e-01,9.475628e-01,3.420477e-04,1.085367e-08,3.798395e+01,7.997448e+00,2.998650e+01,3.963887e+01,1.702530e+02
1.188613e+06,1.375709e+01,3.949269e+04,4.570913e-01,9.477139e-01,9.475629e-01,3.421562e-04,1.085367e-08,3.798317e+01,7.997448e+00,2.998572e+01,3.963751e+01,1.702570e+02
1.188623e+06,1.375721e+01,3.950269e+04,4.572071e-01,9.477304e-01,9.475630e-01,3.422647e-04,1.085367e-08,3.798240e+01,7.997448e+00,2.998495e+01,3.963614e+01,1.702610e+02
1.188633e+06,1.375732e+01,3.951269e+04,4.573228e-01,9.477469e-01,9.475631e-01,3.423733e-04,1.085366e-08,3.798163e+01,7.997448e+00,2.998418e+01,3.963477e+01,1.702650e+02
1.188643e+06,1.375744e+01,3.952269e+04,4.574386e-01,9.477634e-01,9.475632e-01,3.424818e-04,1.085366e-08,3.798085e+01,7.997448e+00,2.998340e+01,3.963341e+01,1.702690e+02
1.188653e+06,1.375755e+01,3.953269e+04,4.575543e-01,9.477799e-01,9.475633e-01,3.425904e-04,1.085366e-08,3.798008e+01,7.997448e+00,2.998263e+01,3.963204e+01,1.702731e+02
1.188663e+06,1.375767e+01,3.954269e+04,4.576700e-01,9.477964e-01,9.475634e-01,3.426989e-04,1.085366e-08,3.797931e+01,7.997448e+00,2.998186e+01,3.963068e+01,1.702771e+02
1.188673e+06,1.375779e+01,3.955269e+04,4.577858e-01,9.478128e-01,9.475635e-01,3.428075e-04,1.085366e-08,3.797853e+01,7.997448e+00,2.998108e+01,3.962931e+01,1.702811e+02
1.188683e+06,1.375790e+01,3.956269e+04,4.579015e-01,9.478293e-01,9.475636e-01,3.429160e-04,1.085366e-08,3.797776e+01,7.997448e+00,2.998031e+01,3.962794e+01,1.702851e+02
1.188693e+06,1.375802e+01,3.957269e+04,4.580173e-01,9.478458e-01,9.475637e-01,3.430246e-04,1.085366e-08,3.797699e+01,7.997448e+00,2.997954e+01,3.962658e+01,1.702891e+02
1.188703e+06,1.375813e+01,3.958269e+04,4.581330e-01,9.478623e-01,9.475638e-01,3.431331e-04,1.085366e-08,3.797621e+01,7.997448e+00,2.997876e+01,3.962521e+01,1.702932e+02
1.188713e+06,1.375825e+01,3.959270e+04,4.582488e-01,9.478778e-01,9.475639e-01,3.432416e-04,1.085365e-08,3.797544e+01,7.997448e+00,2.997799e+01,3.962388e+01,1.702972e+02
1.188723e+06,1.375836e+01,3.960270e+04,4.583645e-01,9.478832e-01,9.475640e-01,3.433502e-04,1.085365e-08,3.797528e+01,7.997448e+00,2.997783e+01,3.962353e+01,1.703000e+02
1.188733e+06,1.375848e+01,3.961270e+04,4.584803e-01,9.478699e-01,9.475641e-01,3.434587e-04,1.085365e-08,3.797655e+01,7.997448e+00,2.997910e+01,3.962532e+01,1.703000e+02
1.188743e+06,1.375860e+01,3.962270e+04,4.585960e-01,9.478567e-01,9.475642e-01,3.435673e-04,1.085365e-08,3.797783e+01,7.997448e+00,2.998038e+01,3.962710e+01,1.703000e+02
1.188753e+06,1.375871e+01,3.963270e+04,4.587118e-01,9.478435e-01,9.475643e-01,3.436758e-04,1.085365e-08,3.797910e+01,7.997448e+00,2.998166e+01,3.962889e+01,1.703000e+02
1.188763e+06,1.375883e+01,3.964270e+04,4.588275e-01,9.478303e-01,9.475644e-01,3.437844e-04,1.085365e-08,3.798038e+01,7.997448e+00,2.998293e+01,3.963068e+01,1.703000e+02
1.188773e+06,1.375894e+01,3.965270e+04,4.589433e-01,9.478170e-01,9.475645e-01,3.438929e-04,1.085365e-08,3.798166e+01,7.997448e+00,2.998421e+01,3.963246e+01,1.703000e+02
1.188783e+06,1.375906e+01,3.966270e+04,4.590590e-01,9.478038e-01,9.475646e-01,3.440014e-04,1.085365e-08,3.798293e+01,7.997448e+00,2.998548e+01,3.963425e+01,1.703000e+02
1.188793e+06,1.375917e+01,3.967270e+04,4.591748e-01,9.477906e-01,9.475647e-01,3.441100e-04,1.085365e-08,3.798421e+01,7.997448e+00,2.998676e+01,3.963604e+01,1.703000e+02
1.188803e+06,1.375929e+01,3.968270e+04,4.592905e-01,9.477773e-01,9.475648e-01,3.442185e-04,1.085364e-08,3.798548e+01,7.997448e+00,2.998803e+01,3.963783e+01,1.703000e+02
1.188813e+06,1.375941e+01,3.969270e+04,4.594063e-01,9.477641e-01,9.475649e-01,3.443271e-04,1.085364e-08,3.798676e+01,7.997448e+00,2.998931e+01,3.963961e+01,1.703000e+02
1.188823e+06,1.375952e+01,3.970270e+04,4.595220e-01,9.477509e-01,9.475650e-01,3.444356e-04,1.085364e-08,3.798803e+01,7.997448e+00,2.999058e+01,3.964140e+01,1.703000e+02
1.188833e+06,1.375964e+01,3.971270e+04,4.596378e-01,9.477377e-01,9.475651e-01,3.445442e-04,1.085364e-08,3.798931e+01,7.997448e+00,2.999186e+01,3.964319e+01,1.703000e+02
1.188843e+06,1.375975e+01,3.972270e+04,4.597535e-01,9.477244e-01,9.475652e-01,3.446527e-04,1.085364e-08,3.799058e+01,7.997448e+00,2.999314e+01,3.964498e+01,1.703000e+02
1.188853e+06,1.375987e+01,3.973271e+04,4.598693e-01,9.477112e-01,9.475653e-01,3.447613e-04,1.085364e-08,3.799186e+01,7.997448e+00,2.999441e+01,3.964676e+01,1.703000e+02
1.188863e+06,1.375999e+01,3.974271e+04,4.599850e-01,9.476980e-01,9.475654e-01,3.448698e-04,1.085364e-08,3.799314e+01,7.997448e+00,2.999569e+01,3.964855e+01,1.703000e+02
1.188873e+06,1.376010e+01,3.975271e+04,4.601008e-01,9.476848e-01,9.475655e-01,3.449783e-04,1.085364e-08,3.799441e+01,7.997448e+00,2.999696e+01,3.965034e+01,1.703000e+02
1.188883e+06,1.376022e+01,3.976271e+04,4.602165e-01,9.476715e-01,9.475657e-01,3.450869e-04,1.085363e-08,3.799569e+01,7.997448e+00,2.999824e+01,3.965213e+01,1.703000e+02
1.188893e+06,1.376033e+01,3.977271e+04,4.603323e-01,9.476583e-01,9.475658e-01,3.451954e-04,1.085363e-08,3.799696e+01,7.997448e+00,2.999951e+01,3.965392e+01,1.703000e+02
1.188903e+06,1.376045e+01,3.978271e+04,4.604480e-01,9.476451e-01,9.475659e-01,3.453040e-04,1.085363e-08,3.799824e+01,7.997448e+00,3.000079e+01,3.965570e+01,1.703000e+02
1.188913e+06,1.376056e+01,3.979271e+04,4.605638e-01,9.476318e-01,9.475660e-01,3.454125e-04,1.085363e-08,3.799951e+01,7.997448e+00,3.000206e+01,3.965749e+01,1.703000e+02
1.188923e+06,1.376068e+01,3.980271e+04,4.606795e-01,9.476186e-01,9.475661e-01,3.455211e-04,1.085363e-08,3.800079e+01,7.997448e+00,3.000334e+01,3.965928e+01,1.703000e+02
1.188933e+06,1.376080e+01,3.981271e+04,4.607953e-01,9.476054e-01,9.475662e-01,3.456296e-04,1.085363e-08,3.800206e+01,7.997448e+00,3.000462e+01,3.966107e+01,1.703000e+02
1.188943e+06,1.376091e+01,3.982271e+04,4.609110e-01,9.475922e-01,9.475663e-01,3.457381e-04,1.085363e-08,3.800334e+01,7.997448e+00,3.000589e+01,3.966286e+01,1.703000e+02
1.188953e+06,1.376103e+01,3.983271e+04,4.610268e-01,9.475789e-01,9.475664e-01,3.458467e-04,1.085363e-08,3.800462e+01,7.997448e+00,3.000717e+01,3.966464e+01,1.703000e+02
1.188963e+06,1.376114e+01,3.984271e+04,4.611425e-01,9.475662e-01,9.475665e-01,3.459552e-04,1.085363e-08,3.800589e+01,7.997448e+00,3.000844e+01,3.966641e+01,1.703000e+02
1.188973e+06,1.376126e+01,3.985271e+04,4.612583e-01,9.475600e-01,9.475666e-01,3.460638e-04,1.085362e-08,3.800692e+01,7.997448e+00,3.000948e+01,3.966771e+01,1.703006e+02
1.188983e+06,1.376137e+01,3.986271e+04,4.613740e-01,9.475739e-01,9.475667e-01,3.461723e-04,1.085362e-08,3.800667e+01,7.997448e+00,3.000922e+01,3.966698e+01,1.703047e+02
1.188993e+06,1.376149e+01,3.987271e+04,4.614898e-01,9.475878e-01,9.475668e-01,3.462809e-04,1.085362e-08,3.800641e+01,7.997448e+00,3.000896e+01,3.966624e+01,1.703087e+02
1.189003e+06,1.376161e+01,3.988272e+04,4.616055e-01,9.476016e-01,9.475669e-01,3.463894e-04,1.085362e-08,3.800615e+01,7.997448e+00,3.000870e+01,3.966551e+01,1.703127e+02
1.189013e+06,1.376172e+01,3.989272e+04,4.617213e-01,9.476155e-01,9.475670e-01,3.464980e-04,1.085362e-08,3.800589e+01,7.997448e+00,3.000845e+01,3.966477e+01,1.703167e+02
1.189023e+06,1.376184e+01,3.990272e+04,4.618370e-01,9.476294e-01,9.475671e-01,3.466065e-04,1.085362e-08,3.800564e+01,7.997448e+00,3.000819e+01,3.966403e+01,1.703207e+02
1.189033e+06,1.376195e+01,3.991272e+04,4.619527e-01,9.476433e-01,9.475672e-01,3.467150e-04,1.085362e-08,3.800538e+01,7.997448e+00,3.000793e+01,3.966330e+01,1.703247e+02
1.189043e+06,1.376207e+01,3.992272e+04,4.620685e-01,9.476572e-01,9.475673e-01,3.468236e-04,1.085362e-08,3.800512e+01,7.997448e+00,3.000767e+01,3.966256e+01,1.703288e+02
1.189053e+06,1.376218e+01,3.993272e+04,4.621842e-01,9.476711e-01,9.475674e-01,3.469321e-04,1.085361e-08,3.800486e+01,7.997448e+00,3.000741e+01,3.966182e+01,1.703328e+02
1.189063e+06,1.376230e+01,3.994272e+04,4.623000e-01,9.476850e-01,9.475675e-01,3.470407e-04,1.085361e-08,3.800460e+01,7.997448e+00,3.000716e+01,3.966109e+01,1.703368e+02
1.189073e+06,1.376242e+01,3.995272e+04,4.624157e-01,9.476989e-01,9.475676e-01,3.471492e-04,1.085361e-08,3.800435e+01,7.997448e+00,3.000690e+01,3.966035e+01,1.703408e+02
1.189083e+06,1.376253e+01,3.996272e+04,4.625315e-01,9.477128e-01,9.475677e-01,3.472578e-04,1.085361e-08,3.800409e+01,7.997448e+00,3.000664e+01,3.965962e+01,1.703448e+02
1.189093e+06,1.376265e+01,3.997272e+04,4.626472e-01,9.477267e-01,9.475678e-01,3.473663e-04,1.085361e-08,3.800383e+01,7.997448e+00,3.000638e+01,3.965888e+01,1.703489e+02
1.189103e+06,1.376276e+01,3.998272e+04,4.627630e-01,9.477406e-01,9.475679e-01,3.474748e-04,1.085361e-08,3.800357e+01,7.997448e+00,3.000613e+01,3.965814e+01,1.703529e+02
1.189113e+06,1.376288e+01,3.999272e+04,4.628787e-01,9.477544e-01,9.475680e-01,3.475834e-04,1.085361e-08,3.800332e+01,7.997448e+00,3.000587e+01,3.965741e+01,1.703569e+02
1.189123e+06,1.376299e+01,4.000272e+04,4.629945e-01,9.477683e-01,9.475681e-01,3.476919e-04,1.085361e-08,3.800306e+01,7.997448e+00,3.000561e+01,3.965667e+01,1.703609e+02
1.189133e+06,1.376311e+01,4.001272e+04,4.631102e-01,9.477822e-01,9.475682e-01,3.478005e-04,1.085361e-08,3.800280e+01,7.997448e+00,3.000535e+01,3.965594e+01,1.703649e+02
1.189143e+06,1.376323e+01,4.002272e+04,4.632260e-01,9.477961e-01,9.475683e-01,3.479090e-04,1.085360e-08,3.800254e+01,7.997448e+00,3.000509e+01,3.965520e+01,1.703690e+02
1.189153e+06,1.376334e+01,4.003273e+04,4.633417e-01,9.478100e-01,9.475684e-01,3.480176e-04,1.085360e-08,3.800228e+01,7.997448e+00,3.000484e+01,3.965446e+01,1.703730e+02
1.189163e+06,1.376346e+01,4.004273e+04,4.634575e-01,9.478239e-01,9.475685e-01,3.481261e-04,1.085360e-08,3.800203e+01,7.997448e+00,3.000458e+01,3.965373e+01,1.703770e+02
1.189173e+06,1.376357e+01,4.005273e+04,4.635732e-01,9.478378e-01,9.475686e-01,3.482346e-04,1.085360e-08,3.800177e+01,7.997448e+00,3.000432e+01,3.965299e+01,1.703810e+02
1.189183e+06,1.376369e+01,4.006273e+04,4.636890e-01,9.478517e-01,9.475687e-01,3.483432e-04,1.085360e-08,3.800151e+01,7.997448e+00,3.000406e+01,3.965226e+01,1.703850e+02
1.189193e+06,1.376380e+01,4.007273e+04,4.638047e-01,9.478656e-01,9.475688e-01,3.484517e-04,1.085360e-08,3.800125e+01,7.997448e+00,3.000381e+01,3.965152e+01,1.703891e+02
1.189203e+06,1.376392e+01,4.008273e+04,4.639205e-01,9.478795e-01,9.475689e-01,3.485603e-04,1.085360e-08,3.800100e+01,7.997448e+00,3.000355e+01,3.965079e+01,1.703931e+02
1.189213e+06,1.376404e+01,4.009273e+04,4.640362e-01,9.478916e-01,9.475690e-01,3.486688e-04,1.085360e-08,3.800074e+01,7.997448e+00,3.000329e+01,3.965011e+01,1.703971e+02
1.189223e+06,1.376415e+01,4.010273e+04,4.641520e-01,9.478916e-01,9.475691e-01,3.487774e-04,1.085359e-08,3.800055e+01,7.997518e+00,3.000303e+01,3.964991e+01,1.703989e+02
1.189233e+06,1.376427e+01,4.011273e+04,4.642677e-01,9.478722e-01,9.475693e-01,3.488859e-04,1.085359e-08,3.800055e+01,7.997771e+00,3.000278e+01,3.965054e+01,1.703949e+02
1.189243e+06,1.376438e+01,4.012273e+04,4.643835e-01,9.478527e-01,9.475694e-01,3.489945e-04,1.085359e-08,3.800055e+01,7.998025e+00,3.000253e+01,3.965118e+01,1.703909e+02
1.189253e+06,1.376450e+01,4.013273e+04,4.644992e-01,9.478333e-01,9.475695e-01,3.491030e-04,1.085359e-08,3.800055e+01,7.998278e+00,3.000227e+01,3.965181e+01,1.703869e+02
1.189263e+06,1.376461e+01,4.014273e+04,4.646150e-01,9.478138e-01,9.475696e-01,3.492115e-04,1.085359e-08,3.800055e+01,7.998531e+00,3.000202e+01,3.965245e+01,1.703829e+02
1.189273e+06,1.376473e+01,4.015273e+04,4.647307e-01,9.477944e-01,9.475697e-01,3.493201e-04,1.085359e-08,3.800055e+01,7.998784e+00,3.000177e+01,3.965308e+01,1.703789e+02
1.189283e+06,1.376485e+01,4.016273e+04,4.648465e-01,9.477749e-01,9.475698e-01,3.494286e-04,1.085359e-08,3.800055e+01,7.999038e+00,3.000151e+01,3.965372e+01,1.703749e+02
1.189293e+06,1.376496e+01,4.017274e+04,4.649622e-01,9.477555e-01,9.475699e-01,3.495372e-04,1.085359e-08,3.800055e+01,7.999291e+00,3.000126e+01,3.965436e+01,1.703710e+02
1.189303e+06,1.376508e+01,4.018274e+04,4.650780e-01,9.477360e-01,9.475700e-01,3.496457e-04,1.085359e-08,3.800055e+01,7.999544e+00,3.000101e+01,3.965499e+01,1.703670e+02
1.189313e+06,1.376519e+01,4.019274e+04,4.651937e-01,9.477166e-01,9.475701e-01,3.497543e-04,1.085358e-08,3.800055e+01,7.999797e+00,3.000075e+01,3.965563e+01,1.703630e+02
1.189323e+06,1.376531e+01,4.020274e+04,4.653095e-01,9.476971e-01,9.475702e-01,3.498628e-04,1.085358e-08,3.800055e+01,8.000051e+00,3.000050e+01,3.965626e+01,1.703590e+02
1.189333e+06,1.376543e+01,4.021274e+04,4.654252e-01,9.476776e-01,9.475703e-01,3.499713e-04,1.085358e-08,3.800055e+01,8.000304e+00,3.000025e+01,3.965690e+01,1.703550e+02
1.189343e+06,1.376554e+01,4.022274e+04,4.655410e-01,9.476582e-01,9.475704e-01,3.500799e-04,1.085358e-08,3.800055e+01,8.000557e+00,2.999999e+01,3.965754e+01,1.703510e+02
1.189353e+06,1.376566e+01,4.023274e+04,4.656567e-01,9.476387e-01,9.475705e-01,3.501884e-04,1.085358e-08,3.800055e+01,8.000810e+00,2.999974e+01,3.965817e+01,1.703470e+02
1.189363e+06,1.376577e+01,4.024274e+04,4.657725e-01,9.476193e-01,9.475706e-01,3.502970e-04,1.085358e-08,3.800055e+01,8.001064e+00,2.999949e+01,3.965881e+01,1.703430e+02
1.189373e+06,1.376589e+01,4.025274e+04,4.658882e-01,9.475998e-01,9.475707e-01,3.504055e-04,1.085358e-08,3.800055e+01,8.001317e+00,2.999923e+01,3.965944e+01,1.703390e+02
1.189383e+06,1.376600e+01,4.026274e+04,4.660039e-01,9.475804e-01,9.475708e-01,3.505141e-04,1.085358e-08,3.800055e+01,8.001570e+00,2.999898e+01,3.966008e+01,1.703350e+02
1.189393e+06,1.376612e+01,4.027274e+04,4.661197e-01,9.475609e-01,9.475709e-01,3.506226e-04,1.085357e-08,3.800055e+01,8.001823e+00,2.999873e+01,3.966071e+01,1.703310e+02
1.189403e+06,1.376624e+01,4.028274e+04,4.662354e-01,9.475415e-01,9.475710e-01,3.507311e-04,1.085357e-08,3.800055e+01,8.002077e+00,2.999848e+01,3.966135e+01,1.703271e+02
1.189413e+06,1.376635e+01,4.029274e+04,4.663512e-01,9.475220e-01,9.475711e-01,3.508397e-04,1.085357e-08,3.800055e+01,8.002330e+00,2.999822e+01,3.966199e+01,1.703231e+02
1.189423e+06,1.376647e+01,4.030274e+04,4.664669e-01,9.475026e-01,9.475712e-01,3.509482e-04,1.085357e-08,3.800055e+01,8.002583e+00,2.999797e+01,3.966262e+01,1.703191e+02
1.189433e+06,1.376658e+01,4.031274e+04,4.665827e-01,9.474831e-01,9.475713e-01,3.510568e-04,1.085357e-08,3.800055e+01,8.002836e+00,2.999772e+01,3.966326e+01,1.703151e+02
1.189443e+06,1.376670e+01,4.032275e+04,4.666984e-01,9.474637e-01,9.475714e-01,3.511653e-04,1.085357e-08,3.800055e+01,8.003090e+00,2.999746e+01,3.966389e+01,1.703111e+02
1.189453e+06,1.376681e+01,4.033275e+04,4.668142e-01,9.474442e-01,9.475715e-01,3.512739e-04,1.085357e-08,3.800055e+01,8.003343e+00,2.999721e+01,3.966453e+01,1.703071e+02
1.189463e+06,1.376693e+01,4.034275e+04,4.669299e-01,9.474262e-01,9.475716e-01,3.513824e-04,1.085357e-08,3.800055e+01,8.003596e+00,2.999696e+01,3.966512e+01,1.703031e+02
1.189473e+06,1.376705e+01,4.035275e+04,4.670457e-01,9.474191e-01,9.475717e-01,3.514909e-04,1.085357e-08,3.800032e+01,8.003737e+00,2.999659e+01,3.966511e+01,1.703009e+02
1.189483e+06,1.376716e+01,4.036275e+04,4.671614e-01,9.474329e-01,9.475718e-01,3.515995e-04,1.085356e-08,3.799930e+01,8.003483e+00,2.999581e+01,3.966357e+01,1.703049e+02
1.189493e+06,1.376728e+01,4.037275e+04,4.672772e-01,9.474468e-01,9.475719e-01,3.517080e-04,1.085356e-08,3.799827e+01,8.003228e+00,2.999504e+01,3.966204e+01,1.703089e+02
1.189503e+06,1.376739e+01,4.038275e+04,4.673929e-01,9.474606e-01,9.475720e-01,3.518166e-04,1.085356e-08,3.799724e+01,8.002974e+00,2.999427e+01,3.966051e+01,1.703129e+02
1.189513e+06,1.376751e+01,4.039275e+04,4.675087e-01,9.474745e-01,9.475721e-01,3.519251e-04,1.085356e-08,3.799621e+01,8.002720e+00,2.999349e+01,3.965898e+01,1.703169e+02
1.189523e+06,1.376762e+01,4.040275e+04,4.676244e-01,9.474883e-01,9.475722e-01,3.520337e-04,1.085356e-08,3.799519e+01,8.002466e+00,2.999272e+01,3.965744e+01,1.703209e+02
1.189533e+06,1.376774e+01,4.041275e+04,4.677402e-01,9.475021e-01,9.475723e-01,3.521422e-04,1.085356e-08,3.799416e+01,8.002212e+00,2.999195e+01,3.965591e+01,1.703249e+02
1.189543e+06,1.376786e+01,4.042275e+04,4.678559e-01,9.475160e-01,9.475724e-01,3.522507e-04,1.085356e-08,3.799313e+01,8.001958e+00,2.999117e+01,3.965438e+01,1.703289e+02
1.189553e+06,1.376797e+01,4.043275e+04,4.679717e-01,9.475298e-01,9.475725e-01,3.523593e-04,1.085356e-08,3.799210e+01,8.001704e+00,2.999040e+01,3.965284e+01,1.703329e+02
1.189563e+06,1.376809e+01,4.044275e+04,4.680874e-01,9.475437e-01,9.475726e-01,3.524678e-04,1.085355e-08,3.799108e+01,8.001450e+00,2.998963e+01,3.965131e+01,1.703369e+02
1.189573e+06,1.376820e+01,4.045275e+04,4.682032e-01,9.475575e-01,9.475727e-01,3.525764e-04,1.085355e-08,3.799005e+01,8.001196e+00,2.998885e+01,3.964978e+01,1.703409e+02
1.189583e+06,1.376832e+01,4.046275e+04,4.683189e-01,9.475713e-01,9.475729e-01,3.526849e-04,1.085355e-08,3.798902e+01,8.000941e+00,2.998808e+01,3.964825e+01,1.703449e+02
1.189593e+06,1.376843e+01,4.047276e+04,4.684347e-01,9.475852e-01,9.475730e-01,3.527935e-04,1.085355e-08,3.798799e+01,8.000687e+00,2.998731e+01,3.964671e+01,1.703490e+02
1.189603e+06,1.376855e+01,4.048276e+04,4.685504e-01,9.475990e-01,9.475731e-01,3.529020e-04,1.085355e-08,3.798697e+01,8.000433e+00,2.998653e+01,3.964518e+01,1.703530e+02
1.189613e+06,1.376867e+01,4.049276e+04,4.686662e-01,9.476129e-01,9.475732e-01,3.530105e-04,1.085355e-08,3.798594e+01,8.000179e+00,2.998576e+01,3.964365e+01,1.703570e+02
1.189623e+06,1.376878e+01,4.050276e+04,4.687819e-01,9.476267e-01,9.475733e-01,3.531191e-04,1.085355e-08,3.798491e+01,7.999925e+00,2.998499e+01,3.964212e+01,1.703610e+02
1.189633e+06,1.376890e+01,4.051276e+04,4.688977e-01,9.476405e-01,9.475734e-01,3.532276e-04,1.085355e-08,3.798388e+01,7.999671e+00,2.998421e+01,3.964058e+01,1.703650e+02
1.189643e+06,1.376901e+01,4.052276e+04,4.690134e-01,9.476544e-01,9.475735e-01,3.533362e-04,1.085355e-08,3.798286e+01,7.999417e+00,2.998344e+01,3.963905e+01,1.703690e+02
1.189653e+06,1.376913e+01,4.053276e+04,4.691292e-01,9.476682e-01,9.475736e-01,3.534447e-04,1.085354e-08,3.798183e+01,7.999163e+00,2.998267e+01,3.963752e+01,1.703730e+02
1.189663e+06,1.376924e+01,4.054276e+04,4.692449e-01,9.476821e-01,9.475737e-01,3.535533e-04,1.085354e-08,3.798080e+01,7.998908e+00,2.998189e+01,3.963599e+01,1.703770e+02
1.189673e+06,1.376936e+01,4.055276e+04,4.693607e-01,9.476959e-01,9.475738e-01,3.536618e-04,1.085354e-08,3.797977e+01,7.998654e+00,2.998112e+01,3.963445e+01,1.703810e+02
1.189683e+06,1.376948e+01,4.056276e+04,4.694764e-01,9.477097e-01,9.475739e-01,3.537703e-04,1.085354e-08,3.797875e+01,7.998400e+00,2.998035e+01,3.963292e+01,1.703850e+02
1.189693e+06,1.376959e+01,4.057276e+04,4.695922e-01,9.477236e-01,9.475740e-01,3.538789e-04,1.085354e-08,3.797772e+01,7.998146e+00,2.997957e+01,3.963139e+01,1.703890e+02
1.189703e+06,1.376971e+01,4.058276e+04,4.697079e-01,9.477374e-01,9.475741e-01,3.539874e-04,1.085354e-08,3.797669e+01,7.997892e+00,2.997880e+01,3.962986e+01,1.703930e+02
1.189713e+06,1.376982e+01,4.059276e+04,4.698237e-01,9.477496e-01,9.475742e-01,3.540960e-04,1.085354e-08,3.797566e+01,7.997638e+00,2.997803e+01,3.962838e+01,1.703970e+02
1.189723e+06,1.376994e+01,4.060276e+04,4.699394e-01,9.477509e-01,9.475743e-01,3.542045e-04,1.085354e-08,3.797490e+01,7.997513e+00,2.997738e+01,3.962754e+01,1.703990e+02
1.189733e+06,1.377006e+01,4.061277e+04,4.700552e-01,9.477338e-01,9.475744e-01,3.543131e-04,1.085353e-08,3.797490e+01,7.997766e+00,2.997713e+01,3.962809e+01,1.703950e+02
1.189743e+06,1.377017e+01,4.062277e+04,4.701709e-01,9.477167e-01,9.475745e-01,3.544216e-04,1.085353e-08,3.797490e+01,7.998019e+00,2.997688e+01,3.962865e+01,1.703910e+02
1.189753e+06,1.377029e+01,4.063277e+04,4.702866e-01,9.476996e-01,9.475746e-01,3.545301e-04,1.085353e-08,3.797490e+01,7.998272e+00,2.997662e+01,3.962921e+01,1.703870e+02
1.189763e+06,1.377040e+01,4.064277e+04,4.704024e-01,9.476825e-01,9.475747e-01,3.546387e-04,1.085353e-08,3.797490e+01,7.998526e+00,2.997637e+01,3.962976e+01,1.703830e+02
1.189773e+06,1.377052e+01,4.065277e+04,4.705181e-01,9.476654e-01,9.475748e-01,3.547472e-04,1.085353e-08,3.797490e+01,7.998779e+00,2.997612e+01,3.963032e+01,1.703790e+02
1.189783e+06,1.377063e+01,4.066277e+04,4.706339e-01,9.476483e-01,9.475749e-01,3.548558e-04,1.085353e-08,3.797490e+01,7.999032e+00,2.997586e+01,3.963088e+01,1.703750e+02
1.189793e+06,1.377075e+01,4.067277e+04,4.707496e-01,9.476313e-01,9.475750e-01,3.549643e-04,1.085353e-08,3.797490e+01,7.999285e+00,2.997561e+01,3.963143e+01,1.703710e+02
1.189803e+06,1.377087e+01,4.068277e+04,4.708654e-01,9.476142e-01,9.475751e-01,3.550729e-04,1.085353e-08,3.797490e+01,7.999539e+00,2.997536e+01,3.963199e+01,1.703671e+02
1.189813e+06,1.377098e+01,4.069277e+04,4.709811e-01,9.475971e-01,9.475752e-01,3.551814e-04,1.085353e-08,3.797490e+01,7.999792e+00,2.997510e+01,3.963255e+01,1.703631e+02
1.189823e+06,1.377110e+01,4.070277e+04,4.710969e-01,9.475800e-01,9.475753e-01,3.552899e-04,1.085352e-08,3.797490e+01,8.000045e+00,2.997485e+01,3.963310e+01,1.703591e+02
1.189833e+06,1.377121e+01,4.071277e+04,4.712126e-01,9.475629e-01,9.475754e-01,3.553985e-04,1.085352e-08,3.797490e+01,8.000298e+00,2.997460e+01,3.963366e+01,1.703551e+02
1.189843e+06,1.377133e+01,4.072277e+04,4.713284e-01,9.475458e-01,9.475755e-01,3.555070e-04,1.085352e-08,3.797490e+01,8.000552e+00,2.997435e+01,3.963421e+01,1.703511e+02
1.189853e+06,1.377144e+01,4.073277e+04,4.714441e-01,9.475287e-01,9.475756e-01,3.556156e-04,1.085352e-08,3.797490e+01,8.000805e+00,2.997409e+01,3.963477e+01,1.703471e+02
1.189863e+06,1.377156e+01,4.074277e+04,4.715599e-01,9.475117e-01,9.475757e-01,3.557241e-04,1.085352e-08,3.797490e+01,8.001058e+00,2.997384e+01,3.963533e+01,1.703431e+02
1.189873e+06,1.377168e+01,4.075277e+04,4.716756e-01,9.474946e-01,9.475758e-01,3.558327e-04,1.085352e-08,3.797490e+01,8.001311e+00,2.997359e+01,3.963588e+01,1.703391e+02
1.189883e+06,1.377179e+01,4.076278e+04,4.717914e-01,9.474775e-01,9.475759e-01,3.559412e-04,1.085352e-08,3.797490e+01,8.001564e+00,2.997333e+01,3.963644e+01,1.703351e+02
1.189893e+06,1.377191e+01,4.077278e+04,4.719071e-01,9.474604e-01,9.475760e-01,3.560497e-04,1.085352e-08,3.797490e+01,8.001818e+00,2.997308e+01,3.963700e+01,1.703311e+02
1.189903e+06,1.377202e+01,4.078278e+04,4.720229e-01,9.474433e-01,9.475761e-01,3.561583e-04,1.085351e-08,3.797490e+01,8.002071e+00,2.997283e+01,3.963755e+01,1.703271e+02
1.189913e+06,1.377214e+01,4.079278e+04,4.721386e-01,9.474262e-01,9.475762e-01,3.562668e-04,1.085351e-08,3.797490e+01,8.002324e+00,2.997257e+01,3.963811e+01,1.703232e+02
1.189923e+06,1.377225e+01,4.080278e+04,4.722544e-01,9.474091e-01,9.475763e-01,3.563754e-04,1.085351e-08,3.797490e+01,8.002577e+00,2.997232e+01,3.963867e+01,1.703192e+02
1.189933e+06,1.377237e+01,4.081278e+04,4.723701e-01,9.473921e-01,9.475765e-01,3.564839e-04,1.085351e-08,3.797490e+01,8.002831e+00,2.997207e+01,3.963922e+01,1.703152e+02
1.189943e+06,1.377249e+01,4.082278e+04,4.724859e-01,9.473750e-01,9.475766e-01,3.565925e-04,1.085351e-08,3.797490e+01,8.003084e+00,2.997181e+01,3.963978e+01,1.703112e+02
1.189953e+06,1.377260e+01,4.083278e+04,4.726016e-01,9.473579e-01,9.475767e-01,3.567010e-04,1.085351e-08,3.797490e+01,8.003337e+00,2.997156e+01,3.964034e+01,1.703072e+02
1.189963e+06,1.377272e+01,4.084278e+04,4.727174e-01,9.473414e-01,9.475768e-01,3.568095e-04,1.085351e-08,3.797490e+01,8.003590e+00,2.997131e+01,3.964087e+01,1.703032e+02
1.189973e+06,1.377283e+01,4.085278e+04,4.728331e-01,9.473310e-01,9.475769e-01,3.569181e-04,1.085351e-08,3.797505e+01,8.003793e+00,2.997126e+01,3.964137e+01,1.703000e+02
1.189983e+06,1.377295e+01,4.086278e+04,4.729489e-01,9.473343e-01,9.475770e-01,3.570266e-04,1.085351e-08,3.797582e+01,8.003793e+00,2.997203e+01,3.964207e+01,1.703000e+02
1.189993e+06,1.377306e+01,4.087278e+04,4.730646e-01,9.473376e-01,9.475771e-01,3.571352e-04,1.085350e-08,3.797659e+01,8.003793e+00,2.997280e+01,3.964278e+01,1.703000e+02
1.190003e+06,1.377318e+01,4.088278e+04,4.731804e-01,9.473409e-01,9.475772e-01,3.572437e-04,1.085350e-08,3.797736e+01,8.003793e+00,2.997357e+01,3.964348e+01,1.703000e+02
1.190013e+06,1.377330e+01,4.089278e+04,4.732961e-01,9.473442e-01,9.475773e-01,3.573523e-04,1.085350e-08,3.797813e+01,8.003793e+00,2.997434e+01,3.964418e+01,1.703000e+02
1.190023e+06,1.377341e+01,4.090278e+04,4.734119e-01,9.473475e-01,9.475774e-01,3.574608e-04,1.085350e-08,3.797890e+01,8.003793e+00,2.997511e+01,3.964489e+01,1.703000e+02
1.190033e+06,1.377353e+01,4.091279e+04,4.735276e-01,9.473508e-01,9.475775e-01,3.575693e-04,1.085350e-08,3.797967e+01,8.003793e+00,2.997588e+01,3.964559e+01,1.703000e+02
1.190043e+06,1.377364e+01,4.092279e+04,4.736434e-01,9.473541e-01,9.475776e-01,3.576779e-04,1.085350e-08,3.798044e+01,8.003793e+00,2.997665e+01,3.964629e+01,1.703000e+02
1.190053e+06,1.377376e+01,4.093279e+04,4.737591e-01,9.473574e-01,9.475777e-01,3.577864e-04,1.085350e-08,3.798122e+01,8.003793e+00,2.997742e+01,3.964700e+01,1.703000e+02
1.190063e+06,1.377387e+01,4.094279e+04,4.738749e-01,9.473607e-01,9.475778e-01,3.578950e-04,1.085350e-08,3.798199e+01,8.003793e+00,2.997819e+01,3.964770e+01,1.703000e+02
1.190073e+06,1.377399e+01,4.095279e+04,4.739906e-01,9.473640e-01,9.475779e-01,3.580035e-04,1.085349e-08,3.798276e+01,8.003793e+00,2.997896e+01,3.964840e+01,1.703000e+02
1.190083e+06,1.377411e+01,4.096279e+04,4.741064e-01,9.473673e-01,9.475780e-01,3.581120e-04,1.085349e-08,3.798353e+01,8.003793e+00,2.997973e+01,3.964910e+01,1.703000e+02
1.190093e+06,1.377422e+01,4.097279e+04,4.742221e-01,9.473706e-01,9.475781e-01,3.582206e-04,1.085349e-08,3.798430e+01,8.003793e+00,2.998051e+01,3.964981e+01,1.703000e+02
1.190103e+06,1.377434e+01,4.098279e+04,4.743378e-01,9.473739e-01,9.475782e-01,3.583291e-04,1.085349e-08,3.798507e+01,8.003793e+00,2.998128e+01,3.965051e+01,1.703000e+02
1.190113e+06,1.377445e+01,4.099279e+04,4.744536e-01,9.473772e-01,9.475783e-01,3.584377e-04,1.085349e-08,3.798584e+01,8.003793e+00,2.998205e+01,3.965121e+01,1.703000e+02
1.190123e+06,1.377457e+01,4.100279e+04,4.745693e-01,9.473805e-01,9.475784e-01,3.585462e-04,1.085349e-08,3.798661e+01,8.003793e+00,2.998282e+01,3.965192e+01,1.703000e+02
1.190133e+06,1.377469e+01,4.101279e+04,4.746851e-01,9.473839e-01,9.475785e-01,3.586548e-04,1.085349e-08,3.798738e+01,8.003793e+00,2.998359e+01,3.965262e+01,1.703000e+02
1.190143e+06,1.377480e+01,4.102279e+04,4.748008e-01,9.473872e-01,9.475786e-01,3.587633e-04,1.085349e-08,3.798815e+01,8.003793e+00,2.998436e+01,3.965332e+01,1.703000e+02
1.190153e+06,1.377492e+01,4.103279e+04,4.749166e-01,9.473905e-01,9.475787e-01,3.588718e-04,1.085349e-08,3.798892e+01,8.003793e+00,2.998513e+01,3.965403e+01,1.703000e+02
1.190163e+06,1.377503e+01,4.104279e+04,4.750323e-01,9.473938e-01,9.475788e-01,3.589804e-04,1.085348e-08,3.798969e+01,8.003793e+00,2.998590e+01,3.965473e+01,1.703000e+02
1.190173e+06,1.377515e+01,4.105279e+04,4.751481e-01,9.473971e-01,9.475789e-01,3.590889e-04,1.085348e-08,3.799046e+01,8.003793e+00,2.998667e+01,3.965543e+01,1.703000e+02
1.190183e+06,1.377526e+01,4.106280e+04,4.752638e-01,9.474004e-01,9.475790e-01,3.591975e-04,1.085348e-08,3.799123e+01,8.003793e+00,2.998744e+01,3.965614e+01,1.703000e+02
1.190193e+06,1.377538e+01,4.107280e+04,4.753796e-01,9.474037e-01,9.475791e-01,3.593060e-04,1.085348e-08,3.799200e+01,8.003793e+00,2.998821e+01,3.965684e+01,1.703000e+02
1.190203e+06,1.377550e+01,4.108280e+04,4.754953e-01,9.474070e-01,9.475792e-01,3.594146e-04,1.085348e-08,3.799278e+01,8.003793e+00,2.998898e+01,3.965754e+01,1.703000e+02
1.190213e+06,1.377561e+01,4.109280e+04,4.756111e-01,9.474095e-01,9.475793e-01,3.595231e-04,1.085348e-08,3.799355e+01,8.003793e+00,2.998975e+01,3.965827e+01,1.703000e+02
1.190223e+06,1.377573e+01,4.110280e+04,4.757268e-01,9.474099e-01,9.475794e-01,3.596316e-04,1.085348e-08,3.799426e+01,8.003793e+00,2.999046e+01,3.965901e+01,1.702991e+02
1.190233e+06,1.377584e+01,4.111280e+04,4.758426e-01,9.474109e-01,9.475795e-01,3.597402e-04,1.085348e-08,3.799477e+01,8.003793e+00,2.999098e+01,3.965952e+01,1.702951e+02
1.190243e+06,1.377596e+01,4.112280e+04,4.759583e-01,9.474119e-01,9.475796e-01,3.598487e-04,1.085347e-08,3.799528e+01,8.003793e+00,2.999149e+01,3.966003e+01,1.702911e+02
1.190253e+06,1.377607e+01,4.113280e+04,4.760741e-01,9.474129e-01,9.475797e-01,3.599573e-04,1.085347e-08,3.799580e+01,8.003793e+00,2.999201e+01,3.966053e+01,1.702871e+02
1.190263e+06,1.377619e+01,4.114280e+04,4.761898e-01,9.474140e-01,9.475798e-01,3.600658e-04,1.085347e-08,3.799631e+01,8.003793e+00,2.999252e+01,3.966104e+01,1.702831e+02
1.190273e+06,1.377631e+01,4.115280e+04,4.763056e-01,9.474150e-01,9.475799e-01,3.601744e-04,1.085347e-08,3.799683e+01,8.003793e+00,2.999303e+01,3.966155e+01,1.702790e+02
1.190283e+06,1.377642e+01,4.116280e+04,4.764213e-01,9.474160e-01,9.475801e-01,3.602829e-04,1.085347e-08,3.799734e+01,8.003793e+00,2.999355e+01,3.966206e+01,1.702750e+02
1.190293e+06,1.377654e+01,4.117280e+04,4.765371e-01,9.474170e-01,9.475802e-01,3.603914e-04,1.085347e-08,3.799785e+01,8.003793e+00,2.999406e+01,3.966257e+01,1.702710e+02
1.190303e+06,1.377665e+01,4.118280e+04,4.766528e-01,9.474181e-01,9.475803e-01,3.605000e-04,1.085347e-08,3.799837e+01,8.003793e+00,2.999457e+01,3.966307e+01,1.702670e+02
1.190313e+06,1.377677e+01,4.119280e+04,4.767686e-01,9.474191e-01,9.475804e-01,3.606085e-04,1.085347e-08,3.799888e+01,8.003793e+00,2.999509e+01,3.966358e+01,1.702630e+02
1.190323e+06,1.377688e+01,4.120281e+04,4.768843e-01,9.474201e-01,9.475805e-01,3.607171e-04,1.085347e-08,3.799939e+01,8.003793e+00,2.999560e+01,3.966409e+01,1.702590e+02
1.190333e+06,1.377700e+01,4.121281e+04,4.770001e-01,9.474211e-01,9.475806e-01,3.608256e-04,1.085346e-08,3.799991e+01,8.003793e+00,2.999612e+01,3.966460e+01,1.702550e+02
1.190343e+06,1.377712e+01,4.122281e+04,4.771158e-01,9.474221e-01,9.475807e-01,3.609341e-04,1.085346e-08,3.800042e+01,8.003793e+00,2.999663e+01,3.966511e+01,1.702510e+02
1.190353e+06,1.377723e+01,4.123281e+04,4.772316e-01,9.474232e-01,9.475808e-01,3.610427e-04,1.085346e-08,3.800094e+01,8.003793e+00,2.999714e+01,3.966561e+01,1.702470e+02
1.190363e+06,1.377735e+01,4.124281e+04,4.773473e-01,9.474242e-01,9.475809e-01,3.611512e-04,1.085346e-08,3.800145e+01,8.003793e+00,2.999766e+01,3.966612e+01,1.702430e+02
1.190373e+06,1.377746e+01,4.125281e+04,4.774631e-01,9.474252e-01,9.475810e-01,3.612598e-04,1.085346e-08,3.800196e+01,8.003793e+00,2.999817e+01,3.966663e+01,1.702390e+02
1.190383e+06,1.377758e+01,4.126281e+04,4.775788e-01,9.474262e-01,9.475811e-01,3.613683e-04,1.085346e-08,3.800248e+01,8.003793e+00,2.999868e+01,3.966714e+01,1.702350e+02
1.190393e+06,1.377769e+01,4.127281e+04,4.776946e-01,9.474273e-01,9.475812e-01,3.614769e-04,1.085346e-08,3.800299e+01,8.003793e+00,2.999920e+01,3.966765e+01,1.702310e+02
1.190403e+06,1.377781e+01,4.128281e+04,4.778103e-01,9.474283e-01,9.475813e-01,3.615854e-04,1.085346e-08,3.800350e+01,8.003793e+00,2.999971e+01,3.966815e+01,1.702270e+02
1.190413e+06,1.377793e+01,4.129281e+04,4.779261e-01,9.474293e-01,9.475814e-01,3.616939e-04,1.085345e-08,3.800402e+01,8.003793e+00,3.000023e+01,3.966866e+01,1.702230e+02
1.190423e+06,1.377804e+01,4.130281e+04,4.780418e-01,9.474303e-01,9.475815e-01,3.618025e-04,1.085345e-08,3.800453e+01,8.003793e+00,3.000074e+01,3.966917e+01,1.702190e+02
1.190433e+06,1.377816e+01,4.131281e+04,4.781576e-01,9.474314e-01,9.475816e-01,3.619110e-04,1.085345e-08,3.800505e+01,8.003793e+00,3.000125e+01,3.966968e+01,1.702150e+02
1.190443e+06,1.377827e+01,4.132281e+04,4.782733e-01,9.474324e-01,9.475817e-01,3.620196e-04,1.085345e-08,3.800556e+01,8.003793e+00,3.000177e+01,3.967019e+01,1.702110e+02
1.190453e+06,1.377839e+01,4.133281e+04,4.783891e-01,9.474334e-01,9.475818e-01,3.621281e-04,1.085345e-08,3.800607e+01,8.003793e+00,3.000228e+01,3.967069e+01,1.702070e+02
1.190463e+06,1.377850e+01,4.134281e+04,4.785048e-01,9.474353e-01,9.475819e-01,3.622366e-04,1.085345e-08,3.800659e+01,8.003793e+00,3.000279e+01,3.967117e+01,1.702029e+02
1.190473e+06,1.377862e+01,4.135282e+04,4.786205e-01,9.474410e-01,9.475820e-01,3.623452e-04,1.085345e-08,3.800690e+01,8.003726e+00,3.000317e+01,3.967132e+01,1.702000e+02
1.190483e+06,1.377874e+01,4.136282e+04,4.787363e-01,9.474507e-01,9.475821e-01,3.624537e-04,1.085345e-08,3.800664e+01,8.003473e+00,3.000317e+01,3.967073e+01,1.702000e+02
1.190493e+06,1.377885e+01,4.137282e+04,4.788520e-01,9.474605e-01,9.475822e-01,3.625623e-04,1.085345e-08,3.800639e+01,8.003220e+00,3.000317e+01,3.967015e+01,1.702000e+02
1.190503e+06,1.377897e+01,4.138282e+04,4.789678e-01,9.474703e-01,9.475823e-01,3.626708e-04,1.085344e-08,3.800613e+01,8.002967e+00,3.000316e+01,3.966957e+01,1.702000e+02
1.190513e+06,1.377908e+01,4.139282e+04,4.790835e-01,9.474801e-01,9.475824e-01,3.627794e-04,1.085344e-08,3.800587e+01,8.002713e+00,3.000316e+01,3.966898e+01,1.702000e+02
1.190523e+06,1.377920e+01,4.140282e+04,4.791993e-01,9.474898e-01,9.475825e-01,3.628879e-04,1.085344e-08,3.800562e+01,8.002460e+00,3.000316e+01,3.966840e+01,1.702000e+02
1.190533e+06,1.377932e+01,4.141282e+04,4.793150e-01,9.474996e-01,9.475826e-01,3.629964e-04,1.085344e-08,3.800536e+01,8.002207e+00,3.000316e+01,3.966782e+01,1.702000e+02
1.190543e+06,1.377943e+01,4.142282e+04,4.794308e-01,9.475094e-01,9.475827e-01,3.631050e-04,1.085344e-08,3.800511e+01,8.001954e+00,3.000315e+01,3.966724e+01,1.702000e+02
1.190553e+06,1.377955e+01,4.143282e+04,4.795465e-01,9.475192e-01,9.475828e-01,3.632135e-04,1.085344e-08,3.800485e+01,8.001700e+00,3.000315e+01,3.966665e+01,1.702000e+02
1.190563e+06,1.377966e+01,4.144282e+04,4.796623e-01,9.475289e-01,9.475829e-01,3.633221e-04,1.085344e-08,3.800459e+01,8.001447e+00,3.000315e+01,3.966607e+01,1.702000e+02
1.190573e+06,1.377978e+01,4.145282e+04,4.797780e-01,9.475387e-01,9.475830e-01,3.634306e-04,1.085344e-08,3.800434e+01,8.001194e+00,3.000314e+01,3.966549e+01,1.702000e+02
1.190583e+06,1.377989e+01,4.146282e+04,4.798938e-01,9.475485e-01,9.475831e-01,3.635392e-04,1.085343e-08,3.800408e+01,8.000941e+00,3.000314e+01,3.966491e+01,1.702000e+02
1.190593e+06,1.378001e+01,4.147282e+04,4.800095e-01,9.475583e-01,9.475832e-01,3.636477e-04,1.085343e-08,3.800383e+01,8.000687e+00,3.000314e+01,3.966432e+01,1.702000e+02
1.190603e+06,1.378013e+01,4.148282e+04,4.801253e-01,9.475680e-01,9.475833e-01,3.637562e-04,1.085343e-08,3.800357e+01,8.000434e+00,3.000314e+01,3.966374e+01,1.702000e+02
1.190613e+06,1.378024e+01,4.149282e+04,4.802410e-01,9.475778e-01,9.475834e-01,3.638648e-04,1.085343e-08,3.800331e+01,8.000181e+00,3.000313e+01,3.966316e+01,1.702000e+02
1.190623e+06,1.378036e+01,4.150283e+04,4.803568e-01,9.475876e-01,9.475835e-01,3.639733e-04,1.085343e-08,3.800306e+01,7.999928e+00,3.000313e+01,3.966257e+01,1.702000e+02
1.190633e+06,1.378047e+01,4.151283e+04,4.804725e-01,9.475973e-01,9.475837e-01,3.640819e-04,1.085343e-08,3.800280e+01,7.999674e+00,3.000313e+01,3.966199e+01,1.702000e+02
1.190643e+06,1.378059e+01,4.152283e+04,4.805883e-01,9.476071e-01,9.475838e-01,3.641904e-04,1.085343e-08,3.800255e+01,7.999421e+00,3.000312e+01,3.966141e+01,1.702000e+02
1.190653e+06,1.378070e+01,4.153283e+04,4.807040e-01,9.476169e-01,9.475839e-01,3.642989e-04,1.085343e-08,3.800229e+01,7.999168e+00,3.000312e+01,3.966083e+01,1.702000e+02
1.190663e+06,1.378082e+01,4.154283e+04,4.808198e-01,9.476267e-01,9.475840e-01,3.644075e-04,1.085343e-08,3.800203e+01,7.998915e+00,3.000312e+01,3.966024e+01,1.702000e+02
1.190673e+06,1.378094e+01,4.155283e+04,4.809355e-01,9.476364e-01,9.475841e-01,3.645160e-04,1.085342e-08,3.800178e+01,7.998661e+00,3.000312e+01,3.965966e+01,1.702000e+02
1.190683e+06,1.378105e+01,4.156283e+04,4.810513e-01,9.476462e-01,9.475842e-01,3.646246e-04,1.085342e-08,3.800152e+01,7.998408e+00,3.000311e+01,3.965908e+01,1.702000e+02
1.190693e+06,1.378117e+01,4.157283e+04,4.811670e-01,9.476560e-01,9.475843e-01,3.647331e-04,1.085342e-08,3.800127e+01,7.998155e+00,3.000311e+01,3.965850e+01,1.702000e+02
1.190703e+06,1.378128e+01,4.158283e+04,4.812828e-01,9.476658e-01,9.475844e-01,3.648417e-04,1.085342e-08,3.800101e+01,7.997902e+00,3.000311e+01,3.965791e+01,1.702000e+02
1.190713e+06,1.378140e+01,4.159283e+04,4.813985e-01,9.476749e-01,9.475845e-01,3.649502e-04,1.085342e-08,3.800075e+01,7.997648e+00,3.000311e+01,3.965735e+01,1.702000e+02
1.190723e+06,1.378151e+01,4.160283e+04,4.815143e-01,9.476799e-01,9.475846e-01,3.650587e-04,1.085342e-08,3.800050e+01,7.997448e+00,3.000305e+01,3.965692e+01,1.701992e+02
1.190733e+06,1.378163e+01,4.161283e+04,4.816300e-01,9.476794e-01,9.475847e-01,3.651673e-04,1.085342e-08,3.800024e+01,7.997448e+00,3.000279e+01,3.965667e+01,1.701951e+02
1.190743e+06,1.378175e+01,4.162283e+04,4.817458e-01,9.476789e-01,9.475848e-01,3.652758e-04,1.085342e-08,3.799998e+01,7.997448e+00,3.000253e+01,3.965641e+01,1.701911e+02
1.190753e+06,1.378186e+01,4.163283e+04,4.818615e-01,9.476784e-01,9.475849e-01,3.653844e-04,1.085341e-08,3.799972e+01,7.997448e+00,3.000228e+01,3.965616e+01,1.701871e+02
1.190763e+06,1.378198e+01,4.164284e+04,4.819773e-01,9.476779e-01,9.475850e-01,3.654929e-04,1.085341e-08,3.799947e+01,7.997448e+00,3.000202e+01,3.965590e+01,1.701831e+02
1.190773e+06,1.378209e+01,4.165284e+04,4.820930e-01,9.476773e-01,9.475851e-01,3.656014e-04,1.085341e-08,3.799921e+01,7.997448e+00,3.000176e+01,3.965565e+01,1.701791e+02
1.190783e+06,1.378221e+01,4.166284e+04,4.822088e-01,9.476768e-01,9.475852e-01,3.657100e-04,1.085341e-08,3.799895e+01,7.997448e+00,3.000150e+01,3.965540e+01,1.701750e+02
1.190793e+06,1.378232e+01,4.167284e+04,4.823245e-01,9.476763e-01,9.475853e-01,3.658185e-04,1.085341e-08,3.799869e+01,7.997448e+00,3.000124e+01,3.965514e+01,1.701710e+02
1.190803e+06,1.378244e+01,4.168284e+04,4.824403e-01,9.476758e-01,9.475854e-01,3.659271e-04,1.085341e-08,3.799844e+01,7.997448e+00,3.000099e+01,3.965489e+01,1.701670e+02
1.190813e+06,1.378256e+01,4.169284e+04,4.825560e-01,9.476753e-01,9.475855e-01,3.660356e-04,1.085341e-08,3.799818e+01,7.997448e+00,3.000073e+01,3.965463e+01,1.701630e+02
1.190823e+06,1.378267e+01,4.170284e+04,4.826718e-01,9.476748e-01,9.475856e-01,3.661441e-04,1.085341e-08,3.799792e+01,7.997448e+00,3.000047e+01,3.965438e+01,1.701590e+02
1.190833e+06,1.378279e+01,4.171284e+04,4.827875e-01,9.476742e-01,9.475857e-01,3.662527e-04,1.085341e-08,3.799766e+01,7.997448e+00,3.000021e+01,3.965412e+01,1.701549e+02
1.190843e+06,1.378290e+01,4.172284e+04,4.829032e-01,9.476737e-01,9.475858e-01,3.663612e-04,1.085340e-08,3.799740e+01,7.997448e+00,2.999996e+01,3.965387e+01,1.701509e+02
1.190853e+06,1.378302e+01,4.173284e+04,4.830190e-01,9.476732e-01,9.475859e-01,3.664698e-04,1.085340e-08,3.799715e+01,7.997448e+00,2.999970e+01,3.965361e+01,1.701469e+02
1.190863e+06,1.378313e+01,4.174284e+04,4.831347e-01,9.476727e-01,9.475860e-01,3.665783e-04,1.085340e-08,3.799689e+01,7.997448e+00,2.999944e+01,3.965336e+01,1.701429e+02
1.190873e+06,1.378325e+01,4.175284e+04,4.832505e-01,9.476722e-01,9.475861e-01,3.666869e-04,1.085340e-08,3.799663e+01,7.997448e+00,2.999918e+01,3.965310e+01,1.701389e+02
1.190883e+06,1.378337e+01,4.176284e+04,4.833662e-01,9.476716e-01,9.475862e-01,3.667954e-04,1.085340e-08,3.799637e+01,7.997448e+00,2.999893e+01,3.965285e+01,1.701349e+02
1.190893e+06,1.378348e+01,4.177284e+04,4.834820e-01,9.476711e-01,9.475863e-01,3.669039e-04,1.085340e-08,3.799612e+01,7.997448e+00,2.999867e+01,3.965259e+01,1.701308e+02
1.190903e+06,1.378360e+01,4.178284e+04,4.835977e-01,9.476706e-01,9.475864e-01,3.670125e-04,1.085340e-08,3.799586e+01,7.997448e+00,2.999841e+01,3.965234e+01,1.701268e+02
1.190913e+06,1.378371e+01,4.179285e+04,4.837135e-01,9.476701e-01,9.475865e-01,3.671210e-04,1.085340e-08,3.799560e+01,7.997448e+00,2.999815e+01,3.965208e+01,1.701228e+02
1.190923e+06,1.378383e+01,4.180285e+04,4.838292e-01,9.476696e-01,9.475866e-01,3.672296e-04,1.085339e-08,3.799534e+01,7.997448e+00,2.999789e+01,3.965183e+01,1.701188e+02
1.190933e+06,1.378394e+01,4.181285e+04,4.839450e-01,9.476690e-01,9.475867e-01,3.673381e-04,1.085339e-08,3.799508e+01,7.997448e+00,2.999764e+01,3.965158e+01,1.701148e+02
1.190943e+06,1.378406e+01,4.182285e+04,4.840607e-01,9.476685e-01,9.475868e-01,3.674466e-04,1.085339e-08,3.799483e+01,7.997448e+00,2.999738e+01,3.965132e+01,1.701107e+02
1.190953e+06,1.378418e+01,4.183285e+04,4.841765e-01,9.476680e-01,9.475869e-01,3.675552e-04,1.085339e-08,3.799457e+01,7.997448e+00,2.999712e+01,3.965107e+01,1.701067e+02
1.190963e+06,1.378429e+01,4.184285e+04,4.842922e-01,9.476696e-01,9.475870e-01,3.676637e-04,1.085339e-08,3.799431e+01,7.997448e+00,2.999686e+01,3.965074e+01,1.701027e+02
1.190973e+06,1.378441e+01,4.185285e+04,4.844080e-01,9.476761e-01,9.475871e-01,3.677723e-04,1.085339e-08,3.799397e+01,7.997448e+00,2.999652e+01,3.965016e+01,1.701013e+02
1.190983e+06,1.378452e+01,4.186285e+04,4.845237e-01,9.476840e-01,9.475873e-01,3.678808e-04,1.085339e-08,3.799346e+01,7.997448e+00,2.999601e+01,3.964936e+01,1.701053e+02
1.190993e+06,1.378464e+01,4.187285e+04,4.846395e-01,9.476919e-01,9.475874e-01,3.679894e-04,1.085339e-08,3.799295e+01,7.997448e+00,2.999550e+01,3.964856e+01,1.701093e+02
1.191003e+06,1.378476e+01,4.188285e+04,4.847552e-01,9.476998e-01,9.475875e-01,3.680979e-04,1.085339e-08,3.799244e+01,7.997448e+00,2.999499e+01,3.964776e+01,1.701132e+02
1.191013e+06,1.378487e+01,4.189285e+04,4.848710e-01,9.477077e-01,9.475876e-01,3.682064e-04,1.085338e-08,3.799193e+01,7.997448e+00,2.999448e+01,3.964695e+01,1.701172e+02
1.191023e+06,1.378499e+01,4.190285e+04,4.849867e-01,9.477156e-01,9.475877e-01,3.683150e-04,1.085338e-08,3.799142e+01,7.997448e+00,2.999397e+01,3.964615e+01,1.701212e+02
1.191033e+06,1.378510e+01,4.191285e+04,4.851025e-01,9.477235e-01,9.475878e-01,3.684235e-04,1.085338e-08,3.799091e+01,7.997448e+00,2.999346e+01,3.964535e+01,1.701252e+02
1.191043e+06,1.378522e+01,4.192285e+04,4.852182e-01,9.477314e-01,9.475879e-01,3.685321e-04,1.085338e-08,3.799040e+01,7.997448e+00,2.999295e+01,3.964455e+01,1.701291e+02
1.191053e+06,1.378533e+01,4.193285e+04,4.853340e-01,9.477393e-01,9.475880e-01,3.686406e-04,1.085338e-08,3.798989e+01,7.997448e+00,2.999244e+01,3.964375e+01,1.701331e+02
1.191063e+06,1.378545e+01,4.194286e+04,4.854497e-01,9.477472e-01,9.475881e-01,3.687491e-04,1.085338e-08,3.798938e+01,7.997448e+00,2.999193e+01,3.964294e+01,1.701371e+02
1.191073e+06,1.378557e+01,4.195286e+04,4.855655e-01,9.477551e-01,9.475882e-01,3.688577e-04,1.085338e-08,3.798887e+01,7.997448e+00,2.999142e+01,3.964214e+01,1.701411e+02
1.191083e+06,1.378568e+01,4.196286e+04,4.856812e-01,9.477630e-01,9.475883e-01,3.689662e-04,1.085338e-08,3.798836e+01,7.997448e+00,2.999091e+01,3.964134e+01,1.701451e+02
1.191093e+06,1.378580e+01,4.197286e+04,4.857970e-01,9.477709e-01,9.475884e-01,3.690748e-04,1.085337e-08,3.798785e+01,7.997448e+00,2.999040e+01,3.964054e+01,1.701490e+02
1.191103e+06,1.378591e+01,4.198286e+04,4.859127e-01,9.477788e-01,9.475885e-01,3.691833e-04,1.085337e-08,3.798734e+01,7.997448e+00,2.998989e+01,3.963973e+01,1.701530e+02
1.191113e+06,1.378603e+01,4.199286e+04,4.860285e-01,9.477867e-01,9.475886e-01,3.692918e-04,1.085337e-08,3.798683e+01,7.997448e+00,2.998938e+01,3.963893e+01,1.701570e+02
1.191123e+06,1.378614e+01,4.200286e+04,4.861442e-01,9.477946e-01,9.475887e-01,3.694004e-04,1.085337e-08,3.798632e+01,7.997448e+00,2.998887e+01,3.963813e+01,1.701610e+02
1.191133e+06,1.378626e+01,4.201286e+04,4.862600e-01,9.478025e-01,9.475888e-01,3.695089e-04,1.085337e-08,3.798581e+01,7.997448e+00,2.998836e+01,3.963733e+01,1.701649e+02
1.191143e+06,1.378638e+01,4.202286e+04,4.863757e-01,9.478104e-01,9.475889e-01,3.696175e-04,1.085337e-08,3.798530e+01,7.997448e+00,2.998785e+01,3.963653e+01,1.701689e+02
1.191153e+06,1.378649e+01,4.203286e+04,4.864915e-01,9.478183e-01,9.475890e-01,3.697260e-04,1.085337e-08,3.798479e+01,7.997448e+00,2.998734e+01,3.963572e+01,1.701729e+02
1.191163e+06,1.378661e+01,4.204286e+04,4.866072e-01,9.478262e-01,9.475891e-01,3.698346e-04,1.085337e-08,3.798428e+01,7.997448e+00,2.998683e+01,3.963492e+01,1.701769e+02
1.191173e+06,1.378672e+01,4.205286e+04,4.867230e-01,9.478341e-01,9.475892e-01,3.699431e-04,1.085337e-08,3.798377e+01,7.997448e+00,2.998632e+01,3.963412e+01,1.701809e+02
1.191183e+06,1.378684e+01,4.206286e+04,4.868387e-01,9.478421e-01,9.475893e-01,3.700516e-04,1.085336e-08,3.798326e+01,7.997448e+00,2.998581e+01,3.963332e+01,1.701848e+02
1.191193e+06,1.378695e+01,4.207286e+04,4.869544e-01,9.478500e-01,9.475894e-01,3.701602e-04,1.085336e-08,3.798275e+01,7.997448e+00,2.998530e+01,3.963252e+01,1.701888e+02
1.191203e+06,1.378707e+01,4.208287e+04,4.870702e-01,9.478579e-01,9.475895e-01,3.702687e-04,1.085336e-08,3.798224e+01,7.997448e+00,2.998479e+01,3.963171e+01,1.701928e+02
1.191213e+06,1.378719e+01,4.209287e+04,4.871859e-01,9.478652e-01,9.475896e-01,3.703773e-04,1.085336e-08,3.798172e+01,7.997448e+00,2.998428e+01,3.963093e+01,1.701968e+02
1.191223e+06,1.378730e+01,4.210287e+04,4.873017e-01,9.478670e-01,9.475897e-01,3.704858e-04,1.085336e-08,3.798150e+01,7.997448e+00,2.998406e+01,3.963064e+01,1.702000e+02
1.191233e+06,1.378742e+01,4.211287e+04,4.874174e-01,9.478564e-01,9.475898e-01,3.705943e-04,1.085336e-08,3.798253e+01,7.997448e+00,2.998509e+01,3.963208e+01,1.702000e+02
1.191243e+06,1.378753e+01,4.212287e+04,4.875332e-01,9.478459e-01,9.475899e-01,3.707029e-04,1.085336e-08,3.798357e+01,7.997448e+00,2.998612e+01,3.963352e+01,1.702000e+02
1.191253e+06,1.378765e+01,4.213287e+04,4.876489e-01,9.478353e-01,9.475900e-01,3.708114e-04,1.085336e-08,3.798460e+01,7.997448e+00,2.998715e+01,3.963496e+01,1.702000e+02
1.191263e+06,1.378776e+01,4.214287e+04,4.877647e-01,9.478247e-01,9.475901e-01,3.709200e-04,1.085335e-08,3.798563e+01,7.997448e+00,2.998818e+01,3.963640e+01,1.702000e+02
1.191273e+06,1.378788e+01,4.215287e+04,4.878804e-01,9.478142e-01,9.475902e-01,3.710285e-04,1.085335e-08,3.798666e+01,7.997448e+00,2.998921e+01,3.963784e+01,1.702000e+02
1.191283e+06,1.378800e+01,4.216287e+04,4.879962e-01,9.478036e-01,9.475903e-01,3.711370e-04,1.085335e-08,3.798769e+01,7.997448e+00,2.999024e+01,3.963928e+01,1.702000e+02
1.191293e+06,1.378811e+01,4.217287e+04,4.881119e-01,9.477930e-01,9.475904e-01,3.712456e-04,1.085335e-08,3.798872e+01,7.997448e+00,2.999127e+01,3.964072e+01,1.702000e+02
1.191303e+06,1.378823e+01,4.218287e+04,4.882277e-01,9.477825e-01,9.475905e-01,3.713541e-04,1.085335e-08,3.798975e+01,7.997448e+00,2.999230e+01,3.964216e+01,1.702000e+02
1.191313e+06,1.378834e+01,4.219287e+04,4.883434e-01,9.477719e-01,9.475906e-01,3.714627e-04,1.085335e-08,3.799078e+01,7.997448e+00,2.999334e+01,3.964360e+01,1.702000e+02
1.191323e+06,1.378846e+01,4.220287e+04,4.884592e-01,9.477613e-01,9.475907e-01,3.715712e-04,1.085335e-08,3.799181e+01,7.997448e+00,2.999437e+01,3.964504e+01,1.702000e+02
1.191333e+06,1.378857e+01,4.221287e+04,4.885749e-01,9.477508e-01,9.475908e-01,3.716797e-04,1.085335e-08,3.799285e+01,7.997448e+00,2.999540e+01,3.964648e+01,1.702000e+02
1.191343e+06,1.378869e+01,4.222287e+04,4.886907e-01,9.477402e-01,9.475910e-01,3.717883e-04,1.085335e-08,3.799388e+01,7.997448e+00,2.999643e+01,3.964792e+01,1.702000e+02
1.191353e+06,1.378881e+01,4.223288e+04,4.888064e-01,9.477296e-01,9.475911e-01,3.718968e-04,1.085334e-08,3.799491e+01,7.997448e+00,2.999746e+01,3.964937e+01,1.702000e+02
1.191363e+06,1.378892e+01,4.224288e+04,4.889222e-01,9.477190e-01,9.475912e-01,3.720054e-04,1.085334e-08,3.799594e+01,7.997448e+00,2.999849e+01,3.965081e+01,1.702000e+02
1.191373e+06,1.378904e+01,4.225288e+04,4.890379e-01,9.477085e-01,9.475913e-01,3.721139e-04,1.085334e-08,3.799697e+01,7.997448e+00,2.999952e+01,3.965225e+01,1.702000e+02
1.191383e+06,1.378915e+01,4.226288e+04,4.891537e-01,9.476979e-01,9.475914e-01,3.722225e-04,1.085334e-08,3.799800e+01,7.997448e+00,3.000055e+01,3.965369e+01,1.702000e+02
1.191393e+06,1.378927e+01,4.227288e+04,4.892694e-01,9.476873e-01,9.475915e-01,3.723310e-04,1.085334e-08,3.799903e+01,7.997448e+00,3.000158e+01,3.965513e+01,1.702000e+02
1.191403e+06,1.378939e+01,4.228288e+04,4.893852e-01,9.476768e-01,9.475916e-01,3.724395e-04,1.085334e-08,3.800006e+01,7.997448e+00,3.000262e+01,3.965657e+01,1.702000e+02
1.191413e+06,1.378950e+01,4.229288e+04,4.895009e-01,9.476662e-01,9.475917e-01,3.725481e-04,1.085334e-08,3.800109e+01,7.997448e+00,3.000365e+01,3.965801e+01,1.702000e+02
1.191423e+06,1.378962e+01,4.230288e+04,4.896167e-01,9.476556e-01,9.475918e-01,3.726566e-04,1.085334e-08,3.800213e+01,7.997448e+00,3.000468e+01,3.965945e+01,1.702000e+02
1.191433e+06,1.378973e+01,4.231288e+04,4.897324e-01,9.476451e-01,9.475919e-01,3.727652e-04,1.085333e-08,3.800316e+01,7.997448e+00,3.000571e+01,3.966089e+01,1.702000e+02
1.191443e+06,1.378985e+01,4.232288e+04,4.898482e-01,9.476345e-01,9.475920e-01,3.728737e-04,1.085333e-08,3.800419e+01,7.997448e+00,3.000674e+01,3.966234e+01,1.702000e+02
1.191453e+06,1.378996e+01,4.233288e+04,4.899639e-01,9.476239e-01,9.475921e-01,3.729822e-04,1.085333e-08,3.800522e+01,7.997448e+00,3.000777e+01,3.966378e+01,1.702000e+02
1.191463e+06,1.379008e+01,4.234288e+04,4.900797e-01,9.476133e-01,9.475922e-01,3.730908e-04,1.085333e-08,3.800625e+01,7.997448e+00,3.000880e+01,3.966522e+01,1.702000e+02
1.191473e+06,1.379020e+01,4.235288e+04,4.901954e-01,9.476070e-01,9.475923e-01,3.731993e-04,1.085333e-08,3.800658e+01,7.997448e+00,3.000913e+01,3.966578e+01,1.702000e+02
1.191483e+06,1.379031e+01,4.236288e+04,4.903112e-01,9.476100e-01,9.475924e-01,3.733079e-04,1.085333e-08,3.800530e+01,7.997448e+00,3.000785e+01,3.966433e+01,1.702000e+02
1.191493e+06,1.379043e+01,4.237288e+04,4.904269e-01,9.476131e-01,9.475925e-01,3.734164e-04,1.085333e-08,3.800402e+01,7.997448e+00,3.000658e+01,3.966288e+01,1.702000e+02
1.191503e+06,1.379054e+01,4.238289e+04,4.905427e-01,9.476162e-01,9.475926e-01,3.735249e-04,1.085333e-08,3.800275e+01,7.997448e+00,3.000530e+01,3.966143e+01,1.702000e+02
1.191513e+06,1.379066e+01,4.239289e+04,4.906584e-01,9.476192e-01,9.475927e-01,3.736335e-04,1.085333e-08,3.800147e+01,7.997448e+00,3.000402e+01,3.965998e+01,1.702000e+02
1.191523e+06,1.379077e+01,4.240289e+04,4.907742e-01,9.476223e-01,9.475928e-01,3.737420e-04,1.085332e-08,3.800020e+01,7.997448e+00,3.000275e+01,3.965853e+01,1.702000e+02
1.191533e+06,1.379089e+01,4.241289e+04,4.908899e-01,9.476254e-01,9.475929e-01,3.738506e-04,1.085332e-08,3.799892e+01,7.997448e+00,3.000147e+01,3.965708e+01,1.702000e+02
1.191543e+06,1.379101e+01,4.242289e+04,4.910057e-01,9.476285e-01,9.475930e-01,3.739591e-04,1.085332e-08,3.799765e+01,7.997448e+00,3.000020e+01,3.965563e+01,1.702000e+02
1.191553e+06,1.379112e+01,4.243289e+04,4.911214e-01,9.476315e-01,9.475931e-01,3.740676e-04,1.085332e-08,3.799637e+01,7.997448e+00,2.999892e+01,3.965419e+01,1.702000e+02
1.191563e+06,1.379124e+01,4.244289e+04,4.912371e-01,9.476346e-01,9.475932e-01,3.741762e-04,1.085332e-08,3.799510e+01,7.997448e+00,2.999765e+01,3.965274e+01,1.702000e+02
1.191573e+06,1.379135e+01,4.245289e+04,4.913529e-01,9.476377e-01,9.475933e-01,3.742847e-04,1.085332e-08,3.799382e+01,7.997448e+00,2.999637e+01,3.965129e+01,1.702000e+02
1.191583e+06,1.379147e+01,4.246289e+04,4.914686e-01,9.476408e-01,9.475934e-01,3.743933e-04,1.085332e-08,3.799254e+01,7.997448e+00,2.999510e+01,3.964984e+01,1.702000e+02
1.191593e+06,1.379158e+01,4.247289e+04,4.915844e-01,9.476438e-01,9.475935e-01,3.745018e-04,1.085332e-08,3.799127e+01,7.997448e+00,2.999382e+01,3.964839e+01,1.702000e+02
1.191603e+06,1.379170e+01,4.248289e+04,4.917001e-01,9.476469e-01,9.475936e-01,3.746103e-04,1.085331e-08,3.798999e+01,7.997448e+00,2.999254e+01,3.964694e+01,1.702000e+02
1.191613e+06,1.379182e+01,4.249289e+04,4.918159e-01,9.476500e-01,9.475937e-01,3.747189e-04,1.085331e-08,3.798872e+01,7.997448e+00,2.999127e+01,3.964549e+01,1.702000e+02
1.191623e+06,1.379193e+01,4.250289e+04,4.919316e-01,9.476530e-01,9.475938e-01,3.748274e-04,1.085331e-08,3.798744e+01,7.997448e+00,2.998999e+01,3.964404e+01,1.702000e+02
1.191633e+06,1.379205e+01,4.251289e+04,4.920474e-01,9.476561e-01,9.475939e-01,3.749360e-04,1.085331e-08,3.798617e+01,7.997448e+00,2.998872e+01,3.964260e+01,1.702000e+02
1.191643e+06,1.379216e+01,4.252290e+04,4.921631e-01,9.476592e-01,9.475940e-01,3.750445e-04,1.085331e-08,3.798489e+01,7.997448e+00,2.998744e+01,3.964115e+01,1.702000e+02
1.191653e+06,1.379228e+01,4.253290e+04,4.922789e-01,9.476623e-01,9.475941e-01,3.751530e-04,1.085331e-08,3.798361e+01,7.997448e+00,2.998617e+01,3.963970e+01,1.702000e+02
1.191663e+06,1.379239e+01,4.254290e+04,4.923946e-01,9.476653e-01,9.475942e-01,3.752616e-04,1.085331e-08,3.798234e+01,7.997448e+00,2.998489e+01,3.963825e+01,1.702000e+02
1.191673e+06,1.379251e+01,4.255290e+04,4.925104e-01,9.476684e-01,9.475943e-01,3.753701e-04,1.085331e-08,3.798106e+01,7.997448e+00,2.998362e+01,3.963680e+01,1.702000e+02
1.191683e+06,1.379263e+01,4.256290e+04,4.926261e-01,9.476715e-01,9.475944e-01,3.754787e-04,1.085331e-08,3.797979e+01,7.997448e+00,2.998234e+01,3.963535e+01,1.702000e+02
1.191693e+06,1.379274e+01,4.257290e+04,4.927419e-01,9.476746e-01,9.475946e-01,3.755872e-04,1.085330e-08,3.797851e+01,7.997448e+00,2.998106e+01,3.963390e+01,1.702000e+02
1.191703e+06,1.379286e+01,4.258290e+04,4.928576e-01,9.476776e-01,9.475947e-01,3.756958e-04,1.085330e-08,3.797724e+01,7.997448e+00,2.997979e+01,3.963246e+01,1.702000e+02
1.191713e+06,1.379297e+01,4.259290e+04,4.929734e-01,9.476812e-01,9.475948e-01,3.758043e-04,1.085330e-08,3.797596e+01,7.997448e+00,2.997851e+01,3.963099e+01,1.702000e+02
1.191723e+06,1.379309e+01,4.260290e+04,4.930891e-01,9.476882e-01,9.475949e-01,3.759128e-04,1.085330e-08,3.797507e+01,7.997490e+00,2.997758e+01,3.962981e+01,1.702007e+02
1.191733e+06,1.379320e+01,4.261290e+04,4.932049e-01,9.476988e-01,9.475950e-01,3.760214e-04,1.085330e-08,3.797610e+01,7.997745e+00,2.997835e+01,3.963053e+01,1.702047e+02
1.191743e+06,1.379332e+01,4.262290e+04,4.933206e-01,9.477094e-01,9.475951e-01,3.761299e-04,1.085330e-08,3.797713e+01,7.998000e+00,2.997913e+01,3.963125e+01,1.702087e+02
1.191753e+06,1.379344e+01,4.263290e+04,4.934364e-01,9.477200e-01,9.475952e-01,3.762385e-04,1.085330e-08,3.797816e+01,7.998255e+00,2.997990e+01,3.963197e+01,1.702127e+02
1.191763e+06,1.379355e+01,4.264290e+04,4.935521e-01,9.477305e-01,9.475953e-01,3.763470e-04,1.085330e-08,3.797919e+01,7.998510e+00,2.998068e+01,3.963269e+01,1.702167e+02
1.191773e+06,1.379367e+01,4.265290e+04,4.936679e-01,9.477411e-01,9.475954e-01,3.764555e-04,1.085329e-08,3.798022e+01,7.998765e+00,2.998146e+01,3.963341e+01,1.702208e+02
1.191783e+06,1.379378e+01,4.266290e+04,4.937836e-01,9.477517e-01,9.475955e-01,3.765641e-04,1.085329e-08,3.798125e+01,7.999020e+00,2.998223e+01,3.963413e+01,1.702248e+02
1.191793e+06,1.379390e+01,4.267291e+04,4.938994e-01,9.477623e-01,9.475956e-01,3.766726e-04,1.085329e-08,3.798228e+01,7.999275e+00,2.998301e+01,3.963486e+01,1.702288e+02
1.191803e+06,1.379402e+01,4.268291e+04,4.940151e-01,9.477729e-01,9.475957e-01,3.767812e-04,1.085329e-08,3.798332e+01,7.999530e+00,2.998379e+01,3.963558e+01,1.702328e+02
1.191813e+06,1.379413e+01,4.269291e+04,4.941309e-01,9.477834e-01,9.475958e-01,3.768897e-04,1.085329e-08,3.798435e+01,7.999785e+00,2.998456e+01,3.963630e+01,1.702368e+02
1.191823e+06,1.379425e+01,4.270291e+04,4.942466e-01,9.477940e-01,9.475959e-01,3.769982e-04,1.085329e-08,3.798538e+01,8.000040e+00,2.998534e+01,3.963702e+01,1.702409e+02
1.191833e+06,1.379436e+01,4.271291e+04,4.943624e-01,9.478046e-01,9.475960e-01,3.771068e-04,1.085329e-08,3.798641e+01,8.000295e+00,2.998611e+01,3.963774e+01,1.702449e+02
1.191843e+06,1.379448e+01,4.272291e+04,4.944781e-01,9.478152e-01,9.475961e-01,3.772153e-04,1.085329e-08,3.798744e+01,8.000550e+00,2.998689e+01,3.963846e+01,1.702489e+02
1.191853e+06,1.379459e+01,4.273291e+04,4.945939e-01,9.478258e-01,9.475962e-01,3.773239e-04,1.085329e-08,3.798847e+01,8.000805e+00,2.998767e+01,3.963918e+01,1.702529e+02
1.191863e+06,1.379471e+01,4.274291e+04,4.947096e-01,9.478363e-01,9.475963e-01,3.774324e-04,1.085328e-08,3.798950e+01,8.001060e+00,2.998844e+01,3.963990e+01,1.702569e+02
1.191873e+06,1.379483e+01,4.275291e+04,4.948254e-01,9.478469e-01,9.475964e-01,3.775409e-04,1.085328e-08,3.799053e+01,8.001315e+00,2.998922e+01,3.964062e+01,1.702609e+02
1.191883e+06,1.379494e+01,4.276291e+04,4.949411e-01,9.478575e-01,9.475965e-01,3.776495e-04,1.085328e-08,3.799156e+01,8.001570e+00,2.998999e+01,3.964134e+01,1.702650e+02
1.191893e+06,1.379506e+01,4.277291e+04,4.950569e-01,9.478681e-01,9.475966e-01,3.777580e-04,1.085328e-08,3.799260e+01,8.001825e+00,2.999077e+01,3.964206e+01,1.702690e+02
1.191903e+06,1.379517e+01,4.278291e+04,4.951726e-01,9.478787e-01,9.475967e-01,3.778666e-04,1.085328e-08,3.799363e+01,8.002080e+00,2.999155e+01,3.964278e+01,1.702730e+02
1.191913e+06,1.379529e+01,4.279291e+04,4.952884e-01,9.478892e-01,9.475968e-01,3.779751e-04,1.085328e-08,3.799466e+01,8.002335e+00,2.999232e+01,3.964350e+01,1.702770e+02
1.191923e+06,1.379540e+01,4.280291e+04,4.954041e-01,9.478998e-01,9.475969e-01,3.780836e-04,1.085328e-08,3.799569e+01,8.002590e+00,2.999310e+01,3.964422e+01,1.702810e+02
1.191933e+06,1.379552e+01,4.281291e+04,4.955198e-01,9.479104e-01,9.475970e-01,3.781922e-04,1.085328e-08,3.799672e+01,8.002845e+00,2.999387e+01,3.964494e+01,1.702851e+02
1.191943e+06,1.379564e+01,4.282292e+04,4.956356e-01,9.479210e-01,9.475971e-01,3.783007e-04,1.085327e-08,3.799775e+01,8.003100e+00,2.999465e+01,3.964566e+01,1.702891e+02
1.191953e+06,1.379575e+01,4.283292e+04,4.957513e-01,9.479316e-01,9.475972e-01,3.784093e-04,1.085327e-08,3.799878e+01,8.003355e+00,2.999543e+01,3.964639e+01,1.702931e+02
1.191963e+06,1.379587e+01,4.284292e+04,4.958671e-01,9.479403e-01,9.475973e-01,3.785178e-04,1.085327e-08,3.799981e+01,8.003610e+00,2.999620e+01,3.964717e+01,1.702971e+02
1.191973e+06,1.379598e+01,4.285292e+04,4.959828e-01,9.479387e-01,9.475974e-01,3.786263e-04,1.085327e-08,3.800041e+01,8.003793e+00,2.999661e+01,3.964784e+01,1.702989e+02
1.191983e+06,1.379610e+01,4.286292e+04,4.960986e-01,9.479225e-01,9.475975e-01,3.787349e-04,1.085327e-08,3.799989e+01,8.003793e+00,2.999610e+01,3.964784e+01,1.702949e+02
1.191993e+06,1.379621e+01,4.287292e+04,4.962143e-01,9.479064e-01,9.475976e-01,3.788434e-04,1.085327e-08,3.799938e+01,8.003793e+00,2.999559e+01,3.964784e+01,1.702909e+02
1.192003e+06,1.379633e+01,4.288292e+04,4.963301e-01,9.478902e-01,9.475977e-01,3.789520e-04,1.085327e-08,3.799887e+01,8.003793e+00,2.999508e+01,3.964783e+01,1.702869e+02
1.192013e+06,1.379645e+01,4.289292e+04,4.964458e-01,9.478740e-01,9.475978e-01,3.790605e-04,1.085327e-08,3.799836e+01,8.003793e+00,2.999457e+01,3.964783e+01,1.702829e+02
1.192023e+06,1.379656e+01,4.290292e+04,4.965616e-01,9.478579e-01,9.475979e-01,3.791690e-04,1.085327e-08,3.799785e+01,8.003793e+00,2.999405e+01,3.964783e+01,1.702789e+02
1.192033e+06,1.379668e+01,4.291292e+04,4.966773e-01,9.478417e-01,9.475980e-01,3.792776e-04,1.085326e-08,3.799733e+01,8.003793e+00,2.999354e+01,3.964783e+01,1.702749e+02
1.192043e+06,1.379679e+01,4.292292e+04,4.967931e-01,9.478255e-01,9.475982e-01,3.793861e-04,1.085326e-08,3.799682e+01,8.003793e+00,2.999303e+01,3.964783e+01,1.702709e+02
1.192053e+06,1.379691e+01,4.293292e+04,4.969088e-01,9.478094e-01,9.475983e-01,3.794947e-04,1.085326e-08,3.799631e+01,8.003793e+00,2.999252e+01,3.964783e+01,1.702669e+02
1.192063e+06,1.379702e+01,4.294292e+04,4.970246e-01,9.477932e-01,9.475984e-01,3.796032e-04,1.085326e-08,3.799580e+01,8.003793e+00,2.999201e+01,3.964783e+01,1.702629e+02
1.192073e+06,1.379714e+01,4.295292e+04,4.971403e-01,9.477770e-01,9.475985e-01,3.797117e-04,1.085326e-08,3.799529e+01,8.003793e+00,2.999149e+01,3.964783e+01,1.702590e+02
1.192083e+06,1.379726e+01,4.296293e+04,4.972561e-01,9.477609e-01,9.475986e-01,3.798203e-04,1.085326e-08,3.799477e+01,8.003793e+00,2.999098e+01,3.964783e+01,1.702550e+02
1.192093e+06,1.379737e+01,4.297293e+04,4.973718e-01,9.477447e-01,9.475987e-01,3.799288e-04,1.085326e-08,3.799426e+01,8.003793e+00,2.999047e+01,3.964783e+01,1.702510e+02
1.192103e+06,1.379749e+01,4.298293e+04,4.974876e-01,9.477285e-01,9.475988e-01,3.800374e-04,1.085326e-08,3.799375e+01,8.003793e+00,2.998996e+01,3.964783e+01,1.702470e+02
1.192113e+06,1.379760e+01,4.299293e+04,4.976033e-01,9.477124e-01,9.475989e-01,3.801459e-04,1.085325e-08,3.799324e+01,8.003793e+00,2.998945e+01,3.964783e+01,1.702430e+02
1.192123e+06,1.379772e+01,4.300293e+04,4.977191e-01,9.476962e-01,9.475990e-01,3.802544e-04,1.085325e-08,3.799273e+01,8.003793e+00,2.998893e+01,3.964783e+01,1.702390e+02
1.192133e+06,1.379783e+01,4.301293e+04,4.978348e-01,9.476800e-01,9.475991e-01,3.803630e-04,1.085325e-08,3.799221e+01,8.003793e+00,2.998842e+01,3.964783e+01,1.702350e+02
1.192143e+06,1.379795e+01,4.302293e+04,4.979506e-01,9.476639e-01,9.475992e-01,3.804715e-04,1.085325e-08,3.799170e+01,8.003793e+00,2.998791e+01,3.964783e+01,1.702310e+02
1.192153e+06,1.379807e+01,4.303293e+04,4.980663e-01,9.476477e-01,9.475993e-01,3.805801e-04,1.085325e-08,3.799119e+01,8.003793e+00,2.998740e+01,3.964783e+01,1.702270e+02
1.192163e+06,1.379818e+01,4.304293e+04,4.981821e-01,9.476315e-01,9.475994e-01,3.806886e-04,1.085325e-08,3.799068e+01,8.003793e+00,2.998689e+01,3.964783e+01,1.702230e+02
1.192173e+06,1.379830e+01,4.305293e+04,4.982978e-01,9.476154e-01,9.475995e-01,3.807971e-04,1.085325e-08,3.799017e+01,8.003793e+00,2.998637e+01,3.964783e+01,1.702190e+02
1.192183e+06,1.379841e+01,4.306293e+04,4.984136e-01,9.475992e-01,9.475996e-01,3.809057e-04,1.085325e-08,3.798965e+01,8.003793e+00,2.998586e+01,3.964783e+01,1.702150e+02
1.192193e+06,1.379853e+01,4.307293e+04,4.985293e-01,9.475830e-01,9.475997e-01,3.810142e-04,1.085325e-08,3.798914e+01,8.003793e+00,2.998535e+01,3.964783e+01,1.702111e+02
1.192203e+06,1.379865e+01,4.308293e+04,4.986451e-01,9.475669e-01,9.475998e-01,3.811228e-04,1.085324e-08,3.798863e+01,8.003793e+00,2.998484e+01,3.964783e+01,1.702071e+02
1.192213e+06,1.379876e+01,4.309293e+04,4.987608e-01,9.475500e-01,9.475999e-01,3.812313e-04,1.085324e-08,3.798812e+01,8.003793e+00,2.998433e+01,3.964785e+01,1.702031e+02
1.192223e+06,1.379888e+01,4.310293e+04,4.988766e-01,9.475321e-01,9.476000e-01,3.813398e-04,1.085324e-08,3.798778e+01,8.003793e+00,2.998399e+01,3.964809e+01,1.701982e+02
1.192233e+06,1.379899e+01,4.311294e+04,4.989923e-01,9.475192e-01,9.476001e-01,3.814484e-04,1.085324e-08,3.798804e+01,8.003793e+00,2.998425e+01,3.964880e+01,1.701901e+02
1.192243e+06,1.379911e+01,4.312294e+04,4.991081e-01,9.475063e-01,9.476002e-01,3.815569e-04,1.085324e-08,3.798830e+01,8.003793e+00,2.998451e+01,3.964950e+01,1.701821e+02
1.192253e+06,1.379922e+01,4.313294e+04,4.992238e-01,9.474935e-01,9.476003e-01,3.816655e-04,1.085324e-08,3.798856e+01,8.003793e+00,2.998476e+01,3.965020e+01,1.701740e+02
1.192263e+06,1.379934e+01,4.314294e+04,4.993396e-01,9.474806e-01,9.476004e-01,3.817740e-04,1.085324e-08,3.798881e+01,8.003793e+00,2.998502e+01,3.965090e+01,1.701660e+02
1.192273e+06,1.379946e+01,4.315294e+04,4.994553e-01,9.474678e-01,9.476005e-01,3.818825e-04,1.085324e-08,3.798907e+01,8.003793e+00,2.998528e+01,3.965160e+01,1.701580e+02
1.192283e+06,1.379957e+01,4.316294e+04,4.995710e-01,9.474549e-01,9.476006e-01,3.819911e-04,1.085323e-08,3.798933e+01,8.003793e+00,2.998554e+01,3.965230e+01,1.701499e+02
1.192293e+06,1.379969e+01,4.317294e+04,4.996868e-01,9.474420e-01,9.476007e-01,3.820996e-04,1.085323e-08,3.798959e+01,8.003793e+00,2.998579e+01,3.965301e+01,1.701419e+02
1.192303e+06,1.379980e+01,4.318294e+04,4.998025e-01,9.474292e-01,9.476008e-01,3.822082e-04,1.085323e-08,3.798985e+01,8.003793e+00,2.998605e+01,3.965371e+01,1.701339e+02
1.192313e+06,1.379992e+01,4.319294e+04,4.999183e-01,9.474163e-01,9.476009e-01,3.823167e-04,1.085323e-08,3.799010e+01,8.003793e+00,2.998631e+01,3.965441e+01,1.701258e+02
1.192323e+06,1.380003e+01,4.320294e+04,5.000340e-01,9.474034e-01,9.476010e-01,3.824252e-04,1.085323e-08,3.799036e+01,8.003793e+00,2.998657e+01,3.965511e+01,1.701178e+02
1.192333e+06,1.380015e+01,4.321294e+04,5.001498e-01,9.473906e-01,9.476011e-01,3.825338e-04,1.085323e-08,3.799062e+01,8.003793e+00,2.998683e+01,3.965581e+01,1.701097e+02
1.192343e+06,1.380027e+01,4.322294e+04,5.002655e-01,9.473777e-01,9.476012e-01,3.826423e-04,1.085323e-08,3.799088e+01,8.003793e+00,2.998708e+01,3.965651e+01,1.701017e+02
1.192353e+06,1.380038e+01,4.323294e+04,5.003813e-01,9.473649e-01,9.476013e-01,3.827509e-04,1.085323e-08,3.799113e+01,8.003793e+00,2.998734e+01,3.965722e+01,1.700937e+02
1.192363e+06,1.380050e+01,4.324294e+04,5.004970e-01,9.473520e-01,9.476014e-01,3.828594e-04,1.085322e-08,3.799139e+01,8.003793e+00,2.998760e+01,3.965792e+01,1.700856e+02
1.192373e+06,1.380061e+01,4.325294e+04,5.006128e-01,9.473391e-01,9.476015e-01,3.829679e-04,1.085322e-08,3.799165e+01,8.003793e+00,2.998786e+01,3.965862e+01,1.700776e+02
1.192383e+06,1.380073e+01,4.326295e+04,5.007285e-01,9.473263e-01,9.476016e-01,3.830765e-04,1.085322e-08,3.799191e+01,8.003793e+00,2.998811e+01,3.965932e+01,1.700695e+02
1.192393e+06,1.380084e+01,4.327295e+04,5.008443e-01,9.473134e-01,9.476018e-01,3.831850e-04,1.085322e-08,3.799217e+01,8.003793e+00,2.998837e+01,3.966002e+01,1.700615e+02
1.192403e+06,1.380096e+01,4.328295e+04,5.009600e-01,9.473006e-01,9.476019e-01,3.832936e-04,1.085322e-08,3.799242e+01,8.003793e+00,2.998863e+01,3.966073e+01,1.700535e+02
1.192413e+06,1.380108e+01,4.329295e+04,5.010758e-01,9.472877e-01,9.476020e-01,3.834021e-04,1.085322e-08,3.799268e+01,8.003793e+00,2.998889e+01,3.966143e+01,1.700454e+02
1.192423e+06,1.380119e+01,4.330295e+04,5.011915e-01,9.472748e-01,9.476021e-01,3.835106e-04,1.085322e-08,3.799294e+01,8.003793e+00,2.998915e+01,3.966213e+01,1.700374e+02
1.192433e+06,1.380131e+01,4.331295e+04,5.013073e-01,9.472620e-01,9.476022e-01,3.836192e-04,1.085322e-08,3.799320e+01,8.003793e+00,2.998940e+01,3.966283e+01,1.700294e+02
1.192443e+06,1.380142e+01,4.332295e+04,5.014230e-01,9.472491e-01,9.476023e-01,3.837277e-04,1.085322e-08,3.799345e+01,8.003793e+00,2.998966e+01,3.966353e+01,1.700213e+02
1.192453e+06,1.380154e+01,4.333295e+04,5.015388e-01,9.472363e-01,9.476024e-01,3.838362e-04,1.085321e-08,3.799371e+01,8.003793e+00,2.998992e+01,3.966424e+01,1.700133e+02
1.192463e+06,1.380165e+01,4.334295e+04,5.016545e-01,9.472245e-01,9.476025e-01,3.839448e-04,1.085321e-08,3.799397e+01,8.003793e+00,2.999018e+01,3.966490e+01,1.700052e+02
1.192473e+06,1.380177e+01,4.335295e+04,5.017703e-01,9.472198e-01,9.476026e-01,3.840533e-04,1.085321e-08,3.799423e+01,8.003793e+00,2.999043e+01,3.966533e+01,1.699986e+02
1.192483e+06,1.380189e+01,4.336295e+04,5.018860e-01,9.472242e-01,9.476027e-01,3.841619e-04,1.085321e-08,3.799448e+01,8.003793e+00,2.999069e+01,3.966545e+01,1.699946e+02
1.192493e+06,1.380200e+01,4.337295e+04,5.020018e-01,9.472286e-01,9.476028e-01,3.842704e-04,1.085321e-08,3.799474e+01,8.003793e+00,2.999094e+01,3.966557e+01,1.699907e+02
1.192503e+06,1.380212e+01,4.338295e+04,5.021175e-01,9.472330e-01,9.476029e-01,3.843789e-04,1.085321e-08,3.799499e+01,8.003793e+00,2.999120e+01,3.966569e+01,1.699867e+02
1.192513e+06,1.380223e+01,4.339295e+04,5.022333e-01,9.472374e-01,9.476030e-01,3.844875e-04,1.085321e-08,3.799525e+01,8.003793e+00,2.999145e+01,3.966582e+01,1.699827e+02
1.192523e+06,1.380235e+01,4.340295e+04,5.023490e-01,9.472418e-01,9.476031e-01,3.845960e-04,1.085321e-08,3.799550e+01,8.003793e+00,2.999171e+01,3.966594e+01,1.699787e+02
1.192533e+06,1.380246e+01,4.341296e+04,5.024648e-01,9.472463e-01,9.476032e-01,3.847046e-04,1.085320e-08,3.799576e+01,8.003793e+00,2.999196e+01,3.966606e+01,1.699748e+02
1.192543e+06,1.380258e+01,4.342296e+04,5.025805e-01,9.472507e-01,9.476033e-01,3.848131e-04,1.085320e-08,3.799601e+01,8.003793e+00,2.999222e+01,3.966618e+01,1.699708e+02
1.192553e+06,1.380270e+01,4.343296e+04,5.026963e-01,9.472551e-01,9.476034e-01,3.849216e-04,1.085320e-08,3.799627e+01,8.003793e+00,2.999247e+01,3.966630e+01,1.699668e+02
1.192563e+06,1.380281e+01,4.344296e+04,5.028120e-01,9.472595e-01,9.476035e-01,3.850302e-04,1.085320e-08,3.799652e+01,8.003793e+00,2.999273e+01,3.966643e+01,1.699628e+02
1.192573e+06,1.380293e+01,4.345296e+04,5.029278e-01,9.472639e-01,9.476036e-01,3.851387e-04,1.085320e-08,3.799678e+01,8.003793e+00,2.999298e+01,3.966655e+01,1.699588e+02
1.192583e+06,1.380304e+01,4.346296e+04,5.030435e-01,9.472683e-01,9.476037e-01,3.852473e-04,1.085320e-08,3.799703e+01,8.003793e+00,2.999324e+01,3.966667e+01,1.699549e+02
1.192593e+06,1.380316e+01,4.347296e+04,5.031593e-01,9.472727e-01,9.476038e-01,3.853558e-04,1.085320e-08,3.799729e+01,8.003793e+00,2.999349e+01,3.966679e+01,1.699509e+02
1.192603e+06,1.380328e+01,4.348296e+04,5.032750e-01,9.472771e-01,9.476039e-01,3.854643e-04,1.085320e-08,3.799754e+01,8.003793e+00,2.999375e+01,3.966691e+01,1.699469e+02
1.192613e+06,1.380339e+01,4.349296e+04,5.033908e-01,9.472815e-01,9.476040e-01,3.855729e-04,1.085320e-08,3.799780e+01,8.003793e+00,2.999401e+01,3.966704e+01,1.699429e+02
1.192623e+06,1.380351e+01,4.350296e+04,5.035065e-01,9.472860e-01,9.476041e-01,3.856814e-04,1.085319e-08,3.799805e+01,8.003793e+00,2.999426e+01,3.966716e+01,1.699390e+02
1.192633e+06,1.380362e+01,4.351296e+04,5.036223e-01,9.472904e-01,9.476042e-01,3.857900e-04,1.085319e-08,3.799831e+01,8.003793e+00,2.999452e+01,3.966728e+01,1.699350e+02
1.192643e+06,1.380374e+01,4.352296e+04,5.037380e-01,9.472948e-01,9.476043e-01,3.858985e-04,1.085319e-08,3.799856e+01,8.003793e+00,2.999477e+01,3.966740e+01,1.699310e+02
1.192653e+06,1.380385e+01,4.353296e+04,5.038537e-01,9.472992e-01,9.476044e-01,3.860070e-04,1.085319e-08,3.799882e+01,8.003793e+00,2.999503e+01,3.966752e+01,1.699270e+02
1.192663e+06,1.380397e+01,4.354296e+04,5.039695e-01,9.473036e-01,9.476045e-01,3.861156e-04,1.085319e-08,3.799907e+01,8.003793e+00,2.999528e+01,3.966764e+01,1.699230e+02
1.192673e+06,1.380409e+01,4.355297e+04,5.040852e-01,9.473080e-01,9.476046e-01,3.862241e-04,1.085319e-08,3.799933e+01,8.003793e+00,2.999554e+01,3.966777e+01,1.699191e+02
1.192683e+06,1.380420e+01,4.356297e+04,5.042010e-01,9.473124e-01,9.476047e-01,3.863327e-04,1.085319e-08,3.799958e+01,8.003793e+00,2.999579e+01,3.966789e+01,1.699151e+02
1.192693e+06,1.380432e+01,4.357297e+04,5.043167e-01,9.473168e-01,9.476048e-01,3.864412e-04,1.085319e-08,3.799984e+01,8.003793e+00,2.999605e+01,3.966801e+01,1.699111e+02
1.192703e+06,1.380443e+01,4.358297e+04,5.044325e-01,9.473212e-01,9.476049e-01,3.865497e-04,1.085318e-08,3.800009e+01,8.003793e+00,2.999630e+01,3.966813e+01,1.699071e+02
1.192713e+06,1.380455e+01,4.359297e+04,5.045482e-01,9.473270e-01,9.476050e-01,3.866583e-04,1.085318e-08,3.800035e+01,8.003793e+00,2.999656e+01,3.966821e+01,1.699032e+02
1.192723e+06,1.380466e+01,4.360297e+04,5.046640e-01,9.473387e-01,9.476051e-01,3.867668e-04,1.085318e-08,3.800021e+01,8.003793e+00,2.999642e+01,3.966767e+01,1.699008e+02
1.192733e+06,1.380478e+01,4.361297e+04,5.047797e-01,9.473541e-01,9.476052e-01,3.868754e-04,1.085318e-08,3.799859e+01,8.003793e+00,2.999479e+01,3.966544e+01,1.699048e+02
1.192743e+06,1.380490e+01,4.362297e+04,5.048955e-01,9.473695e-01,9.476054e-01,3.869839e-04,1.085318e-08,3.799696e+01,8.003793e+00,2.999317e+01,3.966321e+01,1.699088e+02
1.192753e+06,1.380501e+01,4.363297e+04,5.050112e-01,9.473849e-01,9.476055e-01,3.870924e-04,1.085318e-08,3.799533e+01,8.003793e+00,2.999154e+01,3.966098e+01,1.699128e+02
1.192763e+06,1.380513e+01,4.364297e+04,5.051270e-01,9.474003e-01,9.476056e-01,3.872010e-04,1.085318e-08,3.799371e+01,8.003793e+00,2.998991e+01,3.965875e+01,1.699169e+02
1.192773e+06,1.380524e+01,4.365297e+04,5.052427e-01,9.474157e-01,9.476057e-01,3.873095e-04,1.085318e-08,3.799208e+01,8.003793e+00,2.998829e+01,3.965652e+01,1.699209e+02
1.192783e+06,1.380536e+01,4.366297e+04,5.053585e-01,9.474311e-01,9.476058e-01,3.874180e-04,1.085318e-08,3.799045e+01,8.003793e+00,2.998666e+01,3.965428e+01,1.699249e+02
1.192793e+06,1.380547e+01,4.367297e+04,5.054742e-01,9.474465e-01,9.476059e-01,3.875266e-04,1.085317e-08,3.798883e+01,8.003793e+00,2.998503e+01,3.965205e+01,1.699289e+02
1.192803e+06,1.380559e+01,4.368297e+04,5.055900e-01,9.474619e-01,9.476060e-01,3.876351e-04,1.085317e-08,3.798720e+01,8.003793e+00,2.998341e+01,3.964982e+01,1.699329e+02
1.192813e+06,1.380571e+01,4.369297e+04,5.057057e-01,9.474773e-01,9.476061e-01,3.877437e-04,1.085317e-08,3.798557e+01,8.003793e+00,2.998178e+01,3.964759e+01,1.699369e+02
1.192823e+06,1.380582e+01,4.370298e+04,5.058215e-01,9.474927e-01,9.476062e-01,3.878522e-04,1.085317e-08,3.798395e+01,8.003793e+00,2.998015e+01,3.964536e+01,1.699409e+02
1.192833e+06,1.380594e+01,4.371298e+04,5.059372e-01,9.475081e-01,9.476063e-01,3.879607e-04,1.085317e-08,3.798232e+01,8.003793e+00,2.997853e+01,3.964313e+01,1.699449e+02
1.192843e+06,1.380605e+01,4.372298e+04,5.060530e-01,9.475235e-01,9.476064e-01,3.880693e-04,1.085317e-08,3.798069e+01,8.003793e+00,2.997690e+01,3.964090e+01,1.699489e+02
1.192853e+06,1.380617e+01,4.373298e+04,5.061687e-01,9.475389e-01,9.476065e-01,3.881778e-04,1.085317e-08,3.797906e+01,8.003793e+00,2.997527e+01,3.963867e+01,1.699529e+02
1.192863e+06,1.380628e+01,4.374298e+04,5.062845e-01,9.475543e-01,9.476066e-01,3.882864e-04,1.085317e-08,3.797744e+01,8.003793e+00,2.997364e+01,3.963643e+01,1.699569e+02
1.192873e+06,1.380640e+01,4.375298e+04,5.064002e-01,9.475697e-01,9.476067e-01,3.883949e-04,1.085316e-08,3.797581e+01,8.003793e+00,2.997202e+01,3.963420e+01,1.699609e+02
1.192883e+06,1.380652e+01,4.376298e+04,5.065160e-01,9.475851e-01,9.476068e-01,3.885034e-04,1.085316e-08,3.797418e+01,8.003793e+00,2.997039e+01,3.963197e+01,1.699649e+02
1.192893e+06,1.380663e+01,4.377298e+04,5.066317e-01,9.476005e-01,9.476069e-01,3.886120e-04,1.085316e-08,3.797256e+01,8.003793e+00,2.996876e+01,3.962974e+01,1.699689e+02
1.192903e+06,1.380675e+01,4.378298e+04,5.067475e-01,9.476159e-01,9.476070e-01,3.887205e-04,1.085316e-08,3.797093e+01,8.003793e+00,2.996714e+01,3.962751e+01,1.699729e+02
1.192913e+06,1.380686e+01,4.379298e+04,5.068632e-01,9.476313e-01,9.476071e-01,3.888291e-04,1.085316e-08,3.796930e+01,8.003793e+00,2.996551e+01,3.962528e+01,1.699769e+02
1.192923e+06,1.380698e+01,4.380298e+04,5.069790e-01,9.476467e-01,9.476072e-01,3.889376e-04,1.085316e-08,3.796768e+01,8.003793e+00,2.996388e+01,3.962305e+01,1.699809e+02
1.192933e+06,1.380709e+01,4.381298e+04,5.070947e-01,9.476621e-01,9.476073e-01,3.890461e-04,1.085316e-08,3.796605e+01,8.003793e+00,2.996226e+01,3.962082e+01,1.699849e+02
1.192943e+06,1.380721e+01,4.382298e+04,5.072105e-01,9.476775e-01,9.476074e-01,3.891547e-04,1.085316e-08,3.796442e+01,8.003793e+00,2.996063e+01,3.961859e+01,1.699889e+02
1.192953e+06,1.380733e+01,4.383298e+04,5.073262e-01,9.476929e-01,9.476075e-01,3.892632e-04,1.085316e-08,3.796280e+01,8.003793e+00,2.995900e+01,3.961636e+01,1.699929e+02
1.192963e+06,1.380744e+01,4.384298e+04,5.074420e-01,9.477083e-01,9.476076e-01,3.893717e-04,1.085315e-08,3.796117e+01,8.003793e+00,2.995738e+01,3.961413e+01,1.699970e+02
1.192973e+06,1.380756e+01,4.385299e+04,5.075577e-01,9.477185e-01,9.476077e-01,3.894803e-04,1.085315e-08,3.796026e+01,8.003732e+00,2.995653e+01,3.961283e+01,1.700010e+02
1.192983e+06,1.380767e+01,4.386299e+04,5.076735e-01,9.477125e-01,9.476078e-01,3.895888e-04,1.085315e-08,3.796163e+01,8.003478e+00,2.995815e+01,3.961449e+01,1.700050e+02
1.192993e+06,1.380779e+01,4.387299e+04,5.077892e-01,9.477066e-01,9.476079e-01,3.896974e-04,1.085315e-08,3.796300e+01,8.003224e+00,2.995977e+01,3.961615e+01,1.700090e+02
1.193003e+06,1.380790e+01,4.388299e+04,5.079049e-01,9.477006e-01,9.476080e-01,3.898059e-04,1.085315e-08,3.796437e+01,8.002970e+00,2.996140e+01,3.961781e+01,1.700130e+02
1.193013e+06,1.380802e+01,4.389299e+04,5.080207e-01,9.476946e-01,9.476081e-01,3.899144e-04,1.085315e-08,3.796574e+01,8.002716e+00,2.996302e+01,3.961947e+01,1.700170e+02
1.193023e+06,1.380814e+01,4.390299e+04,5.081364e-01,9.476886e-01,9.476082e-01,3.900230e-04,1.085315e-08,3.796711e+01,8.002462e+00,2.996465e+01,3.962113e+01,1.700210e+02
1.193033e+06,1.380825e+01,4.391299e+04,5.082522e-01,9.476826e-01,9.476083e-01,3.901315e-04,1.085315e-08,3.796848e+01,8.002208e+00,2.996627e+01,3.962279e+01,1.700250e+02
1.193043e+06,1.380837e+01,4.392299e+04,5.083679e-01,9.476766e-01,9.476084e-01,3.902401e-04,1.085314e-08,3.796985e+01,8.001953e+00,2.996790e+01,3.962445e+01,1.700290e+02
1.193053e+06,1.380848e+01,4.393299e+04,5.084837e-01,9.476706e-01,9.476085e-01,3.903486e-04,1.085314e-08,3.797122e+01,8.001699e+00,2.996952e+01,3.962611e+01,1.700330e+02
1.193063e+06,1.380860e+01,4.394299e+04,5.085994e-01,9.476646e-01,9.476086e-01,3.904571e-04,1.085314e-08,3.797259e+01,8.001445e+00,2.997114e+01,3.962777e+01,1.700370e+02
1.193073e+06,1.380872e+01,4.395299e+04,5.087152e-01,9.476586e-01,9.476087e-01,3.905657e-04,1.085314e-08,3.797396e+01,8.001191e+00,2.997277e+01,3.962943e+01,1.700410e+02
1.193083e+06,1.380883e+01,4.396299e+04,5.088309e-01,9.476526e-01,9.476088e-01,3.906742e-04,1.085314e-08,3.797533e+01,8.000937e+00,2.997439e+01,3.963109e+01,1.700450e+02
1.193093e+06,1.380895e+01,4.397299e+04,5.089467e-01,9.476466e-01,9.476090e-01,3.907828e-04,1.085314e-08,3.797670e+01,8.000683e+00,2.997602e+01,3.963274e+01,1.700490e+02
1.193103e+06,1.380906e+01,4.398299e+04,5.090624e-01,9.476406e-01,9.476091e-01,3.908913e-04,1.085314e-08,3.797807e+01,8.000429e+00,2.997764e+01,3.963440e+01,1.700530e+02
1.193113e+06,1.380918e+01,4.399300e+04,5.091782e-01,9.476346e-01,9.476092e-01,3.909998e-04,1.085314e-08,3.797944e+01,8.000175e+00,2.997926e+01,3.963606e+01,1.700570e+02
1.193123e+06,1.380929e+01,4.400300e+04,5.092939e-01,9.476286e-01,9.476093e-01,3.911084e-04,1.085314e-08,3.798081e+01,7.999920e+00,2.998089e+01,3.963772e+01,1.700610e+02
1.193133e+06,1.380941e+01,4.401300e+04,5.094097e-01,9.476226e-01,9.476094e-01,3.912169e-04,1.085313e-08,3.798218e+01,7.999666e+00,2.998251e+01,3.963938e+01,1.700650e+02
1.193143e+06,1.380953e+01,4.402300e+04,5.095254e-01,9.476166e-01,9.476095e-01,3.913254e-04,1.085313e-08,3.798355e+01,7.999412e+00,2.998414e+01,3.964104e+01,1.700690e+02
1.193153e+06,1.380964e+01,4.403300e+04,5.096412e-01,9.476106e-01,9.476096e-01,3.914340e-04,1.085313e-08,3.798492e+01,7.999158e+00,2.998576e+01,3.964270e+01,1.700731e+02
1.193163e+06,1.380976e+01,4.404300e+04,5.097569e-01,9.476047e-01,9.476097e-01,3.915425e-04,1.085313e-08,3.798629e+01,7.998904e+00,2.998739e+01,3.964436e+01,1.700771e+02
1.193173e+06,1.380987e+01,4.405300e+04,5.098727e-01,9.475987e-01,9.476098e-01,3.916511e-04,1.085313e-08,3.798766e+01,7.998650e+00,2.998901e+01,3.964602e+01,1.700811e+02
1.193183e+06,1.380999e+01,4.406300e+04,5.099884e-01,9.475927e-01,9.476099e-01,3.917596e-04,1.085313e-08,3.798903e+01,7.998396e+00,2.999063e+01,3.964768e+01,1.700851e+02
1.193193e+06,1.381010e+01,4.407300e+04,5.101042e-01,9.475867e-01,9.476100e-01,3.918681e-04,1.085313e-08,3.799040e+01,7.998142e+00,2.999226e+01,3.964934e+01,1.700891e+02
1.193203e+06,1.381022e+01,4.408300e+04,5.102199e-01,9.475807e-01,9.476101e-01,3.919767e-04,1.085313e-08,3.799177e+01,7.997888e+00,2.999388e+01,3.965100e+01,1.700931e+02
1.193213e+06,1.381034e+01,4.409300e+04,5.103357e-01,9.475721e-01,9.476102e-01,3.920852e-04,1.085312e-08,3.799314e+01,7.997633e+00,2.999551e+01,3.965275e+01,1.700971e+02
1.193223e+06,1.381045e+01,4.410300e+04,5.104514e-01,9.475564e-01,9.476103e-01,3.921938e-04,1.085312e-08,3.799393e+01,7.997517e+00,2.999641e+01,3.965412e+01,1.700978e+02
1.193233e+06,1.381057e+01,4.411300e+04,5.105672e-01,9.475403e-01,9.476104e-01,3.923023e-04,1.085312e-08,3.799316e+01,7.997770e+00,2.999539e+01,3.965383e+01,1.700899e+02
1.193243e+06,1.381068e+01,4.412300e+04,5.106829e-01,9.475242e-01,9.476105e-01,3.924108e-04,1.085312e-08,3.799239e+01,7.998024e+00,2.999437e+01,3.965354e+01,1.700819e+02
1.193253e+06,1.381080e+01,4.413300e+04,5.107987e-01,9.475082e-01,9.476106e-01,3.925194e-04,1.085312e-08,3.799163e+01,7.998277e+00,2.999335e+01,3.965325e+01,1.700739e+02
1.193263e+06,1.381091e+01,4.414301e+04,5.109144e-01,9.474921e-01,9.476107e-01,3.926279e-04,1.085312e-08,3.799086e+01,7.998530e+00,2.999233e+01,3.965297e+01,1.700659e+02
1.193273e+06,1.381103e+01,4.415301e+04,5.110302e-01,9.474760e-01,9.476108e-01,3.927365e-04,1.085312e-08,3.799009e+01,7.998783e+00,2.999131e+01,3.965268e+01,1.700579e+02
1.193283e+06,1.381115e+01,4.416301e+04,5.111459e-01,9.474600e-01,9.476109e-01,3.928450e-04,1.085312e-08,3.798932e+01,7.999036e+00,2.999029e+01,3.965239e+01,1.700499e+02
1.193293e+06,1.381126e+01,4.417301e+04,5.112617e-01,9.474439e-01,9.476110e-01,3.929535e-04,1.085312e-08,3.798855e+01,7.999290e+00,2.998926e+01,3.965210e+01,1.700420e+02
1.193303e+06,1.381138e+01,4.418301e+04,5.113774e-01,9.474279e-01,9.476111e-01,3.930621e-04,1.085311e-08,3.798779e+01,7.999543e+00,2.998824e+01,3.965181e+01,1.700340e+02
1.193313e+06,1.381149e+01,4.419301e+04,5.114932e-01,9.474118e-01,9.476112e-01,3.931706e-04,1.085311e-08,3.798702e+01,7.999796e+00,2.998722e+01,3.965153e+01,1.700260e+02
1.193323e+06,1.381161e+01,4.420301e+04,5.116089e-01,9.473957e-01,9.476113e-01,3.932791e-04,1.085311e-08,3.798625e+01,8.000049e+00,2.998620e+01,3.965124e+01,1.700180e+02
1.193333e+06,1.381172e+01,4.421301e+04,5.117247e-01,9.473797e-01,9.476114e-01,3.933877e-04,1.085311e-08,3.798548e+01,8.000303e+00,2.998518e+01,3.965095e+01,1.700100e+02
1.193343e+06,1.381184e+01,4.422301e+04,5.118404e-01,9.473636e-01,9.476115e-01,3.934962e-04,1.085311e-08,3.798471e+01,8.000556e+00,2.998416e+01,3.965066e+01,1.700020e+02
1.193353e+06,1.381196e+01,4.423301e+04,5.119562e-01,9.473475e-01,9.476116e-01,3.936048e-04,1.085311e-08,3.798395e+01,8.000809e+00,2.998314e+01,3.965037e+01,1.699941e+02
1.193363e+06,1.381207e+01,4.424301e+04,5.120719e-01,9.473315e-01,9.476117e-01,3.937133e-04,1.085311e-08,3.798318e+01,8.001062e+00,2.998212e+01,3.965009e+01,1.699861e+02
1.193373e+06,1.381219e+01,4.425301e+04,5.121876e-01,9.473154e-01,9.476118e-01,3.938218e-04,1.085311e-08,3.798241e+01,8.001316e+00,2.998109e+01,3.964980e+01,1.699781e+02
1.193383e+06,1.381230e+01,4.426301e+04,5.123034e-01,9.472993e-01,9.476119e-01,3.939304e-04,1.085310e-08,3.798164e+01,8.001569e+00,2.998007e+01,3.964951e+01,1.699701e+02
1.193393e+06,1.381242e+01,4.427301e+04,5.124191e-01,9.472833e-01,9.476120e-01,3.940389e-04,1.085310e-08,3.798087e+01,8.001822e+00,2.997905e+01,3.964922e+01,1.699621e+02
1.193403e+06,1.381253e+01,4.428301e+04,5.125349e-01,9.472672e-01,9.476121e-01,3.941475e-04,1.085310e-08,3.798011e+01,8.002075e+00,2.997803e+01,3.964893e+01,1.699541e+02
1.193413e+06,1.381265e+01,4.429302e+04,5.126506e-01,9.472511e-01,9.476122e-01,3.942560e-04,1.085310e-08,3.797934e+01,8.002329e+00,2.997701e+01,3.964864e+01,1.699462e+02
1.193423e+06,1.381277e+01,4.430302e+04,5.127664e-01,9.472351e-01,9.476123e-01,3.943645e-04,1.085310e-08,3.797857e+01,8.002582e+00,2.997599e+01,3.964836e+01,1.699382e+02
1.193433e+06,1.381288e+01,4.431302e+04,5.128821e-01,9.472190e-01,9.476124e-01,3.944731e-04,1.085310e-08,3.797780e+01,8.002835e+00,2.997497e+01,3.964807e+01,1.699302e+02
1.193443e+06,1.381300e+01,4.432302e+04,5.129979e-01,9.472030e-01,9.476126e-01,3.945816e-04,1.085310e-08,3.797703e+01,8.003088e+00,2.997395e+01,3.964778e+01,1.699222e+02
1.193453e+06,1.381311e+01,4.433302e+04,5.131136e-01,9.471869e-01,9.476127e-01,3.946901e-04,1.085310e-08,3.797627e+01,8.003342e+00,2.997292e+01,3.964749e+01,1.699142e+02
1.193463e+06,1.381323e+01,4.434302e+04,5.132294e-01,9.471722e-01,9.476128e-01,3.947987e-04,1.085310e-08,3.797550e+01,8.003595e+00,2.997190e+01,3.964716e+01,1.699062e+02
1.193473e+06,1.381335e+01,4.435302e+04,5.133451e-01,9.471684e-01,9.476129e-01,3.949072e-04,1.085309e-08,3.797501e+01,8.003738e+00,2.997127e+01,3.964676e+01,1.699000e+02
1.193483e+06,1.381346e+01,4.436302e+04,5.134609e-01,9.471857e-01,9.476130e-01,3.950158e-04,1.085309e-08,3.797552e+01,8.003483e+00,2.997204e+01,3.964674e+01,1.699000e+02
1.193493e+06,1.381358e+01,4.437302e+04,5.135766e-01,9.472030e-01,9.476131e-01,3.951243e-04,1.085309e-08,3.797604e+01,8.003228e+00,2.997281e+01,3.964672e+01,1.699000e+02
1.193503e+06,1.381369e+01,4.438302e+04,5.136924e-01,9.472204e-01,9.476132e-01,3.952328e-04,1.085309e-08,3.797656e+01,8.002973e+00,2.997358e+01,3.964670e+01,1.699000e+02
1.193513e+06,1.381381e+01,4.439302e+04,5.138081e-01,9.472377e-01,9.476133e-01,3.953414e-04,1.085309e-08,3.797707e+01,8.002718e+00,2.997435e+01,3.964668e+01,1.699000e+02
1.193523e+06,1.381392e+01,4.440302e+04,5.139239e-01,9.472550e-01,9.476134e-01,3.954499e-04,1.085309e-08,3.797759e+01,8.002463e+00,2.997512e+01,3.964666e+01,1.699000e+02
1.193533e+06,1.381404e+01,4.441302e+04,5.140396e-01,9.472723e-01,9.476135e-01,3.955584e-04,1.085309e-08,3.797810e+01,8.002208e+00,2.997589e+01,3.964664e+01,1.699000e+02
1.193543e+06,1.381416e+01,4.442302e+04,5.141554e-01,9.472896e-01,9.476136e-01,3.956670e-04,1.085309e-08,3.797862e+01,8.001953e+00,2.997666e+01,3.964662e+01,1.699000e+02
1.193553e+06,1.381427e+01,4.443303e+04,5.142711e-01,9.473069e-01,9.476137e-01,3.957755e-04,1.085308e-08,3.797913e+01,8.001698e+00,2.997744e+01,3.964660e+01,1.699000e+02
1.193563e+06,1.381439e+01,4.444303e+04,5.143869e-01,9.473243e-01,9.476138e-01,3.958841e-04,1.085308e-08,3.797965e+01,8.001443e+00,2.997821e+01,3.964658e+01,1.699000e+02
1.193573e+06,1.381450e+01,4.445303e+04,5.145026e-01,9.473416e-01,9.476139e-01,3.959926e-04,1.085308e-08,3.798016e+01,8.001188e+00,2.997898e+01,3.964656e+01,1.699000e+02
1.193583e+06,1.381462e+01,4.446303e+04,5.146184e-01,9.473589e-01,9.476140e-01,3.961011e-04,1.085308e-08,3.798068e+01,8.000933e+00,2.997975e+01,3.964654e+01,1.699000e+02
1.193593e+06,1.381473e+01,4.447303e+04,5.147341e-01,9.473762e-01,9.476141e-01,3.962097e-04,1.085308e-08,3.798120e+01,8.000678e+00,2.998052e+01,3.964652e+01,1.699000e+02
1.193603e+06,1.381485e+01,4.448303e+04,5.148499e-01,9.473935e-01,9.476142e-01,3.963182e-04,1.085308e-08,3.798171e+01,8.000423e+00,2.998129e+01,3.964650e+01,1.699000e+02
1.193613e+06,1.381497e+01,4.449303e+04,5.149656e-01,9.474109e-01,9.476143e-01,3.964268e-04,1.085308e-08,3.798223e+01,8.000168e+00,2.998206e+01,3.964648e+01,1.699000e+02
1.193623e+06,1.381508e+01,4.450303e+04,5.150814e-01,9.474282e-01,9.476144e-01,3.965353e-04,1.085308e-08,3.798274e+01,7.999913e+00,2.998283e+01,3.964646e+01,1.699000e+02
1.193633e+06,1.381520e+01,4.451303e+04,5.151971e-01,9.474455e-01,9.476145e-01,3.966438e-04,1.085308e-08,3.798326e+01,7.999658e+00,2.998360e+01,3.964644e+01,1.699000e+02
1.193643e+06,1.381531e+01,4.452303e+04,5.153129e-01,9.474628e-01,9.476146e-01,3.967524e-04,1.085307e-08,3.798377e+01,7.999403e+00,2.998437e+01,3.964642e+01,1.699000e+02
1.193653e+06,1.381543e+01,4.453303e+04,5.154286e-01,9.474801e-01,9.476147e-01,3.968609e-04,1.085307e-08,3.798429e+01,7.999148e+00,2.998514e+01,3.964640e+01,1.699000e+02
1.193663e+06,1.381554e+01,4.454303e+04,5.155444e-01,9.474975e-01,9.476148e-01,3.969694e-04,1.085307e-08,3.798480e+01,7.998893e+00,2.998591e+01,3.964638e+01,1.699000e+02
1.193673e+06,1.381566e+01,4.455303e+04,5.156601e-01,9.475148e-01,9.476149e-01,3.970780e-04,1.085307e-08,3.798532e+01,7.998638e+00,2.998668e+01,3.964636e+01,1.699000e+02
1.193683e+06,1.381578e+01,4.456303e+04,5.157759e-01,9.475321e-01,9.476150e-01,3.971865e-04,1.085307e-08,3.798583e+01,7.998383e+00,2.998745e+01,3.964634e+01,1.699000e+02
1.193693e+06,1.381589e+01,4.457303e+04,5.158916e-01,9.475494e-01,9.476151e-01,3.972951e-04,1.085307e-08,3.798635e+01,7.998128e+00,2.998822e+01,3.964632e+01,1.699000e+02
1.193703e+06,1.381601e+01,4.458304e+04,5.160074e-01,9.475667e-01,9.476152e-01,3.974036e-04,1.085307e-08,3.798687e+01,7.997873e+00,2.998899e+01,3.964630e+01,1.699000e+02
1.193713e+06,1.381612e+01,4.459304e+04,5.161231e-01,9.475851e-01,9.476153e-01,3.975121e-04,1.085307e-08,3.798738e+01,7.997618e+00,2.998976e+01,3.964624e+01,1.699000e+02
1.193723e+06,1.381624e+01,4.460304e+04,5.162389e-01,9.476006e-01,9.476154e-01,3.976207e-04,1.085306e-08,3.798781e+01,7.997533e+00,2.999028e+01,3.964618e+01,1.699013e+02
1.193733e+06,1.381635e+01,4.461304e+04,5.163546e-01,9.476061e-01,9.476155e-01,3.977292e-04,1.085306e-08,3.798806e+01,7.997785e+00,2.999028e+01,3.964625e+01,1.699053e+02
1.193743e+06,1.381647e+01,4.462304e+04,5.164703e-01,9.476117e-01,9.476156e-01,3.978378e-04,1.085306e-08,3.798832e+01,7.998038e+00,2.999028e+01,3.964632e+01,1.699093e+02
1.193753e+06,1.381659e+01,4.463304e+04,5.165861e-01,9.476172e-01,9.476157e-01,3.979463e-04,1.085306e-08,3.798858e+01,7.998290e+00,2.999029e+01,3.964639e+01,1.699133e+02
1.193763e+06,1.381670e+01,4.464304e+04,5.167018e-01,9.476227e-01,9.476158e-01,3.980548e-04,1.085306e-08,3.798883e+01,7.998542e+00,2.999029e+01,3.964646e+01,1.699172e+02
1.193773e+06,1.381682e+01,4.465304e+04,5.168176e-01,9.476283e-01,9.476159e-01,3.981634e-04,1.085306e-08,3.798909e+01,7.998795e+00,2.999029e+01,3.964653e+01,1.699212e+02
1.193783e+06,1.381693e+01,4.466304e+04,5.169333e-01,9.476338e-01,9.476160e-01,3.982719e-04,1.085306e-08,3.798934e+01,7.999047e+00,2.999029e+01,3.964660e+01,1.699252e+02
1.193793e+06,1.381705e+01,4.467304e+04,5.170491e-01,9.476394e-01,9.476162e-01,3.983804e-04,1.085306e-08,3.798960e+01,7.999300e+00,2.999030e+01,3.964667e+01,1.699292e+02
1.193803e+06,1.381716e+01,4.468304e+04,5.171648e-01,9.476449e-01,9.476163e-01,3.984890e-04,1.085306e-08,3.798985e+01,7.999552e+00,2.999030e+01,3.964674e+01,1.699332e+02
1.193813e+06,1.381728e+01,4.469304e+04,5.172806e-01,9.476504e-01,9.476164e-01,3.985975e-04,1.085305e-08,3.799011e+01,7.999804e+00,2.999030e+01,3.964681e+01,1.699371e+02
1.193823e+06,1.381740e+01,4.470304e+04,5.173963e-01,9.476560e-01,9.476165e-01,3.987061e-04,1.085305e-08,3.799036e+01,8.000057e+00,2.999030e+01,3.964688e+01,1.699411e+02
1.193833e+06,1.381751e+01,4.471304e+04,5.175121e-01,9.476615e-01,9.476166e-01,3.988146e-04,1.085305e-08,3.799062e+01,8.000309e+00,2.999031e+01,3.964695e+01,1.699451e+02
1.193843e+06,1.381763e+01,4.472304e+04,5.176278e-01,9.476671e-01,9.476167e-01,3.989231e-04,1.085305e-08,3.799087e+01,8.000561e+00,2.999031e+01,3.964702e+01,1.699491e+02
1.193853e+06,1.381774e+01,4.473305e+04,5.177436e-01,9.476726e-01,9.476168e-01,3.990317e-04,1.085305e-08,3.799113e+01,8.000814e+00,2.999031e+01,3.964709e+01,1.699530e+02
1.193863e+06,1.381786e+01,4.474305e+04,5.178593e-01,9.476781e-01,9.476169e-01,3.991402e-04,1.085305e-08,3.799138e+01,8.001066e+00,2.999032e+01,3.964716e+01,1.699570e+02
1.193873e+06,1.381798e+01,4.475305e+04,5.179751e-01,9.476837e-01,9.476170e-01,3.992487e-04,1.085305e-08,3.799164e+01,8.001319e+00,2.999032e+01,3.964723e+01,1.699610e+02
1.193883e+06,1.381809e+01,4.476305e+04,5.180908e-01,9.476892e-01,9.476171e-01,3.993573e-04,1.085305e-08,3.799189e+01,8.001571e+00,2.999032e+01,3.964730e+01,1.699650e+02
1.193893e+06,1.381821e+01,4.477305e+04,5.182066e-01,9.476947e-01,9.476172e-01,3.994658e-04,1.085304e-08,3.799215e+01,8.001823e+00,2.999032e+01,3.964738e+01,1.699690e+02
1.193903e+06,1.381832e+01,4.478305e+04,5.183223e-01,9.477003e-01,9.476173e-01,3.995744e-04,1.085304e-08,3.799240e+01,8.002076e+00,2.999033e+01,3.964745e+01,1.699729e+02
1.193913e+06,1.381844e+01,4.479305e+04,5.184381e-01,9.477058e-01,9.476174e-01,3.996829e-04,1.085304e-08,3.799266e+01,8.002328e+00,2.999033e+01,3.964752e+01,1.699769e+02
1.193923e+06,1.381855e+01,4.480305e+04,5.185538e-01,9.477114e-01,9.476175e-01,3.997914e-04,1.085304e-08,3.799291e+01,8.002580e+00,2.999033e+01,3.964759e+01,1.699809e+02
1.193933e+06,1.381867e+01,4.481305e+04,5.186696e-01,9.477169e-01,9.476176e-01,3.999000e-04,1.085304e-08,3.799317e+01,8.002833e+00,2.999033e+01,3.964766e+01,1.699849e+02
1.193943e+06,1.381879e+01,4.482305e+04,5.187853e-01,9.477224e-01,9.476177e-01,4.000085e-04,1.085304e-08,3.799342e+01,8.003085e+00,2.999034e+01,3.964773e+01,1.699888e+02
1.193953e+06,1.381890e+01,4.483305e+04,5.189011e-01,9.477280e-01,9.476178e-01,4.001170e-04,1.085304e-08,3.799368e+01,8.003338e+00,2.999034e+01,3.964780e+01,1.699928e+02
1.193963e+06,1.381902e+01,4.484305e+04,5.190168e-01,9.477335e-01,9.476179e-01,4.002256e-04,1.085304e-08,3.799393e+01,8.003590e+00,2.999034e+01,3.964787e+01,1.699968e+02
1.193973e+06,1.381913e+01,4.485305e+04,5.191326e-01,9.477383e-01,9.476180e-01,4.003341e-04,1.085304e-08,3.799399e+01,8.003743e+00,2.999024e+01,3.964776e+01,1.700008e+02
1.193983e+06,1.381925e+01,4.486305e+04,5.192483e-01,9.477399e-01,9.476181e-01,4.004427e-04,1.085303e-08,3.799321e+01,8.003488e+00,2.998973e+01,3.964690e+01,1.700048e+02
1.193993e+06,1.381936e+01,4.487306e+04,5.193641e-01,9.477414e-01,9.476182e-01,4.005512e-04,1.085303e-08,3.799244e+01,8.003233e+00,2.998921e+01,3.964605e+01,1.700088e+02
1.194003e+06,1.381948e+01,4.488306e+04,5.194798e-01,9.477430e-01,9.476183e-01,4.006597e-04,1.085303e-08,3.799167e+01,8.002978e+00,2.998869e+01,3.964519e+01,1.700128e+02
1.194013e+06,1.381960e+01,4.489306e+04,5.195956e-01,9.477446e-01,9.476184e-01,4.007683e-04,1.085303e-08,3.799089e+01,8.002723e+00,2.998817e+01,3.964434e+01,1.700169e+02
1.194023e+06,1.381971e+01,4.490306e+04,5.197113e-01,9.477461e-01,9.476185e-01,4.008768e-04,1.085303e-08,3.799012e+01,8.002468e+00,2.998765e+01,3.964349e+01,1.700209e+02
1.194033e+06,1.381983e+01,4.491306e+04,5.198271e-01,9.477477e-01,9.476186e-01,4.009853e-04,1.085303e-08,3.798935e+01,8.002213e+00,2.998713e+01,3.964263e+01,1.700249e+02
1.194043e+06,1.381994e+01,4.492306e+04,5.199428e-01,9.477492e-01,9.476187e-01,4.010939e-04,1.085303e-08,3.798857e+01,8.001958e+00,2.998662e+01,3.964178e+01,1.700289e+02
1.194053e+06,1.382006e+01,4.493306e+04,5.200586e-01,9.477508e-01,9.476188e-01,4.012024e-04,1.085303e-08,3.798780e+01,8.001703e+00,2.998610e+01,3.964092e+01,1.700329e+02
1.194063e+06,1.382017e+01,4.494306e+04,5.201743e-01,9.477524e-01,9.476189e-01,4.013110e-04,1.085302e-08,3.798703e+01,8.001448e+00,2.998558e+01,3.964007e+01,1.700370e+02
1.194073e+06,1.382029e+01,4.495306e+04,5.202901e-01,9.477539e-01,9.476190e-01,4.014195e-04,1.085302e-08,3.798625e+01,8.001193e+00,2.998506e+01,3.963922e+01,1.700410e+02
1.194083e+06,1.382041e+01,4.496306e+04,5.204058e-01,9.477555e-01,9.476191e-01,4.015280e-04,1.085302e-08,3.798548e+01,8.000938e+00,2.998454e+01,3.963836e+01,1.700450e+02
1.194093e+06,1.382052e+01,4.497306e+04,5.205215e-01,9.477570e-01,9.476192e-01,4.016366e-04,1.085302e-08,3.798471e+01,8.000683e+00,2.998402e+01,3.963751e+01,1.700490e+02
1.194103e+06,1.382064e+01,4.498306e+04,5.206373e-01,9.477586e-01,9.476193e-01,4.017451e-04,1.085302e-08,3.798393e+01,8.000428e+00,2.998351e+01,3.963665e+01,1.700530e+02
1.194113e+06,1.382075e+01,4.499306e+04,5.207530e-01,9.477602e-01,9.476194e-01,4.018536e-04,1.085302e-08,3.798316e+01,8.000173e+00,2.998299e+01,3.963580e+01,1.700571e+02
1.194123e+06,1.382087e+01,4.500306e+04,5.208688e-01,9.477617e-01,9.476195e-01,4.019622e-04,1.085302e-08,3.798239e+01,7.999918e+00,2.998247e+01,3.963495e+01,1.700611e+02
1.194133e+06,1.382098e+01,4.501306e+04,5.209845e-01,9.477633e-01,9.476196e-01,4.020707e-04,1.085302e-08,3.798161e+01,7.999663e+00,2.998195e+01,3.963409e+01,1.700651e+02
1.194143e+06,1.382110e+01,4.502307e+04,5.211003e-01,9.477648e-01,9.476198e-01,4.021793e-04,1.085302e-08,3.798084e+01,7.999408e+00,2.998143e+01,3.963324e+01,1.700691e+02
1.194153e+06,1.382122e+01,4.503307e+04,5.212160e-01,9.477664e-01,9.476199e-01,4.022878e-04,1.085301e-08,3.798007e+01,7.999153e+00,2.998091e+01,3.963239e+01,1.700731e+02
1.194163e+06,1.382133e+01,4.504307e+04,5.213318e-01,9.477680e-01,9.476200e-01,4.023963e-04,1.085301e-08,3.797929e+01,7.998898e+00,2.998040e+01,3.963153e+01,1.700771e+02
1.194173e+06,1.382145e+01,4.505307e+04,5.214475e-01,9.477695e-01,9.476201e-01,4.025049e-04,1.085301e-08,3.797852e+01,7.998643e+00,2.997988e+01,3.963068e+01,1.700812e+02
1.194183e+06,1.382156e+01,4.506307e+04,5.215633e-01,9.477711e-01,9.476202e-01,4.026134e-04,1.085301e-08,3.797775e+01,7.998388e+00,2.997936e+01,3.962982e+01,1.700852e+02
1.194193e+06,1.382168e+01,4.507307e+04,5.216790e-01,9.477726e-01,9.476203e-01,4.027219e-04,1.085301e-08,3.797697e+01,7.998133e+00,2.997884e+01,3.962897e+01,1.700892e+02
1.194203e+06,1.382179e+01,4.508307e+04,5.217948e-01,9.477742e-01,9.476204e-01,4.028305e-04,1.085301e-08,3.797620e+01,7.997878e+00,2.997832e+01,3.962812e+01,1.700932e+02
1.194213e+06,1.382191e+01,4.509307e+04,5.219105e-01,9.477737e-01,9.476205e-01,4.029390e-04,1.085301e-08,3.797543e+01,7.997623e+00,2.997780e+01,3.962733e+01,1.700972e+02
1.194223e+06,1.382203e+01,4.510307e+04,5.220263e-01,9.477661e-01,9.476206e-01,4.030476e-04,1.085301e-08,3.797482e+01,7.997528e+00,2.997729e+01,3.962694e+01,1.700987e+02
1.194233e+06,1.382214e+01,4.511307e+04,5.221420e-01,9.477523e-01,9.476207e-01,4.031561e-04,1.085300e-08,3.797456e+01,7.997781e+00,2.997678e+01,3.962712e+01,1.700948e+02
1.194243e+06,1.382226e+01,4.512307e+04,5.222578e-01,9.477385e-01,9.476208e-01,4.032646e-04,1.085300e-08,3.797430e+01,7.998034e+00,2.997627e+01,3.962730e+01,1.700908e+02
1.194253e+06,1.382237e+01,4.513307e+04,5.223735e-01,9.477247e-01,9.476209e-01,4.033732e-04,1.085300e-08,3.797405e+01,7.998287e+00,2.997576e+01,3.962747e+01,1.700868e+02
1.194263e+06,1.382249e+01,4.514307e+04,5.224893e-01,9.477109e-01,9.476210e-01,4.034817e-04,1.085300e-08,3.797379e+01,7.998541e+00,2.997525e+01,3.962765e+01,1.700828e+02
1.194273e+06,1.382261e+01,4.515307e+04,5.226050e-01,9.476971e-01,9.476211e-01,4.035902e-04,1.085300e-08,3.797354e+01,7.998794e+00,2.997474e+01,3.962783e+01,1.700788e+02
1.194283e+06,1.382272e+01,4.516307e+04,5.227208e-01,9.476833e-01,9.476212e-01,4.036988e-04,1.085300e-08,3.797328e+01,7.999047e+00,2.997423e+01,3.962800e+01,1.700748e+02
1.194293e+06,1.382284e+01,4.517308e+04,5.228365e-01,9.476695e-01,9.476213e-01,4.038073e-04,1.085300e-08,3.797302e+01,7.999300e+00,2.997372e+01,3.962818e+01,1.700708e+02
1.194303e+06,1.382295e+01,4.518308e+04,5.229523e-01,9.476557e-01,9.476214e-01,4.039159e-04,1.085300e-08,3.797277e+01,7.999554e+00,2.997321e+01,3.962836e+01,1.700668e+02
1.194313e+06,1.382307e+01,4.519308e+04,5.230680e-01,9.476419e-01,9.476215e-01,4.040244e-04,1.085300e-08,3.797251e+01,7.999807e+00,2.997271e+01,3.962853e+01,1.700628e+02
1.194323e+06,1.382318e+01,4.520308e+04,5.231838e-01,9.476281e-01,9.476216e-01,4.041329e-04,1.085299e-08,3.797226e+01,8.000060e+00,2.997220e+01,3.962871e+01,1.700588e+02
1.194333e+06,1.382330e+01,4.521308e+04,5.232995e-01,9.476143e-01,9.476217e-01,4.042415e-04,1.085299e-08,3.797200e+01,8.000313e+00,2.997169e+01,3.962889e+01,1.700548e+02
1.194343e+06,1.382342e+01,4.522308e+04,5.234153e-01,9.476005e-01,9.476218e-01,4.043500e-04,1.085299e-08,3.797174e+01,8.000567e+00,2.997118e+01,3.962906e+01,1.700509e+02
1.194353e+06,1.382353e+01,4.523308e+04,5.235310e-01,9.475867e-01,9.476219e-01,4.044585e-04,1.085299e-08,3.797149e+01,8.000820e+00,2.997067e+01,3.962924e+01,1.700469e+02
1.194363e+06,1.382365e+01,4.524308e+04,5.236468e-01,9.475729e-01,9.476220e-01,4.045671e-04,1.085299e-08,3.797123e+01,8.001073e+00,2.997016e+01,3.962941e+01,1.700429e+02
1.194373e+06,1.382376e+01,4.525308e+04,5.237625e-01,9.475591e-01,9.476221e-01,4.046756e-04,1.085299e-08,3.797098e+01,8.001326e+00,2.996965e+01,3.962959e+01,1.700389e+02
1.194383e+06,1.382388e+01,4.526308e+04,5.238783e-01,9.475453e-01,9.476222e-01,4.047842e-04,1.085299e-08,3.797072e+01,8.001580e+00,2.996914e+01,3.962977e+01,1.700349e+02
1.194393e+06,1.382399e+01,4.527308e+04,5.239940e-01,9.475315e-01,9.476223e-01,4.048927e-04,1.085299e-08,3.797046e+01,8.001833e+00,2.996863e+01,3.962994e+01,1.700309e+02
1.194403e+06,1.382411e+01,4.528308e+04,5.241098e-01,9.475177e-01,9.476224e-01,4.050012e-04,1.085298e-08,3.797021e+01,8.002086e+00,2.996812e+01,3.963012e+01,1.700269e+02
1.194413e+06,1.382423e+01,4.529308e+04,5.242255e-01,9.475039e-01,9.476225e-01,4.051098e-04,1.085298e-08,3.796995e+01,8.002339e+00,2.996761e+01,3.963030e+01,1.700229e+02
1.194423e+06,1.382434e+01,4.530308e+04,5.243413e-01,9.474901e-01,9.476226e-01,4.052183e-04,1.085298e-08,3.796970e+01,8.002593e+00,2.996710e+01,3.963047e+01,1.700189e+02
1.194433e+06,1.382446e+01,4.531309e+04,5.244570e-01,9.474763e-01,9.476227e-01,4.053268e-04,1.085298e-08,3.796944e+01,8.002846e+00,2.996659e+01,3.963065e+01,1.700149e+02
1.194443e+06,1.382457e+01,4.532309e+04,5.245728e-01,9.474625e-01,9.476228e-01,4.054354e-04,1.085298e-08,3.796918e+01,8.003099e+00,2.996609e+01,3.963083e+01,1.700109e+02
1.194453e+06,1.382469e+01,4.533309e+04,5.246885e-01,9.474487e-01,9.476229e-01,4.055439e-04,1.085298e-08,3.796893e+01,8.003352e+00,2.996558e+01,3.963100e+01,1.700069e+02
1.194463e+06,1.382480e+01,4.534309e+04,5.248042e-01,9.474349e-01,9.476230e-01,4.056525e-04,1.085298e-08,3.796867e+01,8.003605e+00,2.996507e+01,3.963118e+01,1.700030e+02
1.194473e+06,1.382492e+01,4.535309e+04,5.249200e-01,9.474238e-01,9.476231e-01,4.057610e-04,1.085298e-08,3.796855e+01,8.003793e+00,2.996476e+01,3.963141e+01,1.699990e+02
1.194483e+06,1.382504e+01,4.536309e+04,5.250357e-01,9.474207e-01,9.476232e-01,4.058695e-04,1.085298e-08,3.796881e+01,8.003793e+00,2.996501e+01,3.963178e+01,1.699950e+02
1.194493e+06,1.382515e+01,4.537309e+04,5.251515e-01,9.474176e-01,9.476234e-01,4.059781e-04,1.085297e-08,3.796906e+01,8.003793e+00,2.996527e+01,3.963216e+01,1.699910e+02
1.194503e+06,1.382527e+01,4.538309e+04,5.252672e-01,9.474145e-01,9.476235e-01,4.060866e-04,1.085297e-08,3.796932e+01,8.003793e+00,2.996553e+01,3.963253e+01,1.699869e+02
1.194513e+06,1.382538e+01,4.539309e+04,5.253830e-01,9.474114e-01,9.476236e-01,4.061951e-04,1.085297e-08,3.796958e+01,8.003793e+00,2.996578e+01,3.963291e+01,1.699829e+02
1.194523e+06,1.382550e+01,4.540309e+04,5.254987e-01,9.474083e-01,9.476237e-01,4.063037e-04,1.085297e-08,3.796983e+01,8.003793e+00,2.996604e+01,3.963328e+01,1.699789e+02
1.194533e+06,1.382561e+01,4.541309e+04,5.256145e-01,9.474052e-01,9.476238e-01,4.064122e-04,1.085297e-08,3.797009e+01,8.003793e+00,2.996630e+01,3.963366e+01,1.699749e+02
1.194543e+06,1.382573e+01,4.542309e+04,5.257302e-01,9.474021e-01,9.476239e-01,4.065208e-04,1.085297e-08,3.797035e+01,8.003793e+00,2.996655e+01,3.963403e+01,1.699709e+02
1.194553e+06,1.382585e+01,4.543309e+04,5.258460e-01,9.473990e-01,9.476240e-01,4.066293e-04,1.085297e-08,3.797060e+01,8.003793e+00,2.996681e+01,3.963441e+01,1.699669e+02
1.194563e+06,1.382596e+01,4.544309e+04,5.259617e-01,9.473959e-01,9.476241e-01,4.067378e-04,1.085297e-08,3.797086e+01,8.003793e+00,2.996707e+01,3.963478e+01,1.699629e+02
1.194573e+06,1.382608e+01,4.545309e+04,5.260775e-01,9.473928e-01,9.476242e-01,4.068464e-04,1.085296e-08,3.797112e+01,8.003793e+00,2.996733e+01,3.963516e+01,1.699589e+02
1.194583e+06,1.382619e+01,4.546310e+04,5.261932e-01,9.473897e-01,9.476243e-01,4.069549e-04,1.085296e-08,3.797138e+01,8.003793e+00,2.996758e+01,3.963553e+01,1.699549e+02
1.194593e+06,1.382631e+01,4.547310e+04,5.263090e-01,9.473866e-01,9.476244e-01,4.070634e-04,1.085296e-08,3.797163e+01,8.003793e+00,2.996784e+01,3.963590e+01,1.699509e+02
1.194603e+06,1.382642e+01,4.548310e+04,5.264247e-01,9.473835e-01,9.476245e-01,4.071720e-04,1.085296e-08,3.797189e+01,8.003793e+00,2.996810e+01,3.963628e+01,1.699469e+02
1.194613e+06,1.382654e+01,4.549310e+04,5.265405e-01,9.473804e-01,9.476246e-01,4.072805e-04,1.085296e-08,3.797215e+01,8.003793e+00,2.996835e+01,3.963665e+01,1.699429e+02
1.194623e+06,1.382666e+01,4.550310e+04,5.266562e-01,9.473773e-01,9.476247e-01,4.073891e-04,1.085296e-08,3.797240e+01,8.003793e+00,2.996861e+01,3.963703e+01,1.699389e+02
1.194633e+06,1.382677e+01,4.551310e+04,5.267720e-01,9.473742e-01,9.476248e-01,4.074976e-04,1.085296e-08,3.797266e+01,8.003793e+00,2.996887e+01,3.963740e+01,1.699349e+02
1.194643e+06,1.382689e+01,4.552310e+04,5.268877e-01,9.473711e-01,9.476249e-01,4.076061e-04,1.085296e-08,3.797292e+01,8.003793e+00,2.996912e+01,3.963778e+01,1.699309e+02
1.194653e+06,1.382700e+01,4.553310e+04,5.270035e-01,9.473680e-01,9.476250e-01,4.077147e-04,1.085296e-08,3.797317e+01,8.003793e+00,2.996938e+01,3.963815e+01,1.699269e+02
1.194663e+06,1.382712e+01,4.554310e+04,5.271192e-01,9.473649e-01,9.476251e-01,4.078232e-04,1.085295e-08,3.797343e+01,8.003793e+00,2.996964e+01,3.963853e+01,1.699229e+02
1.194673e+06,1.382723e+01,4.555310e+04,5.272350e-01,9.473618e-01,9.476252e-01,4.079317e-04,1.085295e-08,3.797369e+01,8.003793e+00,2.996989e+01,3.963890e+01,1.699189e+02
1.194683e+06,1.382735e+01,4.556310e+04,5.273507e-01,9.473587e-01,9.476253e-01,4.080403e-04,1.085295e-08,3.797394e+01,8.003793e+00,2.997015e+01,3.963928e+01,1.699149e+02
1.194693e+06,1.382747e+01,4.557310e+04,5.274665e-01,9.473556e-01,9.476254e-01,4.081488e-04,1.085295e-08,3.797420e+01,8.003793e+00,2.997041e+01,3.963965e+01,1.699108e+02
1.194703e+06,1.382758e+01,4.558310e+04,5.275822e-01,9.473525e-01,9.476255e-01,4.082573e-04,1.085295e-08,3.797446e+01,8.003793e+00,2.997066e+01,3.964003e+01,1.699068e+02
1.194713e+06,1.382770e+01,4.559310e+04,5.276980e-01,9.473494e-01,9.476256e-01,4.083659e-04,1.085295e-08,3.797471e+01,8.003793e+00,2.997092e+01,3.964040e+01,1.699028e+02
1.194723e+06,1.382781e+01,4.560310e+04,5.278137e-01,9.473484e-01,9.476257e-01,4.084744e-04,1.085295e-08,3.797519e+01,8.003793e+00,2.997140e+01,3.964094e+01,1.698988e+02
1.194733e+06,1.382793e+01,4.561311e+04,5.279295e-01,9.473529e-01,9.476258e-01,4.085830e-04,1.085295e-08,3.797622e+01,8.003793e+00,2.997243e+01,3.964187e+01,1.698948e+02
1.194743e+06,1.382805e+01,4.562311e+04,5.280452e-01,9.473573e-01,9.476259e-01,4.086915e-04,1.085294e-08,3.797724e+01,8.003793e+00,2.997345e+01,3.964281e+01,1.698909e+02
1.194753e+06,1.382816e+01,4.563311e+04,5.281610e-01,9.473617e-01,9.476260e-01,4.088000e-04,1.085294e-08,3.797827e+01,8.003793e+00,2.997447e+01,3.964374e+01,1.698869e+02
1.194763e+06,1.382828e+01,4.564311e+04,5.282767e-01,9.473662e-01,9.476261e-01,4.089086e-04,1.085294e-08,3.797929e+01,8.003793e+00,2.997550e+01,3.964467e+01,1.698829e+02
1.194773e+06,1.382839e+01,4.565311e+04,5.283925e-01,9.473706e-01,9.476262e-01,4.090171e-04,1.085294e-08,3.798031e+01,8.003793e+00,2.997652e+01,3.964560e+01,1.698789e+02
1.194783e+06,1.382851e+01,4.566311e+04,5.285082e-01,9.473750e-01,9.476263e-01,4.091256e-04,1.085294e-08,3.798134e+01,8.003793e+00,2.997755e+01,3.964654e+01,1.698749e+02
1.194793e+06,1.382862e+01,4.567311e+04,5.286240e-01,9.473794e-01,9.476264e-01,4.092342e-04,1.085294e-08,3.798236e+01,8.003793e+00,2.997857e+01,3.964747e+01,1.698709e+02
1.194803e+06,1.382874e+01,4.568311e+04,5.287397e-01,9.473839e-01,9.476265e-01,4.093427e-04,1.085294e-08,3.798339e+01,8.003793e+00,2.997959e+01,3.964840e+01,1.698669e+02
1.194813e+06,1.382886e+01,4.569311e+04,5.288555e-01,9.473883e-01,9.476266e-01,4.094513e-04,1.085294e-08,3.798441e+01,8.003793e+00,2.998062e+01,3.964934e+01,1.698629e+02
1.194823e+06,1.382897e+01,4.570311e+04,5.289712e-01,9.473927e-01,9.476267e-01,4.095598e-04,1.085294e-08,3.798543e+01,8.003793e+00,2.998164e+01,3.965027e+01,1.698589e+02
1.194833e+06,1.382909e+01,4.571311e+04,5.290869e-01,9.473972e-01,9.476268e-01,4.096683e-04,1.085293e-08,3.798646e+01,8.003793e+00,2.998267e+01,3.965120e+01,1.698549e+02
1.194843e+06,1.382920e+01,4.572311e+04,5.292027e-01,9.474016e-01,9.476270e-01,4.097769e-04,1.085293e-08,3.798748e+01,8.003793e+00,2.998369e+01,3.965214e+01,1.698509e+02
1.194853e+06,1.382932e+01,4.573311e+04,5.293184e-01,9.474060e-01,9.476271e-01,4.098854e-04,1.085293e-08,3.798851e+01,8.003793e+00,2.998471e+01,3.965307e+01,1.698470e+02
1.194863e+06,1.382943e+01,4.574311e+04,5.294342e-01,9.474104e-01,9.476272e-01,4.099939e-04,1.085293e-08,3.798953e+01,8.003793e+00,2.998574e+01,3.965400e+01,1.698430e+02
1.194873e+06,1.382955e+01,4.575311e+04,5.295499e-01,9.474149e-01,9.476273e-01,4.101025e-04,1.085293e-08,3.799055e+01,8.003793e+00,2.998676e+01,3.965493e+01,1.698390e+02
1.194883e+06,1.382967e+01,4.576312e+04,5.296657e-01,9.474193e-01,9.476274e-01,4.102110e-04,1.085293e-08,3.799158e+01,8.003793e+00,2.998779e+01,3.965587e+01,1.698350e+02
1.194893e+06,1.382978e+01,4.577312e+04,5.297814e-01,9.474237e-01,9.476275e-01,4.103195e-04,1.085293e-08,3.799260e+01,8.003793e+00,2.998881e+01,3.965680e+01,1.698310e+02
1.194903e+06,1.382990e+01,4.578312e+04,5.298972e-01,9.474281e-01,9.476276e-01,4.104281e-04,1.085293e-08,3.799363e+01,8.003793e+00,2.998983e+01,3.965773e+01,1.698270e+02
1.194913e+06,1.383001e+01,4.579312e+04,5.300129e-01,9.474326e-01,9.476277e-01,4.105366e-04,1.085292e-08,3.799465e+01,8.003793e+00,2.999086e+01,3.965867e+01,1.698230e+02
1.194923e+06,1.383013e+01,4.580312e+04,5.301287e-01,9.474370e-01,9.476278e-01,4.106452e-04,1.085292e-08,3.799567e+01,8.003793e+00,2.999188e+01,3.965960e+01,1.698190e+02
1.194933e+06,1.383024e+01,4.581312e+04,5.302444e-01,9.474414e-01,9.476279e-01,4.107537e-04,1.085292e-08,3.799670e+01,8.003793e+00,2.999291e+01,3.966053e+01,1.698150e+02
1.194943e+06,1.383036e+01,4.582312e+04,5.303602e-01,9.474459e-01,9.476280e-01,4.108622e-04,1.085292e-08,3.799772e+01,8.003793e+00,2.999393e+01,3.966146e+01,1.698110e+02
1.194953e+06,1.383048e+01,4.583312e+04,5.304759e-01,9.474503e-01,9.476281e-01,4.109708e-04,1.085292e-08,3.799875e+01,8.003793e+00,2.999495e+01,3.966240e+01,1.698070e+02
1.194963e+06,1.383059e+01,4.584312e+04,5.305917e-01,9.474547e-01,9.476282e-01,4.110793e-04,1.085292e-08,3.799977e+01,8.003793e+00,2.999598e+01,3.966333e+01,1.698030e+02
1.194973e+06,1.383071e+01,4.585312e+04,5.307074e-01,9.474601e-01,9.476283e-01,4.111878e-04,1.085292e-08,3.800031e+01,8.003793e+00,2.999651e+01,3.966372e+01,1.697990e+02
1.194983e+06,1.383082e+01,4.586312e+04,5.308232e-01,9.474686e-01,9.476284e-01,4.112964e-04,1.085292e-08,3.799928e+01,8.003793e+00,2.999548e+01,3.966234e+01,1.697950e+02
1.194993e+06,1.383094e+01,4.587312e+04,5.309389e-01,9.474771e-01,9.476285e-01,4.114049e-04,1.085292e-08,3.799825e+01,8.003793e+00,2.999445e+01,3.966097e+01,1.697910e+02
1.195003e+06,1.383105e+01,4.588312e+04,5.310547e-01,9.474856e-01,9.476286e-01,4.115134e-04,1.085291e-08,3.799721e+01,8.003793e+00,2.999342e+01,3.965960e+01,1.697870e+02
1.195013e+06,1.383117e+01,4.589312e+04,5.311704e-01,9.474941e-01,9.476287e-01,4.116220e-04,1.085291e-08,3.799618e+01,8.003793e+00,2.999239e+01,3.965823e+01,1.697830e+02
1.195023e+06,1.383129e+01,4.590313e+04,5.312862e-01,9.475027e-01,9.476288e-01,4.117305e-04,1.085291e-08,3.799515e+01,8.003793e+00,2.999136e+01,3.965685e+01,1.697790e+02
1.195033e+06,1.383140e+01,4.591313e+04,5.314019e-01,9.475112e-01,9.476289e-01,4.118391e-04,1.085291e-08,3.799412e+01,8.003793e+00,2.999033e+01,3.965548e+01,1.697749e+02
1.195043e+06,1.383152e+01,4.592313e+04,5.315177e-01,9.475197e-01,9.476290e-01,4.119476e-04,1.085291e-08,3.799309e+01,8.003793e+00,2.998930e+01,3.965411e+01,1.697709e+02
1.195053e+06,1.383163e+01,4.593313e+04,5.316334e-01,9.475282e-01,9.476291e-01,4.120561e-04,1.085291e-08,3.799206e+01,8.003793e+00,2.998827e+01,3.965274e+01,1.697669e+02
1.195063e+06,1.383175e+01,4.594313e+04,5.317492e-01,9.475367e-01,9.476292e-01,4.121647e-04,1.085291e-08,3.799103e+01,8.003793e+00,2.998723e+01,3.965136e+01,1.697629e+02
1.195073e+06,1.383186e+01,4.595313e+04,5.318649e-01,9.475452e-01,9.476293e-01,4.122732e-04,1.085291e-08,3.799000e+01,8.003793e+00,2.998620e+01,3.964999e+01,1.697589e+02
1.195083e+06,1.383198e+01,4.596313e+04,5.319807e-01,9.475538e-01,9.476294e-01,4.123817e-04,1.085290e-08,3.798897e+01,8.003793e+00,2.998517e+01,3.964862e+01,1.697548e+02
1.195093e+06,1.383210e+01,4.597313e+04,5.320964e-01,9.475623e-01,9.476295e-01,4.124903e-04,1.085290e-08,3.798793e+01,8.003793e+00,2.998414e+01,3.964725e+01,1.697508e+02
1.195103e+06,1.383221e+01,4.598313e+04,5.322122e-01,9.475708e-01,9.476296e-01,4.125988e-04,1.085290e-08,3.798690e+01,8.003793e+00,2.998311e+01,3.964587e+01,1.697468e+02
1.195113e+06,1.383233e+01,4.599313e+04,5.323279e-01,9.475793e-01,9.476297e-01,4.127073e-04,1.085290e-08,3.798587e+01,8.003793e+00,2.998208e+01,3.964450e+01,1.697428e+02
1.195123e+06,1.383244e+01,4.600313e+04,5.324437e-01,9.475878e-01,9.476298e-01,4.128159e-04,1.085290e-08,3.798484e+01,8.003793e+00,2.998105e+01,3.964313e+01,1.697388e+02
1.195133e+06,1.383256e+01,4.601313e+04,5.325594e-01,9.475963e-01,9.476299e-01,4.129244e-04,1.085290e-08,3.798381e+01,8.003793e+00,2.998002e+01,3.964176e+01,1.697347e+02
1.195143e+06,1.383268e+01,4.602313e+04,5.326752e-01,9.476048e-01,9.476300e-01,4.130330e-04,1.085290e-08,3.798278e+01,8.003793e+00,2.997899e+01,3.964038e+01,1.697307e+02
1.195153e+06,1.383279e+01,4.603313e+04,5.327909e-01,9.476134e-01,9.476301e-01,4.131415e-04,1.085290e-08,3.798175e+01,8.003793e+00,2.997795e+01,3.963901e+01,1.697267e+02
1.195163e+06,1.383291e+01,4.604313e+04,5.329067e-01,9.476219e-01,9.476302e-01,4.132500e-04,1.085290e-08,3.798072e+01,8.003793e+00,2.997692e+01,3.963764e+01,1.697227e+02
1.195173e+06,1.383302e+01,4.605314e+04,5.330224e-01,9.476304e-01,9.476303e-01,4.133586e-04,1.085289e-08,3.797969e+01,8.003793e+00,2.997589e+01,3.963627e+01,1.697187e+02
1.195183e+06,1.383314e+01,4.606314e+04,5.331381e-01,9.476389e-01,9.476304e-01,4.134671e-04,1.085289e-08,3.797865e+01,8.003793e+00,2.997486e+01,3.963489e+01,1.697146e+02
1.195193e+06,1.383325e+01,4.607314e+04,5.332539e-01,9.476474e-01,9.476306e-01,4.135756e-04,1.085289e-08,3.797762e+01,8.003793e+00,2.997383e+01,3.963352e+01,1.697106e+02
1.195203e+06,1.383337e+01,4.608314e+04,5.333696e-01,9.476559e-01,9.476307e-01,4.136842e-04,1.085289e-08,3.797659e+01,8.003793e+00,2.997280e+01,3.963215e+01,1.697066e+02
1.195213e+06,1.383349e+01,4.609314e+04,5.334854e-01,9.476645e-01,9.476308e-01,4.137927e-04,1.085289e-08,3.797556e+01,8.003793e+00,2.997177e+01,3.963078e+01,1.697026e+02
1.195223e+06,1.383360e+01,4.610314e+04,5.336011e-01,9.476676e-01,9.476309e-01,4.139012e-04,1.085289e-08,3.797535e+01,8.003883e+00,2.997147e+01,3.963044e+01,1.696986e+02
1.195233e+06,1.383372e+01,4.611314e+04,5.337169e-01,9.476611e-01,9.476310e-01,4.140098e-04,1.085289e-08,3.797663e+01,8.004135e+00,2.997249e+01,3.963199e+01,1.696946e+02
1.195243e+06,1.383383e+01,4.612314e+04,5.338326e-01,9.476545e-01,9.476311e-01,4.141183e-04,1.085289e-08,3.797790e+01,8.004388e+00,2.997351e+01,3.963355e+01,1.696906e+02
1.195253e+06,1.383395e+01,4.613314e+04,5.339484e-01,9.476479e-01,9.476312e-01,4.142269e-04,1.085288e-08,3.797918e+01,8.004640e+00,2.997454e+01,3.963510e+01,1.696867e+02
1.195263e+06,1.383406e+01,4.614314e+04,5.340641e-01,9.476414e-01,9.476313e-01,4.143354e-04,1.085288e-08,3.798045e+01,8.004892e+00,2.997556e+01,3.963665e+01,1.696827e+02
1.195273e+06,1.383418e+01,4.615314e+04,5.341799e-01,9.476348e-01,9.476314e-01,4.144439e-04,1.085288e-08,3.798173e+01,8.005145e+00,2.997658e+01,3.963820e+01,1.696787e+02
1.195283e+06,1.383430e+01,4.616314e+04,5.342956e-01,9.476282e-01,9.476315e-01,4.145525e-04,1.085288e-08,3.798300e+01,8.005397e+00,2.997761e+01,3.963975e+01,1.696747e+02
1.195293e+06,1.383441e+01,4.617314e+04,5.344114e-01,9.476217e-01,9.476316e-01,4.146610e-04,1.085288e-08,3.798428e+01,8.005649e+00,2.997863e+01,3.964130e+01,1.696707e+02
1.195303e+06,1.383453e+01,4.618314e+04,5.345271e-01,9.476151e-01,9.476317e-01,4.147695e-04,1.085288e-08,3.798555e+01,8.005902e+00,2.997965e+01,3.964285e+01,1.696668e+02
1.195313e+06,1.383464e+01,4.619314e+04,5.346429e-01,9.476085e-01,9.476318e-01,4.148781e-04,1.085288e-08,3.798683e+01,8.006154e+00,2.998068e+01,3.964440e+01,1.696628e+02
1.195323e+06,1.383476e+01,4.620315e+04,5.347586e-01,9.476020e-01,9.476319e-01,4.149866e-04,1.085288e-08,3.798811e+01,8.006407e+00,2.998170e+01,3.964596e+01,1.696588e+02
1.195333e+06,1.383487e+01,4.621315e+04,5.348744e-01,9.475954e-01,9.476320e-01,4.150951e-04,1.085288e-08,3.798938e+01,8.006659e+00,2.998272e+01,3.964751e+01,1.696548e+02
1.195343e+06,1.383499e+01,4.622315e+04,5.349901e-01,9.475888e-01,9.476321e-01,4.152037e-04,1.085287e-08,3.799066e+01,8.006911e+00,2.998375e+01,3.964906e+01,1.696509e+02
1.195353e+06,1.383511e+01,4.623315e+04,5.351059e-01,9.475823e-01,9.476322e-01,4.153122e-04,1.085287e-08,3.799193e+01,8.007164e+00,2.998477e+01,3.965061e+01,1.696469e+02
1.195363e+06,1.383522e+01,4.624315e+04,5.352216e-01,9.475757e-01,9.476323e-01,4.154208e-04,1.085287e-08,3.799321e+01,8.007416e+00,2.998579e+01,3.965216e+01,1.696429e+02
1.195373e+06,1.383534e+01,4.625315e+04,5.353374e-01,9.475691e-01,9.476324e-01,4.155293e-04,1.085287e-08,3.799448e+01,8.007668e+00,2.998682e+01,3.965371e+01,1.696389e+02
1.195383e+06,1.383545e+01,4.626315e+04,5.354531e-01,9.475626e-01,9.476325e-01,4.156378e-04,1.085287e-08,3.799576e+01,8.007921e+00,2.998784e+01,3.965527e+01,1.696349e+02
1.195393e+06,1.383557e+01,4.627315e+04,5.355689e-01,9.475560e-01,9.476326e-01,4.157464e-04,1.085287e-08,3.799703e+01,8.008173e+00,2.998886e+01,3.965682e+01,1.696310e+02
1.195403e+06,1.383568e+01,4.628315e+04,5.356846e-01,9.475494e-01,9.476327e-01,4.158549e-04,1.085287e-08,3.799831e+01,8.008426e+00,2.998988e+01,3.965837e+01,1.696270e+02
1.195413e+06,1.383580e+01,4.629315e+04,5.358004e-01,9.475429e-01,9.476328e-01,4.159634e-04,1.085287e-08,3.799959e+01,8.008678e+00,2.999091e+01,3.965992e+01,1.696230e+02
1.195423e+06,1.383592e+01,4.630315e+04,5.359161e-01,9.475363e-01,9.476329e-01,4.160720e-04,1.085286e-08,3.800086e+01,8.008930e+00,2.999193e+01,3.966147e+01,1.696190e+02
1.195433e+06,1.383603e+01,4.631315e+04,5.360319e-01,9.475297e-01,9.476330e-01,4.161805e-04,1.085286e-08,3.800214e+01,8.009183e+00,2.999295e+01,3.966302e+01,1.696151e+02
1.195443e+06,1.383615e+01,4.632315e+04,5.361476e-01,9.475232e-01,9.476331e-01,4.162890e-04,1.085286e-08,3.800341e+01,8.009435e+00,2.999398e+01,3.966457e+01,1.696111e+02
1.195453e+06,1.383626e+01,4.633315e+04,5.362634e-01,9.475166e-01,9.476332e-01,4.163976e-04,1.085286e-08,3.800469e+01,8.009687e+00,2.999500e+01,3.966613e+01,1.696071e+02
1.195463e+06,1.383638e+01,4.634316e+04,5.363791e-01,9.475107e-01,9.476333e-01,4.165061e-04,1.085286e-08,3.800596e+01,8.009940e+00,2.999602e+01,3.966766e+01,1.696031e+02
1.195473e+06,1.383649e+01,4.635316e+04,5.364949e-01,9.475093e-01,9.476334e-01,4.166147e-04,1.085286e-08,3.800702e+01,8.010083e+00,2.999694e+01,3.966881e+01,1.696000e+02
1.195483e+06,1.383661e+01,4.636316e+04,5.366106e-01,9.475152e-01,9.476335e-01,4.167232e-04,1.085286e-08,3.800728e+01,8.009829e+00,2.999745e+01,3.966890e+01,1.696000e+02
1.195493e+06,1.383673e+01,4.637316e+04,5.367264e-01,9.475211e-01,9.476336e-01,4.168317e-04,1.085286e-08,3.800753e+01,8.009575e+00,2.999796e+01,3.966899e+01,1.696000e+02
1.195503e+06,1.383684e+01,4.638316e+04,5.368421e-01,9.475270e-01,9.476337e-01,4.169403e-04,1.085286e-08,3.800779e+01,8.009321e+00,2.999847e+01,3.966907e+01,1.696000e+02
1.195513e+06,1.383696e+01,4.639316e+04,5.369579e-01,9.475329e-01,9.476338e-01,4.170488e-04,1.085285e-08,3.800805e+01,8.009067e+00,2.999898e+01,3.966916e+01,1.696000e+02
1.195523e+06,1.383707e+01,4.640316e+04,5.370736e-01,9.475388e-01,9.476339e-01,4.171573e-04,1.085285e-08,3.800831e+01,8.008813e+00,2.999949e+01,3.966925e+01,1.696000e+02
1.195533e+06,1.383719e+01,4.641316e+04,5.371894e-01,9.475447e-01,9.476340e-01,4.172659e-04,1.085285e-08,3.800856e+01,8.008559e+00,3.000000e+01,3.966934e+01,1.696000e+02
1.195543e+06,1.383731e+01,4.642316e+04,5.373051e-01,9.475506e-01,9.476342e-01,4.173744e-04,1.085285e-08,3.800882e+01,8.008305e+00,3.000051e+01,3.966943e+01,1.696000e+02
1.195553e+06,1.383742e+01,4.643316e+04,5.374208e-01,9.475565e-01,9.476343e-01,4.174829e-04,1.085285e-08,3.800908e+01,8.008050e+00,3.000103e+01,3.966951e+01,1.696000e+02
1.195563e+06,1.383754e+01,4.644316e+04,5.375366e-01,9.475624e-01,9.476344e-01,4.175915e-04,1.085285e-08,3.800933e+01,8.007796e+00,3.000154e+01,3.966960e+01,1.696000e+02
1.195573e+06,1.383765e+01,4.645316e+04,5.376523e-01,9.475683e-01,9.476345e-01,4.177000e-04,1.085285e-08,3.800959e+01,8.007542e+00,3.000205e+01,3.966969e+01,1.696000e+02
1.195583e+06,1.383777e+01,4.646316e+04,5.377681e-01,9.475742e-01,9.476346e-01,4.178085e-04,1.085285e-08,3.800985e+01,8.007288e+00,3.000256e+01,3.966978e+01,1.696000e+02
1.195593e+06,1.383788e+01,4.647316e+04,5.378838e-01,9.475801e-01,9.476347e-01,4.179171e-04,1.085284e-08,3.801010e+01,8.007034e+00,3.000307e+01,3.966987e+01,1.696000e+02
1.195603e+06,1.383800e+01,4.648316e+04,5.379996e-01,9.475860e-01,9.476348e-01,4.180256e-04,1.085284e-08,3.801036e+01,8.006780e+00,3.000358e+01,3.966996e+01,1.696000e+02
1.195613e+06,1.383812e+01,4.649317e+04,5.381153e-01,9.475919e-01,9.476349e-01,4.181342e-04,1.085284e-08,3.801062e+01,8.006526e+00,3.000409e+01,3.967004e+01,1.696000e+02
1.195623e+06,1.383823e+01,4.650317e+04,5.382311e-01,9.475977e-01,9.476350e-01,4.182427e-04,1.085284e-08,3.801087e+01,8.006272e+00,3.000460e+01,3.967013e+01,1.696000e+02
1.195633e+06,1.383835e+01,4.651317e+04,5.383468e-01,9.476036e-01,9.476351e-01,4.183512e-04,1.085284e-08,3.801113e+01,8.006017e+00,3.000511e+01,3.967022e+01,1.696000e+02
1.195643e+06,1.383846e+01,4.652317e+04,5.384626e-01,9.476095e-01,9.476352e-01,4.184598e-04,1.085284e-08,3.801139e+01,8.005763e+00,3.000562e+01,3.967031e+01,1.696000e+02
1.195653e+06,1.383858e+01,4.653317e+04,5.385783e-01,9.476154e-01,9.476353e-01,4.185683e-04,1.085284e-08,3.801164e+01,8.005509e+00,3.000614e+01,3.967040e+01,1.696000e+02
1.195663e+06,1.383869e+01,4.654317e+04,5.386941e-01,9.476213e-01,9.476354e-01,4.186768e-04,1.085284e-08,3.801190e+01,8.005255e+00,3.000665e+01,3.967048e+01,1.696000e+02
1.195673e+06,1.383881e+01,4.655317e+04,5.388098e-01,9.476272e-01,9.476355e-01,4.187854e-04,1.085284e-08,3.801216e+01,8.005001e+00,3.000716e+01,3.967057e+01,1.696000e+02
1.195683e+06,1.383893e+01,4.656317e+04,5.389256e-01,9.476331e-01,9.476356e-01,4.188939e-04,1.085283e-08,3.801242e+01,8.004747e+00,3.000767e+01,3.967066e+01,1.696000e+02
1.195693e+06,1.383904e+01,4.657317e+04,5.390413e-01,9.476390e-01,9.476357e-01,4.190024e-04,1.085283e-08,3.801267e+01,8.004493e+00,3.000818e+01,3.967075e+01,1.696000e+02
1.195703e+06,1.383916e+01,4.658317e+04,5.391571e-01,9.476449e-01,9.476358e-01,4.191110e-04,1.085283e-08,3.801293e+01,8.004239e+00,3.000869e+01,3.967084e+01,1.696000e+02
1.195713e+06,1.383927e+01,4.659317e+04,5.392728e-01,9.476516e-01,9.476359e-01,4.192195e-04,1.085283e-08,3.801319e+01,8.003984e+00,3.000920e+01,3.967090e+01,1.696000e+02
1.195723e+06,1.383939e+01,4.660317e+04,5.393886e-01,9.476599e-01,9.476360e-01,4.193280e-04,1.085283e-08,3.801312e+01,8.003793e+00,3.000933e+01,3.967057e+01,1.696010e+02
1.195733e+06,1.383950e+01,4.661317e+04,5.395043e-01,9.476656e-01,9.476361e-01,4.194366e-04,1.085283e-08,3.801209e+01,8.003793e+00,3.000830e+01,3.966929e+01,1.696050e+02
1.195743e+06,1.383962e+01,4.662317e+04,5.396201e-01,9.476713e-01,9.476362e-01,4.195451e-04,1.085283e-08,3.801106e+01,8.003793e+00,3.000727e+01,3.966801e+01,1.696090e+02
1.195753e+06,1.383974e+01,4.663317e+04,5.397358e-01,9.476770e-01,9.476363e-01,4.196537e-04,1.085283e-08,3.801003e+01,8.003793e+00,3.000624e+01,3.966673e+01,1.696130e+02
1.195763e+06,1.383985e+01,4.664318e+04,5.398516e-01,9.476827e-01,9.476364e-01,4.197622e-04,1.085282e-08,3.800900e+01,8.003793e+00,3.000521e+01,3.966545e+01,1.696171e+02
1.195773e+06,1.383997e+01,4.665318e+04,5.399673e-01,9.476884e-01,9.476365e-01,4.198707e-04,1.085282e-08,3.800797e+01,8.003793e+00,3.000418e+01,3.966417e+01,1.696211e+02
1.195783e+06,1.384008e+01,4.666318e+04,5.400831e-01,9.476941e-01,9.476366e-01,4.199793e-04,1.085282e-08,3.800694e+01,8.003793e+00,3.000315e+01,3.966290e+01,1.696251e+02
1.195793e+06,1.384020e+01,4.667318e+04,5.401988e-01,9.476998e-01,9.476367e-01,4.200878e-04,1.085282e-08,3.800591e+01,8.003793e+00,3.000211e+01,3.966162e+01,1.696291e+02
1.195803e+06,1.384031e+01,4.668318e+04,5.403146e-01,9.477055e-01,9.476368e-01,4.201963e-04,1.085282e-08,3.800488e+01,8.003793e+00,3.000108e+01,3.966034e+01,1.696331e+02
1.195813e+06,1.384043e+01,4.669318e+04,5.404303e-01,9.477112e-01,9.476369e-01,4.203049e-04,1.085282e-08,3.800384e+01,8.003793e+00,3.000005e+01,3.965906e+01,1.696372e+02
1.195823e+06,1.384055e+01,4.670318e+04,5.405461e-01,9.477169e-01,9.476370e-01,4.204134e-04,1.085282e-08,3.800281e+01,8.003793e+00,2.999902e+01,3.965778e+01,1.696412e+02
1.195833e+06,1.384066e+01,4.671318e+04,5.406618e-01,9.477226e-01,9.476371e-01,4.205219e-04,1.085282e-08,3.800178e+01,8.003793e+00,2.999799e+01,3.965650e+01,1.696452e+02
1.195843e+06,1.384078e+01,4.672318e+04,5.407776e-01,9.477283e-01,9.476372e-01,4.206305e-04,1.085282e-08,3.800075e+01,8.003793e+00,2.999696e+01,3.965522e+01,1.696492e+02
1.195853e+06,1.384089e+01,4.673318e+04,5.408933e-01,9.477340e-01,9.476373e-01,4.207390e-04,1.085281e-08,3.799972e+01,8.003793e+00,2.999593e+01,3.965395e+01,1.696532e+02
1.195863e+06,1.384101e+01,4.674318e+04,5.410091e-01,9.477397e-01,9.476374e-01,4.208475e-04,1.085281e-08,3.799869e+01,8.003793e+00,2.999490e+01,3.965267e+01,1.696573e+02
1.195873e+06,1.384112e+01,4.675318e+04,5.411248e-01,9.477455e-01,9.476375e-01,4.209561e-04,1.085281e-08,3.799766e+01,8.003793e+00,2.999387e+01,3.965139e+01,1.696613e+02
1.195883e+06,1.384124e+01,4.676318e+04,5.412406e-01,9.477512e-01,9.476376e-01,4.210646e-04,1.085281e-08,3.799663e+01,8.003793e+00,2.999283e+01,3.965011e+01,1.696653e+02
1.195893e+06,1.384136e+01,4.677318e+04,5.413563e-01,9.477569e-01,9.476378e-01,4.211732e-04,1.085281e-08,3.799560e+01,8.003793e+00,2.999180e+01,3.964883e+01,1.696693e+02
1.195903e+06,1.384147e+01,4.678319e+04,5.414721e-01,9.477626e-01,9.476379e-01,4.212817e-04,1.085281e-08,3.799457e+01,8.003793e+00,2.999077e+01,3.964755e+01,1.696733e+02
1.195913e+06,1.384159e+01,4.679319e+04,5.415878e-01,9.477683e-01,9.476380e-01,4.213902e-04,1.085281e-08,3.799353e+01,8.003793e+00,2.998974e+01,3.964628e+01,1.696774e+02
1.195923e+06,1.384170e+01,4.680319e+04,5.417035e-01,9.477740e-01,9.476381e-01,4.214988e-04,1.085281e-08,3.799250e+01,8.003793e+00,2.998871e+01,3.964500e+01,1.696814e+02
1.195933e+06,1.384182e+01,4.681319e+04,5.418193e-01,9.477797e-01,9.476382e-01,4.216073e-04,1.085280e-08,3.799147e+01,8.003793e+00,2.998768e+01,3.964372e+01,1.696854e+02
1.195943e+06,1.384194e+01,4.682319e+04,5.419350e-01,9.477854e-01,9.476383e-01,4.217158e-04,1.085280e-08,3.799044e+01,8.003793e+00,2.998665e+01,3.964244e+01,1.696894e+02
1.195953e+06,1.384205e+01,4.683319e+04,5.420508e-01,9.477911e-01,9.476384e-01,4.218244e-04,1.085280e-08,3.798941e+01,8.003793e+00,2.998562e+01,3.964116e+01,1.696934e+02
1.195963e+06,1.384217e+01,4.684319e+04,5.421665e-01,9.477979e-01,9.476385e-01,4.219329e-04,1.085280e-08,3.798838e+01,8.003793e+00,2.998459e+01,3.963985e+01,1.696974e+02
1.195973e+06,1.384228e+01,4.685319e+04,5.422823e-01,9.478067e-01,9.476386e-01,4.220414e-04,1.085280e-08,3.798791e+01,8.003885e+00,2.998403e+01,3.963905e+01,1.697029e+02
1.195983e+06,1.384240e+01,4.686319e+04,5.423980e-01,9.478153e-01,9.476387e-01,4.221500e-04,1.085280e-08,3.798842e+01,8.004138e+00,2.998428e+01,3.963929e+01,1.697109e+02
1.195993e+06,1.384251e+01,4.687319e+04,5.425138e-01,9.478239e-01,9.476388e-01,4.222585e-04,1.085280e-08,3.798893e+01,8.004390e+00,2.998454e+01,3.963953e+01,1.697188e+02
1.196003e+06,1.384263e+01,4.688319e+04,5.426295e-01,9.478326e-01,9.476389e-01,4.223670e-04,1.085280e-08,3.798944e+01,8.004642e+00,2.998480e+01,3.963976e+01,1.697268e+02
1.196013e+06,1.384275e+01,4.689319e+04,5.427453e-01,9.478412e-01,9.476390e-01,4.224756e-04,1.085280e-08,3.798995e+01,8.004895e+00,2.998506e+01,3.964000e+01,1.697347e+02
1.196023e+06,1.384286e+01,4.690319e+04,5.428610e-01,9.478498e-01,9.476391e-01,4.225841e-04,1.085279e-08,3.799046e+01,8.005147e+00,2.998531e+01,3.964024e+01,1.697427e+02
1.196033e+06,1.384298e+01,4.691319e+04,5.429768e-01,9.478584e-01,9.476392e-01,4.226926e-04,1.085279e-08,3.799097e+01,8.005400e+00,2.998557e+01,3.964048e+01,1.697506e+02
1.196043e+06,1.384309e+01,4.692319e+04,5.430925e-01,9.478670e-01,9.476393e-01,4.228012e-04,1.085279e-08,3.799148e+01,8.005652e+00,2.998583e+01,3.964071e+01,1.697586e+02
1.196053e+06,1.384321e+01,4.693320e+04,5.432083e-01,9.478756e-01,9.476394e-01,4.229097e-04,1.085279e-08,3.799199e+01,8.005904e+00,2.998609e+01,3.964095e+01,1.697665e+02
1.196063e+06,1.384332e+01,4.694320e+04,5.433240e-01,9.478843e-01,9.476395e-01,4.230183e-04,1.085279e-08,3.799250e+01,8.006157e+00,2.998635e+01,3.964119e+01,1.697745e+02
1.196073e+06,1.384344e+01,4.695320e+04,5.434398e-01,9.478929e-01,9.476396e-01,4.231268e-04,1.085279e-08,3.799301e+01,8.006409e+00,2.998660e+01,3.964142e+01,1.697825e+02
1.196083e+06,1.384356e+01,4.696320e+04,5.435555e-01,9.479015e-01,9.476397e-01,4.232353e-04,1.085279e-08,3.799352e+01,8.006661e+00,2.998686e+01,3.964166e+01,1.697904e+02
1.196093e+06,1.384367e+01,4.697320e+04,5.436713e-01,9.479101e-01,9.476398e-01,4.233439e-04,1.085279e-08,3.799403e+01,8.006914e+00,2.998712e+01,3.964190e+01,1.697984e+02
1.196103e+06,1.384379e+01,4.698320e+04,5.437870e-01,9.479187e-01,9.476399e-01,4.234524e-04,1.085278e-08,3.799454e+01,8.007166e+00,2.998738e+01,3.964213e+01,1.698063e+02
1.196113e+06,1.384390e+01,4.699320e+04,5.439028e-01,9.479273e-01,9.476400e-01,4.235609e-04,1.085278e-08,3.799505e+01,8.007419e+00,2.998764e+01,3.964237e+01,1.698143e+02
1.196123e+06,1.384402e+01,4.700320e+04,5.440185e-01,9.479359e-01,9.476401e-01,4.236695e-04,1.085278e-08,3.799556e+01,8.007671e+00,2.998789e+01,3.964261e+01,1.698222e+02
1.196133e+06,1.384413e+01,4.701320e+04,5.441343e-01,9.479446e-01,9.476402e-01,4.237780e-04,1.085278e-08,3.799607e+01,8.007923e+00,2.998815e+01,3.964284e+01,1.698302e+02
1.196143e+06,1.384425e+01,4.702320e+04,5.442500e-01,9.479532e-01,9.476403e-01,4.238865e-04,1.085278e-08,3.799658e+01,8.008176e+00,2.998841e+01,3.964308e+01,1.698381e+02
1.196153e+06,1.384437e+01,4.703320e+04,5.443658e-01,9.479618e-01,9.476404e-01,4.239951e-04,1.085278e-08,3.799709e+01,8.008428e+00,2.998867e+01,3.964332e+01,1.698461e+02
1.196163e+06,1.384448e+01,4.704320e+04,5.444815e-01,9.479704e-01,9.476405e-01,4.241036e-04,1.085278e-08,3.799760e+01,8.008680e+00,2.998892e+01,3.964355e+01,1.698541e+02
1.196173e+06,1.384460e+01,4.705320e+04,5.445973e-01,9.479790e-01,9.476406e-01,4.242121e-04,1.085278e-08,3.799812e+01,8.008933e+00,2.998918e+01,3.964379e+01,1.698620e+02
1.196183e+06,1.384471e+01,4.706320e+04,5.447130e-01,9.479876e-01,9.476407e-01,4.243207e-04,1.085278e-08,3.799863e+01,8.009185e+00,2.998944e+01,3.964403e+01,1.698700e+02
1.196193e+06,1.384483e+01,4.707320e+04,5.448288e-01,9.479963e-01,9.476408e-01,4.244292e-04,1.085277e-08,3.799914e+01,8.009438e+00,2.998970e+01,3.964427e+01,1.698779e+02
1.196203e+06,1.384494e+01,4.708321e+04,5.449445e-01,9.480049e-01,9.476409e-01,4.245377e-04,1.085277e-08,3.799965e+01,8.009690e+00,2.998996e+01,3.964450e+01,1.698859e+02
1.196213e+06,1.384506e+01,4.709321e+04,5.450603e-01,9.480121e-01,9.476410e-01,4.246463e-04,1.085277e-08,3.800016e+01,8.009942e+00,2.999021e+01,3.964479e+01,1.698938e+02
1.196223e+06,1.384518e+01,4.710321e+04,5.451760e-01,9.480104e-01,9.476411e-01,4.247548e-04,1.085277e-08,3.800038e+01,8.010081e+00,2.999030e+01,3.964507e+01,1.699000e+02
1.196233e+06,1.384529e+01,4.711321e+04,5.452918e-01,9.479954e-01,9.476412e-01,4.248634e-04,1.085277e-08,3.799960e+01,8.009826e+00,2.998978e+01,3.964477e+01,1.699000e+02
1.196243e+06,1.384541e+01,4.712321e+04,5.454075e-01,9.479803e-01,9.476414e-01,4.249719e-04,1.085277e-08,3.799883e+01,8.009571e+00,2.998926e+01,3.964447e+01,1.699000e+02
1.196253e+06,1.384552e+01,4.713321e+04,5.455233e-01,9.479653e-01,9.476415e-01,4.250804e-04,1.085277e-08,3.799806e+01,8.009316e+00,2.998874e+01,3.964417e+01,1.699000e+02
1.196263e+06,1.384564e+01,4.714321e+04,5.456390e-01,9.479502e-01,9.476416e-01,4.251890e-04,1.085277e-08,3.799728e+01,8.009061e+00,2.998822e+01,3.964387e+01,1.699000e+02
1.196273e+06,1.384575e+01,4.715321e+04,5.457547e-01,9.479352e-01,9.476417e-01,4.252975e-04,1.085276e-08,3.799651e+01,8.008806e+00,2.998771e+01,3.964357e+01,1.699000e+02
1.196283e+06,1.384587e+01,4.716321e+04,5.458705e-01,9.479201e-01,9.476418e-01,4.254060e-04,1.085276e-08,3.799574e+01,8.008551e+00,2.998719e+01,3.964327e+01,1.699000e+02
1.196293e+06,1.384599e+01,4.717321e+04,5.459862e-01,9.479051e-01,9.476419e-01,4.255146e-04,1.085276e-08,3.799496e+01,8.008296e+00,2.998667e+01,3.964297e+01,1.699000e+02
1.196303e+06,1.384610e+01,4.718321e+04,5.461020e-01,9.478901e-01,9.476420e-01,4.256231e-04,1.085276e-08,3.799419e+01,8.008041e+00,2.998615e+01,3.964267e+01,1.699000e+02
1.196313e+06,1.384622e+01,4.719321e+04,5.462177e-01,9.478750e-01,9.476421e-01,4.257316e-04,1.085276e-08,3.799342e+01,8.007786e+00,2.998563e+01,3.964237e+01,1.699000e+02
1.196323e+06,1.384633e+01,4.720321e+04,5.463335e-01,9.478600e-01,9.476422e-01,4.258402e-04,1.085276e-08,3.799264e+01,8.007531e+00,2.998511e+01,3.964207e+01,1.699000e+02
1.196333e+06,1.384645e+01,4.721321e+04,5.464492e-01,9.478449e-01,9.476423e-01,4.259487e-04,1.085276e-08,3.799187e+01,8.007276e+00,2.998460e+01,3.964177e+01,1.699000e+02
1.196343e+06,1.384656e+01,4.722322e+04,5.465650e-01,9.478299e-01,9.476424e-01,4.260572e-04,1.085276e-08,3.799110e+01,8.007021e+00,2.998408e+01,3.964147e+01,1.699000e+02
1.196353e+06,1.384668e+01,4.723322e+04,5.466807e-01,9.478148e-01,9.476425e-01,4.261658e-04,1.085275e-08,3.799032e+01,8.006766e+00,2.998356e+01,3.964117e+01,1.699000e+02
1.196363e+06,1.384680e+01,4.724322e+04,5.467965e-01,9.477998e-01,9.476426e-01,4.262743e-04,1.085275e-08,3.798955e+01,8.006511e+00,2.998304e+01,3.964087e+01,1.699000e+02
1.196373e+06,1.384691e+01,4.725322e+04,5.469122e-01,9.477847e-01,9.476427e-01,4.263828e-04,1.085275e-08,3.798878e+01,8.006256e+00,2.998252e+01,3.964057e+01,1.699000e+02
1.196383e+06,1.384703e+01,4.726322e+04,5.470280e-01,9.477697e-01,9.476428e-01,4.264914e-04,1.085275e-08,3.798800e+01,8.006001e+00,2.998200e+01,3.964027e+01,1.699000e+02
1.196393e+06,1.384714e+01,4.727322e+04,5.471437e-01,9.477546e-01,9.476429e-01,4.265999e-04,1.085275e-08,3.798723e+01,8.005746e+00,2.998149e+01,3.963997e+01,1.699000e+02
1.196403e+06,1.384726e+01,4.728322e+04,5.472595e-01,9.477396e-01,9.476430e-01,4.267084e-04,1.085275e-08,3.798646e+01,8.005491e+00,2.998097e+01,3.963967e+01,1.699000e+02
1.196413e+06,1.384738e+01,4.729322e+04,5.473752e-01,9.477245e-01,9.476431e-01,4.268170e-04,1.085275e-08,3.798568e+01,8.005236e+00,2.998045e+01,3.963937e+01,1.699000e+02
1.196423e+06,1.384749e+01,4.730322e+04,5.474910e-01,9.477095e-01,9.476432e-01,4.269255e-04,1.085275e-08,3.798491e+01,8.004981e+00,2.997993e+01,3.963907e+01,1.699000e+02
1.196433e+06,1.384761e+01,4.731322e+04,5.476067e-01,9.476945e-01,9.476433e-01,4.270341e-04,1.085275e-08,3.798414e+01,8.004726e+00,2.997941e+01,3.963877e+01,1.699000e+02
1.196443e+06,1.384772e+01,4.732322e+04,5.477225e-01,9.476794e-01,9.476434e-01,4.271426e-04,1.085274e-08,3.798336e+01,8.004471e+00,2.997889e+01,3.963847e+01,1.699000e+02
1.196453e+06,1.384784e+01,4.733322e+04,5.478382e-01,9.476644e-01,9.476435e-01,4.272511e-04,1.085274e-08,3.798259e+01,8.004216e+00,2.997838e+01,3.963817e+01,1.699000e+02
1.196463e+06,1.384795e+01,4.734322e+04,5.479540e-01,9.476482e-01,9.476436e-01,4.273597e-04,1.085274e-08,3.798182e+01,8.003961e+00,2.997786e+01,3.963791e+01,1.699000e+02
1.196473e+06,1.384807e+01,4.735322e+04,5.480697e-01,9.476329e-01,9.476437e-01,4.274682e-04,1.085274e-08,3.798166e+01,8.003880e+00,2.997778e+01,3.963826e+01,1.698986e+02
1.196483e+06,1.384819e+01,4.736322e+04,5.481855e-01,9.476233e-01,9.476438e-01,4.275767e-04,1.085274e-08,3.798268e+01,8.004132e+00,2.997855e+01,3.963965e+01,1.698947e+02
1.196493e+06,1.384830e+01,4.737323e+04,5.483012e-01,9.476136e-01,9.476439e-01,4.276853e-04,1.085274e-08,3.798370e+01,8.004384e+00,2.997932e+01,3.964103e+01,1.698907e+02
1.196503e+06,1.384842e+01,4.738323e+04,5.484170e-01,9.476040e-01,9.476440e-01,4.277938e-04,1.085274e-08,3.798472e+01,8.004637e+00,2.998009e+01,3.964242e+01,1.698867e+02
1.196513e+06,1.384853e+01,4.739323e+04,5.485327e-01,9.475943e-01,9.476441e-01,4.279023e-04,1.085274e-08,3.798574e+01,8.004889e+00,2.998085e+01,3.964380e+01,1.698827e+02
1.196523e+06,1.384865e+01,4.740323e+04,5.486485e-01,9.475847e-01,9.476442e-01,4.280109e-04,1.085273e-08,3.798676e+01,8.005142e+00,2.998162e+01,3.964519e+01,1.698787e+02
1.196533e+06,1.384876e+01,4.741323e+04,5.487642e-01,9.475750e-01,9.476443e-01,4.281194e-04,1.085273e-08,3.798778e+01,8.005394e+00,2.998239e+01,3.964657e+01,1.698748e+02
1.196543e+06,1.384888e+01,4.742323e+04,5.488800e-01,9.475654e-01,9.476444e-01,4.282279e-04,1.085273e-08,3.798880e+01,8.005646e+00,2.998316e+01,3.964796e+01,1.698708e+02
1.196553e+06,1.384900e+01,4.743323e+04,5.489957e-01,9.475557e-01,9.476445e-01,4.283365e-04,1.085273e-08,3.798982e+01,8.005899e+00,2.998393e+01,3.964934e+01,1.698668e+02
1.196563e+06,1.384911e+01,4.744323e+04,5.491115e-01,9.475461e-01,9.476446e-01,4.284450e-04,1.085273e-08,3.799084e+01,8.006151e+00,2.998469e+01,3.965073e+01,1.698628e+02
1.196573e+06,1.384923e+01,4.745323e+04,5.492272e-01,9.475364e-01,9.476447e-01,4.285535e-04,1.085273e-08,3.799187e+01,8.006403e+00,2.998546e+01,3.965211e+01,1.698589e+02
1.196583e+06,1.384934e+01,4.746323e+04,5.493430e-01,9.475268e-01,9.476448e-01,4.286621e-04,1.085273e-08,3.799289e+01,8.006656e+00,2.998623e+01,3.965350e+01,1.698549e+02
1.196593e+06,1.384946e+01,4.747323e+04,5.494587e-01,9.475171e-01,9.476450e-01,4.287706e-04,1.085273e-08,3.799391e+01,8.006908e+00,2.998700e+01,3.965488e+01,1.698509e+02
1.196603e+06,1.384957e+01,4.748323e+04,5.495745e-01,9.475075e-01,9.476451e-01,4.288791e-04,1.085273e-08,3.799493e+01,8.007161e+00,2.998777e+01,3.965627e+01,1.698469e+02
1.196613e+06,1.384969e+01,4.749323e+04,5.496902e-01,9.474978e-01,9.476452e-01,4.289877e-04,1.085272e-08,3.799595e+01,8.007413e+00,2.998853e+01,3.965765e+01,1.698429e+02
1.196623e+06,1.384981e+01,4.750323e+04,5.498060e-01,9.474882e-01,9.476453e-01,4.290962e-04,1.085272e-08,3.799697e+01,8.007665e+00,2.998930e+01,3.965904e+01,1.698390e+02
1.196633e+06,1.384992e+01,4.751323e+04,5.499217e-01,9.474785e-01,9.476454e-01,4.292047e-04,1.085272e-08,3.799799e+01,8.007918e+00,2.999007e+01,3.966042e+01,1.698350e+02
1.196643e+06,1.385004e+01,4.752324e+04,5.500374e-01,9.474689e-01,9.476455e-01,4.293133e-04,1.085272e-08,3.799901e+01,8.008170e+00,2.999084e+01,3.966181e+01,1.698310e+02
1.196653e+06,1.385015e+01,4.753324e+04,5.501532e-01,9.474592e-01,9.476456e-01,4.294218e-04,1.085272e-08,3.800003e+01,8.008422e+00,2.999161e+01,3.966320e+01,1.698270e+02
1.196663e+06,1.385027e+01,4.754324e+04,5.502689e-01,9.474495e-01,9.476457e-01,4.295303e-04,1.085272e-08,3.800105e+01,8.008675e+00,2.999237e+01,3.966458e+01,1.698231e+02
1.196673e+06,1.385038e+01,4.755324e+04,5.503847e-01,9.474399e-01,9.476458e-01,4.296389e-04,1.085272e-08,3.800207e+01,8.008927e+00,2.999314e+01,3.966597e+01,1.698191e+02
1.196683e+06,1.385050e+01,4.756324e+04,5.505004e-01,9.474302e-01,9.476459e-01,4.297474e-04,1.085272e-08,3.800309e+01,8.009180e+00,2.999391e+01,3.966735e+01,1.698151e+02
1.196693e+06,1.385062e+01,4.757324e+04,5.506162e-01,9.474206e-01,9.476460e-01,4.298560e-04,1.085271e-08,3.800411e+01,8.009432e+00,2.999468e+01,3.966874e+01,1.698111e+02
1.196703e+06,1.385073e+01,4.758324e+04,5.507319e-01,9.474109e-01,9.476461e-01,4.299645e-04,1.085271e-08,3.800513e+01,8.009684e+00,2.999545e+01,3.967012e+01,1.698071e+02
1.196713e+06,1.385085e+01,4.759324e+04,5.508477e-01,9.474013e-01,9.476462e-01,4.300730e-04,1.085271e-08,3.800615e+01,8.009937e+00,2.999622e+01,3.967151e+01,1.698032e+02
1.196723e+06,1.385096e+01,4.760324e+04,5.509634e-01,9.473954e-01,9.476463e-01,4.301816e-04,1.085271e-08,3.800676e+01,8.010086e+00,2.999667e+01,3.967234e+01,1.697992e+02
1.196733e+06,1.385108e+01,4.761324e+04,5.510792e-01,9.474048e-01,9.476464e-01,4.302901e-04,1.085271e-08,3.800573e+01,8.009831e+00,2.999589e+01,3.967095e+01,1.697952e+02
1.196743e+06,1.385119e+01,4.762324e+04,5.511949e-01,9.474141e-01,9.476465e-01,4.303986e-04,1.085271e-08,3.800469e+01,8.009576e+00,2.999512e+01,3.966956e+01,1.697911e+02
1.196753e+06,1.385131e+01,4.763324e+04,5.513107e-01,9.474235e-01,9.476466e-01,4.305072e-04,1.085271e-08,3.800366e+01,8.009321e+00,2.999434e+01,3.966818e+01,1.697871e+02
1.196763e+06,1.385143e+01,4.764324e+04,5.514264e-01,9.474328e-01,9.476467e-01,4.306157e-04,1.085271e-08,3.800263e+01,8.009066e+00,2.999357e+01,3.966679e+01,1.697831e+02
1.196773e+06,1.385154e+01,4.765324e+04,5.515422e-01,9.474422e-01,9.476468e-01,4.307242e-04,1.085271e-08,3.800160e+01,8.008811e+00,2.999279e+01,3.966540e+01,1.697791e+02
1.196783e+06,1.385166e+01,4.766325e+04,5.516579e-01,9.474515e-01,9.476469e-01,4.308328e-04,1.085270e-08,3.800057e+01,8.008556e+00,2.999201e+01,3.966402e+01,1.697751e+02
1.196793e+06,1.385177e+01,4.767325e+04,5.517737e-01,9.474608e-01,9.476470e-01,4.309413e-04,1.085270e-08,3.799954e+01,8.008301e+00,2.999124e+01,3.966263e+01,1.697711e+02
1.196803e+06,1.385189e+01,4.768325e+04,5.518894e-01,9.474702e-01,9.476471e-01,4.310498e-04,1.085270e-08,3.799851e+01,8.008046e+00,2.999046e+01,3.966124e+01,1.697670e+02
1.196813e+06,1.385201e+01,4.769325e+04,5.520052e-01,9.474795e-01,9.476472e-01,4.311584e-04,1.085270e-08,3.799748e+01,8.007791e+00,2.998969e+01,3.965986e+01,1.697630e+02
1.196823e+06,1.385212e+01,4.770325e+04,5.521209e-01,9.474889e-01,9.476473e-01,4.312669e-04,1.085270e-08,3.799645e+01,8.007536e+00,2.998891e+01,3.965847e+01,1.697590e+02
1.196833e+06,1.385224e+01,4.771325e+04,5.522367e-01,9.474982e-01,9.476474e-01,4.313754e-04,1.085270e-08,3.799541e+01,8.007281e+00,2.998813e+01,3.965709e+01,1.697550e+02
1.196843e+06,1.385235e+01,4.772325e+04,5.523524e-01,9.475076e-01,9.476475e-01,4.314840e-04,1.085270e-08,3.799438e+01,8.007026e+00,2.998736e+01,3.965570e+01,1.697510e+02
1.196853e+06,1.385247e+01,4.773325e+04,5.524682e-01,9.475169e-01,9.476476e-01,4.315925e-04,1.085270e-08,3.799335e+01,8.006771e+00,2.998658e+01,3.965431e+01,1.697469e+02
1.196863e+06,1.385258e+01,4.774325e+04,5.525839e-01,9.475262e-01,9.476477e-01,4.317010e-04,1.085269e-08,3.799232e+01,8.006516e+00,2.998581e+01,3.965293e+01,1.697429e+02
1.196873e+06,1.385270e+01,4.775325e+04,5.526997e-01,9.475356e-01,9.476478e-01,4.318096e-04,1.085269e-08,3.799129e+01,8.006261e+00,2.998503e+01,3.965154e+01,1.697389e+02
1.196883e+06,1.385282e+01,4.776325e+04,5.528154e-01,9.475449e-01,9.476479e-01,4.319181e-04,1.085269e-08,3.799026e+01,8.006006e+00,2.998425e+01,3.965016e+01,1.697349e+02
1.196893e+06,1.385293e+01,4.777325e+04,5.529312e-01,9.475543e-01,9.476480e-01,4.320266e-04,1.085269e-08,3.798923e+01,8.005751e+00,2.998348e+01,3.964877e+01,1.697309e+02
1.196903e+06,1.385305e+01,4.778325e+04,5.530469e-01,9.475636e-01,9.476481e-01,4.321352e-04,1.085269e-08,3.798820e+01,8.005496e+00,2.998270e+01,3.964738e+01,1.697268e+02
1.196913e+06,1.385316e+01,4.779325e+04,5.531627e-01,9.475730e-01,9.476482e-01,4.322437e-04,1.085269e-08,3.798717e+01,8.005241e+00,2.998192e+01,3.964600e+01,1.697228e+02
1.196923e+06,1.385328e+01,4.780325e+04,5.532784e-01,9.475823e-01,9.476483e-01,4.323522e-04,1.085269e-08,3.798613e+01,8.004986e+00,2.998115e+01,3.964461e+01,1.697188e+02
1.196933e+06,1.385339e+01,4.781326e+04,5.533942e-01,9.475916e-01,9.476484e-01,4.324608e-04,1.085269e-08,3.798510e+01,8.004731e+00,2.998037e+01,3.964323e+01,1.697148e+02
1.196943e+06,1.385351e+01,4.782326e+04,5.535099e-01,9.476010e-01,9.476486e-01,4.325693e-04,1.085269e-08,3.798407e+01,8.004476e+00,2.997960e+01,3.964184e+01,1.697108e+02
1.196953e+06,1.385363e+01,4.783326e+04,5.536257e-01,9.476103e-01,9.476487e-01,4.326778e-04,1.085268e-08,3.798304e+01,8.004221e+00,2.997882e+01,3.964045e+01,1.697067e+02
1.196963e+06,1.385374e+01,4.784326e+04,5.537414e-01,9.476217e-01,9.476488e-01,4.327864e-04,1.085268e-08,3.798201e+01,8.003966e+00,2.997804e+01,3.963900e+01,1.697027e+02
1.196973e+06,1.385386e+01,4.785326e+04,5.538572e-01,9.476337e-01,9.476489e-01,4.328949e-04,1.085268e-08,3.798095e+01,8.003793e+00,2.997716e+01,3.963749e+01,1.697013e+02
1.196983e+06,1.385397e+01,4.786326e+04,5.539729e-01,9.476377e-01,9.476490e-01,4.330034e-04,1.085268e-08,3.797984e+01,8.003793e+00,2.997605e+01,3.963619e+01,1.697053e+02
1.196993e+06,1.385409e+01,4.787326e+04,5.540886e-01,9.476417e-01,9.476491e-01,4.331120e-04,1.085268e-08,3.797874e+01,8.003793e+00,2.997494e+01,3.963488e+01,1.697093e+02
1.197003e+06,1.385420e+01,4.788326e+04,5.542044e-01,9.476458e-01,9.476492e-01,4.332205e-04,1.085268e-08,3.797763e+01,8.003793e+00,2.997383e+01,3.963358e+01,1.697133e+02
1.197013e+06,1.385432e+01,4.789326e+04,5.543201e-01,9.476498e-01,9.476493e-01,4.333291e-04,1.085268e-08,3.797652e+01,8.003793e+00,2.997272e+01,3.963227e+01,1.697172e+02
1.197023e+06,1.385444e+01,4.790326e+04,5.544359e-01,9.476538e-01,9.476494e-01,4.334376e-04,1.085268e-08,3.797541e+01,8.003793e+00,2.997161e+01,3.963097e+01,1.697212e+02
1.197033e+06,1.385455e+01,4.791326e+04,5.545516e-01,9.476578e-01,9.476495e-01,4.335461e-04,1.085267e-08,3.797430e+01,8.003793e+00,2.997051e+01,3.962967e+01,1.697252e+02
1.197043e+06,1.385467e+01,4.792326e+04,5.546674e-01,9.476618e-01,9.476496e-01,4.336547e-04,1.085267e-08,3.797319e+01,8.003793e+00,2.996940e+01,3.962836e+01,1.697292e+02
1.197053e+06,1.385478e+01,4.793326e+04,5.547831e-01,9.476659e-01,9.476497e-01,4.337632e-04,1.085267e-08,3.797208e+01,8.003793e+00,2.996829e+01,3.962706e+01,1.697332e+02
1.197063e+06,1.385490e+01,4.794326e+04,5.548989e-01,9.476699e-01,9.476498e-01,4.338717e-04,1.085267e-08,3.797097e+01,8.003793e+00,2.996718e+01,3.962575e+01,1.697372e+02
1.197073e+06,1.385501e+01,4.795326e+04,5.550146e-01,9.476739e-01,9.476499e-01,4.339803e-04,1.085267e-08,3.796986e+01,8.003793e+00,2.996607e+01,3.962445e+01,1.697412e+02
1.197083e+06,1.385513e+01,4.796327e+04,5.551304e-01,9.476779e-01,9.476500e-01,4.340888e-04,1.085267e-08,3.796875e+01,8.003793e+00,2.996496e+01,3.962314e+01,1.697452e+02
1.197093e+06,1.385525e+01,4.797327e+04,5.552461e-01,9.476819e-01,9.476501e-01,4.341973e-04,1.085267e-08,3.796764e+01,8.003793e+00,2.996385e+01,3.962184e+01,1.697492e+02
1.197103e+06,1.385536e+01,4.798327e+04,5.553619e-01,9.476859e-01,9.476502e-01,4.343059e-04,1.085267e-08,3.796653e+01,8.003793e+00,2.996274e+01,3.962053e+01,1.697532e+02
1.197113e+06,1.385548e+01,4.799327e+04,5.554776e-01,9.476900e-01,9.476503e-01,4.344144e-04,1.085267e-08,3.796542e+01,8.003793e+00,2.996163e+01,3.961923e+01,1.697572e+02
1.197123e+06,1.385559e+01,4.800327e+04,5.555934e-01,9.476940e-01,9.476504e-01,4.345229e-04,1.085266e-08,3.796431e+01,8.003793e+00,2.996052e+01,3.961792e+01,1.697612e+02
1.197133e+06,1.385571e+01,4.801327e+04,5.557091e-01,9.476980e-01,9.476505e-01,4.346315e-04,1.085266e-08,3.796321e+01,8.003793e+00,2.995941e+01,3.961662e+01,1.697651e+02
1.197143e+06,1.385582e+01,4.802327e+04,5.558249e-01,9.477020e-01,9.476506e-01,4.347400e-04,1.085266e-08,3.796210e+01,8.003793e+00,2.995830e+01,3.961531e+01,1.697691e+02
1.197153e+06,1.385594e+01,4.803327e+04,5.559406e-01,9.477060e-01,9.476507e-01,4.348485e-04,1.085266e-08,3.796099e+01,8.003793e+00,2.995719e+01,3.961401e+01,1.697731e+02
1.197163e+06,1.385606e+01,4.804327e+04,5.560564e-01,9.477100e-01,9.476508e-01,4.349571e-04,1.085266e-08,3.795988e+01,8.003793e+00,2.995608e+01,3.961271e+01,1.697771e+02
1.197173e+06,1.385617e+01,4.805327e+04,5.561721e-01,9.477141e-01,9.476509e-01,4.350656e-04,1.085266e-08,3.795877e+01,8.003793e+00,2.995497e+01,3.961140e+01,1.697811e+02
1.197183e+06,1.385629e+01,4.806327e+04,5.562879e-01,9.477181e-01,9.476510e-01,4.351741e-04,1.085266e-08,3.795766e+01,8.003793e+00,2.995387e+01,3.961010e+01,1.697851e+02
1.197193e+06,1.385640e+01,4.807327e+04,5.564036e-01,9.477221e-01,9.476511e-01,4.352827e-04,1.085266e-08,3.795655e+01,8.003793e+00,2.995276e+01,3.960879e+01,1.697891e+02
1.197203e+06,1.385652e+01,4.808327e+04,5.565194e-01,9.477261e-01,9.476512e-01,4.353912e-04,1.085265e-08,3.795544e+01,8.003793e+00,2.995165e+01,3.960749e+01,1.697931e+02
1.197213e+06,1.385664e+01,4.809327e+04,5.566351e-01,9.477301e-01,9.476513e-01,4.354997e-04,1.085265e-08,3.795433e+01,8.003793e+00,2.995054e+01,3.960618e+01,1.697971e+02
1.197223e+06,1.385675e+01,4.810328e+04,5.567509e-01,9.477335e-01,9.476514e-01,4.356083e-04,1.085265e-08,3.795409e+01,8.003793e+00,2.995030e+01,3.960582e+01,1.698011e+02
1.197233e+06,1.385687e+01,4.811328e+04,5.568666e-01,9.477348e-01,9.476515e-01,4.357168e-04,1.085265e-08,3.795623e+01,8.003793e+00,2.995244e+01,3.960803e+01,1.698051e+02
1.197243e+06,1.385698e+01,4.812328e+04,5.569824e-01,9.477361e-01,9.476516e-01,4.358253e-04,1.085265e-08,3.795837e+01,8.003793e+00,2.995458e+01,3.961025e+01,1.698091e+02
1.197253e+06,1.385710e+01,4.813328e+04,5.570981e-01,9.477375e-01,9.476517e-01,4.359339e-04,1.085265e-08,3.796051e+01,8.003793e+00,2.995672e+01,3.961246e+01,1.698131e+02
1.197263e+06,1.385721e+01,4.814328e+04,5.572139e-01,9.477388e-01,9.476518e-01,4.360424e-04,1.085265e-08,3.796265e+01,8.003793e+00,2.995886e+01,3.961467e+01,1.698171e+02
1.197273e+06,1.385733e+01,4.815328e+04,5.573296e-01,9.477401e-01,9.476519e-01,4.361509e-04,1.085265e-08,3.796479e+01,8.003793e+00,2.996100e+01,3.961689e+01,1.698211e+02
1.197283e+06,1.385745e+01,4.816328e+04,5.574454e-01,9.477415e-01,9.476520e-01,4.362595e-04,1.085265e-08,3.796693e+01,8.003793e+00,2.996314e+01,3.961910e+01,1.698251e+02
1.197293e+06,1.385756e+01,4.817328e+04,5.575611e-01,9.477428e-01,9.476521e-01,4.363680e-04,1.085264e-08,3.796907e+01,8.003793e+00,2.996528e+01,3.962132e+01,1.698291e+02
1.197303e+06,1.385768e+01,4.818328e+04,5.576769e-01,9.477441e-01,9.476523e-01,4.364765e-04,1.085264e-08,3.797121e+01,8.003793e+00,2.996742e+01,3.962353e+01,1.698331e+02
1.197313e+06,1.385779e+01,4.819328e+04,5.577926e-01,9.477455e-01,9.476524e-01,4.365851e-04,1.085264e-08,3.797335e+01,8.003793e+00,2.996956e+01,3.962574e+01,1.698371e+02
1.197323e+06,1.385791e+01,4.820328e+04,5.579084e-01,9.477468e-01,9.476525e-01,4.366936e-04,1.085264e-08,3.797549e+01,8.003793e+00,2.997170e+01,3.962796e+01,1.698411e+02
1.197333e+06,1.385802e+01,4.821328e+04,5.580241e-01,9.477482e-01,9.476526e-01,4.368021e-04,1.085264e-08,3.797764e+01,8.003793e+00,2.997384e+01,3.963017e+01,1.698451e+02
1.197343e+06,1.385814e+01,4.822328e+04,5.581399e-01,9.477495e-01,9.476527e-01,4.369107e-04,1.085264e-08,3.797978e+01,8.003793e+00,2.997598e+01,3.963239e+01,1.698491e+02
1.197353e+06,1.385826e+01,4.823328e+04,5.582556e-01,9.477508e-01,9.476528e-01,4.370192e-04,1.085264e-08,3.798192e+01,8.003793e+00,2.997812e+01,3.963460e+01,1.698531e+02
1.197363e+06,1.385837e+01,4.824328e+04,5.583713e-01,9.477522e-01,9.476529e-01,4.371277e-04,1.085264e-08,3.798406e+01,8.003793e+00,2.998026e+01,3.963681e+01,1.698571e+02
1.197373e+06,1.385849e+01,4.825329e+04,5.584871e-01,9.477535e-01,9.476530e-01,4.372363e-04,1.085263e-08,3.798620e+01,8.003793e+00,2.998241e+01,3.963903e+01,1.698611e+02
1.197383e+06,1.385860e+01,4.826329e+04,5.586028e-01,9.477548e-01,9.476531e-01,4.373448e-04,1.085263e-08,3.798834e+01,8.003793e+00,2.998455e+01,3.964124e+01,1.698652e+02
1.197393e+06,1.385872e+01,4.827329e+04,5.587186e-01,9.477562e-01,9.476532e-01,4.374533e-04,1.085263e-08,3.799048e+01,8.003793e+00,2.998669e+01,3.964346e+01,1.698692e+02
1.197403e+06,1.385883e+01,4.828329e+04,5.588343e-01,9.477575e-01,9.476533e-01,4.375619e-04,1.085263e-08,3.799262e+01,8.003793e+00,2.998883e+01,3.964567e+01,1.698732e+02
1.197413e+06,1.385895e+01,4.829329e+04,5.589501e-01,9.477589e-01,9.476534e-01,4.376704e-04,1.085263e-08,3.799476e+01,8.003793e+00,2.999097e+01,3.964788e+01,1.698772e+02
1.197423e+06,1.385907e+01,4.830329e+04,5.590658e-01,9.477602e-01,9.476535e-01,4.377789e-04,1.085263e-08,3.799690e+01,8.003793e+00,2.999311e+01,3.965010e+01,1.698812e+02
1.197433e+06,1.385918e+01,4.831329e+04,5.591816e-01,9.477615e-01,9.476536e-01,4.378875e-04,1.085263e-08,3.799904e+01,8.003793e+00,2.999525e+01,3.965231e+01,1.698852e+02
1.197443e+06,1.385930e+01,4.832329e+04,5.592973e-01,9.477629e-01,9.476537e-01,4.379960e-04,1.085263e-08,3.800118e+01,8.003793e+00,2.999739e+01,3.965453e+01,1.698892e+02
1.197453e+06,1.385941e+01,4.833329e+04,5.594131e-01,9.477642e-01,9.476538e-01,4.381045e-04,1.085263e-08,3.800332e+01,8.003793e+00,2.999953e+01,3.965674e+01,1.698932e+02
1.197463e+06,1.385953e+01,4.834329e+04,5.595288e-01,9.477627e-01,9.476539e-01,4.382131e-04,1.085262e-08,3.800546e+01,8.003793e+00,3.000167e+01,3.965905e+01,1.698972e+02
1.197473e+06,1.385964e+01,4.835329e+04,5.596446e-01,9.477521e-01,9.476540e-01,4.383216e-04,1.085262e-08,3.800666e+01,8.003793e+00,3.000287e+01,3.966067e+01,1.698976e+02
1.197483e+06,1.385976e+01,4.836329e+04,5.597603e-01,9.477359e-01,9.476541e-01,4.384301e-04,1.085262e-08,3.800564e+01,8.003793e+00,3.000184e+01,3.966013e+01,1.698896e+02
1.197493e+06,1.385988e+01,4.837329e+04,5.598761e-01,9.477197e-01,9.476542e-01,4.385387e-04,1.085262e-08,3.800461e+01,8.003793e+00,3.000082e+01,3.965959e+01,1.698816e+02
1.197503e+06,1.385999e+01,4.838329e+04,5.599918e-01,9.477035e-01,9.476543e-01,4.386472e-04,1.085262e-08,3.800359e+01,8.003793e+00,2.999979e+01,3.965905e+01,1.698737e+02
1.197513e+06,1.386011e+01,4.839329e+04,5.601076e-01,9.476874e-01,9.476544e-01,4.387557e-04,1.085262e-08,3.800256e+01,8.003793e+00,2.999877e+01,3.965850e+01,1.698657e+02
1.197523e+06,1.386022e+01,4.840330e+04,5.602233e-01,9.476712e-01,9.476545e-01,4.388643e-04,1.085262e-08,3.800154e+01,8.003793e+00,2.999775e+01,3.965796e+01,1.698577e+02
1.197533e+06,1.386034e+01,4.841330e+04,5.603391e-01,9.476550e-01,9.476546e-01,4.389728e-04,1.085262e-08,3.800052e+01,8.003793e+00,2.999672e+01,3.965742e+01,1.698497e+02
1.197543e+06,1.386045e+01,4.842330e+04,5.604548e-01,9.476389e-01,9.476547e-01,4.390813e-04,1.085261e-08,3.799949e+01,8.003793e+00,2.999570e+01,3.965688e+01,1.698417e+02
1.197553e+06,1.386057e+01,4.843330e+04,5.605706e-01,9.476227e-01,9.476548e-01,4.391899e-04,1.085261e-08,3.799847e+01,8.003793e+00,2.999467e+01,3.965634e+01,1.698338e+02
1.197563e+06,1.386069e+01,4.844330e+04,5.606863e-01,9.476065e-01,9.476549e-01,4.392984e-04,1.085261e-08,3.799744e+01,8.003793e+00,2.999365e+01,3.965580e+01,1.698258e+02
1.197573e+06,1.386080e+01,4.845330e+04,5.608021e-01,9.475903e-01,9.476550e-01,4.394069e-04,1.085261e-08,3.799642e+01,8.003793e+00,2.999263e+01,3.965526e+01,1.698178e+02
1.197583e+06,1.386092e+01,4.846330e+04,5.609178e-01,9.475742e-01,9.476551e-01,4.395155e-04,1.085261e-08,3.799540e+01,8.003793e+00,2.999160e+01,3.965472e+01,1.698098e+02
1.197593e+06,1.386103e+01,4.847330e+04,5.610336e-01,9.475580e-01,9.476552e-01,4.396240e-04,1.085261e-08,3.799437e+01,8.003793e+00,2.999058e+01,3.965418e+01,1.698018e+02
1.197603e+06,1.386115e+01,4.848330e+04,5.611493e-01,9.475418e-01,9.476553e-01,4.397325e-04,1.085261e-08,3.799335e+01,8.003793e+00,2.998955e+01,3.965364e+01,1.697938e+02
1.197613e+06,1.386127e+01,4.849330e+04,5.612651e-01,9.475257e-01,9.476554e-01,4.398411e-04,1.085261e-08,3.799232e+01,8.003793e+00,2.998853e+01,3.965310e+01,1.697859e+02
1.197623e+06,1.386138e+01,4.850330e+04,5.613808e-01,9.475095e-01,9.476555e-01,4.399496e-04,1.085261e-08,3.799130e+01,8.003793e+00,2.998751e+01,3.965256e+01,1.697779e+02
1.197633e+06,1.386150e+01,4.851330e+04,5.614966e-01,9.474933e-01,9.476556e-01,4.400581e-04,1.085260e-08,3.799028e+01,8.003793e+00,2.998648e+01,3.965202e+01,1.697699e+02
1.197643e+06,1.386161e+01,4.852330e+04,5.616123e-01,9.474771e-01,9.476557e-01,4.401667e-04,1.085260e-08,3.798925e+01,8.003793e+00,2.998546e+01,3.965148e+01,1.697619e+02
1.197653e+06,1.386173e+01,4.853330e+04,5.617281e-01,9.474610e-01,9.476559e-01,4.402752e-04,1.085260e-08,3.798823e+01,8.003793e+00,2.998443e+01,3.965094e+01,1.697539e+02
1.197663e+06,1.386184e+01,4.854330e+04,5.618438e-01,9.474448e-01,9.476560e-01,4.403837e-04,1.085260e-08,3.798720e+01,8.003793e+00,2.998341e+01,3.965040e+01,1.697459e+02
1.197673e+06,1.386196e+01,4.855331e+04,5.619596e-01,9.474286e-01,9.476561e-01,4.404923e-04,1.085260e-08,3.798618e+01,8.003793e+00,2.998239e+01,3.964986e+01,1.697380e+02
1.197683e+06,1.386208e+01,4.856331e+04,5.620753e-01,9.474125e-01,9.476562e-01,4.406008e-04,1.085260e-08,3.798516e+01,8.003793e+00,2.998136e+01,3.964932e+01,1.697300e+02
1.197693e+06,1.386219e+01,4.857331e+04,5.621911e-01,9.473963e-01,9.476563e-01,4.407093e-04,1.085260e-08,3.798413e+01,8.003793e+00,2.998034e+01,3.964878e+01,1.697220e+02
1.197703e+06,1.386231e+01,4.858331e+04,5.623068e-01,9.473801e-01,9.476564e-01,4.408179e-04,1.085260e-08,3.798311e+01,8.003793e+00,2.997931e+01,3.964824e+01,1.697140e+02
1.197713e+06,1.386242e+01,4.859331e+04,5.624226e-01,9.473655e-01,9.476565e-01,4.409264e-04,1.085259e-08,3.798208e+01,8.003793e+00,2.997829e+01,3.964764e+01,1.697060e+02
1.197723e+06,1.386254e+01,4.860331e+04,5.625383e-01,9.473586e-01,9.476566e-01,4.410349e-04,1.085259e-08,3.798144e+01,8.003855e+00,2.997758e+01,3.964719e+01,1.697000e+02
1.197733e+06,1.386265e+01,4.861331e+04,5.626540e-01,9.473604e-01,9.476567e-01,4.411435e-04,1.085259e-08,3.798195e+01,8.004109e+00,2.997784e+01,3.964765e+01,1.697000e+02
1.197743e+06,1.386277e+01,4.862331e+04,5.627698e-01,9.473623e-01,9.476568e-01,4.412520e-04,1.085259e-08,3.798246e+01,8.004363e+00,2.997810e+01,3.964812e+01,1.697000e+02
1.197753e+06,1.386289e+01,4.863331e+04,5.628855e-01,9.473641e-01,9.476569e-01,4.413605e-04,1.085259e-08,3.798298e+01,8.004618e+00,2.997836e+01,3.964858e+01,1.697000e+02
1.197763e+06,1.386300e+01,4.864331e+04,5.630013e-01,9.473660e-01,9.476570e-01,4.414691e-04,1.085259e-08,3.798349e+01,8.004872e+00,2.997862e+01,3.964905e+01,1.697000e+02
1.197773e+06,1.386312e+01,4.865331e+04,5.631170e-01,9.473679e-01,9.476571e-01,4.415776e-04,1.085259e-08,3.798400e+01,8.005126e+00,2.997888e+01,3.964952e+01,1.697000e+02
1.197783e+06,1.386323e+01,4.866331e+04,5.632328e-01,9.473697e-01,9.476572e-01,4.416861e-04,1.085259e-08,3.798452e+01,8.005380e+00,2.997914e+01,3.964998e+01,1.697000e+02
1.197793e+06,1.386335e+01,4.867331e+04,5.633485e-01,9.473716e-01,9.476573e-01,4.417947e-04,1.085259e-08,3.798503e+01,8.005634e+00,2.997940e+01,3.965045e+01,1.697000e+02
1.197803e+06,1.386346e+01,4.868331e+04,5.634643e-01,9.473735e-01,9.476574e-01,4.419032e-04,1.085258e-08,3.798555e+01,8.005888e+00,2.997966e+01,3.965091e+01,1.697000e+02
1.197813e+06,1.386358e+01,4.869332e+04,5.635800e-01,9.473753e-01,9.476575e-01,4.420117e-04,1.085258e-08,3.798606e+01,8.006142e+00,2.997992e+01,3.965138e+01,1.697000e+02
1.197823e+06,1.386370e+01,4.870332e+04,5.636958e-01,9.473772e-01,9.476576e-01,4.421203e-04,1.085258e-08,3.798657e+01,8.006396e+00,2.998018e+01,3.965185e+01,1.697000e+02
1.197833e+06,1.386381e+01,4.871332e+04,5.638115e-01,9.473790e-01,9.476577e-01,4.422288e-04,1.085258e-08,3.798709e+01,8.006651e+00,2.998044e+01,3.965231e+01,1.697000e+02
1.197843e+06,1.386393e+01,4.872332e+04,5.639273e-01,9.473809e-01,9.476578e-01,4.423373e-04,1.085258e-08,3.798760e+01,8.006905e+00,2.998070e+01,3.965278e+01,1.697000e+02
1.197853e+06,1.386404e+01,4.873332e+04,5.640430e-01,9.473828e-01,9.476579e-01,4.424459e-04,1.085258e-08,3.798811e+01,8.007159e+00,2.998096e+01,3.965324e+01,1.697000e+02
1.197863e+06,1.386416e+01,4.874332e+04,5.641588e-01,9.473846e-01,9.476580e-01,4.425544e-04,1.085258e-08,3.798863e+01,8.007413e+00,2.998122e+01,3.965371e+01,1.697000e+02
1.197873e+06,1.386427e+01,4.875332e+04,5.642745e-01,9.473865e-01,9.476581e-01,4.426629e-04,1.085258e-08,3.798914e+01,8.007667e+00,2.998148e+01,3.965418e+01,1.697000e+02
1.197883e+06,1.386439e+01,4.876332e+04,5.643903e-01,9.473884e-01,9.476582e-01,4.427715e-04,1.085257e-08,3.798966e+01,8.007921e+00,2.998174e+01,3.965464e+01,1.697000e+02
1.197893e+06,1.386451e+01,4.877332e+04,5.645060e-01,9.473902e-01,9.476583e-01,4.428800e-04,1.085257e-08,3.799017e+01,8.008175e+00,2.998199e+01,3.965511e+01,1.697000e+02
1.197903e+06,1.386462e+01,4.878332e+04,5.646218e-01,9.473921e-01,9.476584e-01,4.429885e-04,1.085257e-08,3.799068e+01,8.008429e+00,2.998225e+01,3.965557e+01,1.697000e+02
1.197913e+06,1.386474e+01,4.879332e+04,5.647375e-01,9.473939e-01,9.476585e-01,4.430971e-04,1.085257e-08,3.799120e+01,8.008684e+00,2.998251e+01,3.965604e+01,1.697000e+02
1.197923e+06,1.386485e+01,4.880332e+04,5.648533e-01,9.473958e-01,9.476586e-01,4.432056e-04,1.085257e-08,3.799171e+01,8.008938e+00,2.998277e+01,3.965651e+01,1.697000e+02
1.197933e+06,1.386497e+01,4.881332e+04,5.649690e-01,9.473977e-01,9.476587e-01,4.433141e-04,1.085257e-08,3.799222e+01,8.009192e+00,2.998303e+01,3.965697e+01,1.697000e+02
1.197943e+06,1.386508e+01,4.882332e+04,5.650848e-01,9.473995e-01,9.476588e-01,4.434227e-04,1.085257e-08,3.799274e+01,8.009446e+00,2.998329e+01,3.965744e+01,1.697000e+02
1.197953e+06,1.386520e+01,4.883332e+04,5.652005e-01,9.474014e-01,9.476589e-01,4.435312e-04,1.085257e-08,3.799325e+01,8.009700e+00,2.998355e+01,3.965790e+01,1.697000e+02
1.197963e+06,1.386532e+01,4.884333e+04,5.653163e-01,9.474033e-01,9.476590e-01,4.436397e-04,1.085257e-08,3.799377e+01,8.009954e+00,2.998381e+01,3.965837e+01,1.697000e+02
1.197973e+06,1.386543e+01,4.885333e+04,5.654320e-01,9.474071e-01,9.476591e-01,4.437483e-04,1.085256e-08,3.799414e+01,8.010138e+00,2.998400e+01,3.965862e+01,1.697000e+02
1.197983e+06,1.386555e+01,4.886333e+04,5.655478e-01,9.474161e-01,9.476592e-01,4.438568e-04,1.085256e-08,3.799414e+01,8.010138e+00,2.998400e+01,3.965832e+01,1.697000e+02
1.197993e+06,1.386566e+01,4.887333e+04,5.656635e-01,9.474250e-01,9.476593e-01,4.439653e-04,1.085256e-08,3.799414e+01,8.010138e+00,2.998400e+01,3.965803e+01,1.697000e+02
1.198003e+06,1.386578e+01,4.888333e+04,5.657793e-01,9.474340e-01,9.476595e-01,4.440739e-04,1.085256e-08,3.799414e+01,8.010138e+00,2.998400e+01,3.965773e+01,1.697000e+02
1.198013e+06,1.386590e+01,4.889333e+04,5.658950e-01,9.474429e-01,9.476596e-01,4.441824e-04,1.085256e-08,3.799414e+01,8.010138e+00,2.998400e+01,3.965743e+01,1.697000e+02
1.198023e+06,1.386601e+01,4.890333e+04,5.660108e-01,9.474519e-01,9.476597e-01,4.442909e-04,1.085256e-08,3.799414e+01,8.010138e+00,2.998400e+01,3.965713e+01,1.697000e+02
1.198033e+06,1.386613e+01,4.891333e+04,5.661265e-01,9.474609e-01,9.476598e-01,4.443995e-04,1.085256e-08,3.799414e+01,8.010138e+00,2.998400e+01,3.965683e+01,1.697000e+02
1.198043e+06,1.386624e+01,4.892333e+04,5.662423e-01,9.474698e-01,9.476599e-01,4.445080e-04,1.085256e-08,3.799414e+01,8.010138e+00,2.998400e+01,3.965653e+01,1.697000e+02
1.198053e+06,1.386636e+01,4.893333e+04,5.663580e-01,9.474788e-01,9.476600e-01,4.446165e-04,1.085255e-08,3.799414e+01,8.010138e+00,2.998400e+01,3.965623e+01,1.697000e+02
1.198063e+06,1.386647e+01,4.894333e+04,5.664738e-01,9.474878e-01,9.476601e-01,4.447251e-04,1.085255e-08,3.799414e+01,8.010138e+00,2.998400e+01,3.965593e+01,1.697000e+02
1.198073e+06,1.386659e+01,4.895333e+04,5.665895e-01,9.474967e-01,9.476602e-01,4.448336e-04,1.085255e-08,3.799414e+01,8.010138e+00,2.998400e+01,3.965563e+01,1.697000e+02
1.198083e+06,1.386671e+01,4.896333e+04,5.667052e-01,9.475057e-01,9.476603e-01,4.449421e-04,1.085255e-08,3.799414e+01,8.010138e+00,2.998400e+01,3.965533e+01,1.697000e+02
1.198093e+06,1.386682e+01,4.897333e+04,5.668210e-01,9.475147e-01,9.476604e-01,4.450507e-04,1.085255e-08,3.799414e+01,8.010138e+00,2.998400e+01,3.965503e+01,1.697000e+02
1.198103e+06,1.386694e+01,4.898333e+04,5.669367e-01,9.475236e-01,9.476605e-01,4.451592e-04,1.085255e-08,3.799414e+01,8.010138e+00,2.998400e+01,3.965473e+01,1.697000e+02
1.198113e+06,1.386705e+01,4.899334e+04,5.670525e-01,9.475326e-01,9.476606e-01,4.452677e-04,1.085255e-08,3.799414e+01,8.010138e+00,2.998400e+01,3.965443e+01,1.697000e+02
1.198123e+06,1.386717e+01,4.900334e+04,5.671682e-01,9.475416e-01,9.476607e-01,4.453763e-04,1.085255e-08,3.799414e+01,8.010138e+00,2.998400e+01,3.965413e+01,1.697000e+02
1.198133e+06,1.386728e+01,4.901334e+04,5.672840e-01,9.475505e-01,9.476608e-01,4.454848e-04,1.085255e-08,3.799414e+01,8.010138e+00,2.998400e+01,3.965383e+01,1.697000e+02
1.198143e+06,1.386740e+01,4.902334e+04,5.673997e-01,9.475595e-01,9.476609e-01,4.455933e-04,1.085254e-08,3.799414e+01,8.010138e+00,2.998400e+01,3.965353e+01,1.697000e+02
1.198153e+06,1.386752e+01,4.903334e+04,5.675155e-01,9.475685e-01,9.476610e-01,4.457019e-04,1.085254e-08,3.799414e+01,8.010138e+00,2.998400e+01,3.965323e+01,1.697000e+02
1.198163e+06,1.386763e+01,4.904334e+04,5.676312e-01,9.475774e-01,9.476611e-01,4.458104e-04,1.085254e-08,3.799414e+01,8.010138e+00,2.998400e+01,3.965293e+01,1.697000e+02
1.198173e+06,1.386775e+01,4.905334e+04,5.677470e-01,9.475864e-01,9.476612e-01,4.459189e-04,1.085254e-08,3.799414e+01,8.010138e+00,2.998400e+01,3.965264e+01,1.697000e+02
1.198183e+06,1.386786e+01,4.906334e+04,5.678627e-01,9.475954e-01,9.476613e-01,4.460275e-04,1.085254e-08,3.799414e+01,8.010138e+00,2.998400e+01,3.965234e+01,1.697000e+02
1.198193e+06,1.386798e+01,4.907334e+04,5.679785e-01,9.476043e-01,9.476614e-01,4.461360e-04,1.085254e-08,3.799414e+01,8.010138e+00,2.998400e+01,3.965204e+01,1.697000e+02
1.198203e+06,1.386809e+01,4.908334e+04,5.680942e-01,9.476133e-01,9.476615e-01,4.462445e-04,1.085254e-08,3.799414e+01,8.010138e+00,2.998400e+01,3.965174e+01,1.697000e+02
1.198213e+06,1.386821e+01,4.909334e+04,5.682100e-01,9.476230e-01,9.476616e-01,4.463531e-04,1.085254e-08,3.799414e+01,8.010138e+00,2.998400e+01,3.965141e+01,1.697000e+02
1.198223e+06,1.386833e+01,4.910334e+04,5.683257e-01,9.476357e-01,9.476617e-01,4.464616e-04,1.085253e-08,3.799383e+01,8.010138e+00,2.998370e+01,3.965067e+01,1.697009e+02
1.198233e+06,1.386844e+01,4.911334e+04,5.684415e-01,9.476504e-01,9.476618e-01,4.465701e-04,1.085253e-08,3.799246e+01,8.010138e+00,2.998233e+01,3.964873e+01,1.697049e+02
1.198243e+06,1.386856e+01,4.912334e+04,5.685572e-01,9.476651e-01,9.476619e-01,4.466787e-04,1.085253e-08,3.799109e+01,8.010138e+00,2.998096e+01,3.964680e+01,1.697089e+02
1.198253e+06,1.386867e+01,4.913335e+04,5.686730e-01,9.476798e-01,9.476620e-01,4.467872e-04,1.085253e-08,3.798972e+01,8.010138e+00,2.997959e+01,3.964486e+01,1.697129e+02
1.198263e+06,1.386879e+01,4.914335e+04,5.687887e-01,9.476944e-01,9.476621e-01,4.468957e-04,1.085253e-08,3.798835e+01,8.010138e+00,2.997822e+01,3.964292e+01,1.697169e+02
1.198273e+06,1.386890e+01,4.915335e+04,5.689045e-01,9.477091e-01,9.476622e-01,4.470043e-04,1.085253e-08,3.798698e+01,8.010138e+00,2.997685e+01,3.964099e+01,1.697209e+02
1.198283e+06,1.386902e+01,4.916335e+04,5.690202e-01,9.477238e-01,9.476623e-01,4.471128e-04,1.085253e-08,3.798561e+01,8.010138e+00,2.997548e+01,3.963905e+01,1.697249e+02
1.198293e+06,1.386914e+01,4.917335e+04,5.691360e-01,9.477385e-01,9.476624e-01,4.472213e-04,1.085253e-08,3.798424e+01,8.010138e+00,2.997411e+01,3.963712e+01,1.697289e+02
1.198303e+06,1.386925e+01,4.918335e+04,5.692517e-01,9.477532e-01,9.476625e-01,4.473299e-04,1.085253e-08,3.798287e+01,8.010138e+00,2.997274e+01,3.963518e+01,1.697329e+02
1.198313e+06,1.386937e+01,4.919335e+04,5.693675e-01,9.477679e-01,9.476626e-01,4.474384e-04,1.085252e-08,3.798150e+01,8.010138e+00,2.997137e+01,3.963325e+01,1.697369e+02
1.198323e+06,1.386948e+01,4.920335e+04,5.694832e-01,9.477826e-01,9.476627e-01,4.475469e-04,1.085252e-08,3.798013e+01,8.010138e+00,2.997000e+01,3.963131e+01,1.697409e+02
1.198333e+06,1.386960e+01,4.921335e+04,5.695990e-01,9.477972e-01,9.476628e-01,4.476555e-04,1.085252e-08,3.797876e+01,8.010138e+00,2.996863e+01,3.962937e+01,1.697449e+02
1.198343e+06,1.386971e+01,4.922335e+04,5.697147e-01,9.478119e-01,9.476629e-01,4.477640e-04,1.085252e-08,3.797739e+01,8.010138e+00,2.996726e+01,3.962744e+01,1.697490e+02
1.198353e+06,1.386983e+01,4.923335e+04,5.698305e-01,9.478266e-01,9.476631e-01,4.478725e-04,1.085252e-08,3.797602e+01,8.010138e+00,2.996588e+01,3.962550e+01,1.697530e+02
1.198363e+06,1.386995e+01,4.924335e+04,5.699462e-01,9.478413e-01,9.476632e-01,4.479811e-04,1.085252e-08,3.797465e+01,8.010138e+00,2.996451e+01,3.962357e+01,1.697570e+02
1.198373e+06,1.387006e+01,4.925335e+04,5.700620e-01,9.478560e-01,9.476633e-01,4.480896e-04,1.085252e-08,3.797328e+01,8.010138e+00,2.996314e+01,3.962163e+01,1.697610e+02
1.198383e+06,1.387018e+01,4.926335e+04,5.701777e-01,9.478707e-01,9.476634e-01,4.481981e-04,1.085252e-08,3.797191e+01,8.010138e+00,2.996177e+01,3.961970e+01,1.697650e+02
1.198393e+06,1.387029e+01,4.927335e+04,5.702935e-01,9.478854e-01,9.476635e-01,4.483067e-04,1.085251e-08,3.797054e+01,8.010138e+00,2.996040e+01,3.961776e+01,1.697690e+02
1.198403e+06,1.387041e+01,4.928336e+04,5.704092e-01,9.479000e-01,9.476636e-01,4.484152e-04,1.085251e-08,3.796917e+01,8.010138e+00,2.995903e+01,3.961583e+01,1.697730e+02
1.198413e+06,1.387052e+01,4.929336e+04,5.705250e-01,9.479147e-01,9.476637e-01,4.485237e-04,1.085251e-08,3.796780e+01,8.010138e+00,2.995766e+01,3.961389e+01,1.697770e+02
1.198423e+06,1.387064e+01,4.930336e+04,5.706407e-01,9.479294e-01,9.476638e-01,4.486323e-04,1.085251e-08,3.796643e+01,8.010138e+00,2.995629e+01,3.961196e+01,1.697810e+02
1.198433e+06,1.387076e+01,4.931336e+04,5.707565e-01,9.479441e-01,9.476639e-01,4.487408e-04,1.085251e-08,3.796506e+01,8.010138e+00,2.995492e+01,3.961002e+01,1.697850e+02
1.198443e+06,1.387087e+01,4.932336e+04,5.708722e-01,9.479588e-01,9.476640e-01,4.488493e-04,1.085251e-08,3.796369e+01,8.010138e+00,2.995355e+01,3.960809e+01,1.697890e+02
1.198453e+06,1.387099e+01,4.933336e+04,5.709879e-01,9.479735e-01,9.476641e-01,4.489578e-04,1.085251e-08,3.796232e+01,8.010138e+00,2.995218e+01,3.960615e+01,1.697930e+02
1.198463e+06,1.387110e+01,4.934336e+04,5.711037e-01,9.479873e-01,9.476642e-01,4.490664e-04,1.085251e-08,3.796095e+01,8.010138e+00,2.995081e+01,3.960425e+01,1.697970e+02
1.198473e+06,1.387122e+01,4.935336e+04,5.712194e-01,9.479917e-01,9.476643e-01,4.491749e-04,1.085251e-08,3.796022e+01,8.010073e+00,2.995014e+01,3.960333e+01,1.698000e+02
1.198483e+06,1.387134e+01,4.936336e+04,5.713352e-01,9.479751e-01,9.476644e-01,4.492834e-04,1.085250e-08,3.796133e+01,8.009818e+00,2.995151e+01,3.960507e+01,1.698000e+02
1.198493e+06,1.387145e+01,4.937336e+04,5.714509e-01,9.479585e-01,9.476645e-01,4.493920e-04,1.085250e-08,3.796245e+01,8.009563e+00,2.995289e+01,3.960682e+01,1.698000e+02
1.198503e+06,1.387157e+01,4.938336e+04,5.715667e-01,9.479419e-01,9.476646e-01,4.495005e-04,1.085250e-08,3.796357e+01,8.009308e+00,2.995426e+01,3.960856e+01,1.698000e+02
1.198513e+06,1.387168e+01,4.939336e+04,5.716824e-01,9.479252e-01,9.476647e-01,4.496090e-04,1.085250e-08,3.796468e+01,8.009053e+00,2.995563e+01,3.961031e+01,1.698000e+02
1.198523e+06,1.387180e+01,4.940336e+04,5.717982e-01,9.479086e-01,9.476648e-01,4.497176e-04,1.085250e-08,3.796580e+01,8.008798e+00,2.995700e+01,3.961206e+01,1.698000e+02
1.198533e+06,1.387191e+01,4.941336e+04,5.719139e-01,9.478920e-01,9.476649e-01,4.498261e-04,1.085250e-08,3.796692e+01,8.008543e+00,2.995837e+01,3.961380e+01,1.698000e+02
1.198543e+06,1.387203e+01,4.942336e+04,5.720297e-01,9.478754e-01,9.476650e-01,4.499346e-04,1.085250e-08,3.796803e+01,8.008288e+00,2.995975e+01,3.961555e+01,1.698000e+02
1.198553e+06,1.387215e+01,4.943337e+04,5.721454e-01,9.478588e-01,9.476651e-01,4.500432e-04,1.085250e-08,3.796915e+01,8.008033e+00,2.996112e+01,3.961730e+01,1.698000e+02
1.198563e+06,1.387226e+01,4.944337e+04,5.722612e-01,9.478422e-01,9.476652e-01,4.501517e-04,1.085249e-08,3.797027e+01,8.007778e+00,2.996249e+01,3.961904e+01,1.698000e+02
1.198573e+06,1.387238e+01,4.945337e+04,5.723769e-01,9.478256e-01,9.476653e-01,4.502602e-04,1.085249e-08,3.797139e+01,8.007523e+00,2.996386e+01,3.962079e+01,1.698000e+02
1.198583e+06,1.387249e+01,4.946337e+04,5.724927e-01,9.478090e-01,9.476654e-01,4.503688e-04,1.085249e-08,3.797250e+01,8.007268e+00,2.996523e+01,3.962254e+01,1.698000e+02
1.198593e+06,1.387261e+01,4.947337e+04,5.726084e-01,9.477924e-01,9.476655e-01,4.504773e-04,1.085249e-08,3.797362e+01,8.007013e+00,2.996661e+01,3.962428e+01,1.698000e+02
1.198603e+06,1.387272e+01,4.948337e+04,5.727242e-01,9.477758e-01,9.476656e-01,4.505858e-04,1.085249e-08,3.797474e+01,8.006758e+00,2.996798e+01,3.962603e+01,1.698000e+02
1.198613e+06,1.387284e+01,4.949337e+04,5.728399e-01,9.477591e-01,9.476657e-01,4.506944e-04,1.085249e-08,3.797585e+01,8.006503e+00,2.996935e+01,3.962778e+01,1.698000e+02
1.198623e+06,1.387296e+01,4.950337e+04,5.729557e-01,9.477425e-01,9.476658e-01,4.508029e-04,1.085249e-08,3.797697e+01,8.006248e+00,2.997072e+01,3.962952e+01,1.698000e+02
1.198633e+06,1.387307e+01,4.951337e+04,5.730714e-01,9.477259e-01,9.476659e-01,4.509114e-04,1.085249e-08,3.797809e+01,8.005993e+00,2.997209e+01,3.963127e+01,1.698000e+02
1.198643e+06,1.387319e+01,4.952337e+04,5.731872e-01,9.477093e-01,9.476660e-01,4.510200e-04,1.085249e-08,3.797920e+01,8.005738e+00,2.997347e+01,3.963302e+01,1.698000e+02
1.198653e+06,1.387330e+01,4.953337e+04,5.733029e-01,9.476927e-01,9.476661e-01,4.511285e-04,1.085248e-08,3.798032e+01,8.005483e+00,2.997484e+01,3.963476e+01,1.698000e+02
1.198663e+06,1.387342e+01,4.954337e+04,5.734187e-01,9.476761e-01,9.476662e-01,4.512370e-04,1.085248e-08,3.798144e+01,8.005228e+00,2.997621e+01,3.963651e+01,1.698000e+02
1.198673e+06,1.387353e+01,4.955337e+04,5.735344e-01,9.476595e-01,9.476663e-01,4.513456e-04,1.085248e-08,3.798256e+01,8.004973e+00,2.997758e+01,3.963826e+01,1.698000e+02
1.198683e+06,1.387365e+01,4.956337e+04,5.736502e-01,9.476429e-01,9.476664e-01,4.514541e-04,1.085248e-08,3.798367e+01,8.004718e+00,2.997895e+01,3.964001e+01,1.698000e+02
1.198693e+06,1.387377e+01,4.957338e+04,5.737659e-01,9.476263e-01,9.476665e-01,4.515626e-04,1.085248e-08,3.798479e+01,8.004463e+00,2.998033e+01,3.964175e+01,1.698000e+02
1.198703e+06,1.387388e+01,4.958338e+04,5.738817e-01,9.476097e-01,9.476667e-01,4.516712e-04,1.085248e-08,3.798591e+01,8.004208e+00,2.998170e+01,3.964350e+01,1.698000e+02
1.198713e+06,1.387400e+01,4.959338e+04,5.739974e-01,9.475919e-01,9.476668e-01,4.517797e-04,1.085248e-08,3.798702e+01,8.003953e+00,2.998307e+01,3.964529e+01,1.698000e+02
1.198723e+06,1.387411e+01,4.960338e+04,5.741132e-01,9.475756e-01,9.476669e-01,4.518882e-04,1.085248e-08,3.798763e+01,8.003887e+00,2.998374e+01,3.964647e+01,1.697985e+02
1.198733e+06,1.387423e+01,4.961338e+04,5.742289e-01,9.475651e-01,9.476670e-01,4.519968e-04,1.085247e-08,3.798737e+01,8.004140e+00,2.998323e+01,3.964654e+01,1.697945e+02
1.198743e+06,1.387434e+01,4.962338e+04,5.743447e-01,9.475546e-01,9.476671e-01,4.521053e-04,1.085247e-08,3.798712e+01,8.004392e+00,2.998273e+01,3.964661e+01,1.697906e+02
1.198753e+06,1.387446e+01,4.963338e+04,5.744604e-01,9.475441e-01,9.476672e-01,4.522138e-04,1.085247e-08,3.798686e+01,8.004644e+00,2.998222e+01,3.964667e+01,1.697866e+02
1.198763e+06,1.387458e+01,4.964338e+04,5.745762e-01,9.475337e-01,9.476673e-01,4.523223e-04,1.085247e-08,3.798661e+01,8.004897e+00,2.998171e+01,3.964674e+01,1.697826e+02
1.198773e+06,1.387469e+01,4.965338e+04,5.746919e-01,9.475232e-01,9.476674e-01,4.524309e-04,1.085247e-08,3.798635e+01,8.005149e+00,2.998120e+01,3.964681e+01,1.697786e+02
1.198783e+06,1.387481e+01,4.966338e+04,5.748077e-01,9.475127e-01,9.476675e-01,4.525394e-04,1.085247e-08,3.798610e+01,8.005401e+00,2.998070e+01,3.964687e+01,1.697747e+02
1.198793e+06,1.387492e+01,4.967338e+04,5.749234e-01,9.475023e-01,9.476676e-01,4.526479e-04,1.085247e-08,3.798584e+01,8.005654e+00,2.998019e+01,3.964694e+01,1.697707e+02
1.198803e+06,1.387504e+01,4.968338e+04,5.750392e-01,9.474918e-01,9.476677e-01,4.527565e-04,1.085247e-08,3.798559e+01,8.005906e+00,2.997968e+01,3.964701e+01,1.697667e+02
1.198813e+06,1.387515e+01,4.969338e+04,5.751549e-01,9.474813e-01,9.476678e-01,4.528650e-04,1.085247e-08,3.798533e+01,8.006159e+00,2.997917e+01,3.964707e+01,1.697627e+02
1.198823e+06,1.387527e+01,4.970338e+04,5.752706e-01,9.474709e-01,9.476679e-01,4.529735e-04,1.085246e-08,3.798508e+01,8.006411e+00,2.997867e+01,3.964714e+01,1.697587e+02
1.198833e+06,1.387539e+01,4.971338e+04,5.753864e-01,9.474604e-01,9.476680e-01,4.530821e-04,1.085246e-08,3.798482e+01,8.006663e+00,2.997816e+01,3.964720e+01,1.697548e+02
1.198843e+06,1.387550e+01,4.972339e+04,5.755021e-01,9.474499e-01,9.476681e-01,4.531906e-04,1.085246e-08,3.798457e+01,8.006916e+00,2.997765e+01,3.964727e+01,1.697508e+02
1.198853e+06,1.387562e+01,4.973339e+04,5.756179e-01,9.474395e-01,9.476682e-01,4.532991e-04,1.085246e-08,3.798431e+01,8.007168e+00,2.997714e+01,3.964734e+01,1.697468e+02
1.198863e+06,1.387573e+01,4.974339e+04,5.757336e-01,9.474290e-01,9.476683e-01,4.534077e-04,1.085246e-08,3.798406e+01,8.007420e+00,2.997664e+01,3.964740e+01,1.697428e+02
1.198873e+06,1.387585e+01,4.975339e+04,5.758494e-01,9.474185e-01,9.476684e-01,4.535162e-04,1.085246e-08,3.798380e+01,8.007673e+00,2.997613e+01,3.964747e+01,1.697389e+02
1.198883e+06,1.387597e+01,4.976339e+04,5.759651e-01,9.474080e-01,9.476685e-01,4.536247e-04,1.085246e-08,3.798355e+01,8.007925e+00,2.997562e+01,3.964754e+01,1.697349e+02
1.198893e+06,1.387608e+01,4.977339e+04,5.760809e-01,9.473976e-01,9.476686e-01,4.537333e-04,1.085246e-08,3.798329e+01,8.008178e+00,2.997511e+01,3.964760e+01,1.697309e+02
1.198903e+06,1.387620e+01,4.978339e+04,5.761966e-01,9.473871e-01,9.476687e-01,4.538418e-04,1.085245e-08,3.798304e+01,8.008430e+00,2.997461e+01,3.964767e+01,1.697269e+02
1.198913e+06,1.387631e+01,4.979339e+04,5.763124e-01,9.473766e-01,9.476688e-01,4.539503e-04,1.085245e-08,3.798278e+01,8.008682e+00,2.997410e+01,3.964774e+01,1.697229e+02
1.198923e+06,1.387643e+01,4.980339e+04,5.764281e-01,9.473662e-01,9.476689e-01,4.540589e-04,1.085245e-08,3.798253e+01,8.008935e+00,2.997359e+01,3.964780e+01,1.697190e+02
1.198933e+06,1.387654e+01,4.981339e+04,5.765439e-01,9.473557e-01,9.476690e-01,4.541674e-04,1.085245e-08,3.798227e+01,8.009187e+00,2.997308e+01,3.964787e+01,1.697150e+02
1.198943e+06,1.387666e+01,4.982339e+04,5.766596e-01,9.473452e-01,9.476691e-01,4.542759e-04,1.085245e-08,3.798202e+01,8.009439e+00,2.997258e+01,3.964793e+01,1.697110e+02
1.198953e+06,1.387678e+01,4.983339e+04,5.767754e-01,9.473348e-01,9.476692e-01,4.543845e-04,1.085245e-08,3.798176e+01,8.009692e+00,2.997207e+01,3.964800e+01,1.697070e+02
1.198963e+06,1.387689e+01,4.984339e+04,5.768911e-01,9.473250e-01,9.476693e-01,4.544930e-04,1.085245e-08,3.798151e+01,8.009944e+00,2.997156e+01,3.964804e+01,1.697031e+02
1.198973e+06,1.387701e+01,4.985339e+04,5.770069e-01,9.473202e-01,9.476694e-01,4.546015e-04,1.085245e-08,3.798161e+01,8.010079e+00,2.997153e+01,3.964830e+01,1.697000e+02
1.198983e+06,1.387712e+01,4.986339e+04,5.771226e-01,9.473237e-01,9.476695e-01,4.547101e-04,1.085245e-08,3.798290e+01,8.009824e+00,2.997307e+01,3.964956e+01,1.697000e+02
1.198993e+06,1.387724e+01,4.987340e+04,5.772384e-01,9.473271e-01,9.476696e-01,4.548186e-04,1.085244e-08,3.798419e+01,8.009569e+00,2.997462e+01,3.965082e+01,1.697000e+02
1.199003e+06,1.387735e+01,4.988340e+04,5.773541e-01,9.473305e-01,9.476697e-01,4.549271e-04,1.085244e-08,3.798548e+01,8.009314e+00,2.997616e+01,3.965209e+01,1.697000e+02
1.199013e+06,1.387747e+01,4.989340e+04,5.774699e-01,9.473339e-01,9.476698e-01,4.550356e-04,1.085244e-08,3.798677e+01,8.009059e+00,2.997771e+01,3.965335e+01,1.697000e+02
1.199023e+06,1.387759e+01,4.990340e+04,5.775856e-01,9.473373e-01,9.476699e-01,4.551442e-04,1.085244e-08,3.798805e+01,8.008804e+00,2.997925e+01,3.965461e+01,1.697000e+02
1.199033e+06,1.387770e+01,4.991340e+04,5.777014e-01,9.473408e-01,9.476700e-01,4.552527e-04,1.085244e-08,3.798934e+01,8.008549e+00,2.998079e+01,3.965587e+01,1.697000e+02
1.199043e+06,1.387782e+01,4.992340e+04,5.778171e-01,9.473442e-01,9.476701e-01,4.553612e-04,1.085244e-08,3.799063e+01,8.008294e+00,2.998234e+01,3.965713e+01,1.697000e+02
1.199053e+06,1.387793e+01,4.993340e+04,5.779329e-01,9.473476e-01,9.476703e-01,4.554698e-04,1.085244e-08,3.799192e+01,8.008039e+00,2.998388e+01,3.965839e+01,1.697000e+02
1.199063e+06,1.387805e+01,4.994340e+04,5.780486e-01,9.473510e-01,9.476704e-01,4.555783e-04,1.085244e-08,3.799321e+01,8.007784e+00,2.998543e+01,3.965965e+01,1.697000e+02
1.199073e+06,1.387816e+01,4.995340e+04,5.781644e-01,9.473545e-01,9.476705e-01,4.556868e-04,1.085243e-08,3.799450e+01,8.007529e+00,2.998697e+01,3.966091e+01,1.697000e+02
1.199083e+06,1.387828e+01,4.996340e+04,5.782801e-01,9.473579e-01,9.476706e-01,4.557954e-04,1.085243e-08,3.799579e+01,8.007274e+00,2.998851e+01,3.966217e+01,1.697000e+02
1.199093e+06,1.387840e+01,4.997340e+04,5.783959e-01,9.473613e-01,9.476707e-01,4.559039e-04,1.085243e-08,3.799708e+01,8.007019e+00,2.999006e+01,3.966343e+01,1.697000e+02
1.199103e+06,1.387851e+01,4.998340e+04,5.785116e-01,9.473647e-01,9.476708e-01,4.560124e-04,1.085243e-08,3.799836e+01,8.006764e+00,2.999160e+01,3.966469e+01,1.697000e+02
1.199113e+06,1.387863e+01,4.999340e+04,5.786274e-01,9.473682e-01,9.476709e-01,4.561210e-04,1.085243e-08,3.799965e+01,8.006509e+00,2.999315e+01,3.966595e+01,1.697000e+02
1.199123e+06,1.387874e+01,5.000340e+04,5.787431e-01,9.473716e-01,9.476710e-01,4.562295e-04,1.085243e-08,3.800094e+01,8.006254e+00,2.999469e+01,3.966721e+01,1.697000e+02
1.199133e+06,1.387886e+01,5.001341e+04,5.788589e-01,9.473750e-01,9.476711e-01,4.563380e-04,1.085243e-08,3.800223e+01,8.005999e+00,2.999623e+01,3.966847e+01,1.697000e+02
1.199143e+06,1.387897e+01,5.002341e+04,5.789746e-01,9.473784e-01,9.476712e-01,4.564466e-04,1.085243e-08,3.800352e+01,8.005744e+00,2.999778e+01,3.966973e+01,1.697000e+02
1.199153e+06,1.387909e+01,5.003341e+04,5.790904e-01,9.473818e-01,9.476713e-01,4.565551e-04,1.085243e-08,3.800481e+01,8.005489e+00,2.999932e+01,3.967099e+01,1.697000e+02
1.199163e+06,1.387921e+01,5.004341e+04,5.792061e-01,9.473853e-01,9.476714e-01,4.566636e-04,1.085242e-08,3.800610e+01,8.005234e+00,3.000086e+01,3.967225e+01,1.697000e+02
1.199173e+06,1.387932e+01,5.005341e+04,5.793218e-01,9.473887e-01,9.476715e-01,4.567722e-04,1.085242e-08,3.800739e+01,8.004979e+00,3.000241e+01,3.967351e+01,1.697000e+02
1.199183e+06,1.387944e+01,5.006341e+04,5.794376e-01,9.473921e-01,9.476716e-01,4.568807e-04,1.085242e-08,3.800868e+01,8.004724e+00,3.000395e+01,3.967477e+01,1.697000e+02
1.199193e+06,1.387955e+01,5.007341e+04,5.795533e-01,9.473955e-01,9.476717e-01,4.569892e-04,1.085242e-08,3.800996e+01,8.004469e+00,3.000550e+01,3.967603e+01,1.697000e+02
1.199203e+06,1.387967e+01,5.008341e+04,5.796691e-01,9.473990e-01,9.476718e-01,4.570978e-04,1.085242e-08,3.801125e+01,8.004214e+00,3.000704e+01,3.967729e+01,1.697000e+02
1.199213e+06,1.387978e+01,5.009341e+04,5.797848e-01,9.474024e-01,9.476719e-01,4.572063e-04,1.085242e-08,3.801254e+01,8.003959e+00,3.000858e+01,3.967855e+01,1.697000e+02
1.199223e+06,1.387990e+01,5.010341e+04,5.799006e-01,9.474095e-01,9.476720e-01,4.573148e-04,1.085242e-08,3.801320e+01,8.003793e+00,3.000941e+01,3.967902e+01,1.697000e+02
1.199233e+06,1.388002e+01,5.011341e+04,5.800163e-01,9.474233e-01,9.476721e-01,4.574233e-04,1.085242e-08,3.801269e+01,8.003793e+00,3.000889e+01,3.967801e+01,1.697000e+02
1.199243e+06,1.388013e+01,5.012341e+04,5.801321e-01,9.474371e-01,9.476722e-01,4.575319e-04,1.085241e-08,3.801218e+01,8.003793e+00,3.000838e+01,3.967701e+01,1.697000e+02
1.199253e+06,1.388025e+01,5.013341e+04,5.802478e-01,9.474509e-01,9.476723e-01,4.576404e-04,1.085241e-08,3.801166e+01,8.003793e+00,3.000787e+01,3.967601e+01,1.697000e+02
1.199263e+06,1.388036e+01,5.014341e+04,5.803636e-01,9.474647e-01,9.476724e-01,4.577489e-04,1.085241e-08,3.801115e+01,8.003793e+00,3.000736e+01,3.967501e+01,1.697000e+02
1.199273e+06,1.388048e+01,5.015341e+04,5.804793e-01,9.474785e-01,9.476725e-01,4.578575e-04,1.085241e-08,3.801064e+01,8.003793e+00,3.000685e+01,3.967401e+01,1.697000e+02
1.199283e+06,1.388060e+01,5.016342e+04,5.805951e-01,9.474923e-01,9.476726e-01,4.579660e-04,1.085241e-08,3.801013e+01,8.003793e+00,3.000633e+01,3.967300e+01,1.697000e+02
1.199293e+06,1.388071e+01,5.017342e+04,5.807108e-01,9.475061e-01,9.476727e-01,4.580745e-04,1.085241e-08,3.800962e+01,8.003793e+00,3.000582e+01,3.967200e+01,1.697000e+02
1.199303e+06,1.388083e+01,5.018342e+04,5.808266e-01,9.475199e-01,9.476728e-01,4.581831e-04,1.085241e-08,3.800910e+01,8.003793e+00,3.000531e+01,3.967100e+01,1.697000e+02
1.199313e+06,1.388094e+01,5.019342e+04,5.809423e-01,9.475338e-01,9.476729e-01,4.582916e-04,1.085241e-08,3.800859e+01,8.003793e+00,3.000480e+01,3.967000e+01,1.697000e+02
1.199323e+06,1.388106e+01,5.020342e+04,5.810581e-01,9.475476e-01,9.476730e-01,4.584001e-04,1.085241e-08,3.800808e+01,8.003793e+00,3.000429e+01,3.966900e+01,1.697000e+02
1.199333e+06,1.388117e+01,5.021342e+04,5.811738e-01,9.475614e-01,9.476731e-01,4.585087e-04,1.085240e-08,3.800757e+01,8.003793e+00,3.000377e+01,3.966799e+01,1.697000e+02
1.199343e+06,1.388129e+01,5.022342e+04,5.812896e-01,9.475752e-01,9.476732e-01,4.586172e-04,1.085240e-08,3.800706e+01,8.003793e+00,3.000326e+01,3.966699e+01,1.697000e+02
1.199353e+06,1.388141e+01,5.023342e+04,5.814053e-01,9.475890e-01,9.476733e-01,4.587257e-04,1.085240e-08,3.800654e+01,8.003793e+00,3.000275e+01,3.966599e+01,1.697000e+02
1.199363e+06,1.388152e+01,5.024342e+04,5.815211e-01,9.476028e-01,9.476734e-01,4.588343e-04,1.085240e-08,3.800603e+01,8.003793e+00,3.000224e+01,3.966499e+01,1.697000e+02
1.199373e+06,1.388164e+01,5.025342e+04,5.816368e-01,9.476166e-01,9.476735e-01,4.589428e-04,1.085240e-08,3.800552e+01,8.003793e+00,3.000173e+01,3.966399e+01,1.697000e+02
1.199383e+06,1.388175e+01,5.026342e+04,5.817526e-01,9.476304e-01,9.476736e-01,4.590513e-04,1.085240e-08,3.800501e+01,8.003793e+00,3.000121e+01,3.966299e+01,1.697000e+02
1.199393e+06,1.388187e+01,5.027342e+04,5.818683e-01,9.476443e-01,9.476737e-01,4.591598e-04,1.085240e-08,3.800450e+01,8.003793e+00,3.000070e+01,3.966198e+01,1.697000e+02
1.199403e+06,1.388198e+01,5.028342e+04,5.819841e-01,9.476581e-01,9.476739e-01,4.592684e-04,1.085240e-08,3.800398e+01,8.003793e+00,3.000019e+01,3.966098e+01,1.697000e+02
1.199413e+06,1.388210e+01,5.029342e+04,5.820998e-01,9.476719e-01,9.476740e-01,4.593769e-04,1.085239e-08,3.800347e+01,8.003793e+00,2.999968e+01,3.965998e+01,1.697000e+02
1.199423e+06,1.388222e+01,5.030342e+04,5.822156e-01,9.476857e-01,9.476741e-01,4.594854e-04,1.085239e-08,3.800296e+01,8.003793e+00,2.999917e+01,3.965898e+01,1.697000e+02
1.199433e+06,1.388233e+01,5.031343e+04,5.823313e-01,9.476995e-01,9.476742e-01,4.595940e-04,1.085239e-08,3.800245e+01,8.003793e+00,2.999865e+01,3.965798e+01,1.697000e+02
1.199443e+06,1.388245e+01,5.032343e+04,5.824471e-01,9.477133e-01,9.476743e-01,4.597025e-04,1.085239e-08,3.800194e+01,8.003793e+00,2.999814e+01,3.965698e+01,1.697000e+02
1.199453e+06,1.388256e+01,5.033343e+04,5.825628e-01,9.477271e-01,9.476744e-01,4.598110e-04,1.085239e-08,3.800142e+01,8.003793e+00,2.999763e+01,3.965597e+01,1.697000e+02
1.199463e+06,1.388268e+01,5.034343e+04,5.826786e-01,9.477409e-01,9.476745e-01,4.599196e-04,1.085239e-08,3.800091e+01,8.003793e+00,2.999712e+01,3.965497e+01,1.697000e+02
1.199473e+06,1.388279e+01,5.035343e+04,5.827943e-01,9.477504e-01,9.476746e-01,4.600281e-04,1.085239e-08,3.799992e+01,8.003793e+00,2.999612e+01,3.965361e+01,1.697000e+02
1.199483e+06,1.388291e+01,5.036343e+04,5.829101e-01,9.477497e-01,9.476747e-01,4.601366e-04,1.085239e-08,3.799778e+01,8.003793e+00,2.999398e+01,3.965137e+01,1.697000e+02
1.199493e+06,1.388303e+01,5.037343e+04,5.830258e-01,9.477490e-01,9.476748e-01,4.602452e-04,1.085239e-08,3.799564e+01,8.003793e+00,2.999184e+01,3.964914e+01,1.697000e+02
1.199503e+06,1.388314e+01,5.038343e+04,5.831416e-01,9.477483e-01,9.476749e-01,4.603537e-04,1.085238e-08,3.799350e+01,8.003793e+00,2.998970e+01,3.964690e+01,1.697000e+02
1.199513e+06,1.388326e+01,5.039343e+04,5.832573e-01,9.477476e-01,9.476750e-01,4.604622e-04,1.085238e-08,3.799135e+01,8.003793e+00,2.998756e+01,3.964467e+01,1.697000e+02
1.199523e+06,1.388337e+01,5.040343e+04,5.833731e-01,9.477468e-01,9.476751e-01,4.605708e-04,1.085238e-08,3.798921e+01,8.003793e+00,2.998542e+01,3.964243e+01,1.697000e+02
1.199533e+06,1.388349e+01,5.041343e+04,5.834888e-01,9.477461e-01,9.476752e-01,4.606793e-04,1.085238e-08,3.798707e+01,8.003793e+00,2.998328e+01,3.964020e+01,1.697000e+02
1.199543e+06,1.388360e+01,5.042343e+04,5.836045e-01,9.477454e-01,9.476753e-01,4.607878e-04,1.085238e-08,3.798493e+01,8.003793e+00,2.998114e+01,3.963796e+01,1.697000e+02
1.199553e+06,1.388372e+01,5.043343e+04,5.837203e-01,9.477447e-01,9.476754e-01,4.608963e-04,1.085238e-08,3.798279e+01,8.003793e+00,2.997900e+01,3.963573e+01,1.697000e+02
1.199563e+06,1.388384e+01,5.044343e+04,5.838360e-01,9.477439e-01,9.476755e-01,4.610049e-04,1.085238e-08,3.798065e+01,8.003793e+00,2.997686e+01,3.963349e+01,1.697000e+02
1.199573e+06,1.388395e+01,5.045344e+04,5.839518e-01,9.477432e-01,9.476756e-01,4.611134e-04,1.085238e-08,3.797851e+01,8.003793e+00,2.997472e+01,3.963126e+01,1.697000e+02
1.199583e+06,1.388407e+01,5.046344e+04,5.840675e-01,9.477425e-01,9.476757e-01,4.612219e-04,1.085237e-08,3.797637e+01,8.003793e+00,2.997258e+01,3.962903e+01,1.697000e+02
1.199593e+06,1.388418e+01,5.047344e+04,5.841833e-01,9.477418e-01,9.476758e-01,4.613305e-04,1.085237e-08,3.797423e+01,8.003793e+00,2.997044e+01,3.962679e+01,1.697000e+02
1.199603e+06,1.388430e+01,5.048344e+04,5.842990e-01,9.477411e-01,9.476759e-01,4.614390e-04,1.085237e-08,3.797209e+01,8.003793e+00,2.996830e+01,3.962456e+01,1.697000e+02
1.199613e+06,1.388441e+01,5.049344e+04,5.844148e-01,9.477403e-01,9.476760e-01,4.615475e-04,1.085237e-08,3.796995e+01,8.003793e+00,2.996615e+01,3.962232e+01,1.697000e+02
1.199623e+06,1.388453e+01,5.050344e+04,5.845305e-01,9.477396e-01,9.476761e-01,4.616561e-04,1.085237e-08,3.796781e+01,8.003793e+00,2.996401e+01,3.962009e+01,1.697000e+02
1.199633e+06,1.388465e+01,5.051344e+04,5.846463e-01,9.477389e-01,9.476762e-01,4.617646e-04,1.085237e-08,3.796567e+01,8.003793e+00,2.996187e+01,3.961785e+01,1.697000e+02
1.199643e+06,1.388476e+01,5.052344e+04,5.847620e-01,9.477382e-01,9.476763e-01,4.618731e-04,1.085237e-08,3.796353e+01,8.003793e+00,2.995973e+01,3.961562e+01,1.697000e+02
1.199653e+06,1.388488e+01,5.053344e+04,5.848778e-01,9.477374e-01,9.476764e-01,4.619817e-04,1.085237e-08,3.796138e+01,8.003793e+00,2.995759e+01,3.961338e+01,1.697000e+02
1.199663e+06,1.388499e+01,5.054344e+04,5.849935e-01,9.477367e-01,9.476765e-01,4.620902e-04,1.085237e-08,3.795924e+01,8.003793e+00,2.995545e+01,3.961115e+01,1.697000e+02
1.199673e+06,1.388511e+01,5.055344e+04,5.851093e-01,9.477360e-01,9.476766e-01,4.621987e-04,1.085236e-08,3.795710e+01,8.003793e+00,2.995331e+01,3.960891e+01,1.697000e+02
1.199683e+06,1.388523e+01,5.056344e+04,5.852250e-01,9.477353e-01,9.476767e-01,4.623073e-04,1.085236e-08,3.795496e+01,8.003793e+00,2.995117e+01,3.960668e+01,1.697000e+02
1.199693e+06,1.388534e+01,5.057344e+04,5.853408e-01,9.477345e-01,9.476768e-01,4.624158e-04,1.085236e-08,3.795282e+01,8.003793e+00,2.994903e+01,3.960444e+01,1.697000e+02
1.199703e+06,1.388546e+01,5.058344e+04,5.854565e-01,9.477338e-01,9.476769e-01,4.625243e-04,1.085236e-08,3.795068e+01,8.003793e+00,2.994689e+01,3.960221e+01,1.697000e+02
1.199713e+06,1.388557e+01,5.059344e+04,5.855723e-01,9.477342e-01,9.476770e-01,4.626328e-04,1.085236e-08,3.794854e+01,8.003793e+00,2.994475e+01,3.959994e+01,1.697000e+02
1.199723e+06,1.388569e+01,5.060345e+04,5.856880e-01,9.477335e-01,9.476771e-01,4.627414e-04,1.085236e-08,3.794755e+01,8.003793e+00,2.994376e+01,3.959892e+01,1.697013e+02
1.199733e+06,1.388580e+01,5.061345e+04,5.858038e-01,9.477265e-01,9.476772e-01,4.628499e-04,1.085236e-08,3.794892e+01,8.003793e+00,2.994512e+01,3.960059e+01,1.697053e+02
1.199743e+06,1.388592e+01,5.062345e+04,5.859195e-01,9.477195e-01,9.476773e-01,4.629584e-04,1.085236e-08,3.795028e+01,8.003793e+00,2.994649e+01,3.960227e+01,1.697093e+02
1.199753e+06,1.388604e+01,5.063345e+04,5.860353e-01,9.477125e-01,9.476775e-01,4.630670e-04,1.085235e-08,3.795165e+01,8.003793e+00,2.994785e+01,3.960394e+01,1.697133e+02
1.199763e+06,1.388615e+01,5.064345e+04,5.861510e-01,9.477055e-01,9.476776e-01,4.631755e-04,1.085235e-08,3.795301e+01,8.003793e+00,2.994922e+01,3.960562e+01,1.697173e+02
1.199773e+06,1.388627e+01,5.065345e+04,5.862668e-01,9.476984e-01,9.476777e-01,4.632840e-04,1.085235e-08,3.795438e+01,8.003793e+00,2.995059e+01,3.960729e+01,1.697213e+02
1.199783e+06,1.388638e+01,5.066345e+04,5.863825e-01,9.476914e-01,9.476778e-01,4.633926e-04,1.085235e-08,3.795574e+01,8.003793e+00,2.995195e+01,3.960897e+01,1.697253e+02
1.199793e+06,1.388650e+01,5.067345e+04,5.864983e-01,9.476844e-01,9.476779e-01,4.635011e-04,1.085235e-08,3.795711e+01,8.003793e+00,2.995332e+01,3.961064e+01,1.697293e+02
1.199803e+06,1.388661e+01,5.068345e+04,5.866140e-01,9.476774e-01,9.476780e-01,4.636096e-04,1.085235e-08,3.795847e+01,8.003793e+00,2.995468e+01,3.961231e+01,1.697332e+02
1.199813e+06,1.388673e+01,5.069345e+04,5.867298e-01,9.476704e-01,9.476781e-01,4.637182e-04,1.085235e-08,3.795984e+01,8.003793e+00,2.995605e+01,3.961399e+01,1.697372e+02
1.199823e+06,1.388685e+01,5.070345e+04,5.868455e-01,9.476634e-01,9.476782e-01,4.638267e-04,1.085235e-08,3.796121e+01,8.003793e+00,2.995741e+01,3.961566e+01,1.697412e+02
1.199833e+06,1.388696e+01,5.071345e+04,5.869613e-01,9.476564e-01,9.476783e-01,4.639352e-04,1.085235e-08,3.796257e+01,8.003793e+00,2.995878e+01,3.961734e+01,1.697452e+02
1.199843e+06,1.388708e+01,5.072345e+04,5.870770e-01,9.476493e-01,9.476784e-01,4.640437e-04,1.085234e-08,3.796394e+01,8.003793e+00,2.996014e+01,3.961901e+01,1.697492e+02
1.199853e+06,1.388719e+01,5.073345e+04,5.871928e-01,9.476423e-01,9.476785e-01,4.641523e-04,1.085234e-08,3.796530e+01,8.003793e+00,2.996151e+01,3.962069e+01,1.697532e+02
1.199863e+06,1.388731e+01,5.074345e+04,5.873085e-01,9.476353e-01,9.476786e-01,4.642608e-04,1.085234e-08,3.796667e+01,8.003793e+00,2.996287e+01,3.962236e+01,1.697572e+02
1.199873e+06,1.388742e+01,5.075346e+04,5.874243e-01,9.476283e-01,9.476787e-01,4.643693e-04,1.085234e-08,3.796803e+01,8.003793e+00,2.996424e+01,3.962404e+01,1.697612e+02
1.199883e+06,1.388754e+01,5.076346e+04,5.875400e-01,9.476213e-01,9.476788e-01,4.644779e-04,1.085234e-08,3.796940e+01,8.003793e+00,2.996560e+01,3.962571e+01,1.697652e+02
1.199893e+06,1.388766e+01,5.077346e+04,5.876557e-01,9.476143e-01,9.476789e-01,4.645864e-04,1.085234e-08,3.797076e+01,8.003793e+00,2.996697e+01,3.962739e+01,1.697692e+02
1.199903e+06,1.388777e+01,5.078346e+04,5.877715e-01,9.476073e-01,9.476790e-01,4.646949e-04,1.085234e-08,3.797213e+01,8.003793e+00,2.996833e+01,3.962906e+01,1.697732e+02
1.199913e+06,1.388789e+01,5.079346e+04,5.878872e-01,9.476002e-01,9.476791e-01,4.648035e-04,1.085234e-08,3.797349e+01,8.003793e+00,2.996970e+01,3.963074e+01,1.697771e+02
1.199923e+06,1.388800e+01,5.080346e+04,5.880030e-01,9.475932e-01,9.476792e-01,4.649120e-04,1.085233e-08,3.797486e+01,8.003793e+00,2.997107e+01,3.963241e+01,1.697811e+02
1.199933e+06,1.388812e+01,5.081346e+04,5.881187e-01,9.475862e-01,9.476793e-01,4.650205e-04,1.085233e-08,3.797622e+01,8.003793e+00,2.997243e+01,3.963409e+01,1.697851e+02
1.199943e+06,1.388823e+01,5.082346e+04,5.882345e-01,9.475792e-01,9.476794e-01,4.651291e-04,1.085233e-08,3.797759e+01,8.003793e+00,2.997380e+01,3.963576e+01,1.697891e+02
1.199953e+06,1.388835e+01,5.083346e+04,5.883502e-01,9.475722e-01,9.476795e-01,4.652376e-04,1.085233e-08,3.797895e+01,8.003793e+00,2.997516e+01,3.963744e+01,1.697931e+02
1.199963e+06,1.388847e+01,5.084346e+04,5.884660e-01,9.475643e-01,9.476796e-01,4.653461e-04,1.085233e-08,3.798032e+01,8.003793e+00,2.997653e+01,3.963914e+01,1.697971e+02
1.199973e+06,1.388858e+01,5.085346e+04,5.885817e-01,9.475553e-01,9.476797e-01,4.654546e-04,1.085233e-08,3.798145e+01,8.003793e+00,2.997766e+01,3.964063e+01,1.698000e+02
1.199983e+06,1.388870e+01,5.086346e+04,5.886975e-01,9.475497e-01,9.476798e-01,4.655632e-04,1.085233e-08,3.798196e+01,8.003793e+00,2.997817e+01,3.964136e+01,1.698000e+02
1.199993e+06,1.388881e+01,5.087346e+04,5.888132e-01,9.475440e-01,9.476799e-01,4.656717e-04,1.085233e-08,3.798247e+01,8.003793e+00,2.997868e+01,3.964209e+01,1.698000e+02
1.200003e+06,1.388893e+01,5.088346e+04,5.889290e-01,9.475383e-01,9.476800e-01,4.657802e-04,1.085233e-08,3.798299e+01,8.003793e+00,2.997919e+01,3.964282e+01,1.698000e+02
1.200013e+06,1.388904e+01,5.089346e+04,5.890447e-01,9.475327e-01,9.476801e-01,4.658888e-04,1.085232e-08,3.798350e+01,8.003793e+00,2.997971e+01,3.964355e+01,1.698000e+02
1.200023e+06,1.388916e+01,5.090347e+04,5.891605e-01,9.475270e-01,9.476802e-01,4.659973e-04,1.085232e-08,3.798401e+01,8.003793e+00,2.998022e+01,3.964428e+01,1.698000e+02
1.200033e+06,1.388928e+01,5.091347e+04,5.892762e-01,9.475213e-01,9.476803e-01,4.661058e-04,1.085232e-08,3.798452e+01,8.003793e+00,2.998073e+01,3.964501e+01,1.698000e+02
1.200043e+06,1.388939e+01,5.092347e+04,5.893920e-01,9.475156e-01,9.476804e-01,4.662144e-04,1.085232e-08,3.798503e+01,8.003793e+00,2.998124e+01,3.964574e+01,1.698000e+02
1.200053e+06,1.388951e+01,5.093347e+04,5.895077e-01,9.475100e-01,9.476805e-01,4.663229e-04,1.085232e-08,3.798555e+01,8.003793e+00,2.998175e+01,3.964647e+01,1.698000e+02
1.200063e+06,1.388962e+01,5.094347e+04,5.896235e-01,9.475043e-01,9.476806e-01,4.664314e-04,1.085232e-08,3.798606e+01,8.003793e+00,2.998227e+01,3.964720e+01,1.698000e+02
1.200073e+06,1.388974e+01,5.095347e+04,5.897392e-01,9.474986e-01,9.476807e-01,4.665400e-04,1.085232e-08,3.798657e+01,8.003793e+00,2.998278e+01,3.964793e+01,1.698000e+02
1.200083e+06,1.388985e+01,5.096347e+04,5.898550e-01,9.474930e-01,9.476808e-01,4.666485e-04,1.085232e-08,3.798708e+01,8.003793e+00,2.998329e+01,3.964866e+01,1.698000e+02
1.200093e+06,1.388997e+01,5.097347e+04,5.899707e-01,9.474873e-01,9.476809e-01,4.667570e-04,1.085231e-08,3.798759e+01,8.003793e+00,2.998380e+01,3.964939e+01,1.698000e+02
1.200103e+06,1.389009e+01,5.098347e+04,5.900865e-01,9.474816e-01,9.476811e-01,4.668655e-04,1.085231e-08,3.798811e+01,8.003793e+00,2.998431e+01,3.965012e+01,1.698000e+02
1.200113e+06,1.389020e+01,5.099347e+04,5.902022e-01,9.474759e-01,9.476812e-01,4.669741e-04,1.085231e-08,3.798862e+01,8.003793e+00,2.998483e+01,3.965085e+01,1.698000e+02
1.200123e+06,1.389032e+01,5.100347e+04,5.903180e-01,9.474703e-01,9.476813e-01,4.670826e-04,1.085231e-08,3.798913e+01,8.003793e+00,2.998534e+01,3.965158e+01,1.698000e+02
1.200133e+06,1.389043e+01,5.101347e+04,5.904337e-01,9.474646e-01,9.476814e-01,4.671911e-04,1.085231e-08,3.798964e+01,8.003793e+00,2.998585e+01,3.965231e+01,1.698000e+02
1.200143e+06,1.389055e+01,5.102347e+04,5.905495e-01,9.474589e-01,9.476815e-01,4.672997e-04,1.085231e-08,3.799015e+01,8.003793e+00,2.998636e+01,3.965304e+01,1.698000e+02
1.200153e+06,1.389067e+01,5.103347e+04,5.906652e-01,9.474532e-01,9.476816e-01,4.674082e-04,1.085231e-08,3.799067e+01,8.003793e+00,2.998687e+01,3.965377e+01,1.698000e+02
1.200163e+06,1.389078e+01,5.104348e+04,5.907810e-01,9.474476e-01,9.476817e-01,4.675167e-04,1.085231e-08,3.799118e+01,8.003793e+00,2.998739e+01,3.965450e+01,1.698000e+02
1.200173e+06,1.389090e+01,5.105348e+04,5.908967e-01,9.474419e-01,9.476818e-01,4.676253e-04,1.085231e-08,3.799169e+01,8.003793e+00,2.998790e+01,3.965523e+01,1.698000e+02
1.200183e+06,1.389101e+01,5.106348e+04,5.910125e-01,9.474362e-01,9.476819e-01,4.677338e-04,1.085230e-08,3.799220e+01,8.003793e+00,2.998841e+01,3.965596e+01,1.698000e+02
1.200193e+06,1.389113e+01,5.107348e+04,5.911282e-01,9.474306e-01,9.476820e-01,4.678423e-04,1.085230e-08,3.799271e+01,8.003793e+00,2.998892e+01,3.965669e+01,1.698000e+02
1.200203e+06,1.389124e+01,5.108348e+04,5.912440e-01,9.474249e-01,9.476821e-01,4.679508e-04,1.085230e-08,3.799323e+01,8.003793e+00,2.998943e+01,3.965742e+01,1.698000e+02
1.200213e+06,1.389136e+01,5.109348e+04,5.913597e-01,9.474199e-01,9.476822e-01,4.680594e-04,1.085230e-08,3.799374e+01,8.003793e+00,2.998995e+01,3.965813e+01,1.698000e+02
1.200223e+06,1.389148e+01,5.110348e+04,5.914755e-01,9.474215e-01,9.476823e-01,4.681679e-04,1.085230e-08,3.799391e+01,8.003793e+00,2.999012e+01,3.965826e+01,1.698009e+02
1.200233e+06,1.389159e+01,5.111348e+04,5.915912e-01,9.474372e-01,9.476824e-01,4.682764e-04,1.085230e-08,3.799288e+01,8.003793e+00,2.998909e+01,3.965665e+01,1.698049e+02
1.200243e+06,1.389171e+01,5.112348e+04,5.917070e-01,9.474529e-01,9.476825e-01,4.683850e-04,1.085230e-08,3.799186e+01,8.003793e+00,2.998806e+01,3.965504e+01,1.698089e+02
1.200253e+06,1.389182e+01,5.113348e+04,5.918227e-01,9.474686e-01,9.476826e-01,4.684935e-04,1.085230e-08,3.799083e+01,8.003793e+00,2.998704e+01,3.965343e+01,1.698129e+02
1.200263e+06,1.389194e+01,5.114348e+04,5.919384e-01,9.474843e-01,9.476827e-01,4.686020e-04,1.085229e-08,3.798980e+01,8.003793e+00,2.998601e+01,3.965182e+01,1.698169e+02
1.200273e+06,1.389205e+01,5.115348e+04,5.920542e-01,9.475000e-01,9.476828e-01,4.687106e-04,1.085229e-08,3.798877e+01,8.003793e+00,2.998498e+01,3.965021e+01,1.698209e+02
1.200283e+06,1.389217e+01,5.116348e+04,5.921699e-01,9.475157e-01,9.476829e-01,4.688191e-04,1.085229e-08,3.798775e+01,8.003793e+00,2.998395e+01,3.964860e+01,1.698249e+02
1.200293e+06,1.389229e+01,5.117348e+04,5.922857e-01,9.475315e-01,9.476830e-01,4.689276e-04,1.085229e-08,3.798672e+01,8.003793e+00,2.998293e+01,3.964699e+01,1.698289e+02
1.200303e+06,1.389240e+01,5.118348e+04,5.924014e-01,9.475472e-01,9.476831e-01,4.690362e-04,1.085229e-08,3.798569e+01,8.003793e+00,2.998190e+01,3.964538e+01,1.698329e+02
1.200313e+06,1.389252e+01,5.119349e+04,5.925172e-01,9.475629e-01,9.476832e-01,4.691447e-04,1.085229e-08,3.798466e+01,8.003793e+00,2.998087e+01,3.964377e+01,1.698369e+02
1.200323e+06,1.389263e+01,5.120349e+04,5.926329e-01,9.475786e-01,9.476833e-01,4.692532e-04,1.085229e-08,3.798364e+01,8.003793e+00,2.997984e+01,3.964216e+01,1.698409e+02
1.200333e+06,1.389275e+01,5.121349e+04,5.927487e-01,9.475943e-01,9.476834e-01,4.693617e-04,1.085229e-08,3.798261e+01,8.003793e+00,2.997882e+01,3.964056e+01,1.698449e+02
1.200343e+06,1.389286e+01,5.122349e+04,5.928644e-01,9.476100e-01,9.476835e-01,4.694703e-04,1.085229e-08,3.798158e+01,8.003793e+00,2.997779e+01,3.963895e+01,1.698489e+02
1.200353e+06,1.389298e+01,5.123349e+04,5.929802e-01,9.476258e-01,9.476836e-01,4.695788e-04,1.085228e-08,3.798055e+01,8.003793e+00,2.997676e+01,3.963734e+01,1.698529e+02
1.200363e+06,1.389310e+01,5.124349e+04,5.930959e-01,9.476415e-01,9.476837e-01,4.696873e-04,1.085228e-08,3.797953e+01,8.003793e+00,2.997573e+01,3.963573e+01,1.698570e+02
1.200373e+06,1.389321e+01,5.125349e+04,5.932117e-01,9.476572e-01,9.476838e-01,4.697959e-04,1.085228e-08,3.797850e+01,8.003793e+00,2.997471e+01,3.963412e+01,1.698610e+02
1.200383e+06,1.389333e+01,5.126349e+04,5.933274e-01,9.476729e-01,9.476839e-01,4.699044e-04,1.085228e-08,3.797747e+01,8.003793e+00,2.997368e+01,3.963251e+01,1.698650e+02
1.200393e+06,1.389344e+01,5.127349e+04,5.934432e-01,9.476886e-01,9.476840e-01,4.700129e-04,1.085228e-08,3.797644e+01,8.003793e+00,2.997265e+01,3.963090e+01,1.698690e+02
1.200403e+06,1.389356e+01,5.128349e+04,5.935589e-01,9.477043e-01,9.476841e-01,4.701215e-04,1.085228e-08,3.797542e+01,8.003793e+00,2.997162e+01,3.962929e+01,1.698730e+02
1.200413e+06,1.389367e+01,5.129349e+04,5.936747e-01,9.477201e-01,9.476842e-01,4.702300e-04,1.085228e-08,3.797439e+01,8.003793e+00,2.997060e+01,3.962768e+01,1.698770e+02
1.200423e+06,1.389379e+01,5.130349e+04,5.937904e-01,9.477358e-01,9.476843e-01,4.703385e-04,1.085228e-08,3.797336e+01,8.003793e+00,2.996957e+01,3.962608e+01,1.698810e+02
1.200433e+06,1.389391e+01,5.131349e+04,5.939062e-01,9.477515e-01,9.476844e-01,4.704470e-04,1.085227e-08,3.797233e+01,8.003793e+00,2.996854e+01,3.962447e+01,1.698850e+02
1.200443e+06,1.389402e+01,5.132349e+04,5.940219e-01,9.477672e-01,9.476845e-01,4.705556e-04,1.085227e-08,3.797131e+01,8.003793e+00,2.996751e+01,3.962286e+01,1.698890e+02
1.200453e+06,1.389414e+01,5.133349e+04,5.941377e-01,9.477829e-01,9.476847e-01,4.706641e-04,1.085227e-08,3.797028e+01,8.003793e+00,2.996649e+01,3.962125e+01,1.698930e+02
1.200463e+06,1.389425e+01,5.134350e+04,5.942534e-01,9.477986e-01,9.476848e-01,4.707726e-04,1.085227e-08,3.796925e+01,8.003793e+00,2.996546e+01,3.961964e+01,1.698970e+02
1.200473e+06,1.389437e+01,5.135350e+04,5.943692e-01,9.478091e-01,9.476849e-01,4.708812e-04,1.085227e-08,3.796874e+01,8.003793e+00,2.996495e+01,3.961876e+01,1.699010e+02
1.200483e+06,1.389448e+01,5.136350e+04,5.944849e-01,9.478039e-01,9.476850e-01,4.709897e-04,1.085227e-08,3.796977e+01,8.003793e+00,2.996598e+01,3.962001e+01,1.699050e+02
1.200493e+06,1.389460e+01,5.137350e+04,5.946007e-01,9.477987e-01,9.476851e-01,4.710982e-04,1.085227e-08,3.797080e+01,8.003793e+00,2.996700e+01,3.962127e+01,1.699090e+02
1.200503e+06,1.389472e+01,5.138350e+04,5.947164e-01,9.477936e-01,9.476852e-01,4.712068e-04,1.085227e-08,3.797182e+01,8.003793e+00,2.996803e+01,3.962253e+01,1.699130e+02
1.200513e+06,1.389483e+01,5.139350e+04,5.948322e-01,9.477884e-01,9.476853e-01,4.713153e-04,1.085227e-08,3.797285e+01,8.003793e+00,2.996906e+01,3.962378e+01,1.699170e+02
1.200523e+06,1.389495e+01,5.140350e+04,5.949479e-01,9.477832e-01,9.476854e-01,4.714238e-04,1.085226e-08,3.797388e+01,8.003793e+00,2.997009e+01,3.962504e+01,1.699210e+02
1.200534e+06,1.389506e+01,5.141350e+04,5.950637e-01,9.477781e-01,9.476855e-01,4.715323e-04,1.085226e-08,3.797491e+01,8.003793e+00,2.997111e+01,3.962630e+01,1.699250e+02
1.200544e+06,1.389518e+01,5.142350e+04,5.951794e-01,9.477729e-01,9.476856e-01,4.716409e-04,1.085226e-08,3.797593e+01,8.003793e+00,2.997214e+01,3.962755e+01,1.699290e+02
1.200554e+06,1.389530e+01,5.143350e+04,5.952952e-01,9.477677e-01,9.476857e-01,4.717494e-04,1.085226e-08,3.797696e+01,8.003793e+00,2.997317e+01,3.962881e+01,1.699331e+02
1.200564e+06,1.389541e+01,5.144350e+04,5.954109e-01,9.477626e-01,9.476858e-01,4.718579e-04,1.085226e-08,3.797799e+01,8.003793e+00,2.997420e+01,3.963007e+01,1.699371e+02
1.200574e+06,1.389553e+01,5.145350e+04,5.955267e-01,9.477574e-01,9.476859e-01,4.719665e-04,1.085226e-08,3.797902e+01,8.003793e+00,2.997522e+01,3.963132e+01,1.699411e+02
1.200584e+06,1.389564e+01,5.146350e+04,5.956424e-01,9.477522e-01,9.476860e-01,4.720750e-04,1.085226e-08,3.798004e+01,8.003793e+00,2.997625e+01,3.963258e+01,1.699451e+02
1.200594e+06,1.389576e+01,5.147350e+04,5.957582e-01,9.477470e-01,9.476861e-01,4.721835e-04,1.085226e-08,3.798107e+01,8.003793e+00,2.997728e+01,3.963384e+01,1.699491e+02
1.200604e+06,1.389587e+01,5.148351e+04,5.958739e-01,9.477419e-01,9.476862e-01,4.722921e-04,1.085225e-08,3.798210e+01,8.003793e+00,2.997831e+01,3.963509e+01,1.699531e+02
1.200614e+06,1.389599e+01,5.149351e+04,5.959897e-01,9.477367e-01,9.476863e-01,4.724006e-04,1.085225e-08,3.798313e+01,8.003793e+00,2.997933e+01,3.963635e+01,1.699571e+02
1.200624e+06,1.389611e+01,5.150351e+04,5.961054e-01,9.477315e-01,9.476864e-01,4.725091e-04,1.085225e-08,3.798415e+01,8.003793e+00,2.998036e+01,3.963761e+01,1.699611e+02
1.200634e+06,1.389622e+01,5.151351e+04,5.962211e-01,9.477264e-01,9.476865e-01,4.726176e-04,1.085225e-08,3.798518e+01,8.003793e+00,2.998139e+01,3.963886e+01,1.699651e+02
1.200644e+06,1.389634e+01,5.152351e+04,5.963369e-01,9.477212e-01,9.476866e-01,4.727262e-04,1.085225e-08,3.798621e+01,8.003793e+00,2.998242e+01,3.964012e+01,1.699691e+02
1.200654e+06,1.389645e+01,5.153351e+04,5.964526e-01,9.477160e-01,9.476867e-01,4.728347e-04,1.085225e-08,3.798724e+01,8.003793e+00,2.998344e+01,3.964138e+01,1.699731e+02
1.200664e+06,1.389657e+01,5.154351e+04,5.965684e-01,9.477109e-01,9.476868e-01,4.729432e-04,1.085225e-08,3.798826e+01,8.003793e+00,2.998447e+01,3.964263e+01,1.699771e+02
1.200674e+06,1.389668e+01,5.155351e+04,5.966841e-01,9.477057e-01,9.476869e-01,4.730518e-04,1.085225e-08,3.798929e+01,8.003793e+00,2.998550e+01,3.964389e+01,1.699811e+02
1.200684e+06,1.389680e+01,5.156351e+04,5.967999e-01,9.477005e-01,9.476870e-01,4.731603e-04,1.085224e-08,3.799032e+01,8.003793e+00,2.998653e+01,3.964515e+01,1.699851e+02
1.200694e+06,1.389692e+01,5.157351e+04,5.969156e-01,9.476954e-01,9.476871e-01,4.732688e-04,1.085224e-08,3.799135e+01,8.003793e+00,2.998755e+01,3.964640e+01,1.699891e+02
1.200704e+06,1.389703e+01,5.158351e+04,5.970314e-01,9.476902e-01,9.476872e-01,4.733774e-04,1.085224e-08,3.799237e+01,8.003793e+00,2.998858e+01,3.964766e+01,1.699931e+02
1.200714e+06,1.389715e+01,5.159351e+04,5.971471e-01,9.476832e-01,9.476873e-01,4.734859e-04,1.085224e-08,3.799340e+01,8.003793e+00,2.998961e+01,3.964898e+01,1.699971e+02
1.200724e+06,1.389726e+01,5.160351e+04,5.972629e-01,9.476735e-01,9.476874e-01,4.735944e-04,1.085224e-08,3.799407e+01,8.003793e+00,2.999027e+01,3.965000e+01,1.699989e+02
1.200734e+06,1.389738e+01,5.161351e+04,5.973786e-01,9.476687e-01,9.476875e-01,4.737029e-04,1.085224e-08,3.799381e+01,8.003793e+00,2.999002e+01,3.964989e+01,1.699949e+02
1.200744e+06,1.389749e+01,5.162351e+04,5.974944e-01,9.476639e-01,9.476876e-01,4.738115e-04,1.085224e-08,3.799355e+01,8.003793e+00,2.998976e+01,3.964978e+01,1.699909e+02
1.200754e+06,1.389761e+01,5.163352e+04,5.976101e-01,9.476590e-01,9.476877e-01,4.739200e-04,1.085224e-08,3.799330e+01,8.003793e+00,2.998950e+01,3.964967e+01,1.699869e+02
1.200764e+06,1.389773e+01,5.164352e+04,5.977259e-01,9.476542e-01,9.476878e-01,4.740285e-04,1.085224e-08,3.799304e+01,8.003793e+00,2.998925e+01,3.964957e+01,1.699829e+02
1.200774e+06,1.389784e+01,5.165352e+04,5.978416e-01,9.476493e-01,9.476879e-01,4.741371e-04,1.085223e-08,3.799279e+01,8.003793e+00,2.998899e+01,3.964946e+01,1.699789e+02
1.200784e+06,1.389796e+01,5.166352e+04,5.979574e-01,9.476445e-01,9.476880e-01,4.742456e-04,1.085223e-08,3.799253e+01,8.003793e+00,2.998874e+01,3.964935e+01,1.699749e+02
1.200794e+06,1.389807e+01,5.167352e+04,5.980731e-01,9.476396e-01,9.476881e-01,4.743541e-04,1.085223e-08,3.799227e+01,8.003793e+00,2.998848e+01,3.964924e+01,1.699709e+02
1.200804e+06,1.389819e+01,5.168352e+04,5.981889e-01,9.476348e-01,9.476883e-01,4.744627e-04,1.085223e-08,3.799202e+01,8.003793e+00,2.998822e+01,3.964913e+01,1.699669e+02
1.200814e+06,1.389830e+01,5.169352e+04,5.983046e-01,9.476300e-01,9.476884e-01,4.745712e-04,1.085223e-08,3.799176e+01,8.003793e+00,2.998797e+01,3.964902e+01,1.699629e+02
1.200824e+06,1.389842e+01,5.170352e+04,5.984204e-01,9.476251e-01,9.476885e-01,4.746797e-04,1.085223e-08,3.799151e+01,8.003793e+00,2.998771e+01,3.964891e+01,1.699590e+02
1.200834e+06,1.389854e+01,5.171352e+04,5.985361e-01,9.476203e-01,9.476886e-01,4.747882e-04,1.085223e-08,3.799125e+01,8.003793e+00,2.998746e+01,3.964881e+01,1.699550e+02
1.200844e+06,1.389865e+01,5.172352e+04,5.986519e-01,9.476154e-01,9.476887e-01,4.748968e-04,1.085223e-08,3.799099e+01,8.003793e+00,2.998720e+01,3.964870e+01,1.699510e+02
1.200854e+06,1.389877e+01,5.173352e+04,5.987676e-01,9.476106e-01,9.476888e-01,4.750053e-04,1.085222e-08,3.799074e+01,8.003793e+00,2.998694e+01,3.964859e+01,1.699470e+02
1.200864e+06,1.389888e+01,5.174352e+04,5.988834e-01,9.476057e-01,9.476889e-01,4.751138e-04,1.085222e-08,3.799048e+01,8.003793e+00,2.998669e+01,3.964848e+01,1.699430e+02
1.200874e+06,1.389900e+01,5.175352e+04,5.989991e-01,9.476009e-01,9.476890e-01,4.752224e-04,1.085222e-08,3.799023e+01,8.003793e+00,2.998643e+01,3.964837e+01,1.699390e+02
1.200884e+06,1.389911e+01,5.176352e+04,5.991149e-01,9.475961e-01,9.476891e-01,4.753309e-04,1.085222e-08,3.798997e+01,8.003793e+00,2.998618e+01,3.964826e+01,1.699350e+02
1.200894e+06,1.389923e+01,5.177352e+04,5.992306e-01,9.475912e-01,9.476892e-01,4.754394e-04,1.085222e-08,3.798971e+01,8.003793e+00,2.998592e+01,3.964816e+01,1.699310e+02
1.200904e+06,1.389935e+01,5.178353e+04,5.993464e-01,9.475864e-01,9.476893e-01,4.755479e-04,1.085222e-08,3.798946e+01,8.003793e+00,2.998566e+01,3.964805e+01,1.699270e+02
1.200914e+06,1.389946e+01,5.179353e+04,5.994621e-01,9.475815e-01,9.476894e-01,4.756565e-04,1.085222e-08,3.798920e+01,8.003793e+00,2.998541e+01,3.964794e+01,1.699230e+02
1.200924e+06,1.389958e+01,5.180353e+04,5.995779e-01,9.475767e-01,9.476895e-01,4.757650e-04,1.085222e-08,3.798895e+01,8.003793e+00,2.998515e+01,3.964783e+01,1.699190e+02
1.200934e+06,1.389969e+01,5.181353e+04,5.996936e-01,9.475718e-01,9.476896e-01,4.758735e-04,1.085222e-08,3.798869e+01,8.003793e+00,2.998490e+01,3.964772e+01,1.699150e+02
1.200944e+06,1.389981e+01,5.182353e+04,5.998094e-01,9.475670e-01,9.476897e-01,4.759821e-04,1.085221e-08,3.798843e+01,8.003793e+00,2.998464e+01,3.964761e+01,1.699111e+02
1.200954e+06,1.389993e+01,5.183353e+04,5.999251e-01,9.475622e-01,9.476898e-01,4.760906e-04,1.085221e-08,3.798818e+01,8.003793e+00,2.998438e+01,3.964751e+01,1.699071e+02
1.200964e+06,1.390004e+01,5.184353e+04,6.000409e-01,9.475566e-01,9.476899e-01,4.761991e-04,1.085221e-08,3.798792e+01,8.003793e+00,2.998413e+01,3.964742e+01,1.699031e+02
1.200974e+06,1.390016e+01,5.185353e+04,6.001566e-01,9.475482e-01,9.476900e-01,4.763077e-04,1.085221e-08,3.798741e+01,8.003793e+00,2.998362e+01,3.964716e+01,1.698982e+02
1.200984e+06,1.390027e+01,5.186353e+04,6.002723e-01,9.475387e-01,9.476901e-01,4.764162e-04,1.085221e-08,3.798604e+01,8.003793e+00,2.998225e+01,3.964603e+01,1.698901e+02
1.200994e+06,1.390039e+01,5.187353e+04,6.003881e-01,9.475292e-01,9.476902e-01,4.765247e-04,1.085221e-08,3.798467e+01,8.003793e+00,2.998088e+01,3.964490e+01,1.698821e+02
1.201004e+06,1.390050e+01,5.188353e+04,6.005038e-01,9.475197e-01,9.476903e-01,4.766332e-04,1.085221e-08,3.798330e+01,8.003793e+00,2.997951e+01,3.964378e+01,1.698741e+02
1.201014e+06,1.390062e+01,5.189353e+04,6.006196e-01,9.475102e-01,9.476904e-01,4.767418e-04,1.085221e-08,3.798193e+01,8.003793e+00,2.997814e+01,3.964265e+01,1.698661e+02
1.201024e+06,1.390074e+01,5.190353e+04,6.007353e-01,9.475006e-01,9.476905e-01,4.768503e-04,1.085220e-08,3.798056e+01,8.003793e+00,2.997677e+01,3.964152e+01,1.698581e+02
1.201034e+06,1.390085e+01,5.191353e+04,6.008511e-01,9.474911e-01,9.476906e-01,4.769588e-04,1.085220e-08,3.797919e+01,8.003793e+00,2.997540e+01,3.964039e+01,1.698501e+02
1.201044e+06,1.390097e+01,5.192354e+04,6.009668e-01,9.474816e-01,9.476907e-01,4.770674e-04,1.085220e-08,3.797782e+01,8.003793e+00,2.997403e+01,3.963926e+01,1.698421e+02
1.201054e+06,1.390108e+01,5.193354e+04,6.010826e-01,9.474721e-01,9.476908e-01,4.771759e-04,1.085220e-08,3.797645e+01,8.003793e+00,2.997266e+01,3.963813e+01,1.698341e+02
1.201064e+06,1.390120e+01,5.194354e+04,6.011983e-01,9.474626e-01,9.476909e-01,4.772844e-04,1.085220e-08,3.797508e+01,8.003793e+00,2.997129e+01,3.963700e+01,1.698261e+02
1.201074e+06,1.390131e+01,5.195354e+04,6.013141e-01,9.474531e-01,9.476910e-01,4.773930e-04,1.085220e-08,3.797371e+01,8.003793e+00,2.996992e+01,3.963588e+01,1.698181e+02
1.201084e+06,1.390143e+01,5.196354e+04,6.014298e-01,9.474436e-01,9.476911e-01,4.775015e-04,1.085220e-08,3.797234e+01,8.003793e+00,2.996855e+01,3.963475e+01,1.698100e+02
1.201094e+06,1.390155e+01,5.197354e+04,6.015456e-01,9.474341e-01,9.476912e-01,4.776100e-04,1.085220e-08,3.797097e+01,8.003793e+00,2.996718e+01,3.963362e+01,1.698020e+02
1.201104e+06,1.390166e+01,5.198354e+04,6.016613e-01,9.474246e-01,9.476913e-01,4.777185e-04,1.085220e-08,3.796960e+01,8.003793e+00,2.996581e+01,3.963249e+01,1.697940e+02
1.201114e+06,1.390178e+01,5.199354e+04,6.017771e-01,9.474151e-01,9.476914e-01,4.778271e-04,1.085219e-08,3.796823e+01,8.003793e+00,2.996444e+01,3.963136e+01,1.697860e+02
1.201124e+06,1.390189e+01,5.200354e+04,6.018928e-01,9.474056e-01,9.476915e-01,4.779356e-04,1.085219e-08,3.796686e+01,8.003793e+00,2.996307e+01,3.963023e+01,1.697780e+02
1.201134e+06,1.390201e+01,5.201354e+04,6.020086e-01,9.473961e-01,9.476916e-01,4.780441e-04,1.085219e-08,3.796549e+01,8.003793e+00,2.996170e+01,3.962910e+01,1.697700e+02
1.201144e+06,1.390212e+01,5.202354e+04,6.021243e-01,9.473866e-01,9.476917e-01,4.781527e-04,1.085219e-08,3.796412e+01,8.003793e+00,2.996033e+01,3.962797e+01,1.697620e+02
1.201154e+06,1.390224e+01,5.203354e+04,6.022401e-01,9.473771e-01,9.476919e-01,4.782612e-04,1.085219e-08,3.796275e+01,8.003793e+00,2.995896e+01,3.962685e+01,1.697540e+02
1.201164e+06,1.390236e+01,5.204354e+04,6.023558e-01,9.473676e-01,9.476920e-01,4.783697e-04,1.085219e-08,3.796138e+01,8.003793e+00,2.995759e+01,3.962572e+01,1.697460e+02
1.201174e+06,1.390247e+01,5.205354e+04,6.024716e-01,9.473581e-01,9.476921e-01,4.784782e-04,1.085219e-08,3.796001e+01,8.003793e+00,2.995622e+01,3.962459e+01,1.697380e+02
1.201184e+06,1.390259e+01,5.206354e+04,6.025873e-01,9.473486e-01,9.476922e-01,4.785868e-04,1.085219e-08,3.795864e+01,8.003793e+00,2.995485e+01,3.962346e+01,1.697299e+02
1.201194e+06,1.390270e+01,5.207355e+04,6.027031e-01,9.473391e-01,9.476923e-01,4.786953e-04,1.085218e-08,3.795727e+01,8.003793e+00,2.995348e+01,3.962233e+01,1.697219e+02
1.201204e+06,1.390282e+01,5.208355e+04,6.028188e-01,9.473296e-01,9.476924e-01,4.788038e-04,1.085218e-08,3.795590e+01,8.003793e+00,2.995211e+01,3.962120e+01,1.697139e+02
1.201214e+06,1.390293e+01,5.209355e+04,6.029346e-01,9.473209e-01,9.476925e-01,4.789124e-04,1.085218e-08,3.795453e+01,8.003793e+00,2.995074e+01,3.962004e+01,1.697059e+02
1.201224e+06,1.390305e+01,5.210355e+04,6.030503e-01,9.473174e-01,9.476926e-01,4.790209e-04,1.085218e-08,3.795374e+01,8.003793e+00,2.994995e+01,3.961933e+01,1.696989e+02
1.201234e+06,1.390317e+01,5.211355e+04,6.031661e-01,9.473219e-01,9.476927e-01,4.791294e-04,1.085218e-08,3.795460e+01,8.003793e+00,2.995081e+01,3.962009e+01,1.696949e+02
1.201244e+06,1.390328e+01,5.212355e+04,6.032818e-01,9.473263e-01,9.476928e-01,4.792379e-04,1.085218e-08,3.795546e+01,8.003793e+00,2.995167e+01,3.962085e+01,1.696909e+02
1.201254e+06,1.390340e+01,5.213355e+04,6.033976e-01,9.473308e-01,9.476929e-01,4.793465e-04,1.085218e-08,3.795632e+01,8.003793e+00,2.995253e+01,3.962161e+01,1.696869e+02
1.201264e+06,1.390351e+01,5.214355e+04,6.035133e-01,9.473353e-01,9.476930e-01,4.794550e-04,1.085218e-08,3.795718e+01,8.003793e+00,2.995339e+01,3.962236e+01,1.696829e+02
1.201274e+06,1.390363e+01,5.215355e+04,6.036291e-01,9.473397e-01,9.476931e-01,4.795635e-04,1.085218e-08,3.795804e+01,8.003793e+00,2.995425e+01,3.962312e+01,1.696789e+02
1.201284e+06,1.390374e+01,5.216355e+04,6.037448e-01,9.473442e-01,9.476932e-01,4.796721e-04,1.085217e-08,3.795890e+01,8.003793e+00,2.995510e+01,3.962388e+01,1.696748e+02
1.201294e+06,1.390386e+01,5.217355e+04,6.038606e-01,9.473486e-01,9.476933e-01,4.797806e-04,1.085217e-08,3.795976e+01,8.003793e+00,2.995596e+01,3.962464e+01,1.696708e+02
1.201304e+06,1.390398e+01,5.218355e+04,6.039763e-01,9.473531e-01,9.476934e-01,4.798891e-04,1.085217e-08,3.796062e+01,8.003793e+00,2.995682e+01,3.962540e+01,1.696668e+02
1.201314e+06,1.390409e+01,5.219355e+04,6.040921e-01,9.473576e-01,9.476935e-01,4.799977e-04,1.085217e-08,3.796148e+01,8.003793e+00,2.995768e+01,3.962615e+01,1.696628e+02
1.201324e+06,1.390421e+01,5.220355e+04,6.042078e-01,9.473620e-01,9.476936e-01,4.801062e-04,1.085217e-08,3.796233e+01,8.003793e+00,2.995854e+01,3.962691e+01,1.696588e+02
1.201334e+06,1.390432e+01,5.221355e+04,6.043236e-01,9.473665e-01,9.476937e-01,4.802147e-04,1.085217e-08,3.796319e+01,8.003793e+00,2.995940e+01,3.962767e+01,1.696547e+02
1.201344e+06,1.390444e+01,5.222356e+04,6.044393e-01,9.473710e-01,9.476938e-01,4.803232e-04,1.085217e-08,3.796405e+01,8.003793e+00,2.996026e+01,3.962843e+01,1.696507e+02
1.201354e+06,1.390456e+01,5.223356e+04,6.045550e-01,9.473754e-01,9.476939e-01,4.804318e-04,1.085217e-08,3.796491e+01,8.003793e+00,2.996112e+01,3.962918e+01,1.696467e+02
1.201364e+06,1.390467e+01,5.224356e+04,6.046708e-01,9.473799e-01,9.476940e-01,4.805403e-04,1.085216e-08,3.796577e+01,8.003793e+00,2.996198e+01,3.962994e+01,1.696427e+02
1.201374e+06,1.390479e+01,5.225356e+04,6.047865e-01,9.473844e-01,9.476941e-01,4.806488e-04,1.085216e-08,3.796663e+01,8.003793e+00,2.996284e+01,3.963070e+01,1.696387e+02
1.201384e+06,1.390490e+01,5.226356e+04,6.049023e-01,9.473888e-01,9.476942e-01,4.807574e-04,1.085216e-08,3.796749e+01,8.003793e+00,2.996370e+01,3.963146e+01,1.696346e+02
1.201394e+06,1.390502e+01,5.227356e+04,6.050180e-01,9.473933e-01,9.476943e-01,4.808659e-04,1.085216e-08,3.796835e+01,8.003793e+00,2.996456e+01,3.963222e+01,1.696306e+02
1.201404e+06,1.390513e+01,5.228356e+04,6.051338e-01,9.473978e-01,9.476944e-01,4.809744e-04,1.085216e-08,3.796921e+01,8.003793e+00,2.996542e+01,3.963297e+01,1.696266e+02
1.201414e+06,1.390525e+01,5.229356e+04,6.052495e-01,9.474022e-01,9.476945e-01,4.810829e-04,1.085216e-08,3.797007e+01,8.003793e+00,2.996627e+01,3.963373e+01,1.696226e+02
1.201424e+06,1.390537e+01,5.230356e+04,6.053653e-01,9.474067e-01,9.476946e-01,4.811915e-04,1.085216e-08,3.797093e+01,8.003793e+00,2.996713e+01,3.963449e+01,1.696186e+02
1.201434e+06,1.390548e+01,5.231356e+04,6.054810e-01,9.474112e-01,9.476947e-01,4.813000e-04,1.085216e-08,3.797179e+01,8.003793e+00,2.996799e+01,3.963525e+01,1.696145e+02
1.201444e+06,1.390560e+01,5.232356e+04,6.055968e-01,9.474156e-01,9.476948e-01,4.814085e-04,1.085216e-08,3.797265e+01,8.003793e+00,2.996885e+01,3.963601e+01,1.696105e+02
1.201454e+06,1.390571e+01,5.233356e+04,6.057125e-01,9.474201e-01,9.476949e-01,4.815171e-04,1.085215e-08,3.797350e+01,8.003793e+00,2.996971e+01,3.963676e+01,1.696065e+02
1.201464e+06,1.390583e+01,5.234356e+04,6.058283e-01,9.474258e-01,9.476950e-01,4.816256e-04,1.085215e-08,3.797436e+01,8.003793e+00,2.997057e+01,3.963748e+01,1.696025e+02
1.201474e+06,1.390594e+01,5.235356e+04,6.059440e-01,9.474365e-01,9.476951e-01,4.817341e-04,1.085215e-08,3.797499e+01,8.003793e+00,2.997120e+01,3.963779e+01,1.696000e+02
1.201484e+06,1.390606e+01,5.236357e+04,6.060598e-01,9.474521e-01,9.476952e-01,4.818426e-04,1.085215e-08,3.797525e+01,8.003793e+00,2.997146e+01,3.963754e+01,1.696000e+02
1.201494e+06,1.390618e+01,5.237357e+04,6.061755e-01,9.474677e-01,9.476953e-01,4.819512e-04,1.085215e-08,3.797550e+01,8.003793e+00,2.997171e+01,3.963728e+01,1.696000e+02
1.201504e+06,1.390629e+01,5.238357e+04,6.062913e-01,9.474833e-01,9.476955e-01,4.820597e-04,1.085215e-08,3.797576e+01,8.003793e+00,2.997197e+01,3.963703e+01,1.696000e+02
1.201514e+06,1.390641e+01,5.239357e+04,6.064070e-01,9.474990e-01,9.476956e-01,4.821682e-04,1.085215e-08,3.797601e+01,8.003793e+00,2.997222e+01,3.963678e+01,1.696000e+02
1.201524e+06,1.390652e+01,5.240357e+04,6.065228e-01,9.475146e-01,9.476957e-01,4.822768e-04,1.085215e-08,3.797627e+01,8.003793e+00,2.997248e+01,3.963653e+01,1.696000e+02
1.201534e+06,1.390664e+01,5.241357e+04,6.066385e-01,9.475302e-01,9.476958e-01,4.823853e-04,1.085214e-08,3.797652e+01,8.003793e+00,2.997273e+01,3.963627e+01,1.696000e+02
1.201544e+06,1.390675e+01,5.242357e+04,6.067543e-01,9.475458e-01,9.476959e-01,4.824938e-04,1.085214e-08,3.797678e+01,8.003793e+00,2.997299e+01,3.963602e+01,1.696000e+02
1.201554e+06,1.390687e+01,5.243357e+04,6.068700e-01,9.475615e-01,9.476960e-01,4.826023e-04,1.085214e-08,3.797703e+01,8.003793e+00,2.997324e+01,3.963577e+01,1.696000e+02
1.201564e+06,1.390699e+01,5.244357e+04,6.069858e-01,9.475771e-01,9.476961e-01,4.827109e-04,1.085214e-08,3.797729e+01,8.003793e+00,2.997350e+01,3.963552e+01,1.696000e+02
1.201574e+06,1.390710e+01,5.245357e+04,6.071015e-01,9.475927e-01,9.476962e-01,4.828194e-04,1.085214e-08,3.797754e+01,8.003793e+00,2.997375e+01,3.963526e+01,1.696000e+02
1.201584e+06,1.390722e+01,5.246357e+04,6.072173e-01,9.476083e-01,9.476963e-01,4.829279e-04,1.085214e-08,3.797780e+01,8.003793e+00,2.997401e+01,3.963501e+01,1.696000e+02
1.201594e+06,1.390733e+01,5.247357e+04,6.073330e-01,9.476239e-01,9.476964e-01,4.830365e-04,1.085214e-08,3.797805e+01,8.003793e+00,2.997426e+01,3.963476e+01,1.696000e+02
1.201604e+06,1.390745e+01,5.248357e+04,6.074488e-01,9.476396e-01,9.476965e-01,4.831450e-04,1.085214e-08,3.797831e+01,8.003793e+00,2.997452e+01,3.963451e+01,1.696000e+02
1.201614e+06,1.390756e+01,5.249357e+04,6.075645e-01,9.476552e-01,9.476966e-01,4.832535e-04,1.085214e-08,3.797857e+01,8.003793e+00,2.997477e+01,3.963426e+01,1.696000e+02
1.201624e+06,1.390768e+01,5.250357e+04,6.076803e-01,9.476708e-01,9.476967e-01,4.833620e-04,1.085213e-08,3.797882e+01,8.003793e+00,2.997503e+01,3.963400e+01,1.696000e+02
1.201634e+06,1.390780e+01,5.251358e+04,6.077960e-01,9.476864e-01,9.476968e-01,4.834706e-04,1.085213e-08,3.797908e+01,8.003793e+00,2.997528e+01,3.963375e+01,1.696000e+02
1.201644e+06,1.390791e+01,5.252358e+04,6.079118e-01,9.477021e-01,9.476969e-01,4.835791e-04,1.085213e-08,3.797933e+01,8.003793e+00,2.997554e+01,3.963350e+01,1.696000e+02
1.201654e+06,1.390803e+01,5.253358e+04,6.080275e-01,9.477177e-01,9.476970e-01,4.836876e-04,1.085213e-08,3.797959e+01,8.003793e+00,2.997579e+01,3.963325e+01,1.696000e+02
1.201664e+06,1.390814e+01,5.254358e+04,6.081433e-01,9.477333e-01,9.476971e-01,4.837962e-04,1.085213e-08,3.797984e+01,8.003793e+00,2.997605e+01,3.963299e+01,1.696000e+02
1.201674e+06,1.390826e+01,5.255358e+04,6.082590e-01,9.477489e-01,9.476972e-01,4.839047e-04,1.085213e-08,3.798010e+01,8.003793e+00,2.997630e+01,3.963274e+01,1.696000e+02
1.201684e+06,1.390837e+01,5.256358e+04,6.083748e-01,9.477645e-01,9.476973e-01,4.840132e-04,1.085213e-08,3.798035e+01,8.003793e+00,2.997656e+01,3.963249e+01,1.696000e+02
1.201694e+06,1.390849e+01,5.257358e+04,6.084905e-01,9.477802e-01,9.476974e-01,4.841217e-04,1.085213e-08,3.798061e+01,8.003793e+00,2.997681e+01,3.963224e+01,1.696000e+02
1.201704e+06,1.390861e+01,5.258358e+04,6.086063e-01,9.477958e-01,9.476975e-01,4.842303e-04,1.085212e-08,3.798086e+01,8.003793e+00,2.997707e+01,3.963199e+01,1.696000e+02
1.201714e+06,1.390872e+01,5.259358e+04,6.087220e-01,9.478106e-01,9.476976e-01,4.843388e-04,1.085212e-08,3.798112e+01,8.003793e+00,2.997732e+01,3.963176e+01,1.696000e+02
1.201724e+06,1.390884e+01,5.260358e+04,6.088377e-01,9.478195e-01,9.476977e-01,4.844473e-04,1.085212e-08,3.798131e+01,8.003793e+00,2.997752e+01,3.963167e+01,1.695990e+02
1.201734e+06,1.390895e+01,5.261358e+04,6.089535e-01,9.478173e-01,9.476978e-01,4.845559e-04,1.085212e-08,3.798131e+01,8.003793e+00,2.997752e+01,3.963174e+01,1.695950e+02
1.201744e+06,1.390907e+01,5.262358e+04,6.090692e-01,9.478150e-01,9.476979e-01,4.846644e-04,1.085212e-08,3.798131e+01,8.003793e+00,2.997752e+01,3.963182e+01,1.695910e+02
1.201754e+06,1.390918e+01,5.263358e+04,6.091850e-01,9.478127e-01,9.476980e-01,4.847729e-04,1.085212e-08,3.798131e+01,8.003793e+00,2.997752e+01,3.963190e+01,1.695870e+02
1.201764e+06,1.390930e+01,5.264358e+04,6.093007e-01,9.478104e-01,9.476981e-01,4.848814e-04,1.085212e-08,3.798131e+01,8.003793e+00,2.997752e+01,3.963197e+01,1.695830e+02
1.201774e+06,1.390942e+01,5.265358e+04,6.094165e-01,9.478082e-01,9.476982e-01,4.849900e-04,1.085212e-08,3.798131e+01,8.003793e+00,2.997752e+01,3.963205e+01,1.695789e+02
1.201784e+06,1.390953e+01,5.266359e+04,6.095322e-01,9.478059e-01,9.476983e-01,4.850985e-04,1.085212e-08,3.798131e+01,8.003793e+00,2.997752e+01,3.963212e+01,1.695749e+02
1.201794e+06,1.390965e+01,5.267359e+04,6.096480e-01,9.478036e-01,9.476984e-01,4.852070e-04,1.085211e-08,3.798131e+01,8.003793e+00,2.997752e+01,3.963220e+01,1.695709e+02
1.201804e+06,1.390976e+01,5.268359e+04,6.097637e-01,9.478014e-01,9.476985e-01,4.853156e-04,1.085211e-08,3.798131e+01,8.003793e+00,2.997752e+01,3.963227e+01,1.695669e+02
1.201814e+06,1.390988e+01,5.269359e+04,6.098795e-01,9.477991e-01,9.476986e-01,4.854241e-04,1.085211e-08,3.798131e+01,8.003793e+00,2.997752e+01,3.963235e+01,1.695629e+02
1.201824e+06,1.391000e+01,5.270359e+04,6.099952e-01,9.477968e-01,9.476987e-01,4.855326e-04,1.085211e-08,3.798131e+01,8.003793e+00,2.997752e+01,3.963243e+01,1.695588e+02
1.201834e+06,1.391011e+01,5.271359e+04,6.101110e-01,9.477945e-01,9.476988e-01,4.856411e-04,1.085211e-08,3.798131e+01,8.003793e+00,2.997752e+01,3.963250e+01,1.695548e+02
1.201844e+06,1.391023e+01,5.272359e+04,6.102267e-01,9.477923e-01,9.476989e-01,4.857497e-04,1.085211e-08,3.798131e+01,8.003793e+00,2.997752e+01,3.963258e+01,1.695508e+02
1.201854e+06,1.391034e+01,5.273359e+04,6.103425e-01,9.477900e-01,9.476991e-01,4.858582e-04,1.085211e-08,3.798131e+01,8.003793e+00,2.997752e+01,3.963265e+01,1.695468e+02
1.201864e+06,1.391046e+01,5.274359e+04,6.104582e-01,9.477877e-01,9.476992e-01,4.859667e-04,1.085211e-08,3.798131e+01,8.003793e+00,2.997752e+01,3.963273e+01,1.695428e+02
1.201874e+06,1.391057e+01,5.275359e+04,6.105740e-01,9.477854e-01,9.476993e-01,4.860753e-04,1.085210e-08,3.798131e+01,8.003793e+00,2.997752e+01,3.963280e+01,1.695388e+02
1.201884e+06,1.391069e+01,5.276359e+04,6.106897e-01,9.477832e-01,9.476994e-01,4.861838e-04,1.085210e-08,3.798131e+01,8.003793e+00,2.997752e+01,3.963288e+01,1.695347e+02
1.201894e+06,1.391081e+01,5.277359e+04,6.108055e-01,9.477809e-01,9.476995e-01,4.862923e-04,1.085210e-08,3.798131e+01,8.003793e+00,2.997752e+01,3.963296e+01,1.695307e+02
1.201904e+06,1.391092e+01,5.278359e+04,6.109212e-01,9.477786e-01,9.476996e-01,4.864008e-04,1.085210e-08,3.798131e+01,8.003793e+00,2.997752e+01,3.963303e+01,1.695267e+02
1.201914e+06,1.391104e+01,5.279359e+04,6.110370e-01,9.477764e-01,9.476997e-01,4.865094e-04,1.085210e-08,3.798131e+01,8.003793e+00,2.997752e+01,3.963311e+01,1.695227e+02
1.201924e+06,1.391115e+01,5.280360e+04,6.111527e-01,9.477741e-01,9.476998e-01,4.866179e-04,1.085210e-08,3.798131e+01,8.003793e+00,2.997752e+01,3.963318e+01,1.695187e+02
1.201934e+06,1.391127e+01,5.281360e+04,6.112685e-01,9.477718e-01,9.476999e-01,4.867264e-04,1.085210e-08,3.798131e+01,8.003793e+00,2.997752e+01,3.963326e+01,1.695146e+02
1.201944e+06,1.391138e+01,5.282360e+04,6.113842e-01,9.477695e-01,9.477000e-01,4.868350e-04,1.085210e-08,3.798131e+01,8.003793e+00,2.997752e+01,3.963334e+01,1.695106e+02
1.201954e+06,1.391150e+01,5.283360e+04,6.115000e-01,9.477673e-01,9.477001e-01,4.869435e-04,1.085210e-08,3.798131e+01,8.003793e+00,2.997752e+01,3.963341e+01,1.695066e+02
1.201964e+06,1.391162e+01,5.284360e+04,6.116157e-01,9.477662e-01,9.477002e-01,4.870520e-04,1.085209e-08,3.798131e+01,8.003793e+00,2.997752e+01,3.963345e+01,1.695026e+02
1.201974e+06,1.391173e+01,5.285360e+04,6.117315e-01,9.477641e-01,9.477003e-01,4.871605e-04,1.085209e-08,3.798149e+01,8.003884e+00,2.997761e+01,3.963371e+01,1.695000e+02
1.201984e+06,1.391185e+01,5.286360e+04,6.118472e-01,9.477565e-01,9.477004e-01,4.872691e-04,1.085209e-08,3.798201e+01,8.004137e+00,2.997787e+01,3.963448e+01,1.695000e+02
1.201994e+06,1.391196e+01,5.287360e+04,6.119630e-01,9.477490e-01,9.477005e-01,4.873776e-04,1.085209e-08,3.798252e+01,8.004390e+00,2.997813e+01,3.963526e+01,1.695000e+02
1.202004e+06,1.391208e+01,5.288360e+04,6.120787e-01,9.477415e-01,9.477006e-01,4.874861e-04,1.085209e-08,3.798303e+01,8.004644e+00,2.997839e+01,3.963604e+01,1.695000e+02
1.202014e+06,1.391219e+01,5.289360e+04,6.121945e-01,9.477339e-01,9.477007e-01,4.875947e-04,1.085209e-08,3.798354e+01,8.004897e+00,2.997864e+01,3.963682e+01,1.695000e+02
1.202024e+06,1.391231e+01,5.290360e+04,6.123102e-01,9.477264e-01,9.477008e-01,4.877032e-04,1.085209e-08,3.798405e+01,8.005150e+00,2.997890e+01,3.963760e+01,1.695000e+02
1.202034e+06,1.391243e+01,5.291360e+04,6.124260e-01,9.477189e-01,9.477009e-01,4.878117e-04,1.085209e-08,3.798457e+01,8.005403e+00,2.997916e+01,3.963837e+01,1.695000e+02
1.202044e+06,1.391254e+01,5.292360e+04,6.125417e-01,9.477113e-01,9.477010e-01,4.879202e-04,1.085208e-08,3.798508e+01,8.005657e+00,2.997942e+01,3.963915e+01,1.695000e+02
1.202054e+06,1.391266e+01,5.293360e+04,6.126575e-01,9.477038e-01,9.477011e-01,4.880288e-04,1.085208e-08,3.798559e+01,8.005910e+00,2.997968e+01,3.963993e+01,1.695000e+02
1.202064e+06,1.391277e+01,5.294360e+04,6.127732e-01,9.476963e-01,9.477012e-01,4.881373e-04,1.085208e-08,3.798610e+01,8.006163e+00,2.997994e+01,3.964071e+01,1.695000e+02
1.202074e+06,1.391289e+01,5.295361e+04,6.128889e-01,9.476887e-01,9.477013e-01,4.882458e-04,1.085208e-08,3.798661e+01,8.006416e+00,2.998020e+01,3.964148e+01,1.695000e+02
1.202084e+06,1.391300e+01,5.296361e+04,6.130047e-01,9.476812e-01,9.477014e-01,4.883544e-04,1.085208e-08,3.798713e+01,8.006669e+00,2.998046e+01,3.964226e+01,1.695000e+02
1.202094e+06,1.391312e+01,5.297361e+04,6.131204e-01,9.476737e-01,9.477015e-01,4.884629e-04,1.085208e-08,3.798764e+01,8.006923e+00,2.998071e+01,3.964304e+01,1.695000e+02
1.202104e+06,1.391324e+01,5.298361e+04,6.132362e-01,9.476661e-01,9.477016e-01,4.885714e-04,1.085208e-08,3.798815e+01,8.007176e+00,2.998097e+01,3.964382e+01,1.695000e+02
1.202114e+06,1.391335e+01,5.299361e+04,6.133519e-01,9.476586e-01,9.477017e-01,4.886799e-04,1.085208e-08,3.798866e+01,8.007429e+00,2.998123e+01,3.964460e+01,1.695000e+02
1.202124e+06,1.391347e+01,5.300361e+04,6.134677e-01,9.476511e-01,9.477018e-01,4.887885e-04,1.085208e-08,3.798917e+01,8.007682e+00,2.998149e+01,3.964537e+01,1.695000e+02
1.202134e+06,1.391358e+01,5.301361e+04,6.135834e-01,9.476435e-01,9.477019e-01,4.888970e-04,1.085207e-08,3.798969e+01,8.007936e+00,2.998175e+01,3.964615e+01,1.695000e+02
1.202144e+06,1.391370e+01,5.302361e+04,6.136992e-01,9.476360e-01,9.477020e-01,4.890055e-04,1.085207e-08,3.799020e+01,8.008189e+00,2.998201e+01,3.964693e+01,1.695000e+02
1.202154e+06,1.391381e+01,5.303361e+04,6.138149e-01,9.476285e-01,9.477021e-01,4.891141e-04,1.085207e-08,3.799071e+01,8.008442e+00,2.998227e+01,3.964771e+01,1.695000e+02
1.202164e+06,1.391393e+01,5.304361e+04,6.139307e-01,9.476209e-01,9.477022e-01,4.892226e-04,1.085207e-08,3.799122e+01,8.008695e+00,2.998253e+01,3.964848e+01,1.695000e+02
1.202174e+06,1.391405e+01,5.305361e+04,6.140464e-01,9.476134e-01,9.477023e-01,4.893311e-04,1.085207e-08,3.799173e+01,8.008949e+00,2.998278e+01,3.964926e+01,1.695000e+02
1.202184e+06,1.391416e+01,5.306361e+04,6.141622e-01,9.476059e-01,9.477024e-01,4.894396e-04,1.085207e-08,3.799225e+01,8.009202e+00,2.998304e+01,3.965004e+01,1.695000e+02
1.202194e+06,1.391428e+01,5.307361e+04,6.142779e-01,9.475983e-01,9.477025e-01,4.895482e-04,1.085207e-08,3.799276e+01,8.009455e+00,2.998330e+01,3.965082e+01,1.695000e+02
1.202204e+06,1.391439e+01,5.308361e+04,6.143937e-01,9.475908e-01,9.477027e-01,4.896567e-04,1.085207e-08,3.799327e+01,8.009708e+00,2.998356e+01,3.965160e+01,1.695000e+02
1.202214e+06,1.391451e+01,5.309361e+04,6.145094e-01,9.475842e-01,9.477028e-01,4.897652e-04,1.085206e-08,3.799378e+01,8.009962e+00,2.998382e+01,3.965234e+01,1.695000e+02
1.202224e+06,1.391463e+01,5.310362e+04,6.146252e-01,9.475847e-01,9.477029e-01,4.898738e-04,1.085206e-08,3.799414e+01,8.010138e+00,2.998400e+01,3.965269e+01,1.695012e+02
1.202234e+06,1.391474e+01,5.311362e+04,6.147409e-01,9.475960e-01,9.477030e-01,4.899823e-04,1.085206e-08,3.799414e+01,8.010138e+00,2.998400e+01,3.965231e+01,1.695052e+02
1.202244e+06,1.391486e+01,5.312362e+04,6.148567e-01,9.476073e-01,9.477031e-01,4.900908e-04,1.085206e-08,3.799414e+01,8.010138e+00,2.998400e+01,3.965194e+01,1.695092e+02
1.202254e+06,1.391497e+01,5.313362e+04,6.149724e-01,9.476187e-01,9.477032e-01,4.901993e-04,1.085206e-08,3.799414e+01,8.010138e+00,2.998400e+01,3.965156e+01,1.695132e+02
1.202264e+06,1.391509e+01,5.314362e+04,6.150882e-01,9.476300e-01,9.477033e-01,4.903079e-04,1.085206e-08,3.799414e+01,8.010138e+00,2.998400e+01,3.965118e+01,1.695172e+02
1.202274e+06,1.391520e+01,5.315362e+04,6.152039e-01,9.476413e-01,9.477034e-01,4.904164e-04,1.085206e-08,3.799414e+01,8.010138e+00,2.998400e+01,3.965080e+01,1.695212e+02
1.202284e+06,1.391532e+01,5.316362e+04,6.153197e-01,9.476527e-01,9.477035e-01,4.905249e-04,1.085206e-08,3.799414e+01,8.010138e+00,2.998400e+01,3.965042e+01,1.695252e+02
1.202294e+06,1.391544e+01,5.317362e+04,6.154354e-01,9.476640e-01,9.477036e-01,4.906334e-04,1.085206e-08,3.799414e+01,8.010138e+00,2.998400e+01,3.965004e+01,1.695292e+02
1.202304e+06,1.391555e+01,5.318362e+04,6.155512e-01,9.476753e-01,9.477037e-01,4.907420e-04,1.085205e-08,3.799414e+01,8.010138e+00,2.998400e+01,3.964967e+01,1.695331e+02
1.202314e+06,1.391567e+01,5.319362e+04,6.156669e-01,9.476867e-01,9.477038e-01,4.908505e-04,1.085205e-08,3.799414e+01,8.010138e+00,2.998400e+01,3.964929e+01,1.695371e+02
1.202324e+06,1.391578e+01,5.320362e+04,6.157827e-01,9.476980e-01,9.477039e-01,4.909590e-04,1.085205e-08,3.799414e+01,8.010138e+00,2.998400e+01,3.964891e+01,1.695411e+02
1.202334e+06,1.391590e+01,5.321362e+04,6.158984e-01,9.477093e-01,9.477040e-01,4.910676e-04,1.085205e-08,3.799414e+01,8.010138e+00,2.998400e+01,3.964853e+01,1.695451e+02
1.202344e+06,1.391601e+01,5.322362e+04,6.160142e-01,9.477207e-01,9.477041e-01,4.911761e-04,1.085205e-08,3.799414e+01,8.010138e+00,2.998400e+01,3.964815e+01,1.695491e+02
1.202354e+06,1.391613e+01,5.323362e+04,6.161299e-01,9.477320e-01,9.477042e-01,4.912846e-04,1.085205e-08,3.799414e+01,8.010138e+00,2.998400e+01,3.964777e+01,1.695531e+02
1.202364e+06,1.391625e+01,5.324362e+04,6.162457e-01,9.477433e-01,9.477043e-01,4.913931e-04,1.085205e-08,3.799414e+01,8.010138e+00,2.998400e+01,3.964740e+01,1.695571e+02
1.202374e+06,1.391636e+01,5.325363e+04,6.163614e-01,9.477547e-01,9.477044e-01,4.915017e-04,1.085205e-08,3.799414e+01,8.010138e+00,2.998400e+01,3.964702e+01,1.695611e+02
1.202384e+06,1.391648e+01,5.326363e+04,6.164772e-01,9.477660e-01,9.477045e-01,4.916102e-04,1.085204e-08,3.799414e+01,8.010138e+00,2.998400e+01,3.964664e+01,1.695651e+02
1.202394e+06,1.391659e+01,5.327363e+04,6.165929e-01,9.477774e-01,9.477046e-01,4.917187e-04,1.085204e-08,3.799414e+01,8.010138e+00,2.998400e+01,3.964626e+01,1.695691e+02
1.202404e+06,1.391671e+01,5.328363e+04,6.167087e-01,9.477887e-01,9.477047e-01,4.918273e-04,1.085204e-08,3.799414e+01,8.010138e+00,2.998400e+01,3.964588e+01,1.695731e+02
1.202414e+06,1.391682e+01,5.329363e+04,6.168244e-01,9.478000e-01,9.477048e-01,4.919358e-04,1.085204e-08,3.799414e+01,8.010138e+00,2.998400e+01,3.964550e+01,1.695770e+02
1.202424e+06,1.391694e+01,5.330363e+04,6.169402e-01,9.478114e-01,9.477049e-01,4.920443e-04,1.085204e-08,3.799414e+01,8.010138e+00,2.998400e+01,3.964512e+01,1.695810e+02
1.202434e+06,1.391706e+01,5.331363e+04,6.170559e-01,9.478227e-01,9.477050e-01,4.921528e-04,1.085204e-08,3.799414e+01,8.010138e+00,2.998400e+01,3.964475e+01,1.695850e+02
1.202444e+06,1.391717e+01,5.332363e+04,6.171716e-01,9.478340e-01,9.477051e-01,4.922614e-04,1.085204e-08,3.799414e+01,8.010138e+00,2.998400e+01,3.964437e+01,1.695890e+02
1.202454e+06,1.391729e+01,5.333363e+04,6.172874e-01,9.478454e-01,9.477052e-01,4.923699e-04,1.085204e-08,3.799414e+01,8.010138e+00,2.998400e+01,3.964399e+01,1.695930e+02
1.202464e+06,1.391740e+01,5.334363e+04,6.174031e-01,9.478567e-01,9.477053e-01,4.924784e-04,1.085204e-08,3.799414e+01,8.010138e+00,2.998400e+01,3.964361e+01,1.695970e+02
1.202474e+06,1.391752e+01,5.335363e+04,6.175189e-01,9.478668e-01,9.477054e-01,4.925869e-04,1.085203e-08,3.799414e+01,8.010138e+00,2.998400e+01,3.964327e+01,1.696010e+02
1.202484e+06,1.391763e+01,5.336363e+04,6.176346e-01,9.478732e-01,9.477055e-01,4.926955e-04,1.085203e-08,3.799414e+01,8.010138e+00,2.998400e+01,3.964306e+01,1.696050e+02
1.202494e+06,1.391775e+01,5.337363e+04,6.177504e-01,9.478796e-01,9.477056e-01,4.928040e-04,1.085203e-08,3.799414e+01,8.010138e+00,2.998400e+01,3.964285e+01,1.696090e+02
1.202504e+06,1.391787e+01,5.338363e+04,6.178661e-01,9.478860e-01,9.477057e-01,4.929125e-04,1.085203e-08,3.799414e+01,8.010138e+00,2.998400e+01,3.964263e+01,1.696130e+02
1.202514e+06,1.391798e+01,5.339364e+04,6.179819e-01,9.478924e-01,9.477058e-01,4.930211e-04,1.085203e-08,3.799414e+01,8.010138e+00,2.998400e+01,3.964242e+01,1.696170e+02
1.202524e+06,1.391810e+01,5.340364e+04,6.180976e-01,9.478989e-01,9.477059e-01,4.931296e-04,1.085203e-08,3.799414e+01,8.010138e+00,2.998400e+01,3.964220e+01,1.696210e+02
1.202534e+06,1.391821e+01,5.341364e+04,6.182134e-01,9.479053e-01,9.477060e-01,4.932381e-04,1.085203e-08,3.799414e+01,8.010138e+00,2.998400e+01,3.964199e+01,1.696250e+02
1.202544e+06,1.391833e+01,5.342364e+04,6.183291e-01,9.479117e-01,9.477061e-01,4.933466e-04,1.085203e-08,3.799414e+01,8.010138e+00,2.998400e+01,3.964178e+01,1.696290e+02
1.202554e+06,1.391844e+01,5.343364e+04,6.184449e-01,9.479181e-01,9.477063e-01,4.934552e-04,1.085202e-08,3.799414e+01,8.010138e+00,2.998400e+01,3.964156e+01,1.696330e+02
1.202564e+06,1.391856e+01,5.344364e+04,6.185606e-01,9.479245e-01,9.477064e-01,4.935637e-04,1.085202e-08,3.799414e+01,8.010138e+00,2.998400e+01,3.964135e+01,1.696370e+02
1.202574e+06,1.391868e+01,5.345364e+04,6.186764e-01,9.479309e-01,9.477065e-01,4.936722e-04,1.085202e-08,3.799414e+01,8.010138e+00,2.998400e+01,3.964114e+01,1.696411e+02
1.202584e+06,1.391879e+01,5.346364e+04,6.187921e-01,9.479373e-01,9.477066e-01,4.937808e-04,1.085202e-08,3.799414e+01,8.010138e+00,2.998400e+01,3.964092e+01,1.696451e+02
1.202594e+06,1.391891e+01,5.347364e+04,6.189079e-01,9.479437e-01,9.477067e-01,4.938893e-04,1.085202e-08,3.799414e+01,8.010138e+00,2.998400e+01,3.964071e+01,1.696491e+02
1.202604e+06,1.391902e+01,5.348364e+04,6.190236e-01,9.479501e-01,9.477068e-01,4.939978e-04,1.085202e-08,3.799414e+01,8.010138e+00,2.998400e+01,3.964049e+01,1.696531e+02
1.202614e+06,1.391914e+01,5.349364e+04,6.191394e-01,9.479565e-01,9.477069e-01,4.941063e-04,1.085202e-08,3.799414e+01,8.010138e+00,2.998400e+01,3.964028e+01,1.696571e+02
1.202624e+06,1.391926e+01,5.350364e+04,6.192551e-01,9.479629e-01,9.477070e-01,4.942149e-04,1.085202e-08,3.799414e+01,8.010138e+00,2.998400e+01,3.964007e+01,1.696611e+02
1.202634e+06,1.391937e+01,5.351364e+04,6.193709e-01,9.479693e-01,9.477071e-01,4.943234e-04,1.085202e-08,3.799414e+01,8.010138e+00,2.998400e+01,3.963985e+01,1.696651e+02
1.202644e+06,1.391949e+01,5.352364e+04,6.194866e-01,9.479758e-01,9.477072e-01,4.944319e-04,1.085201e-08,3.799414e+01,8.010138e+00,2.998400e+01,3.963964e+01,1.696691e+02
1.202654e+06,1.391960e+01,5.353364e+04,6.196024e-01,9.479822e-01,9.477073e-01,4.945404e-04,1.085201e-08,3.799414e+01,8.010138e+00,2.998400e+01,3.963943e+01,1.696731e+02
1.202664e+06,1.391972e+01,5.354365e+04,6.197181e-01,9.479886e-01,9.477074e-01,4.946490e-04,1.085201e-08,3.799414e+01,8.010138e+00,2.998400e+01,3.963921e+01,1.696771e+02
1.202674e+06,1.391983e+01,5.355365e+04,6.198339e-01,9.479950e-01,9.477075e-01,4.947575e-04,1.085201e-08,3.799414e+01,8.010138e+00,2.998400e+01,3.963900e+01,1.696811e+02
1.202684e+06,1.391995e+01,5.356365e+04,6.199496e-01,9.480014e-01,9.477076e-01,4.948660e-04,1.085201e-08,3.799414e+01,8.010138e+00,2.998400e+01,3.963878e+01,1.696851e+02
1.202694e+06,1.392007e+01,5.357365e+04,6.200654e-01,9.480078e-01,9.477077e-01,4.949746e-04,1.085201e-08,3.799414e+01,8.010138e+00,2.998400e+01,3.963857e+01,1.696891e+02
1.202704e+06,1.392018e+01,5.358365e+04,6.201811e-01,9.480142e-01,9.477078e-01,4.950831e-04,1.085201e-08,3.799414e+01,8.010138e+00,2.998400e+01,3.963836e+01,1.696931e+02
1.202714e+06,1.392030e+01,5.359365e+04,6.202969e-01,9.480206e-01,9.477079e-01,4.951916e-04,1.085201e-08,3.799414e+01,8.010138e+00,2.998400e+01,3.963814e+01,1.696971e+02
1.202724e+06,1.392041e+01,5.360365e+04,6.204126e-01,9.480219e-01,9.477080e-01,4.953001e-04,1.085200e-08,3.799428e+01,8.010210e+00,2.998407e+01,3.963825e+01,1.697011e+02
1.202734e+06,1.392053e+01,5.361365e+04,6.205284e-01,9.480099e-01,9.477081e-01,4.954087e-04,1.085200e-08,3.799480e+01,8.010467e+00,2.998433e+01,3.963917e+01,1.697051e+02
1.202744e+06,1.392064e+01,5.362365e+04,6.206441e-01,9.479980e-01,9.477082e-01,4.955172e-04,1.085200e-08,3.799531e+01,8.010724e+00,2.998459e+01,3.964010e+01,1.697091e+02
1.202754e+06,1.392076e+01,5.363365e+04,6.207599e-01,9.479861e-01,9.477083e-01,4.956257e-04,1.085200e-08,3.799582e+01,8.010981e+00,2.998484e+01,3.964102e+01,1.697131e+02
1.202764e+06,1.392088e+01,5.364365e+04,6.208756e-01,9.479742e-01,9.477084e-01,4.957342e-04,1.085200e-08,3.799634e+01,8.011238e+00,2.998510e+01,3.964195e+01,1.697171e+02
1.202774e+06,1.392099e+01,5.365365e+04,6.209914e-01,9.479623e-01,9.477085e-01,4.958428e-04,1.085200e-08,3.799685e+01,8.011495e+00,2.998536e+01,3.964288e+01,1.697212e+02
1.202784e+06,1.392111e+01,5.366365e+04,6.211071e-01,9.479504e-01,9.477086e-01,4.959513e-04,1.085200e-08,3.799737e+01,8.011752e+00,2.998561e+01,3.964380e+01,1.697252e+02
1.202794e+06,1.392122e+01,5.367365e+04,6.212229e-01,9.479385e-01,9.477087e-01,4.960598e-04,1.085200e-08,3.799788e+01,8.012008e+00,2.998587e+01,3.964473e+01,1.697292e+02
1.202804e+06,1.392134e+01,5.368365e+04,6.213386e-01,9.479266e-01,9.477088e-01,4.961684e-04,1.085200e-08,3.799839e+01,8.012265e+00,2.998613e+01,3.964565e+01,1.697332e+02
1.202814e+06,1.392145e+01,5.369366e+04,6.214543e-01,9.479147e-01,9.477089e-01,4.962769e-04,1.085199e-08,3.799891e+01,8.012522e+00,2.998638e+01,3.964658e+01,1.697372e+02
1.202824e+06,1.392157e+01,5.370366e+04,6.215701e-01,9.479028e-01,9.477090e-01,4.963854e-04,1.085199e-08,3.799942e+01,8.012779e+00,2.998664e+01,3.964750e+01,1.697412e+02
1.202834e+06,1.392169e+01,5.371366e+04,6.216858e-01,9.478909e-01,9.477091e-01,4.964939e-04,1.085199e-08,3.799993e+01,8.013036e+00,2.998690e+01,3.964843e+01,1.697452e+02
1.202844e+06,1.392180e+01,5.372366e+04,6.218016e-01,9.478790e-01,9.477092e-01,4.966025e-04,1.085199e-08,3.800045e+01,8.013293e+00,2.998715e+01,3.964935e+01,1.697492e+02
1.202854e+06,1.392192e+01,5.373366e+04,6.219173e-01,9.478670e-01,9.477093e-01,4.967110e-04,1.085199e-08,3.800096e+01,8.013550e+00,2.998741e+01,3.965028e+01,1.697532e+02
1.202864e+06,1.392203e+01,5.374366e+04,6.220331e-01,9.478551e-01,9.477094e-01,4.968195e-04,1.085199e-08,3.800148e+01,8.013807e+00,2.998767e+01,3.965120e+01,1.697572e+02
1.202874e+06,1.392215e+01,5.375366e+04,6.221488e-01,9.478432e-01,9.477095e-01,4.969280e-04,1.085199e-08,3.800199e+01,8.014064e+00,2.998793e+01,3.965213e+01,1.697612e+02
1.202884e+06,1.392226e+01,5.376366e+04,6.222646e-01,9.478313e-01,9.477096e-01,4.970366e-04,1.085199e-08,3.800250e+01,8.014320e+00,2.998818e+01,3.965305e+01,1.697652e+02
1.202894e+06,1.392238e+01,5.377366e+04,6.223803e-01,9.478194e-01,9.477097e-01,4.971451e-04,1.085198e-08,3.800302e+01,8.014577e+00,2.998844e+01,3.965398e+01,1.697692e+02
1.202904e+06,1.392250e+01,5.378366e+04,6.224961e-01,9.478075e-01,9.477099e-01,4.972536e-04,1.085198e-08,3.800353e+01,8.014834e+00,2.998870e+01,3.965490e+01,1.697732e+02
1.202914e+06,1.392261e+01,5.379366e+04,6.226118e-01,9.477956e-01,9.477100e-01,4.973622e-04,1.085198e-08,3.800404e+01,8.015091e+00,2.998895e+01,3.965583e+01,1.697772e+02
1.202924e+06,1.392273e+01,5.380366e+04,6.227276e-01,9.477837e-01,9.477101e-01,4.974707e-04,1.085198e-08,3.800456e+01,8.015348e+00,2.998921e+01,3.965676e+01,1.697812e+02
1.202934e+06,1.392284e+01,5.381366e+04,6.228433e-01,9.477718e-01,9.477102e-01,4.975792e-04,1.085198e-08,3.800507e+01,8.015605e+00,2.998947e+01,3.965768e+01,1.697852e+02
1.202944e+06,1.392296e+01,5.382366e+04,6.229591e-01,9.477599e-01,9.477103e-01,4.976877e-04,1.085198e-08,3.800559e+01,8.015862e+00,2.998972e+01,3.965861e+01,1.697892e+02
1.202954e+06,1.392307e+01,5.383367e+04,6.230748e-01,9.477480e-01,9.477104e-01,4.977963e-04,1.085198e-08,3.800610e+01,8.016119e+00,2.998998e+01,3.965953e+01,1.697932e+02
1.202964e+06,1.392319e+01,5.384367e+04,6.231906e-01,9.477360e-01,9.477105e-01,4.979048e-04,1.085198e-08,3.800661e+01,8.016375e+00,2.999024e+01,3.966046e+01,1.697973e+02
1.202974e+06,1.392331e+01,5.385367e+04,6.233063e-01,9.477294e-01,9.477106e-01,4.980133e-04,1.085198e-08,3.800648e+01,8.016471e+00,2.999001e+01,3.966054e+01,1.698013e+02
1.202984e+06,1.392342e+01,5.386367e+04,6.234221e-01,9.477342e-01,9.477107e-01,4.981218e-04,1.085197e-08,3.800495e+01,8.016215e+00,2.998873e+01,3.965877e+01,1.698052e+02
1.202994e+06,1.392354e+01,5.387367e+04,6.235378e-01,9.477391e-01,9.477108e-01,4.982304e-04,1.085197e-08,3.800341e+01,8.015959e+00,2.998745e+01,3.965700e+01,1.698092e+02
1.203004e+06,1.392365e+01,5.388367e+04,6.236536e-01,9.477439e-01,9.477109e-01,4.983389e-04,1.085197e-08,3.800188e+01,8.015703e+00,2.998617e+01,3.965523e+01,1.698132e+02
1.203014e+06,1.392377e+01,5.389367e+04,6.237693e-01,9.477487e-01,9.477110e-01,4.984474e-04,1.085197e-08,3.800034e+01,8.015447e+00,2.998489e+01,3.965347e+01,1.698172e+02
1.203024e+06,1.392389e+01,5.390367e+04,6.238851e-01,9.477536e-01,9.477111e-01,4.985560e-04,1.085197e-08,3.799880e+01,8.015191e+00,2.998361e+01,3.965170e+01,1.698212e+02
1.203034e+06,1.392400e+01,5.391367e+04,6.240008e-01,9.477584e-01,9.477112e-01,4.986645e-04,1.085197e-08,3.799727e+01,8.014935e+00,2.998233e+01,3.964993e+01,1.698252e+02
1.203044e+06,1.392412e+01,5.392367e+04,6.241166e-01,9.477633e-01,9.477113e-01,4.987730e-04,1.085197e-08,3.799573e+01,8.014679e+00,2.998105e+01,3.964816e+01,1.698292e+02
1.203054e+06,1.392423e+01,5.393367e+04,6.242323e-01,9.477681e-01,9.477114e-01,4.988815e-04,1.085197e-08,3.799420e+01,8.014423e+00,2.997977e+01,3.964639e+01,1.698332e+02
1.203064e+06,1.392435e+01,5.394367e+04,6.243481e-01,9.477730e-01,9.477115e-01,4.989901e-04,1.085196e-08,3.799266e+01,8.014167e+00,2.997849e+01,3.964462e+01,1.698372e+02
1.203074e+06,1.392446e+01,5.395367e+04,6.244638e-01,9.477778e-01,9.477116e-01,4.990986e-04,1.085196e-08,3.799112e+01,8.013911e+00,2.997721e+01,3.964286e+01,1.698412e+02
1.203084e+06,1.392458e+01,5.396367e+04,6.245796e-01,9.477826e-01,9.477117e-01,4.992071e-04,1.085196e-08,3.798959e+01,8.013655e+00,2.997593e+01,3.964109e+01,1.698452e+02
1.203094e+06,1.392470e+01,5.397367e+04,6.246953e-01,9.477875e-01,9.477118e-01,4.993156e-04,1.085196e-08,3.798805e+01,8.013399e+00,2.997465e+01,3.963932e+01,1.698491e+02
1.203104e+06,1.392481e+01,5.398368e+04,6.248111e-01,9.477923e-01,9.477119e-01,4.994242e-04,1.085196e-08,3.798652e+01,8.013143e+00,2.997337e+01,3.963755e+01,1.698531e+02
1.203114e+06,1.392493e+01,5.399368e+04,6.249268e-01,9.477972e-01,9.477120e-01,4.995327e-04,1.085196e-08,3.798498e+01,8.012887e+00,2.997209e+01,3.963578e+01,1.698571e+02
1.203124e+06,1.392504e+01,5.400368e+04,6.250426e-01,9.478020e-01,9.477121e-01,4.996412e-04,1.085196e-08,3.798344e+01,8.012631e+00,2.997081e+01,3.963402e+01,1.698611e+02
1.203134e+06,1.392516e+01,5.401368e+04,6.251583e-01,9.478069e-01,9.477122e-01,4.997498e-04,1.085196e-08,3.798191e+01,8.012375e+00,2.996953e+01,3.963225e+01,1.698651e+02
1.203144e+06,1.392527e+01,5.402368e+04,6.252741e-01,9.478117e-01,9.477123e-01,4.998583e-04,1.085196e-08,3.798037e+01,8.012119e+00,2.996825e+01,3.963048e+01,1.698691e+02
1.203154e+06,1.392539e+01,5.403368e+04,6.253898e-01,9.478165e-01,9.477124e-01,4.999668e-04,1.085195e-08,3.797884e+01,8.011863e+00,2.996697e+01,3.962871e+01,1.698731e+02
1.203164e+06,1.392551e+01,5.404368e+04,6.255055e-01,9.478214e-01,9.477125e-01,5.000753e-04,1.085195e-08,3.797730e+01,8.011607e+00,2.996569e+01,3.962694e+01,1.698771e+02
1.203174e+06,1.392562e+01,5.405368e+04,6.256213e-01,9.478262e-01,9.477126e-01,5.001839e-04,1.085195e-08,3.797576e+01,8.011351e+00,2.996441e+01,3.962518e+01,1.698811e+02
1.203184e+06,1.392574e+01,5.406368e+04,6.257370e-01,9.478311e-01,9.477127e-01,5.002924e-04,1.085195e-08,3.797423e+01,8.011095e+00,2.996313e+01,3.962341e+01,1.698851e+02
1.203194e+06,1.392585e+01,5.407368e+04,6.258528e-01,9.478359e-01,9.477128e-01,5.004009e-04,1.085195e-08,3.797269e+01,8.010839e+00,2.996185e+01,3.962164e+01,1.698891e+02
1.203204e+06,1.392597e+01,5.408368e+04,6.259685e-01,9.478407e-01,9.477129e-01,5.005094e-04,1.085195e-08,3.797116e+01,8.010583e+00,2.996057e+01,3.961987e+01,1.698931e+02
1.203214e+06,1.392608e+01,5.409368e+04,6.260843e-01,9.478448e-01,9.477130e-01,5.006180e-04,1.085195e-08,3.796962e+01,8.010327e+00,2.995929e+01,3.961813e+01,1.698970e+02
1.203224e+06,1.392620e+01,5.410368e+04,6.262000e-01,9.478434e-01,9.477131e-01,5.007265e-04,1.085195e-08,3.796882e+01,8.010205e+00,2.995861e+01,3.961734e+01,1.699000e+02
1.203234e+06,1.392632e+01,5.411368e+04,6.263158e-01,9.478336e-01,9.477132e-01,5.008350e-04,1.085194e-08,3.797010e+01,8.010461e+00,2.995964e+01,3.961900e+01,1.699000e+02
1.203244e+06,1.392643e+01,5.412368e+04,6.264315e-01,9.478238e-01,9.477133e-01,5.009435e-04,1.085194e-08,3.797138e+01,8.010718e+00,2.996067e+01,3.962067e+01,1.699000e+02
1.203254e+06,1.392655e+01,5.413369e+04,6.265473e-01,9.478140e-01,9.477134e-01,5.010521e-04,1.085194e-08,3.797267e+01,8.010975e+00,2.996169e+01,3.962234e+01,1.699000e+02
1.203264e+06,1.392666e+01,5.414369e+04,6.266630e-01,9.478041e-01,9.477136e-01,5.011606e-04,1.085194e-08,3.797395e+01,8.011232e+00,2.996272e+01,3.962401e+01,1.699000e+02
1.203274e+06,1.392678e+01,5.415369e+04,6.267788e-01,9.477943e-01,9.477137e-01,5.012691e-04,1.085194e-08,3.797524e+01,8.011489e+00,2.996375e+01,3.962568e+01,1.699000e+02
1.203284e+06,1.392689e+01,5.416369e+04,6.268945e-01,9.477845e-01,9.477138e-01,5.013777e-04,1.085194e-08,3.797652e+01,8.011746e+00,2.996478e+01,3.962735e+01,1.699000e+02
1.203294e+06,1.392701e+01,5.417369e+04,6.270103e-01,9.477747e-01,9.477139e-01,5.014862e-04,1.085194e-08,3.797781e+01,8.012003e+00,2.996580e+01,3.962902e+01,1.699000e+02
1.203304e+06,1.392713e+01,5.418369e+04,6.271260e-01,9.477648e-01,9.477140e-01,5.015947e-04,1.085194e-08,3.797909e+01,8.012260e+00,2.996683e+01,3.963069e+01,1.699000e+02
1.203314e+06,1.392724e+01,5.419369e+04,6.272418e-01,9.477550e-01,9.477141e-01,5.017032e-04,1.085194e-08,3.798038e+01,8.012517e+00,2.996786e+01,3.963235e+01,1.699000e+02
1.203324e+06,1.392736e+01,5.420369e+04,6.273575e-01,9.477452e-01,9.477142e-01,5.018118e-04,1.085193e-08,3.798166e+01,8.012773e+00,2.996889e+01,3.963402e+01,1.699000e+02
1.203334e+06,1.392747e+01,5.421369e+04,6.274733e-01,9.477353e-01,9.477143e-01,5.019203e-04,1.085193e-08,3.798294e+01,8.013030e+00,2.996991e+01,3.963569e+01,1.699000e+02
1.203344e+06,1.392759e+01,5.422369e+04,6.275890e-01,9.477255e-01,9.477144e-01,5.020288e-04,1.085193e-08,3.798423e+01,8.013287e+00,2.997094e+01,3.963736e+01,1.699000e+02
1.203354e+06,1.392770e+01,5.423369e+04,6.277048e-01,9.477157e-01,9.477145e-01,5.021373e-04,1.085193e-08,3.798551e+01,8.013544e+00,2.997197e+01,3.963903e+01,1.699000e+02
1.203364e+06,1.392782e+01,5.424369e+04,6.278205e-01,9.477059e-01,9.477146e-01,5.022459e-04,1.085193e-08,3.798680e+01,8.013801e+00,2.997300e+01,3.964070e+01,1.699000e+02
1.203374e+06,1.392794e+01,5.425369e+04,6.279363e-01,9.476960e-01,9.477147e-01,5.023544e-04,1.085193e-08,3.798808e+01,8.014058e+00,2.997402e+01,3.964237e+01,1.699000e+02
1.203384e+06,1.392805e+01,5.426369e+04,6.280520e-01,9.476862e-01,9.477148e-01,5.024629e-04,1.085193e-08,3.798937e+01,8.014315e+00,2.997505e+01,3.964404e+01,1.699000e+02
1.203394e+06,1.392817e+01,5.427370e+04,6.281678e-01,9.476764e-01,9.477149e-01,5.025714e-04,1.085193e-08,3.799065e+01,8.014572e+00,2.997608e+01,3.964571e+01,1.699000e+02
1.203404e+06,1.392828e+01,5.428370e+04,6.282835e-01,9.476666e-01,9.477150e-01,5.026800e-04,1.085192e-08,3.799194e+01,8.014828e+00,2.997711e+01,3.964738e+01,1.699000e+02
1.203414e+06,1.392840e+01,5.429370e+04,6.283993e-01,9.476567e-01,9.477151e-01,5.027885e-04,1.085192e-08,3.799322e+01,8.015085e+00,2.997813e+01,3.964904e+01,1.699000e+02
1.203424e+06,1.392852e+01,5.430370e+04,6.285150e-01,9.476469e-01,9.477152e-01,5.028970e-04,1.085192e-08,3.799450e+01,8.015342e+00,2.997916e+01,3.965071e+01,1.699000e+02
1.203434e+06,1.392863e+01,5.431370e+04,6.286308e-01,9.476371e-01,9.477153e-01,5.030056e-04,1.085192e-08,3.799579e+01,8.015599e+00,2.998019e+01,3.965238e+01,1.699000e+02
1.203444e+06,1.392875e+01,5.432370e+04,6.287465e-01,9.476273e-01,9.477154e-01,5.031141e-04,1.085192e-08,3.799707e+01,8.015856e+00,2.998122e+01,3.965405e+01,1.699000e+02
1.203454e+06,1.392886e+01,5.433370e+04,6.288623e-01,9.476174e-01,9.477155e-01,5.032226e-04,1.085192e-08,3.799836e+01,8.016113e+00,2.998224e+01,3.965572e+01,1.699000e+02
1.203464e+06,1.392898e+01,5.434370e+04,6.289780e-01,9.476085e-01,9.477156e-01,5.033311e-04,1.085192e-08,3.799964e+01,8.016370e+00,2.998327e+01,3.965736e+01,1.699000e+02
1.203474e+06,1.392909e+01,5.435370e+04,6.290938e-01,9.476064e-01,9.477157e-01,5.034397e-04,1.085192e-08,3.800040e+01,8.016552e+00,2.998385e+01,3.965822e+01,1.699012e+02
1.203484e+06,1.392921e+01,5.436370e+04,6.292095e-01,9.476153e-01,9.477158e-01,5.035482e-04,1.085192e-08,3.799989e+01,8.016552e+00,2.998333e+01,3.965738e+01,1.699052e+02
1.203494e+06,1.392933e+01,5.437370e+04,6.293253e-01,9.476241e-01,9.477159e-01,5.036567e-04,1.085191e-08,3.799937e+01,8.016552e+00,2.998282e+01,3.965654e+01,1.699092e+02
1.203504e+06,1.392944e+01,5.438370e+04,6.294410e-01,9.476329e-01,9.477160e-01,5.037652e-04,1.085191e-08,3.799885e+01,8.016552e+00,2.998230e+01,3.965571e+01,1.699132e+02
1.203514e+06,1.392956e+01,5.439370e+04,6.295568e-01,9.476417e-01,9.477161e-01,5.038738e-04,1.085191e-08,3.799834e+01,8.016552e+00,2.998179e+01,3.965487e+01,1.699172e+02
1.203524e+06,1.392967e+01,5.440370e+04,6.296725e-01,9.476505e-01,9.477162e-01,5.039823e-04,1.085191e-08,3.799782e+01,8.016552e+00,2.998127e+01,3.965403e+01,1.699213e+02
1.203534e+06,1.392979e+01,5.441370e+04,6.297882e-01,9.476594e-01,9.477163e-01,5.040908e-04,1.085191e-08,3.799731e+01,8.016552e+00,2.998076e+01,3.965319e+01,1.699253e+02
1.203544e+06,1.392990e+01,5.442371e+04,6.299040e-01,9.476682e-01,9.477164e-01,5.041993e-04,1.085191e-08,3.799679e+01,8.016552e+00,2.998024e+01,3.965235e+01,1.699293e+02
1.203554e+06,1.393002e+01,5.443371e+04,6.300197e-01,9.476770e-01,9.477165e-01,5.043079e-04,1.085191e-08,3.799628e+01,8.016552e+00,2.997973e+01,3.965151e+01,1.699333e+02
1.203564e+06,1.393014e+01,5.444371e+04,6.301355e-01,9.476858e-01,9.477166e-01,5.044164e-04,1.085191e-08,3.799576e+01,8.016552e+00,2.997921e+01,3.965068e+01,1.699373e+02
1.203574e+06,1.393025e+01,5.445371e+04,6.302512e-01,9.476946e-01,9.477167e-01,5.045249e-04,1.085190e-08,3.799525e+01,8.016552e+00,2.997869e+01,3.964984e+01,1.699414e+02
1.203584e+06,1.393037e+01,5.446371e+04,6.303670e-01,9.477034e-01,9.477168e-01,5.046335e-04,1.085190e-08,3.799473e+01,8.016552e+00,2.997818e+01,3.964900e+01,1.699454e+02
1.203594e+06,1.393048e+01,5.447371e+04,6.304827e-01,9.477123e-01,9.477169e-01,5.047420e-04,1.085190e-08,3.799421e+01,8.016552e+00,2.997766e+01,3.964816e+01,1.699494e+02
1.203604e+06,1.393060e+01,5.448371e+04,6.305985e-01,9.477211e-01,9.477170e-01,5.048505e-04,1.085190e-08,3.799370e+01,8.016552e+00,2.997715e+01,3.964732e+01,1.699534e+02
1.203614e+06,1.393071e+01,5.449371e+04,6.307142e-01,9.477299e-01,9.477172e-01,5.049590e-04,1.085190e-08,3.799318e+01,8.016552e+00,2.997663e+01,3.964648e+01,1.699574e+02
1.203624e+06,1.393083e+01,5.450371e+04,6.308300e-01,9.477387e-01,9.477173e-01,5.050676e-04,1.085190e-08,3.799267e+01,8.016552e+00,2.997612e+01,3.964565e+01,1.699615e+02
1.203634e+06,1.393095e+01,5.451371e+04,6.309457e-01,9.477475e-01,9.477174e-01,5.051761e-04,1.085190e-08,3.799215e+01,8.016552e+00,2.997560e+01,3.964481e+01,1.699655e+02
1.203644e+06,1.393106e+01,5.452371e+04,6.310615e-01,9.477564e-01,9.477175e-01,5.052846e-04,1.085190e-08,3.799164e+01,8.016552e+00,2.997509e+01,3.964397e+01,1.699695e+02
1.203654e+06,1.393118e+01,5.453371e+04,6.311772e-01,9.477652e-01,9.477176e-01,5.053931e-04,1.085190e-08,3.799112e+01,8.016552e+00,2.997457e+01,3.964313e+01,1.699735e+02
1.203664e+06,1.393129e+01,5.454371e+04,6.312930e-01,9.477740e-01,9.477177e-01,5.055017e-04,1.085189e-08,3.799061e+01,8.016552e+00,2.997405e+01,3.964229e+01,1.699775e+02
1.203674e+06,1.393141e+01,5.455371e+04,6.314087e-01,9.477828e-01,9.477178e-01,5.056102e-04,1.085189e-08,3.799009e+01,8.016552e+00,2.997354e+01,3.964145e+01,1.699816e+02
1.203684e+06,1.393152e+01,5.456371e+04,6.315245e-01,9.477916e-01,9.477179e-01,5.057187e-04,1.085189e-08,3.798957e+01,8.016552e+00,2.997302e+01,3.964062e+01,1.699856e+02
1.203694e+06,1.393164e+01,5.457372e+04,6.316402e-01,9.478005e-01,9.477180e-01,5.058272e-04,1.085189e-08,3.798906e+01,8.016552e+00,2.997251e+01,3.963978e+01,1.699896e+02
1.203704e+06,1.393176e+01,5.458372e+04,6.317560e-01,9.478093e-01,9.477181e-01,5.059358e-04,1.085189e-08,3.798854e+01,8.016552e+00,2.997199e+01,3.963894e+01,1.699936e+02
1.203714e+06,1.393187e+01,5.459372e+04,6.318717e-01,9.478142e-01,9.477182e-01,5.060443e-04,1.085189e-08,3.798803e+01,8.016552e+00,2.997148e+01,3.963823e+01,1.699976e+02
1.203724e+06,1.393199e+01,5.460372e+04,6.319875e-01,9.478088e-01,9.477183e-01,5.061528e-04,1.085189e-08,3.798793e+01,8.016552e+00,2.997138e+01,3.963831e+01,1.699967e+02
1.203734e+06,1.393210e+01,5.461372e+04,6.321032e-01,9.477968e-01,9.477184e-01,5.062613e-04,1.085189e-08,3.798844e+01,8.016552e+00,2.997189e+01,3.963925e+01,1.699888e+02
1.203744e+06,1.393222e+01,5.462372e+04,6.322190e-01,9.477848e-01,9.477185e-01,5.063699e-04,1.085188e-08,3.798895e+01,8.016552e+00,2.997240e+01,3.964019e+01,1.699808e+02
1.203754e+06,1.393233e+01,5.463372e+04,6.323347e-01,9.477728e-01,9.477186e-01,5.064784e-04,1.085188e-08,3.798946e+01,8.016552e+00,2.997291e+01,3.964113e+01,1.699729e+02
1.203764e+06,1.393245e+01,5.464372e+04,6.324505e-01,9.477607e-01,9.477187e-01,5.065869e-04,1.085188e-08,3.798997e+01,8.016552e+00,2.997342e+01,3.964207e+01,1.699649e+02
1.203774e+06,1.393257e+01,5.465372e+04,6.325662e-01,9.477487e-01,9.477188e-01,5.066955e-04,1.085188e-08,3.799048e+01,8.016552e+00,2.997393e+01,3.964301e+01,1.699570e+02
1.203784e+06,1.393268e+01,5.466372e+04,6.326820e-01,9.477367e-01,9.477189e-01,5.068040e-04,1.085188e-08,3.799099e+01,8.016552e+00,2.997444e+01,3.964395e+01,1.699490e+02
1.203794e+06,1.393280e+01,5.467372e+04,6.327977e-01,9.477247e-01,9.477190e-01,5.069125e-04,1.085188e-08,3.799151e+01,8.016552e+00,2.997495e+01,3.964489e+01,1.699411e+02
1.203804e+06,1.393291e+01,5.468372e+04,6.329135e-01,9.477127e-01,9.477191e-01,5.070210e-04,1.085188e-08,3.799202e+01,8.016552e+00,2.997546e+01,3.964582e+01,1.699331e+02
1.203814e+06,1.393303e+01,5.469372e+04,6.330292e-01,9.477007e-01,9.477192e-01,5.071296e-04,1.085188e-08,3.799253e+01,8.016552e+00,2.997597e+01,3.964676e+01,1.699251e+02
1.203824e+06,1.393314e+01,5.470372e+04,6.331450e-01,9.476887e-01,9.477193e-01,5.072381e-04,1.085188e-08,3.799304e+01,8.016552e+00,2.997648e+01,3.964770e+01,1.699172e+02
1.203834e+06,1.393326e+01,5.471373e+04,6.332607e-01,9.476767e-01,9.477194e-01,5.073466e-04,1.085187e-08,3.799355e+01,8.016552e+00,2.997699e+01,3.964864e+01,1.699092e+02
1.203844e+06,1.393338e+01,5.472373e+04,6.333765e-01,9.476647e-01,9.477195e-01,5.074551e-04,1.085187e-08,3.799406e+01,8.016552e+00,2.997750e+01,3.964958e+01,1.699013e+02
1.203854e+06,1.393349e+01,5.473373e+04,6.334922e-01,9.476526e-01,9.477196e-01,5.075637e-04,1.085187e-08,3.799457e+01,8.016552e+00,2.997801e+01,3.965052e+01,1.698933e+02
1.203864e+06,1.393361e+01,5.474373e+04,6.336080e-01,9.476406e-01,9.477197e-01,5.076722e-04,1.085187e-08,3.799508e+01,8.016552e+00,2.997852e+01,3.965146e+01,1.698854e+02
1.203874e+06,1.393372e+01,5.475373e+04,6.337237e-01,9.476286e-01,9.477198e-01,5.077807e-04,1.085187e-08,3.799559e+01,8.016552e+00,2.997904e+01,3.965240e+01,1.698774e+02
1.203884e+06,1.393384e+01,5.476373e+04,6.338394e-01,9.476166e-01,9.477199e-01,5.078892e-04,1.085187e-08,3.799610e+01,8.016552e+00,2.997955e+01,3.965334e+01,1.698695e+02
1.203894e+06,1.393396e+01,5.477373e+04,6.339552e-01,9.476046e-01,9.477200e-01,5.079978e-04,1.085187e-08,3.799661e+01,8.016552e+00,2.998006e+01,3.965428e+01,1.698615e+02
1.203904e+06,1.393407e+01,5.478373e+04,6.340709e-01,9.475926e-01,9.477201e-01,5.081063e-04,1.085187e-08,3.799712e+01,8.016552e+00,2.998057e+01,3.965522e+01,1.698535e+02
1.203914e+06,1.393419e+01,5.479373e+04,6.341867e-01,9.475806e-01,9.477202e-01,5.082148e-04,1.085186e-08,3.799763e+01,8.016552e+00,2.998108e+01,3.965616e+01,1.698456e+02
1.203924e+06,1.393430e+01,5.480373e+04,6.343024e-01,9.475686e-01,9.477203e-01,5.083233e-04,1.085186e-08,3.799814e+01,8.016552e+00,2.998159e+01,3.965710e+01,1.698376e+02
1.203934e+06,1.393442e+01,5.481373e+04,6.344182e-01,9.475565e-01,9.477204e-01,5.084319e-04,1.085186e-08,3.799865e+01,8.016552e+00,2.998210e+01,3.965804e+01,1.698297e+02
1.203944e+06,1.393453e+01,5.482373e+04,6.345339e-01,9.475445e-01,9.477205e-01,5.085404e-04,1.085186e-08,3.799916e+01,8.016552e+00,2.998261e+01,3.965898e+01,1.698217e+02
1.203954e+06,1.393465e+01,5.483373e+04,6.346497e-01,9.475325e-01,9.477206e-01,5.086489e-04,1.085186e-08,3.799967e+01,8.016552e+00,2.998312e+01,3.965992e+01,1.698138e+02
1.203964e+06,1.393477e+01,5.484373e+04,6.347654e-01,9.475214e-01,9.477208e-01,5.087574e-04,1.085186e-08,3.800018e+01,8.016552e+00,2.998363e+01,3.966083e+01,1.698058e+02
1.203974e+06,1.393488e+01,5.485373e+04,6.348812e-01,9.475166e-01,9.477209e-01,5.088660e-04,1.085186e-08,3.800034e+01,8.016552e+00,2.998379e+01,3.966116e+01,1.697989e+02
1.203984e+06,1.393500e+01,5.486374e+04,6.349969e-01,9.475228e-01,9.477210e-01,5.089745e-04,1.085186e-08,3.799957e+01,8.016552e+00,2.998302e+01,3.966014e+01,1.697949e+02
1.203994e+06,1.393511e+01,5.487374e+04,6.351127e-01,9.475290e-01,9.477211e-01,5.090830e-04,1.085186e-08,3.799880e+01,8.016552e+00,2.998224e+01,3.965911e+01,1.697909e+02
1.204004e+06,1.393523e+01,5.488374e+04,6.352284e-01,9.475353e-01,9.477212e-01,5.091916e-04,1.085185e-08,3.799802e+01,8.016552e+00,2.998147e+01,3.965809e+01,1.697869e+02
1.204014e+06,1.393534e+01,5.489374e+04,6.353442e-01,9.475415e-01,9.477213e-01,5.093001e-04,1.085185e-08,3.799725e+01,8.016552e+00,2.998070e+01,3.965706e+01,1.697828e+02
1.204024e+06,1.393546e+01,5.490374e+04,6.354599e-01,9.475477e-01,9.477214e-01,5.094086e-04,1.085185e-08,3.799648e+01,8.016552e+00,2.997993e+01,3.965604e+01,1.697788e+02
1.204034e+06,1.393558e+01,5.491374e+04,6.355757e-01,9.475540e-01,9.477215e-01,5.095171e-04,1.085185e-08,3.799570e+01,8.016552e+00,2.997915e+01,3.965502e+01,1.697748e+02
1.204044e+06,1.393569e+01,5.492374e+04,6.356914e-01,9.475602e-01,9.477216e-01,5.096257e-04,1.085185e-08,3.799493e+01,8.016552e+00,2.997838e+01,3.965399e+01,1.697708e+02
1.204054e+06,1.393581e+01,5.493374e+04,6.358072e-01,9.475664e-01,9.477217e-01,5.097342e-04,1.085185e-08,3.799416e+01,8.016552e+00,2.997761e+01,3.965297e+01,1.697668e+02
1.204064e+06,1.393592e+01,5.494374e+04,6.359229e-01,9.475726e-01,9.477218e-01,5.098427e-04,1.085185e-08,3.799338e+01,8.016552e+00,2.997683e+01,3.965194e+01,1.697627e+02
1.204074e+06,1.393604e+01,5.495374e+04,6.360387e-01,9.475789e-01,9.477219e-01,5.099512e-04,1.085185e-08,3.799261e+01,8.016552e+00,2.997606e+01,3.965092e+01,1.697587e+02
1.204084e+06,1.393615e+01,5.496374e+04,6.361544e-01,9.475851e-01,9.477220e-01,5.100598e-04,1.085184e-08,3.799184e+01,8.016552e+00,2.997529e+01,3.964990e+01,1.697547e+02
1.204094e+06,1.393627e+01,5.497374e+04,6.362702e-01,9.475913e-01,9.477221e-01,5.101683e-04,1.085184e-08,3.799106e+01,8.016552e+00,2.997451e+01,3.964887e+01,1.697507e+02
1.204104e+06,1.393639e+01,5.498374e+04,6.363859e-01,9.475976e-01,9.477222e-01,5.102768e-04,1.085184e-08,3.799029e+01,8.016552e+00,2.997374e+01,3.964785e+01,1.697467e+02
1.204114e+06,1.393650e+01,5.499374e+04,6.365017e-01,9.476038e-01,9.477223e-01,5.103853e-04,1.085184e-08,3.798952e+01,8.016552e+00,2.997297e+01,3.964682e+01,1.697427e+02
1.204124e+06,1.393662e+01,5.500374e+04,6.366174e-01,9.476100e-01,9.477224e-01,5.104939e-04,1.085184e-08,3.798874e+01,8.016552e+00,2.997219e+01,3.964580e+01,1.697386e+02
1.204134e+06,1.393673e+01,5.501375e+04,6.367332e-01,9.476163e-01,9.477225e-01,5.106024e-04,1.085184e-08,3.798797e+01,8.016552e+00,2.997142e+01,3.964477e+01,1.697346e+02
1.204144e+06,1.393685e+01,5.502375e+04,6.368489e-01,9.476225e-01,9.477226e-01,5.107109e-04,1.085184e-08,3.798720e+01,8.016552e+00,2.997065e+01,3.964375e+01,1.697306e+02
1.204154e+06,1.393696e+01,5.503375e+04,6.369647e-01,9.476287e-01,9.477227e-01,5.108194e-04,1.085184e-08,3.798642e+01,8.016552e+00,2.996987e+01,3.964273e+01,1.697266e+02
1.204164e+06,1.393708e+01,5.504375e+04,6.370804e-01,9.476350e-01,9.477228e-01,5.109280e-04,1.085184e-08,3.798565e+01,8.016552e+00,2.996910e+01,3.964170e+01,1.697226e+02
1.204174e+06,1.393720e+01,5.505375e+04,6.371962e-01,9.476412e-01,9.477229e-01,5.110365e-04,1.085183e-08,3.798488e+01,8.016552e+00,2.996833e+01,3.964068e+01,1.697185e+02
1.204184e+06,1.393731e+01,5.506375e+04,6.373119e-01,9.476474e-01,9.477230e-01,5.111450e-04,1.085183e-08,3.798410e+01,8.016552e+00,2.996755e+01,3.963965e+01,1.697145e+02
1.204194e+06,1.393743e+01,5.507375e+04,6.374277e-01,9.476537e-01,9.477231e-01,5.112535e-04,1.085183e-08,3.798333e+01,8.016552e+00,2.996678e+01,3.963863e+01,1.697105e+02
1.204204e+06,1.393754e+01,5.508375e+04,6.375434e-01,9.476599e-01,9.477232e-01,5.113621e-04,1.085183e-08,3.798256e+01,8.016552e+00,2.996601e+01,3.963761e+01,1.697065e+02
1.204214e+06,1.393766e+01,5.509375e+04,6.376592e-01,9.476674e-01,9.477233e-01,5.114706e-04,1.085183e-08,3.798178e+01,8.016552e+00,2.996523e+01,3.963654e+01,1.697025e+02
1.204224e+06,1.393777e+01,5.510375e+04,6.377749e-01,9.476735e-01,9.477234e-01,5.115791e-04,1.085183e-08,3.798151e+01,8.016552e+00,2.996496e+01,3.963605e+01,1.697000e+02
1.204234e+06,1.393789e+01,5.511375e+04,6.378907e-01,9.476743e-01,9.477235e-01,5.116876e-04,1.085183e-08,3.798202e+01,8.016552e+00,2.996547e+01,3.963656e+01,1.697000e+02
1.204244e+06,1.393801e+01,5.512375e+04,6.380064e-01,9.476751e-01,9.477236e-01,5.117962e-04,1.085183e-08,3.798253e+01,8.016552e+00,2.996598e+01,3.963707e+01,1.697000e+02
1.204254e+06,1.393812e+01,5.513375e+04,6.381221e-01,9.476759e-01,9.477237e-01,5.119047e-04,1.085182e-08,3.798304e+01,8.016552e+00,2.996649e+01,3.963758e+01,1.697000e+02
1.204264e+06,1.393824e+01,5.514375e+04,6.382379e-01,9.476767e-01,9.477238e-01,5.120132e-04,1.085182e-08,3.798355e+01,8.016552e+00,2.996700e+01,3.963809e+01,1.697000e+02
1.204274e+06,1.393835e+01,5.515376e+04,6.383536e-01,9.476776e-01,9.477239e-01,5.121217e-04,1.085182e-08,3.798406e+01,8.016552e+00,2.996751e+01,3.963860e+01,1.697000e+02
1.204284e+06,1.393847e+01,5.516376e+04,6.384694e-01,9.476784e-01,9.477240e-01,5.122303e-04,1.085182e-08,3.798457e+01,8.016552e+00,2.996802e+01,3.963911e+01,1.697000e+02
1.204294e+06,1.393859e+01,5.517376e+04,6.385851e-01,9.476792e-01,9.477241e-01,5.123388e-04,1.085182e-08,3.798508e+01,8.016552e+00,2.996853e+01,3.963962e+01,1.697000e+02
1.204304e+06,1.393870e+01,5.518376e+04,6.387009e-01,9.476800e-01,9.477242e-01,5.124473e-04,1.085182e-08,3.798559e+01,8.016552e+00,2.996904e+01,3.964013e+01,1.697000e+02
1.204314e+06,1.393882e+01,5.519376e+04,6.388166e-01,9.476809e-01,9.477244e-01,5.125559e-04,1.085182e-08,3.798610e+01,8.016552e+00,2.996955e+01,3.964065e+01,1.697000e+02
1.204324e+06,1.393893e+01,5.520376e+04,6.389324e-01,9.476817e-01,9.477245e-01,5.126644e-04,1.085182e-08,3.798661e+01,8.016552e+00,2.997006e+01,3.964116e+01,1.697000e+02
1.204334e+06,1.393905e+01,5.521376e+04,6.390481e-01,9.476825e-01,9.477246e-01,5.127729e-04,1.085182e-08,3.798712e+01,8.016552e+00,2.997057e+01,3.964167e+01,1.697000e+02
1.204344e+06,1.393916e+01,5.522376e+04,6.391639e-01,9.476833e-01,9.477247e-01,5.128814e-04,1.085181e-08,3.798763e+01,8.016552e+00,2.997108e+01,3.964218e+01,1.697000e+02
1.204354e+06,1.393928e+01,5.523376e+04,6.392796e-01,9.476841e-01,9.477248e-01,5.129900e-04,1.085181e-08,3.798814e+01,8.016552e+00,2.997159e+01,3.964269e+01,1.697000e+02
1.204364e+06,1.393940e+01,5.524376e+04,6.393954e-01,9.476850e-01,9.477249e-01,5.130985e-04,1.085181e-08,3.798865e+01,8.016552e+00,2.997210e+01,3.964320e+01,1.697000e+02
1.204374e+06,1.393951e+01,5.525376e+04,6.395111e-01,9.476858e-01,9.477250e-01,5.132070e-04,1.085181e-08,3.798916e+01,8.016552e+00,2.997261e+01,3.964371e+01,1.697000e+02
1.204384e+06,1.393963e+01,5.526376e+04,6.396269e-01,9.476866e-01,9.477251e-01,5.133155e-04,1.085181e-08,3.798967e+01,8.016552e+00,2.997312e+01,3.964422e+01,1.697000e+02
1.204394e+06,1.393974e+01,5.527376e+04,6.397426e-01,9.476874e-01,9.477252e-01,5.134241e-04,1.085181e-08,3.799018e+01,8.016552e+00,2.997363e+01,3.964473e+01,1.697000e+02
1.204404e+06,1.393986e+01,5.528376e+04,6.398584e-01,9.476883e-01,9.477253e-01,5.135326e-04,1.085181e-08,3.799069e+01,8.016552e+00,2.997414e+01,3.964524e+01,1.697000e+02
1.204414e+06,1.393997e+01,5.529376e+04,6.399741e-01,9.476891e-01,9.477254e-01,5.136411e-04,1.085181e-08,3.799120e+01,8.016552e+00,2.997465e+01,3.964576e+01,1.697000e+02
1.204424e+06,1.394009e+01,5.530377e+04,6.400899e-01,9.476899e-01,9.477255e-01,5.137496e-04,1.085180e-08,3.799171e+01,8.016552e+00,2.997516e+01,3.964627e+01,1.697000e+02
1.204434e+06,1.394021e+01,5.531377e+04,6.402056e-01,9.476907e-01,9.477256e-01,5.138582e-04,1.085180e-08,3.799222e+01,8.016552e+00,2.997567e+01,3.964678e+01,1.697000e+02
1.204444e+06,1.394032e+01,5.532377e+04,6.403214e-01,9.476915e-01,9.477257e-01,5.139667e-04,1.085180e-08,3.799273e+01,8.016552e+00,2.997618e+01,3.964729e+01,1.697000e+02
1.204454e+06,1.394044e+01,5.533377e+04,6.404371e-01,9.476924e-01,9.477258e-01,5.140752e-04,1.085180e-08,3.799324e+01,8.016552e+00,2.997669e+01,3.964780e+01,1.697000e+02
1.204464e+06,1.394055e+01,5.534377e+04,6.405529e-01,9.476932e-01,9.477259e-01,5.141837e-04,1.085180e-08,3.799375e+01,8.016552e+00,2.997720e+01,3.964831e+01,1.697000e+02
1.204474e+06,1.394067e+01,5.535377e+04,6.406686e-01,9.476956e-01,9.477260e-01,5.142923e-04,1.085180e-08,3.799407e+01,8.016552e+00,2.997752e+01,3.964857e+01,1.697000e+02
1.204484e+06,1.394078e+01,5.536377e+04,6.407844e-01,9.477027e-01,9.477261e-01,5.144008e-04,1.085180e-08,3.799382e+01,8.016552e+00,2.997727e+01,3.964806e+01,1.697000e+02
1.204494e+06,1.394090e+01,5.537377e+04,6.409001e-01,9.477098e-01,9.477262e-01,5.145093e-04,1.085180e-08,3.799356e+01,8.016552e+00,2.997701e+01,3.964755e+01,1.697000e+02
1.204504e+06,1.394102e+01,5.538377e+04,6.410159e-01,9.477170e-01,9.477263e-01,5.146178e-04,1.085180e-08,3.799330e+01,8.016552e+00,2.997675e+01,3.964704e+01,1.697000e+02
1.204514e+06,1.394113e+01,5.539377e+04,6.411316e-01,9.477241e-01,9.477264e-01,5.147264e-04,1.085179e-08,3.799305e+01,8.016552e+00,2.997650e+01,3.964653e+01,1.697000e+02
1.204524e+06,1.394125e+01,5.540377e+04,6.412474e-01,9.477313e-01,9.477265e-01,5.148349e-04,1.085179e-08,3.799279e+01,8.016552e+00,2.997624e+01,3.964602e+01,1.697000e+02
1.204534e+06,1.394136e+01,5.541377e+04,6.413631e-01,9.477384e-01,9.477266e-01,5.149434e-04,1.085179e-08,3.799253e+01,8.016552e+00,2.997598e+01,3.964551e+01,1.697000e+02
1.204544e+06,1.394148e+01,5.542377e+04,6.414789e-01,9.477456e-01,9.477267e-01,5.150519e-04,1.085179e-08,3.799228e+01,8.016552e+00,2.997572e+01,3.964500e+01,1.697000e+02
1.204554e+06,1.394159e+01,5.543377e+04,6.415946e-01,9.477527e-01,9.477268e-01,5.151605e-04,1.085179e-08,3.799202e+01,8.016552e+00,2.997547e+01,3.964449e+01,1.697000e+02
1.204564e+06,1.394171e+01,5.544377e+04,6.417104e-01,9.477598e-01,9.477269e-01,5.152690e-04,1.085179e-08,3.799176e+01,8.016552e+00,2.997521e+01,3.964398e+01,1.697000e+02
1.204574e+06,1.394183e+01,5.545378e+04,6.418261e-01,9.477670e-01,9.477270e-01,5.153775e-04,1.085179e-08,3.799151e+01,8.016552e+00,2.997495e+01,3.964348e+01,1.697000e+02
1.204584e+06,1.394194e+01,5.546378e+04,6.419419e-01,9.477741e-01,9.477271e-01,5.154860e-04,1.085179e-08,3.799125e+01,8.016552e+00,2.997470e+01,3.964297e+01,1.697000e+02
1.204594e+06,1.394206e+01,5.547378e+04,6.420576e-01,9.477813e-01,9.477272e-01,5.155946e-04,1.085178e-08,3.799099e+01,8.016552e+00,2.997444e+01,3.964246e+01,1.697000e+02
1.204604e+06,1.394217e+01,5.548378e+04,6.421734e-01,9.477884e-01,9.477273e-01,5.157031e-04,1.085178e-08,3.799073e+01,8.016552e+00,2.997418e+01,3.964195e+01,1.697000e+02
1.204614e+06,1.394229e+01,5.549378e+04,6.422891e-01,9.477956e-01,9.477274e-01,5.158116e-04,1.085178e-08,3.799048e+01,8.016552e+00,2.997393e+01,3.964144e+01,1.697000e+02
1.204624e+06,1.394240e+01,5.550378e+04,6.424048e-01,9.478027e-01,9.477275e-01,5.159201e-04,1.085178e-08,3.799022e+01,8.016552e+00,2.997367e+01,3.964093e+01,1.697000e+02
1.204634e+06,1.394252e+01,5.551378e+04,6.425206e-01,9.478098e-01,9.477276e-01,5.160287e-04,1.085178e-08,3.798996e+01,8.016552e+00,2.997341e+01,3.964042e+01,1.697000e+02
1.204644e+06,1.394264e+01,5.552378e+04,6.426363e-01,9.478170e-01,9.477277e-01,5.161372e-04,1.085178e-08,3.798971e+01,8.016552e+00,2.997316e+01,3.963991e+01,1.697000e+02
1.204654e+06,1.394275e+01,5.553378e+04,6.427521e-01,9.478241e-01,9.477278e-01,5.162457e-04,1.085178e-08,3.798945e+01,8.016552e+00,2.997290e+01,3.963940e+01,1.697000e+02
1.204664e+06,1.394287e+01,5.554378e+04,6.428678e-01,9.478313e-01,9.477280e-01,5.163542e-04,1.085178e-08,3.798919e+01,8.016552e+00,2.997264e+01,3.963889e+01,1.697000e+02
1.204674e+06,1.394298e+01,5.555378e+04,6.429836e-01,9.478384e-01,9.477281e-01,5.164628e-04,1.085178e-08,3.798894e+01,8.016552e+00,2.997239e+01,3.963838e+01,1.697000e+02
1.204684e+06,1.394310e+01,5.556378e+04,6.430993e-01,9.478456e-01,9.477282e-01,5.165713e-04,1.085177e-08,3.798868e+01,8.016552e+00,2.997213e+01,3.963787e+01,1.697000e+02
1.204694e+06,1.394322e+01,5.557378e+04,6.432151e-01,9.478527e-01,9.477283e-01,5.166798e-04,1.085177e-08,3.798842e+01,8.016552e+00,2.997187e+01,3.963736e+01,1.697000e+02
1.204704e+06,1.394333e+01,5.558378e+04,6.433308e-01,9.478598e-01,9.477284e-01,5.167883e-04,1.085177e-08,3.798817e+01,8.016552e+00,2.997161e+01,3.963685e+01,1.697000e+02
1.204714e+06,1.394345e+01,5.559378e+04,6.434466e-01,9.478679e-01,9.477285e-01,5.168969e-04,1.085177e-08,3.798791e+01,8.016552e+00,2.997136e+01,3.963631e+01,1.697000e+02
1.204724e+06,1.394356e+01,5.560379e+04,6.435623e-01,9.478753e-01,9.477286e-01,5.170054e-04,1.085177e-08,3.798741e+01,8.016480e+00,2.997093e+01,3.963555e+01,1.697011e+02
1.204734e+06,1.394368e+01,5.561379e+04,6.436781e-01,9.478753e-01,9.477287e-01,5.171139e-04,1.085177e-08,3.798630e+01,8.016223e+00,2.997008e+01,3.963439e+01,1.697051e+02
1.204744e+06,1.394379e+01,5.562379e+04,6.437938e-01,9.478753e-01,9.477288e-01,5.172224e-04,1.085177e-08,3.798519e+01,8.015966e+00,2.996922e+01,3.963323e+01,1.697091e+02
1.204754e+06,1.394391e+01,5.563379e+04,6.439096e-01,9.478753e-01,9.477289e-01,5.173310e-04,1.085177e-08,3.798407e+01,8.015709e+00,2.996836e+01,3.963207e+01,1.697131e+02
1.204764e+06,1.394403e+01,5.564379e+04,6.440253e-01,9.478753e-01,9.477290e-01,5.174395e-04,1.085176e-08,3.798296e+01,8.015452e+00,2.996751e+01,3.963091e+01,1.697171e+02
1.204774e+06,1.394414e+01,5.565379e+04,6.441411e-01,9.478753e-01,9.477291e-01,5.175480e-04,1.085176e-08,3.798185e+01,8.015196e+00,2.996665e+01,3.962975e+01,1.697211e+02
1.204784e+06,1.394426e+01,5.566379e+04,6.442568e-01,9.478753e-01,9.477292e-01,5.176565e-04,1.085176e-08,3.798073e+01,8.014939e+00,2.996580e+01,3.962859e+01,1.697251e+02
1.204794e+06,1.394437e+01,5.567379e+04,6.443726e-01,9.478753e-01,9.477293e-01,5.177651e-04,1.085176e-08,3.797962e+01,8.014682e+00,2.996494e+01,3.962743e+01,1.697292e+02
1.204804e+06,1.394449e+01,5.568379e+04,6.444883e-01,9.478753e-01,9.477294e-01,5.178736e-04,1.085176e-08,3.797851e+01,8.014425e+00,2.996408e+01,3.962627e+01,1.697332e+02
1.204814e+06,1.394460e+01,5.569379e+04,6.446041e-01,9.478753e-01,9.477295e-01,5.179821e-04,1.085176e-08,3.797739e+01,8.014168e+00,2.996323e+01,3.962511e+01,1.697372e+02
1.204824e+06,1.394472e+01,5.570379e+04,6.447198e-01,9.478753e-01,9.477296e-01,5.180906e-04,1.085176e-08,3.797628e+01,8.013911e+00,2.996237e+01,3.962395e+01,1.697412e+02
1.204834e+06,1.394484e+01,5.571379e+04,6.448356e-01,9.478753e-01,9.477297e-01,5.181992e-04,1.085176e-08,3.797517e+01,8.013654e+00,2.996151e+01,3.962279e+01,1.697452e+02
1.204844e+06,1.394495e+01,5.572379e+04,6.449513e-01,9.478753e-01,9.477298e-01,5.183077e-04,1.085176e-08,3.797406e+01,8.013397e+00,2.996066e+01,3.962163e+01,1.697492e+02
1.204854e+06,1.394507e+01,5.573379e+04,6.450671e-01,9.478752e-01,9.477299e-01,5.184162e-04,1.085175e-08,3.797294e+01,8.013141e+00,2.995980e+01,3.962047e+01,1.697532e+02
1.204864e+06,1.394518e+01,5.574380e+04,6.451828e-01,9.478752e-01,9.477300e-01,5.185247e-04,1.085175e-08,3.797183e+01,8.012884e+00,2.995895e+01,3.961931e+01,1.697572e+02
1.204874e+06,1.394530e+01,5.575380e+04,6.452986e-01,9.478752e-01,9.477301e-01,5.186333e-04,1.085175e-08,3.797072e+01,8.012627e+00,2.995809e+01,3.961815e+01,1.697612e+02
1.204884e+06,1.394541e+01,5.576380e+04,6.454143e-01,9.478752e-01,9.477302e-01,5.187418e-04,1.085175e-08,3.796960e+01,8.012370e+00,2.995723e+01,3.961699e+01,1.697652e+02
1.204894e+06,1.394553e+01,5.577380e+04,6.455301e-01,9.478752e-01,9.477303e-01,5.188503e-04,1.085175e-08,3.796849e+01,8.012113e+00,2.995638e+01,3.961583e+01,1.697692e+02
1.204904e+06,1.394565e+01,5.578380e+04,6.456458e-01,9.478752e-01,9.477304e-01,5.189588e-04,1.085175e-08,3.796738e+01,8.011856e+00,2.995552e+01,3.961467e+01,1.697732e+02
1.204914e+06,1.394576e+01,5.579380e+04,6.457616e-01,9.478752e-01,9.477305e-01,5.190674e-04,1.085175e-08,3.796626e+01,8.011599e+00,2.995466e+01,3.961351e+01,1.697772e+02
1.204924e+06,1.394588e+01,5.580380e+04,6.458773e-01,9.478752e-01,9.477306e-01,5.191759e-04,1.085175e-08,3.796515e+01,8.011342e+00,2.995381e+01,3.961235e+01,1.697812e+02
1.204934e+06,1.394599e+01,5.581380e+04,6.459931e-01,9.478752e-01,9.477307e-01,5.192844e-04,1.085174e-08,3.796404e+01,8.011085e+00,2.995295e+01,3.961119e+01,1.697852e+02
1.204944e+06,1.394611e+01,5.582380e+04,6.461088e-01,9.478752e-01,9.477308e-01,5.193929e-04,1.085174e-08,3.796292e+01,8.010829e+00,2.995210e+01,3.961003e+01,1.697892e+02
1.204954e+06,1.394622e+01,5.583380e+04,6.462246e-01,9.478752e-01,9.477309e-01,5.195015e-04,1.085174e-08,3.796181e+01,8.010572e+00,2.995124e+01,3.960887e+01,1.697932e+02
1.204964e+06,1.394634e+01,5.584380e+04,6.463403e-01,9.478752e-01,9.477310e-01,5.196100e-04,1.085174e-08,3.796070e+01,8.010315e+00,2.995038e+01,3.960771e+01,1.697972e+02
1.204974e+06,1.394646e+01,5.585380e+04,6.464560e-01,9.478754e-01,9.477311e-01,5.197185e-04,1.085174e-08,3.796060e+01,8.010138e+00,2.995046e+01,3.960760e+01,1.698012e+02
1.204984e+06,1.394657e+01,5.586380e+04,6.465718e-01,9.478761e-01,9.477312e-01,5.198270e-04,1.085174e-08,3.796273e+01,8.010138e+00,2.995259e+01,3.960983e+01,1.698052e+02
1.204994e+06,1.394669e+01,5.587380e+04,6.466875e-01,9.478768e-01,9.477313e-01,5.199356e-04,1.085174e-08,3.796486e+01,8.010138e+00,2.995472e+01,3.961205e+01,1.698092e+02
1.205004e+06,1.394680e+01,5.588380e+04,6.468033e-01,9.478775e-01,9.477314e-01,5.200441e-04,1.085174e-08,3.796700e+01,8.010138e+00,2.995686e+01,3.961428e+01,1.698132e+02
1.205014e+06,1.394692e+01,5.589381e+04,6.469190e-01,9.478782e-01,9.477316e-01,5.201526e-04,1.085174e-08,3.796913e+01,8.010138e+00,2.995899e+01,3.961651e+01,1.698172e+02
1.205024e+06,1.394703e+01,5.590381e+04,6.470348e-01,9.478790e-01,9.477317e-01,5.202611e-04,1.085173e-08,3.797126e+01,8.010138e+00,2.996112e+01,3.961873e+01,1.698212e+02
1.205034e+06,1.394715e+01,5.591381e+04,6.471505e-01,9.478797e-01,9.477318e-01,5.203697e-04,1.085173e-08,3.797340e+01,8.010138e+00,2.996326e+01,3.962096e+01,1.698252e+02
1.205044e+06,1.394727e+01,5.592381e+04,6.472663e-01,9.478804e-01,9.477319e-01,5.204782e-04,1.085173e-08,3.797553e+01,8.010138e+00,2.996539e+01,3.962319e+01,1.698292e+02
1.205054e+06,1.394738e+01,5.593381e+04,6.473820e-01,9.478811e-01,9.477320e-01,5.205867e-04,1.085173e-08,3.797766e+01,8.010138e+00,2.996752e+01,3.962542e+01,1.698332e+02
1.205064e+06,1.394750e+01,5.594381e+04,6.474978e-01,9.478818e-01,9.477321e-01,5.206952e-04,1.085173e-08,3.797980e+01,8.010138e+00,2.996966e+01,3.962764e+01,1.698372e+02
1.205074e+06,1.394761e+01,5.595381e+04,6.476135e-01,9.478825e-01,9.477322e-01,5.208038e-04,1.085173e-08,3.798193e+01,8.010138e+00,2.997179e+01,3.962987e+01,1.698412e+02
1.205084e+06,1.394773e+01,5.596381e+04,6.477293e-01,9.478833e-01,9.477323e-01,5.209123e-04,1.085173e-08,3.798406e+01,8.010138e+00,2.997392e+01,3.963210e+01,1.698451e+02
1.205094e+06,1.394785e+01,5.597381e+04,6.478450e-01,9.478840e-01,9.477324e-01,5.210208e-04,1.085173e-08,3.798620e+01,8.010138e+00,2.997606e+01,3.963432e+01,1.698491e+02
1.205104e+06,1.394796e+01,5.598381e+04,6.479608e-01,9.478847e-01,9.477325e-01,5.211293e-04,1.085172e-08,3.798833e+01,8.010138e+00,2.997819e+01,3.963655e+01,1.698531e+02
1.205114e+06,1.394808e+01,5.599381e+04,6.480765e-01,9.478854e-01,9.477326e-01,5.212379e-04,1.085172e-08,3.799046e+01,8.010138e+00,2.998032e+01,3.963878e+01,1.698571e+02
1.205124e+06,1.394819e+01,5.600381e+04,6.481923e-01,9.478861e-01,9.477327e-01,5.213464e-04,1.085172e-08,3.799259e+01,8.010138e+00,2.998246e+01,3.964100e+01,1.698611e+02
1.205134e+06,1.394831e+01,5.601381e+04,6.483080e-01,9.478868e-01,9.477328e-01,5.214549e-04,1.085172e-08,3.799473e+01,8.010138e+00,2.998459e+01,3.964323e+01,1.698651e+02
1.205144e+06,1.394842e+01,5.602381e+04,6.484238e-01,9.478875e-01,9.477329e-01,5.215634e-04,1.085172e-08,3.799686e+01,8.010138e+00,2.998672e+01,3.964546e+01,1.698691e+02
1.205154e+06,1.394854e+01,5.603381e+04,6.485395e-01,9.478883e-01,9.477330e-01,5.216720e-04,1.085172e-08,3.799899e+01,8.010138e+00,2.998886e+01,3.964768e+01,1.698731e+02
1.205164e+06,1.394866e+01,5.604382e+04,6.486553e-01,9.478890e-01,9.477331e-01,5.217805e-04,1.085172e-08,3.800113e+01,8.010138e+00,2.999099e+01,3.964991e+01,1.698771e+02
1.205174e+06,1.394877e+01,5.605382e+04,6.487710e-01,9.478897e-01,9.477332e-01,5.218890e-04,1.085172e-08,3.800326e+01,8.010138e+00,2.999312e+01,3.965214e+01,1.698811e+02
1.205184e+06,1.394889e+01,5.606382e+04,6.488868e-01,9.478904e-01,9.477333e-01,5.219975e-04,1.085171e-08,3.800539e+01,8.010138e+00,2.999526e+01,3.965436e+01,1.698851e+02
1.205194e+06,1.394900e+01,5.607382e+04,6.490025e-01,9.478911e-01,9.477334e-01,5.221061e-04,1.085171e-08,3.800753e+01,8.010138e+00,2.999739e+01,3.965659e+01,1.698891e+02
1.205204e+06,1.394912e+01,5.608382e+04,6.491183e-01,9.478918e-01,9.477335e-01,5.222146e-04,1.085171e-08,3.800966e+01,8.010138e+00,2.999952e+01,3.965882e+01,1.698930e+02
1.205214e+06,1.394923e+01,5.609382e+04,6.492340e-01,9.478901e-01,9.477336e-01,5.223231e-04,1.085171e-08,3.801179e+01,8.010138e+00,3.000166e+01,3.966112e+01,1.698970e+02
1.205224e+06,1.394935e+01,5.610382e+04,6.493498e-01,9.478804e-01,9.477337e-01,5.224316e-04,1.085171e-08,3.801305e+01,8.010204e+00,3.000285e+01,3.966277e+01,1.698979e+02
1.205234e+06,1.394947e+01,5.611382e+04,6.494655e-01,9.478684e-01,9.477338e-01,5.225402e-04,1.085171e-08,3.801176e+01,8.010461e+00,3.000130e+01,3.966180e+01,1.698899e+02
1.205244e+06,1.394958e+01,5.612382e+04,6.495813e-01,9.478564e-01,9.477339e-01,5.226487e-04,1.085171e-08,3.801048e+01,8.010718e+00,2.999976e+01,3.966083e+01,1.698819e+02
1.205254e+06,1.394970e+01,5.613382e+04,6.496970e-01,9.478444e-01,9.477340e-01,5.227572e-04,1.085171e-08,3.800920e+01,8.010975e+00,2.999822e+01,3.965986e+01,1.698739e+02
1.205264e+06,1.394981e+01,5.614382e+04,6.498128e-01,9.478324e-01,9.477341e-01,5.228657e-04,1.085171e-08,3.800791e+01,8.011232e+00,2.999668e+01,3.965889e+01,1.698659e+02
1.205274e+06,1.394993e+01,5.615382e+04,6.499285e-01,9.478205e-01,9.477342e-01,5.229743e-04,1.085170e-08,3.800663e+01,8.011488e+00,2.999514e+01,3.965792e+01,1.698579e+02
1.205284e+06,1.395004e+01,5.616382e+04,6.500443e-01,9.478085e-01,9.477343e-01,5.230828e-04,1.085170e-08,3.800534e+01,8.011745e+00,2.999360e+01,3.965695e+01,1.698499e+02
1.205294e+06,1.395016e+01,5.617382e+04,6.501600e-01,9.477965e-01,9.477344e-01,5.231913e-04,1.085170e-08,3.800406e+01,8.012002e+00,2.999206e+01,3.965599e+01,1.698419e+02
1.205304e+06,1.395028e+01,5.618383e+04,6.502758e-01,9.477845e-01,9.477345e-01,5.232998e-04,1.085170e-08,3.800277e+01,8.012259e+00,2.999051e+01,3.965502e+01,1.698339e+02
1.205314e+06,1.395039e+01,5.619383e+04,6.503915e-01,9.477725e-01,9.477346e-01,5.234083e-04,1.085170e-08,3.800149e+01,8.012516e+00,2.998897e+01,3.965405e+01,1.698258e+02
1.205324e+06,1.395051e+01,5.620383e+04,6.505073e-01,9.477605e-01,9.477347e-01,5.235169e-04,1.085170e-08,3.800020e+01,8.012773e+00,2.998743e+01,3.965308e+01,1.698178e+02
1.205334e+06,1.395062e+01,5.621383e+04,6.506230e-01,9.477485e-01,9.477348e-01,5.236254e-04,1.085170e-08,3.799892e+01,8.013030e+00,2.998589e+01,3.965211e+01,1.698098e+02
1.205344e+06,1.395074e+01,5.622383e+04,6.507387e-01,9.477365e-01,9.477349e-01,5.237339e-04,1.085170e-08,3.799764e+01,8.013287e+00,2.998435e+01,3.965114e+01,1.698018e+02
1.205354e+06,1.395085e+01,5.623383e+04,6.508545e-01,9.477245e-01,9.477350e-01,5.238424e-04,1.085169e-08,3.799635e+01,8.013543e+00,2.998281e+01,3.965017e+01,1.697938e+02
1.205364e+06,1.395097e+01,5.624383e+04,6.509702e-01,9.477125e-01,9.477352e-01,5.239510e-04,1.085169e-08,3.799507e+01,8.013800e+00,2.998127e+01,3.964920e+01,1.697858e+02
1.205374e+06,1.395109e+01,5.625383e+04,6.510860e-01,9.477006e-01,9.477353e-01,5.240595e-04,1.085169e-08,3.799378e+01,8.014057e+00,2.997973e+01,3.964823e+01,1.697778e+02
1.205384e+06,1.395120e+01,5.626383e+04,6.512017e-01,9.476886e-01,9.477354e-01,5.241680e-04,1.085169e-08,3.799250e+01,8.014314e+00,2.997818e+01,3.964726e+01,1.697698e+02
1.205394e+06,1.395132e+01,5.627383e+04,6.513175e-01,9.476766e-01,9.477355e-01,5.242765e-04,1.085169e-08,3.799121e+01,8.014571e+00,2.997664e+01,3.964629e+01,1.697618e+02
1.205404e+06,1.395143e+01,5.628383e+04,6.514332e-01,9.476646e-01,9.477356e-01,5.243851e-04,1.085169e-08,3.798993e+01,8.014828e+00,2.997510e+01,3.964532e+01,1.697538e+02
1.205414e+06,1.395155e+01,5.629383e+04,6.515490e-01,9.476526e-01,9.477357e-01,5.244936e-04,1.085169e-08,3.798865e+01,8.015085e+00,2.997356e+01,3.964436e+01,1.697457e+02
1.205424e+06,1.395166e+01,5.630383e+04,6.516647e-01,9.476406e-01,9.477358e-01,5.246021e-04,1.085169e-08,3.798736e+01,8.015342e+00,2.997202e+01,3.964339e+01,1.697377e+02
1.205434e+06,1.395178e+01,5.631383e+04,6.517805e-01,9.476286e-01,9.477359e-01,5.247106e-04,1.085169e-08,3.798608e+01,8.015599e+00,2.997048e+01,3.964242e+01,1.697297e+02
1.205444e+06,1.395190e+01,5.632383e+04,6.518962e-01,9.476166e-01,9.477360e-01,5.248192e-04,1.085168e-08,3.798479e+01,8.015855e+00,2.996894e+01,3.964145e+01,1.697217e+02
1.205454e+06,1.395201e+01,5.633384e+04,6.520120e-01,9.476046e-01,9.477361e-01,5.249277e-04,1.085168e-08,3.798351e+01,8.016112e+00,2.996740e+01,3.964048e+01,1.697137e+02
1.205464e+06,1.395213e+01,5.634384e+04,6.521277e-01,9.475945e-01,9.477362e-01,5.250362e-04,1.085168e-08,3.798222e+01,8.016369e+00,2.996585e+01,3.963945e+01,1.697057e+02
1.205474e+06,1.395224e+01,5.635384e+04,6.522435e-01,9.475898e-01,9.477363e-01,5.251447e-04,1.085168e-08,3.798138e+01,8.016552e+00,2.996483e+01,3.963871e+01,1.697000e+02
1.205484e+06,1.395236e+01,5.636384e+04,6.523592e-01,9.475872e-01,9.477364e-01,5.252533e-04,1.085168e-08,3.798164e+01,8.016552e+00,2.996509e+01,3.963907e+01,1.697000e+02
1.205494e+06,1.395247e+01,5.637384e+04,6.524750e-01,9.475846e-01,9.477365e-01,5.253618e-04,1.085168e-08,3.798190e+01,8.016552e+00,2.996535e+01,3.963942e+01,1.697000e+02
1.205504e+06,1.395259e+01,5.638384e+04,6.525907e-01,9.475820e-01,9.477366e-01,5.254703e-04,1.085168e-08,3.798216e+01,8.016552e+00,2.996560e+01,3.963978e+01,1.697000e+02
1.205514e+06,1.395271e+01,5.639384e+04,6.527065e-01,9.475794e-01,9.477367e-01,5.255788e-04,1.085168e-08,3.798241e+01,8.016552e+00,2.996586e+01,3.964014e+01,1.697000e+02
1.205524e+06,1.395282e+01,5.640384e+04,6.528222e-01,9.475769e-01,9.477368e-01,5.256874e-04,1.085167e-08,3.798267e+01,8.016552e+00,2.996612e+01,3.964050e+01,1.697000e+02
1.205534e+06,1.395294e+01,5.641384e+04,6.529380e-01,9.475743e-01,9.477369e-01,5.257959e-04,1.085167e-08,3.798293e+01,8.016552e+00,2.996637e+01,3.964085e+01,1.697000e+02
1.205544e+06,1.395305e+01,5.642384e+04,6.530537e-01,9.475717e-01,9.477370e-01,5.259044e-04,1.085167e-08,3.798318e+01,8.016552e+00,2.996663e+01,3.964121e+01,1.697000e+02
1.205554e+06,1.395317e+01,5.643384e+04,6.531695e-01,9.475691e-01,9.477371e-01,5.260129e-04,1.085167e-08,3.798344e+01,8.016552e+00,2.996689e+01,3.964157e+01,1.697000e+02
1.205564e+06,1.395329e+01,5.644384e+04,6.532852e-01,9.475665e-01,9.477372e-01,5.261215e-04,1.085167e-08,3.798370e+01,8.016552e+00,2.996714e+01,3.964192e+01,1.697000e+02
1.205574e+06,1.395340e+01,5.645384e+04,6.534010e-01,9.475639e-01,9.477373e-01,5.262300e-04,1.085167e-08,3.798395e+01,8.016552e+00,2.996740e+01,3.964228e+01,1.697000e+02
1.205584e+06,1.395352e+01,5.646384e+04,6.535167e-01,9.475614e-01,9.477374e-01,5.263385e-04,1.085167e-08,3.798421e+01,8.016552e+00,2.996766e+01,3.964264e+01,1.697000e+02
1.205594e+06,1.395363e+01,5.647384e+04,6.536325e-01,9.475588e-01,9.477375e-01,5.264470e-04,1.085167e-08,3.798447e+01,8.016552e+00,2.996792e+01,3.964300e+01,1.697000e+02
1.205604e+06,1.395375e+01,5.648385e+04,6.537482e-01,9.475562e-01,9.477376e-01,5.265556e-04,1.085167e-08,3.798472e+01,8.016552e+00,2.996817e+01,3.964335e+01,1.697000e+02
1.205614e+06,1.395386e+01,5.649385e+04,6.538640e-01,9.475536e-01,9.477377e-01,5.266641e-04,1.085166e-08,3.798498e+01,8.016552e+00,2.996843e+01,3.964371e+01,1.697000e+02
1.205624e+06,1.395398e+01,5.650385e+04,6.539797e-01,9.475510e-01,9.477378e-01,5.267726e-04,1.085166e-08,3.798524e+01,8.016552e+00,2.996869e+01,3.964407e+01,1.697000e+02
1.205634e+06,1.395410e+01,5.651385e+04,6.540955e-01,9.475484e-01,9.477379e-01,5.268811e-04,1.085166e-08,3.798549e+01,8.016552e+00,2.996894e+01,3.964443e+01,1.697000e+02
1.205644e+06,1.395421e+01,5.652385e+04,6.542112e-01,9.475458e-01,9.477380e-01,5.269896e-04,1.085166e-08,3.798575e+01,8.016552e+00,2.996920e+01,3.964478e+01,1.697000e+02
1.205654e+06,1.395433e+01,5.653385e+04,6.543270e-01,9.475433e-01,9.477381e-01,5.270982e-04,1.085166e-08,3.798601e+01,8.016552e+00,2.996946e+01,3.964514e+01,1.697000e+02
1.205664e+06,1.395444e+01,5.654385e+04,6.544427e-01,9.475407e-01,9.477382e-01,5.272067e-04,1.085166e-08,3.798627e+01,8.016552e+00,2.996971e+01,3.964550e+01,1.697000e+02
1.205674e+06,1.395456e+01,5.655385e+04,6.545585e-01,9.475381e-01,9.477383e-01,5.273152e-04,1.085166e-08,3.798652e+01,8.016552e+00,2.996997e+01,3.964586e+01,1.697000e+02
1.205684e+06,1.395467e+01,5.656385e+04,6.546742e-01,9.475355e-01,9.477384e-01,5.274237e-04,1.085166e-08,3.798678e+01,8.016552e+00,2.997023e+01,3.964621e+01,1.697000e+02
1.205694e+06,1.395479e+01,5.657385e+04,6.547900e-01,9.475329e-01,9.477385e-01,5.275323e-04,1.085165e-08,3.798704e+01,8.016552e+00,2.997048e+01,3.964657e+01,1.697000e+02
1.205704e+06,1.395491e+01,5.658385e+04,6.549057e-01,9.475303e-01,9.477386e-01,5.276408e-04,1.085165e-08,3.798729e+01,8.016552e+00,2.997074e+01,3.964693e+01,1.697000e+02
1.205714e+06,1.395502e+01,5.659385e+04,6.550214e-01,9.475277e-01,9.477388e-01,5.277493e-04,1.085165e-08,3.798755e+01,8.016552e+00,2.997100e+01,3.964729e+01,1.697000e+02
1.205724e+06,1.395514e+01,5.660385e+04,6.551372e-01,9.475265e-01,9.477389e-01,5.278578e-04,1.085165e-08,3.798737e+01,8.016552e+00,2.997082e+01,3.964713e+01,1.697000e+02
1.205734e+06,1.395525e+01,5.661385e+04,6.552529e-01,9.475283e-01,9.477390e-01,5.279664e-04,1.085165e-08,3.798626e+01,8.016552e+00,2.996971e+01,3.964590e+01,1.697000e+02
1.205744e+06,1.395537e+01,5.662386e+04,6.553687e-01,9.475301e-01,9.477391e-01,5.280749e-04,1.085165e-08,3.798515e+01,8.016552e+00,2.996860e+01,3.964468e+01,1.697000e+02
1.205754e+06,1.395548e+01,5.663386e+04,6.554844e-01,9.475318e-01,9.477392e-01,5.281834e-04,1.085165e-08,3.798404e+01,8.016552e+00,2.996749e+01,3.964345e+01,1.697000e+02
1.205764e+06,1.395560e+01,5.664386e+04,6.556002e-01,9.475336e-01,9.477393e-01,5.282919e-04,1.085165e-08,3.798293e+01,8.016552e+00,2.996638e+01,3.964222e+01,1.697000e+02
1.205774e+06,1.395572e+01,5.665386e+04,6.557159e-01,9.475353e-01,9.477394e-01,5.284005e-04,1.085165e-08,3.798182e+01,8.016552e+00,2.996527e+01,3.964099e+01,1.697000e+02
1.205784e+06,1.395583e+01,5.666386e+04,6.558317e-01,9.475371e-01,9.477395e-01,5.285090e-04,1.085164e-08,3.798071e+01,8.016552e+00,2.996416e+01,3.963976e+01,1.697000e+02
1.205794e+06,1.395595e+01,5.667386e+04,6.559474e-01,9.475388e-01,9.477396e-01,5.286175e-04,1.085164e-08,3.797960e+01,8.016552e+00,2.996305e+01,3.963853e+01,1.697000e+02
1.205804e+06,1.395606e+01,5.668386e+04,6.560632e-01,9.475406e-01,9.477397e-01,5.287260e-04,1.085164e-08,3.797849e+01,8.016552e+00,2.996194e+01,3.963730e+01,1.697000e+02
1.205814e+06,1.395618e+01,5.669386e+04,6.561789e-01,9.475423e-01,9.477398e-01,5.288346e-04,1.085164e-08,3.797738e+01,8.016552e+00,2.996083e+01,3.963607e+01,1.697000e+02
1.205824e+06,1.395629e+01,5.670386e+04,6.562947e-01,9.475441e-01,9.477399e-01,5.289431e-04,1.085164e-08,3.797627e+01,8.016552e+00,2.995972e+01,3.963484e+01,1.697000e+02
1.205834e+06,1.395641e+01,5.671386e+04,6.564104e-01,9.475458e-01,9.477400e-01,5.290516e-04,1.085164e-08,3.797517e+01,8.016552e+00,2.995861e+01,3.963361e+01,1.697000e+02
1.205844e+06,1.395653e+01,5.672386e+04,6.565262e-01,9.475476e-01,9.477401e-01,5.291601e-04,1.085164e-08,3.797406e+01,8.016552e+00,2.995750e+01,3.963238e+01,1.697000e+02
1.205854e+06,1.395664e+01,5.673386e+04,6.566419e-01,9.475493e-01,9.477402e-01,5.292686e-04,1.085164e-08,3.797295e+01,8.016552e+00,2.995639e+01,3.963115e+01,1.697000e+02
1.205864e+06,1.395676e+01,5.674386e+04,6.567577e-01,9.475511e-01,9.477403e-01,5.293772e-04,1.085163e-08,3.797184e+01,8.016552e+00,2.995529e+01,3.962992e+01,1.697000e+02
1.205874e+06,1.395687e+01,5.675386e+04,6.568734e-01,9.475528e-01,9.477404e-01,5.294857e-04,1.085163e-08,3.797073e+01,8.016552e+00,2.995418e+01,3.962870e+01,1.697000e+02
1.205884e+06,1.395699e+01,5.676386e+04,6.569892e-01,9.475546e-01,9.477405e-01,5.295942e-04,1.085163e-08,3.796962e+01,8.016552e+00,2.995307e+01,3.962747e+01,1.697000e+02
1.205894e+06,1.395710e+01,5.677387e+04,6.571049e-01,9.475563e-01,9.477406e-01,5.297027e-04,1.085163e-08,3.796851e+01,8.016552e+00,2.995196e+01,3.962624e+01,1.697000e+02
1.205904e+06,1.395722e+01,5.678387e+04,6.572207e-01,9.475581e-01,9.477407e-01,5.298113e-04,1.085163e-08,3.796740e+01,8.016552e+00,2.995085e+01,3.962501e+01,1.697000e+02
1.205914e+06,1.395734e+01,5.679387e+04,6.573364e-01,9.475598e-01,9.477408e-01,5.299198e-04,1.085163e-08,3.796629e+01,8.016552e+00,2.994974e+01,3.962378e+01,1.697000e+02
1.205924e+06,1.395745e+01,5.680387e+04,6.574522e-01,9.475616e-01,9.477409e-01,5.300283e-04,1.085163e-08,3.796518e+01,8.016552e+00,2.994863e+01,3.962255e+01,1.697000e+02
1.205934e+06,1.395757e+01,5.681387e+04,6.575679e-01,9.475633e-01,9.477410e-01,5.301368e-04,1.085163e-08,3.796407e+01,8.016552e+00,2.994752e+01,3.962132e+01,1.697000e+02
1.205944e+06,1.395768e+01,5.682387e+04,6.576837e-01,9.475651e-01,9.477411e-01,5.302454e-04,1.085163e-08,3.796296e+01,8.016552e+00,2.994641e+01,3.962009e+01,1.697000e+02
1.205954e+06,1.395780e+01,5.683387e+04,6.577994e-01,9.475669e-01,9.477412e-01,5.303539e-04,1.085162e-08,3.796185e+01,8.016552e+00,2.994530e+01,3.961886e+01,1.697000e+02
1.205964e+06,1.395792e+01,5.684387e+04,6.579152e-01,9.475686e-01,9.477413e-01,5.304624e-04,1.085162e-08,3.796074e+01,8.016552e+00,2.994419e+01,3.961763e+01,1.697000e+02
1.205974e+06,1.395803e+01,5.685387e+04,6.580309e-01,9.475690e-01,9.477414e-01,5.305709e-04,1.085162e-08,3.795993e+01,8.016552e+00,2.994338e+01,3.961676e+01,1.697000e+02
1.205984e+06,1.395815e+01,5.686387e+04,6.581467e-01,9.475654e-01,9.477415e-01,5.306795e-04,1.085162e-08,3.795993e+01,8.016552e+00,2.994338e+01,3.961688e+01,1.697000e+02
1.205994e+06,1.395826e+01,5.687387e+04,6.582624e-01,9.475619e-01,9.477416e-01,5.307880e-04,1.085162e-08,3.795993e+01,8.016552e+00,2.994338e+01,3.961700e+01,1.697000e+02
1.206004e+06,1.395838e+01,5.688387e+04,6.583782e-01,9.475584e-01,9.477417e-01,5.308965e-04,1.085162e-08,3.795993e+01,8.016552e+00,2.994338e+01,3.961712e+01,1.697000e+02
1.206014e+06,1.395849e+01,5.689387e+04,6.584939e-01,9.475549e-01,9.477418e-01,5.310050e-04,1.085162e-08,3.795993e+01,8.016552e+00,2.994338e+01,3.961723e+01,1.697000e+02
1.206024e+06,1.395861e+01,5.690387e+04,6.586097e-01,9.475514e-01,9.477419e-01,5.311136e-04,1.085162e-08,3.795993e+01,8.016552e+00,2.994338e+01,3.961735e+01,1.697000e+02
1.206034e+06,1.395873e+01,5.691387e+04,6.587254e-01,9.475479e-01,9.477420e-01,5.312221e-04,1.085161e-08,3.795993e+01,8.016552e+00,2.994338e+01,3.961747e+01,1.697000e+02
1.206044e+06,1.395884e+01,5.692388e+04,6.588412e-01,9.475443e-01,9.477421e-01,5.313306e-04,1.085161e-08,3.795993e+01,8.016552e+00,2.994338e+01,3.961758e+01,1.697000e+02
1.206054e+06,1.395896e+01,5.693388e+04,6.589569e-01,9.475408e-01,9.477422e-01,5.314391e-04,1.085161e-08,3.795993e+01,8.016552e+00,2.994338e+01,3.961770e+01,1.697000e+02
1.206064e+06,1.395907e+01,5.694388e+04,6.590726e-01,9.475373e-01,9.477424e-01,5.315476e-04,1.085161e-08,3.795993e+01,8.016552e+00,2.994338e+01,3.961782e+01,1.697000e+02
1.206074e+06,1.395919e+01,5.695388e+04,6.591884e-01,9.475338e-01,9.477425e-01,5.316562e-04,1.085161e-08,3.795993e+01,8.016552e+00,2.994338e+01,3.961794e+01,1.697000e+02
1.206084e+06,1.395930e+01,5.696388e+04,6.593041e-01,9.475303e-01,9.477426e-01,5.317647e-04,1.085161e-08,3.795993e+01,8.016552e+00,2.994338e+01,3.961805e+01,1.697000e+02
1.206094e+06,1.395942e+01,5.697388e+04,6.594199e-01,9.475267e-01,9.477427e-01,5.318732e-04,1.085161e-08,3.795993e+01,8.016552e+00,2.994338e+01,3.961817e+01,1.697000e+02
1.206104e+06,1.395954e+01,5.698388e+04,6.595356e-01,9.475232e-01,9.477428e-01,5.319817e-04,1.085161e-08,3.795993e+01,8.016552e+00,2.994338e+01,3.961829e+01,1.697000e+02
1.206114e+06,1.395965e+01,5.699388e+04,6.596514e-01,9.475197e-01,9.477429e-01,5.320903e-04,1.085161e-08,3.795993e+01,8.016552e+00,2.994338e+01,3.961841e+01,1.697000e+02
1.206124e+06,1.395977e+01,5.700388e+04,6.597671e-01,9.475162e-01,9.477430e-01,5.321988e-04,1.085160e-08,3.795993e+01,8.016552e+00,2.994338e+01,3.961852e+01,1.697000e+02
1.206134e+06,1.395988e+01,5.701388e+04,6.598829e-01,9.475127e-01,9.477431e-01,5.323073e-04,1.085160e-08,3.795993e+01,8.016552e+00,2.994338e+01,3.961864e+01,1.697000e+02
1.206144e+06,1.396000e+01,5.702388e+04,6.599986e-01,9.475092e-01,9.477432e-01,5.324158e-04,1.085160e-08,3.795993e+01,8.016552e+00,2.994338e+01,3.961876e+01,1.697000e+02
1.206154e+06,1.396011e+01,5.703388e+04,6.601144e-01,9.475056e-01,9.477433e-01,5.325244e-04,1.085160e-08,3.795993e+01,8.016552e+00,2.994338e+01,3.961887e+01,1.697000e+02
1.206164e+06,1.396023e+01,5.704388e+04,6.602301e-01,9.475021e-01,9.477434e-01,5.326329e-04,1.085160e-08,3.795993e+01,8.016552e+00,2.994338e+01,3.961899e+01,1.697000e+02
1.206174e+06,1.396035e+01,5.705388e+04,6.603459e-01,9.474986e-01,9.477435e-01,5.327414e-04,1.085160e-08,3.795993e+01,8.016552e+00,2.994338e+01,3.961911e+01,1.697000e+02
1.206184e+06,1.396046e+01,5.706389e+04,6.604616e-01,9.474951e-01,9.477436e-01,5.328499e-04,1.085160e-08,3.795993e+01,8.016552e+00,2.994338e+01,3.961923e+01,1.697000e+02
1.206194e+06,1.396058e+01,5.707389e+04,6.605774e-01,9.474916e-01,9.477437e-01,5.329584e-04,1.085160e-08,3.795993e+01,8.016552e+00,2.994338e+01,3.961934e+01,1.697000e+02
1.206204e+06,1.396069e+01,5.708389e+04,6.606931e-01,9.474881e-01,9.477438e-01,5.330670e-04,1.085159e-08,3.795993e+01,8.016552e+00,2.994338e+01,3.961946e+01,1.697000e+02
1.206214e+06,1.396081e+01,5.709389e+04,6.608089e-01,9.474855e-01,9.477439e-01,5.331755e-04,1.085159e-08,3.795993e+01,8.016552e+00,2.994338e+01,3.961955e+01,1.697000e+02
1.206224e+06,1.396092e+01,5.710389e+04,6.609246e-01,9.474875e-01,9.477440e-01,5.332840e-04,1.085159e-08,3.796027e+01,8.016552e+00,2.994371e+01,3.961983e+01,1.697012e+02
1.206234e+06,1.396104e+01,5.711389e+04,6.610404e-01,9.474950e-01,9.477441e-01,5.333925e-04,1.085159e-08,3.796138e+01,8.016552e+00,2.994483e+01,3.962076e+01,1.697052e+02
1.206244e+06,1.396116e+01,5.712389e+04,6.611561e-01,9.475025e-01,9.477442e-01,5.335011e-04,1.085159e-08,3.796250e+01,8.016552e+00,2.994595e+01,3.962169e+01,1.697092e+02
1.206254e+06,1.396127e+01,5.713389e+04,6.612719e-01,9.475099e-01,9.477443e-01,5.336096e-04,1.085159e-08,3.796362e+01,8.016552e+00,2.994706e+01,3.962262e+01,1.697133e+02
1.206264e+06,1.396139e+01,5.714389e+04,6.613876e-01,9.475174e-01,9.477444e-01,5.337181e-04,1.085159e-08,3.796473e+01,8.016552e+00,2.994818e+01,3.962355e+01,1.697173e+02
1.206274e+06,1.396150e+01,5.715389e+04,6.615034e-01,9.475249e-01,9.477445e-01,5.338266e-04,1.085159e-08,3.796585e+01,8.016552e+00,2.994930e+01,3.962448e+01,1.697213e+02
1.206284e+06,1.396162e+01,5.716389e+04,6.616191e-01,9.475323e-01,9.477446e-01,5.339352e-04,1.085159e-08,3.796697e+01,8.016552e+00,2.995042e+01,3.962541e+01,1.697253e+02
1.206294e+06,1.396173e+01,5.717389e+04,6.617349e-01,9.475398e-01,9.477447e-01,5.340437e-04,1.085158e-08,3.796808e+01,8.016552e+00,2.995153e+01,3.962634e+01,1.697293e+02
1.206304e+06,1.396185e+01,5.718389e+04,6.618506e-01,9.475472e-01,9.477448e-01,5.341522e-04,1.085158e-08,3.796920e+01,8.016552e+00,2.995265e+01,3.962727e+01,1.697334e+02
1.206314e+06,1.396197e+01,5.719389e+04,6.619664e-01,9.475547e-01,9.477449e-01,5.342607e-04,1.085158e-08,3.797032e+01,8.016552e+00,2.995377e+01,3.962820e+01,1.697374e+02
1.206324e+06,1.396208e+01,5.720389e+04,6.620821e-01,9.475622e-01,9.477450e-01,5.343693e-04,1.085158e-08,3.797144e+01,8.016552e+00,2.995488e+01,3.962913e+01,1.697414e+02
1.206334e+06,1.396220e+01,5.721390e+04,6.621979e-01,9.475696e-01,9.477451e-01,5.344778e-04,1.085158e-08,3.797255e+01,8.016552e+00,2.995600e+01,3.963006e+01,1.697454e+02
1.206344e+06,1.396231e+01,5.722390e+04,6.623136e-01,9.475771e-01,9.477452e-01,5.345863e-04,1.085158e-08,3.797367e+01,8.016552e+00,2.995712e+01,3.963099e+01,1.697494e+02
1.206354e+06,1.396243e+01,5.723390e+04,6.624294e-01,9.475846e-01,9.477453e-01,5.346948e-04,1.085158e-08,3.797479e+01,8.016552e+00,2.995823e+01,3.963192e+01,1.697534e+02
1.206364e+06,1.396255e+01,5.724390e+04,6.625451e-01,9.475920e-01,9.477454e-01,5.348033e-04,1.085158e-08,3.797590e+01,8.016552e+00,2.995935e+01,3.963285e+01,1.697575e+02
1.206374e+06,1.396266e+01,5.725390e+04,6.626609e-01,9.475995e-01,9.477455e-01,5.349119e-04,1.085157e-08,3.797702e+01,8.016552e+00,2.996047e+01,3.963378e+01,1.697615e+02
1.206384e+06,1.396278e+01,5.726390e+04,6.627766e-01,9.476070e-01,9.477456e-01,5.350204e-04,1.085157e-08,3.797814e+01,8.016552e+00,2.996159e+01,3.963471e+01,1.697655e+02
1.206394e+06,1.396289e+01,5.727390e+04,6.628924e-01,9.476144e-01,9.477457e-01,5.351289e-04,1.085157e-08,3.797925e+01,8.016552e+00,2.996270e+01,3.963564e+01,1.697695e+02
1.206404e+06,1.396301e+01,5.728390e+04,6.630081e-01,9.476219e-01,9.477458e-01,5.352374e-04,1.085157e-08,3.798037e+01,8.016552e+00,2.996382e+01,3.963657e+01,1.697735e+02
1.206414e+06,1.396312e+01,5.729390e+04,6.631239e-01,9.476294e-01,9.477460e-01,5.353460e-04,1.085157e-08,3.798149e+01,8.016552e+00,2.996494e+01,3.963750e+01,1.697776e+02
1.206424e+06,1.396324e+01,5.730390e+04,6.632396e-01,9.476368e-01,9.477461e-01,5.354545e-04,1.085157e-08,3.798261e+01,8.016552e+00,2.996605e+01,3.963843e+01,1.697816e+02
1.206434e+06,1.396336e+01,5.731390e+04,6.633553e-01,9.476443e-01,9.477462e-01,5.355630e-04,1.085157e-08,3.798372e+01,8.016552e+00,2.996717e+01,3.963936e+01,1.697856e+02
1.206444e+06,1.396347e+01,5.732390e+04,6.634711e-01,9.476518e-01,9.477463e-01,5.356715e-04,1.085157e-08,3.798484e+01,8.016552e+00,2.996829e+01,3.964029e+01,1.697896e+02
1.206454e+06,1.396359e+01,5.733390e+04,6.635868e-01,9.476592e-01,9.477464e-01,5.357801e-04,1.085157e-08,3.798596e+01,8.016552e+00,2.996940e+01,3.964122e+01,1.697936e+02
1.206464e+06,1.396370e+01,5.734390e+04,6.637026e-01,9.476640e-01,9.477465e-01,5.358886e-04,1.085156e-08,3.798707e+01,8.016552e+00,2.997052e+01,3.964223e+01,1.697977e+02
1.206474e+06,1.396382e+01,5.735390e+04,6.638183e-01,9.476616e-01,9.477466e-01,5.359971e-04,1.085156e-08,3.798783e+01,8.016552e+00,2.997128e+01,3.964311e+01,1.697983e+02
1.206484e+06,1.396393e+01,5.736391e+04,6.639341e-01,9.476545e-01,9.477467e-01,5.361056e-04,1.085156e-08,3.798809e+01,8.016552e+00,2.997153e+01,3.964362e+01,1.697944e+02
1.206494e+06,1.396405e+01,5.737391e+04,6.640498e-01,9.476473e-01,9.477468e-01,5.362141e-04,1.085156e-08,3.798834e+01,8.016552e+00,2.997179e+01,3.964413e+01,1.697904e+02
1.206504e+06,1.396417e+01,5.738391e+04,6.641656e-01,9.476401e-01,9.477469e-01,5.363227e-04,1.085156e-08,3.798860e+01,8.016552e+00,2.997204e+01,3.964464e+01,1.697864e+02
1.206514e+06,1.396428e+01,5.739391e+04,6.642813e-01,9.476329e-01,9.477470e-01,5.364312e-04,1.085156e-08,3.798885e+01,8.016552e+00,2.997230e+01,3.964515e+01,1.697824e+02
1.206524e+06,1.396440e+01,5.740391e+04,6.643971e-01,9.476257e-01,9.477471e-01,5.365397e-04,1.085156e-08,3.798911e+01,8.016552e+00,2.997255e+01,3.964566e+01,1.697785e+02
1.206534e+06,1.396451e+01,5.741391e+04,6.645128e-01,9.476185e-01,9.477472e-01,5.366482e-04,1.085156e-08,3.798936e+01,8.016552e+00,2.997281e+01,3.964617e+01,1.697745e+02
1.206544e+06,1.396463e+01,5.742391e+04,6.646286e-01,9.476113e-01,9.477473e-01,5.367568e-04,1.085155e-08,3.798962e+01,8.016552e+00,2.997306e+01,3.964668e+01,1.697705e+02
1.206554e+06,1.396474e+01,5.743391e+04,6.647443e-01,9.476042e-01,9.477474e-01,5.368653e-04,1.085155e-08,3.798987e+01,8.016552e+00,2.997332e+01,3.964719e+01,1.697665e+02
1.206564e+06,1.396486e+01,5.744391e+04,6.648601e-01,9.475970e-01,9.477475e-01,5.369738e-04,1.085155e-08,3.799013e+01,8.016552e+00,2.997358e+01,3.964769e+01,1.697625e+02
1.206574e+06,1.396498e+01,5.745391e+04,6.649758e-01,9.475898e-01,9.477476e-01,5.370823e-04,1.085155e-08,3.799038e+01,8.016552e+00,2.997383e+01,3.964820e+01,1.697586e+02
1.206584e+06,1.396509e+01,5.746391e+04,6.650916e-01,9.475826e-01,9.477477e-01,5.371909e-04,1.085155e-08,3.799064e+01,8.016552e+00,2.997409e+01,3.964871e+01,1.697546e+02
1.206594e+06,1.396521e+01,5.747391e+04,6.652073e-01,9.475754e-01,9.477478e-01,5.372994e-04,1.085155e-08,3.799089e+01,8.016552e+00,2.997434e+01,3.964922e+01,1.697506e+02
1.206604e+06,1.396532e+01,5.748391e+04,6.653231e-01,9.475682e-01,9.477479e-01,5.374079e-04,1.085155e-08,3.799115e+01,8.016552e+00,2.997460e+01,3.964973e+01,1.697466e+02
1.206614e+06,1.396544e+01,5.749391e+04,6.654388e-01,9.475610e-01,9.477480e-01,5.375164e-04,1.085155e-08,3.799140e+01,8.016552e+00,2.997485e+01,3.965024e+01,1.697427e+02
1.206624e+06,1.396555e+01,5.750392e+04,6.655546e-01,9.475539e-01,9.477481e-01,5.376249e-04,1.085155e-08,3.799166e+01,8.016552e+00,2.997511e+01,3.965075e+01,1.697387e+02
1.206634e+06,1.396567e+01,5.751392e+04,6.656703e-01,9.475467e-01,9.477482e-01,5.377335e-04,1.085154e-08,3.799191e+01,8.016552e+00,2.997536e+01,3.965126e+01,1.697347e+02
1.206644e+06,1.396579e+01,5.752392e+04,6.657861e-01,9.475395e-01,9.477483e-01,5.378420e-04,1.085154e-08,3.799217e+01,8.016552e+00,2.997562e+01,3.965177e+01,1.697307e+02
1.206654e+06,1.396590e+01,5.753392e+04,6.659018e-01,9.475323e-01,9.477484e-01,5.379505e-04,1.085154e-08,3.799242e+01,8.016552e+00,2.997587e+01,3.965228e+01,1.697267e+02
1.206664e+06,1.396602e+01,5.754392e+04,6.660176e-01,9.475251e-01,9.477485e-01,5.380590e-04,1.085154e-08,3.799268e+01,8.016552e+00,2.997613e+01,3.965279e+01,1.697228e+02
1.206674e+06,1.396613e+01,5.755392e+04,6.661333e-01,9.475179e-01,9.477486e-01,5.381676e-04,1.085154e-08,3.799293e+01,8.016552e+00,2.997638e+01,3.965329e+01,1.697188e+02
1.206684e+06,1.396625e+01,5.756392e+04,6.662491e-01,9.475107e-01,9.477487e-01,5.382761e-04,1.085154e-08,3.799319e+01,8.016552e+00,2.997664e+01,3.965380e+01,1.697148e+02
1.206694e+06,1.396636e+01,5.757392e+04,6.663648e-01,9.475036e-01,9.477488e-01,5.383846e-04,1.085154e-08,3.799344e+01,8.016552e+00,2.997689e+01,3.965431e+01,1.697108e+02
1.206704e+06,1.396648e+01,5.758392e+04,6.664806e-01,9.474964e-01,9.477489e-01,5.384931e-04,1.085154e-08,3.799370e+01,8.016552e+00,2.997715e+01,3.965482e+01,1.697069e+02
1.206714e+06,1.396660e+01,5.759392e+04,6.665963e-01,9.474901e-01,9.477490e-01,5.386016e-04,1.085153e-08,3.799395e+01,8.016552e+00,2.997740e+01,3.965530e+01,1.697029e+02
1.206724e+06,1.396671e+01,5.760392e+04,6.667121e-01,9.474888e-01,9.477491e-01,5.387102e-04,1.085153e-08,3.799428e+01,8.016552e+00,2.997773e+01,3.965569e+01,1.697000e+02
1.206734e+06,1.396683e+01,5.761392e+04,6.668278e-01,9.474944e-01,9.477492e-01,5.388187e-04,1.085153e-08,3.799479e+01,8.016552e+00,2.997824e+01,3.965604e+01,1.697000e+02
1.206744e+06,1.396694e+01,5.762392e+04,6.669436e-01,9.475001e-01,9.477493e-01,5.389272e-04,1.085153e-08,3.799531e+01,8.016552e+00,2.997876e+01,3.965640e+01,1.697000e+02
1.206754e+06,1.396706e+01,5.763392e+04,6.670593e-01,9.475058e-01,9.477494e-01,5.390357e-04,1.085153e-08,3.799582e+01,8.016552e+00,2.997927e+01,3.965675e+01,1.697000e+02
1.206764e+06,1.396718e+01,5.764392e+04,6.671751e-01,9.475115e-01,9.477496e-01,5.391443e-04,1.085153e-08,3.799634e+01,8.016552e+00,2.997978e+01,3.965710e+01,1.697000e+02
1.206774e+06,1.396729e+01,5.765393e+04,6.672908e-01,9.475172e-01,9.477497e-01,5.392528e-04,1.085153e-08,3.799685e+01,8.016552e+00,2.998030e+01,3.965745e+01,1.697000e+02
1.206784e+06,1.396741e+01,5.766393e+04,6.674066e-01,9.475229e-01,9.477498e-01,5.393613e-04,1.085153e-08,3.799736e+01,8.016552e+00,2.998081e+01,3.965780e+01,1.697000e+02
1.206794e+06,1.396752e+01,5.767393e+04,6.675223e-01,9.475286e-01,9.477499e-01,5.394698e-04,1.085153e-08,3.799788e+01,8.016552e+00,2.998132e+01,3.965816e+01,1.697000e+02
1.206804e+06,1.396764e+01,5.768393e+04,6.676380e-01,9.475343e-01,9.477500e-01,5.395784e-04,1.085152e-08,3.799839e+01,8.016552e+00,2.998184e+01,3.965851e+01,1.697000e+02
1.206814e+06,1.396775e+01,5.769393e+04,6.677538e-01,9.475400e-01,9.477501e-01,5.396869e-04,1.085152e-08,3.799890e+01,8.016552e+00,2.998235e+01,3.965886e+01,1.697000e+02
1.206824e+06,1.396787e+01,5.770393e+04,6.678695e-01,9.475456e-01,9.477502e-01,5.397954e-04,1.085152e-08,3.799942e+01,8.016552e+00,2.998287e+01,3.965921e+01,1.697000e+02
1.206834e+06,1.396799e+01,5.771393e+04,6.679853e-01,9.475513e-01,9.477503e-01,5.399039e-04,1.085152e-08,3.799993e+01,8.016552e+00,2.998338e+01,3.965957e+01,1.697000e+02
1.206844e+06,1.396810e+01,5.772393e+04,6.681010e-01,9.475570e-01,9.477504e-01,5.400124e-04,1.085152e-08,3.800045e+01,8.016552e+00,2.998389e+01,3.965992e+01,1.697000e+02
1.206854e+06,1.396822e+01,5.773393e+04,6.682168e-01,9.475627e-01,9.477505e-01,5.401210e-04,1.085152e-08,3.800096e+01,8.016552e+00,2.998441e+01,3.966027e+01,1.697000e+02
1.206864e+06,1.396833e+01,5.774393e+04,6.683325e-01,9.475684e-01,9.477506e-01,5.402295e-04,1.085152e-08,3.800147e+01,8.016552e+00,2.998492e+01,3.966062e+01,1.697000e+02
1.206874e+06,1.396845e+01,5.775393e+04,6.684483e-01,9.475741e-01,9.477507e-01,5.403380e-04,1.085152e-08,3.800199e+01,8.016552e+00,2.998543e+01,3.966097e+01,1.697000e+02
1.206884e+06,1.396856e+01,5.776393e+04,6.685640e-01,9.475798e-01,9.477508e-01,5.404465e-04,1.085151e-08,3.800250e+01,8.016552e+00,2.998595e+01,3.966133e+01,1.697000e+02
1.206894e+06,1.396868e+01,5.777393e+04,6.686798e-01,9.475855e-01,9.477509e-01,5.405551e-04,1.085151e-08,3.800301e+01,8.016552e+00,2.998646e+01,3.966168e+01,1.697000e+02
1.206904e+06,1.396880e+01,5.778393e+04,6.687955e-01,9.475912e-01,9.477510e-01,5.406636e-04,1.085151e-08,3.800353e+01,8.016552e+00,2.998698e+01,3.966203e+01,1.697000e+02
1.206914e+06,1.396891e+01,5.779393e+04,6.689113e-01,9.475969e-01,9.477511e-01,5.407721e-04,1.085151e-08,3.800404e+01,8.016552e+00,2.998749e+01,3.966238e+01,1.697000e+02
1.206924e+06,1.396903e+01,5.780394e+04,6.690270e-01,9.476025e-01,9.477512e-01,5.408806e-04,1.085151e-08,3.800456e+01,8.016552e+00,2.998800e+01,3.966274e+01,1.697000e+02
1.206934e+06,1.396914e+01,5.781394e+04,6.691428e-01,9.476082e-01,9.477513e-01,5.409891e-04,1.085151e-08,3.800507e+01,8.016552e+00,2.998852e+01,3.966309e+01,1.697000e+02
1.206944e+06,1.396926e+01,5.782394e+04,6.692585e-01,9.476139e-01,9.477514e-01,5.410977e-04,1.085151e-08,3.800558e+01,8.016552e+00,2.998903e+01,3.966344e+01,1.697000e+02
1.206954e+06,1.396937e+01,5.783394e+04,6.693743e-01,9.476196e-01,9.477515e-01,5.412062e-04,1.085151e-08,3.800610e+01,8.016552e+00,2.998955e+01,3.966379e+01,1.697000e+02
1.206964e+06,1.396949e+01,5.784394e+04,6.694900e-01,9.476253e-01,9.477516e-01,5.413147e-04,1.085151e-08,3.800661e+01,8.016552e+00,2.999006e+01,3.966414e+01,1.697000e+02
1.206974e+06,1.396961e+01,5.785394e+04,6.696058e-01,9.476308e-01,9.477517e-01,5.414232e-04,1.085150e-08,3.800649e+01,8.016552e+00,2.998994e+01,3.966383e+01,1.697000e+02
1.206984e+06,1.396972e+01,5.786394e+04,6.697215e-01,9.476360e-01,9.477518e-01,5.415318e-04,1.085150e-08,3.800495e+01,8.016552e+00,2.998840e+01,3.966203e+01,1.697000e+02
1.206994e+06,1.396984e+01,5.787394e+04,6.698373e-01,9.476412e-01,9.477519e-01,5.416403e-04,1.085150e-08,3.800341e+01,8.016552e+00,2.998685e+01,3.966023e+01,1.697000e+02
1.207004e+06,1.396995e+01,5.788394e+04,6.699530e-01,9.476463e-01,9.477520e-01,5.417488e-04,1.085150e-08,3.800187e+01,8.016552e+00,2.998531e+01,3.965843e+01,1.697000e+02
1.207014e+06,1.397007e+01,5.789394e+04,6.700688e-01,9.476515e-01,9.477521e-01,5.418573e-04,1.085150e-08,3.800032e+01,8.016552e+00,2.998377e+01,3.965663e+01,1.697000e+02
1.207024e+06,1.397018e+01,5.790394e+04,6.701845e-01,9.476567e-01,9.477522e-01,5.419658e-04,1.085150e-08,3.799878e+01,8.016552e+00,2.998223e+01,3.965484e+01,1.697000e+02
1.207034e+06,1.397030e+01,5.791394e+04,6.703003e-01,9.476619e-01,9.477523e-01,5.420744e-04,1.085150e-08,3.799724e+01,8.016552e+00,2.998069e+01,3.965304e+01,1.697000e+02
1.207044e+06,1.397042e+01,5.792394e+04,6.704160e-01,9.476670e-01,9.477524e-01,5.421829e-04,1.085150e-08,3.799570e+01,8.016552e+00,2.997915e+01,3.965124e+01,1.697000e+02
1.207054e+06,1.397053e+01,5.793394e+04,6.705318e-01,9.476722e-01,9.477525e-01,5.422914e-04,1.085149e-08,3.799416e+01,8.016552e+00,2.997761e+01,3.964944e+01,1.697000e+02
1.207064e+06,1.397065e+01,5.794394e+04,6.706475e-01,9.476774e-01,9.477526e-01,5.423999e-04,1.085149e-08,3.799262e+01,8.016552e+00,2.997607e+01,3.964764e+01,1.697000e+02
1.207074e+06,1.397076e+01,5.795395e+04,6.707633e-01,9.476826e-01,9.477527e-01,5.425085e-04,1.085149e-08,3.799108e+01,8.016552e+00,2.997452e+01,3.964584e+01,1.697000e+02
1.207084e+06,1.397088e+01,5.796395e+04,6.708790e-01,9.476877e-01,9.477528e-01,5.426170e-04,1.085149e-08,3.798953e+01,8.016552e+00,2.997298e+01,3.964404e+01,1.697000e+02
1.207094e+06,1.397099e+01,5.797395e+04,6.709948e-01,9.476929e-01,9.477529e-01,5.427255e-04,1.085149e-08,3.798799e+01,8.016552e+00,2.997144e+01,3.964224e+01,1.697000e+02
1.207104e+06,1.397111e+01,5.798395e+04,6.711105e-01,9.476981e-01,9.477530e-01,5.428340e-04,1.085149e-08,3.798645e+01,8.016552e+00,2.996990e+01,3.964044e+01,1.697000e+02
1.207114e+06,1.397123e+01,5.799395e+04,6.712263e-01,9.477032e-01,9.477532e-01,5.429425e-04,1.085149e-08,3.798491e+01,8.016552e+00,2.996836e+01,3.963864e+01,1.697000e+02
1.207124e+06,1.397134e+01,5.800395e+04,6.713420e-01,9.477084e-01,9.477533e-01,5.430511e-04,1.085149e-08,3.798337e+01,8.016552e+00,2.996682e+01,3.963685e+01,1.697000e+02
1.207134e+06,1.397146e+01,5.801395e+04,6.714578e-01,9.477136e-01,9.477534e-01,5.431596e-04,1.085149e-08,3.798183e+01,8.016552e+00,2.996528e+01,3.963505e+01,1.697000e+02
1.207144e+06,1.397157e+01,5.802395e+04,6.715735e-01,9.477188e-01,9.477535e-01,5.432681e-04,1.085148e-08,3.798029e+01,8.016552e+00,2.996374e+01,3.963325e+01,1.697000e+02
1.207154e+06,1.397169e+01,5.803395e+04,6.716892e-01,9.477239e-01,9.477536e-01,5.433766e-04,1.085148e-08,3.797875e+01,8.016552e+00,2.996219e+01,3.963145e+01,1.697000e+02
1.207164e+06,1.397180e+01,5.804395e+04,6.718050e-01,9.477291e-01,9.477537e-01,5.434852e-04,1.085148e-08,3.797720e+01,8.016552e+00,2.996065e+01,3.962965e+01,1.697000e+02
1.207174e+06,1.397192e+01,5.805395e+04,6.719207e-01,9.477343e-01,9.477538e-01,5.435937e-04,1.085148e-08,3.797566e+01,8.016552e+00,2.995911e+01,3.962785e+01,1.697000e+02
1.207184e+06,1.397204e+01,5.806395e+04,6.720365e-01,9.477395e-01,9.477539e-01,5.437022e-04,1.085148e-08,3.797412e+01,8.016552e+00,2.995757e+01,3.962605e+01,1.697000e+02
1.207194e+06,1.397215e+01,5.807395e+04,6.721522e-01,9.477446e-01,9.477540e-01,5.438107e-04,1.085148e-08,3.797258e+01,8.016552e+00,2.995603e+01,3.962425e+01,1.697000e+02
1.207204e+06,1.397227e+01,5.808395e+04,6.722680e-01,9.477498e-01,9.477541e-01,5.439192e-04,1.085148e-08,3.797104e+01,8.016552e+00,2.995449e+01,3.962245e+01,1.697000e+02
1.207214e+06,1.397238e+01,5.809396e+04,6.723837e-01,9.477550e-01,9.477542e-01,5.440278e-04,1.085148e-08,3.796950e+01,8.016552e+00,2.995295e+01,3.962066e+01,1.697000e+02
1.207224e+06,1.397250e+01,5.810396e+04,6.724995e-01,9.477557e-01,9.477543e-01,5.441363e-04,1.085147e-08,3.796883e+01,8.016552e+00,2.995228e+01,3.961993e+01,1.697000e+02
1.207234e+06,1.397262e+01,5.811396e+04,6.726152e-01,9.477480e-01,9.477544e-01,5.442448e-04,1.085147e-08,3.796986e+01,8.016552e+00,2.995330e+01,3.962127e+01,1.697000e+02
1.207244e+06,1.397273e+01,5.812396e+04,6.727310e-01,9.477403e-01,9.477545e-01,5.443533e-04,1.085147e-08,3.797088e+01,8.016552e+00,2.995433e+01,3.962260e+01,1.697000e+02
1.207254e+06,1.397285e+01,5.813396e+04,6.728467e-01,9.477325e-01,9.477546e-01,5.444619e-04,1.085147e-08,3.797190e+01,8.016552e+00,2.995535e+01,3.962394e+01,1.697000e+02
1.207264e+06,1.397296e+01,5.814396e+04,6.729625e-01,9.477248e-01,9.477547e-01,5.445704e-04,1.085147e-08,3.797293e+01,8.016552e+00,2.995638e+01,3.962528e+01,1.697000e+02
1.207274e+06,1.397308e+01,5.815396e+04,6.730782e-01,9.477171e-01,9.477548e-01,5.446789e-04,1.085147e-08,3.797395e+01,8.016552e+00,2.995740e+01,3.962662e+01,1.697000e+02
1.207284e+06,1.397319e+01,5.816396e+04,6.731940e-01,9.477093e-01,9.477549e-01,5.447874e-04,1.085147e-08,3.797498e+01,8.016552e+00,2.995842e+01,3.962796e+01,1.697000e+02
1.207294e+06,1.397331e+01,5.817396e+04,6.733097e-01,9.477016e-01,9.477550e-01,5.448959e-04,1.085147e-08,3.797600e+01,8.016552e+00,2.995945e+01,3.962930e+01,1.697000e+02
1.207304e+06,1.397343e+01,5.818396e+04,6.734255e-01,9.476939e-01,9.477551e-01,5.450045e-04,1.085147e-08,3.797702e+01,8.016552e+00,2.996047e+01,3.963063e+01,1.697000e+02
1.207314e+06,1.397354e+01,5.819396e+04,6.735412e-01,9.476862e-01,9.477552e-01,5.451130e-04,1.085146e-08,3.797805e+01,8.016552e+00,2.996150e+01,3.963197e+01,1.697000e+02
1.207324e+06,1.397366e+01,5.820396e+04,6.736570e-01,9.476784e-01,9.477553e-01,5.452215e-04,1.085146e-08,3.797907e+01,8.016552e+00,2.996252e+01,3.963331e+01,1.697000e+02
1.207334e+06,1.397377e+01,5.821396e+04,6.737727e-01,9.476707e-01,9.477554e-01,5.453300e-04,1.085146e-08,3.798010e+01,8.016552e+00,2.996354e+01,3.963465e+01,1.697000e+02
1.207344e+06,1.397389e+01,5.822396e+04,6.738885e-01,9.476630e-01,9.477555e-01,5.454386e-04,1.085146e-08,3.798112e+01,8.016552e+00,2.996457e+01,3.963599e+01,1.697000e+02
1.207354e+06,1.397400e+01,5.823396e+04,6.740042e-01,9.476552e-01,9.477556e-01,5.455471e-04,1.085146e-08,3.798214e+01,8.016552e+00,2.996559e+01,3.963733e+01,1.697000e+02
1.207364e+06,1.397412e+01,5.824397e+04,6.741200e-01,9.476475e-01,9.477557e-01,5.456556e-04,1.085146e-08,3.798317e+01,8.016552e+00,2.996662e+01,3.963866e+01,1.697000e+02
1.207374e+06,1.397424e+01,5.825397e+04,6.742357e-01,9.476398e-01,9.477558e-01,5.457641e-04,1.085146e-08,3.798419e+01,8.016552e+00,2.996764e+01,3.964000e+01,1.697000e+02
1.207384e+06,1.397435e+01,5.826397e+04,6.743515e-01,9.476320e-01,9.477559e-01,5.458726e-04,1.085146e-08,3.798522e+01,8.016552e+00,2.996866e+01,3.964134e+01,1.697000e+02
1.207394e+06,1.397447e+01,5.827397e+04,6.744672e-01,9.476243e-01,9.477560e-01,5.459812e-04,1.085145e-08,3.798624e+01,8.016552e+00,2.996969e+01,3.964268e+01,1.697000e+02
1.207404e+06,1.397458e+01,5.828397e+04,6.745830e-01,9.476166e-01,9.477561e-01,5.460897e-04,1.085145e-08,3.798726e+01,8.016552e+00,2.997071e+01,3.964402e+01,1.697000e+02
1.207414e+06,1.397470e+01,5.829397e+04,6.746987e-01,9.476088e-01,9.477562e-01,5.461982e-04,1.085145e-08,3.798829e+01,8.016552e+00,2.997174e+01,3.964536e+01,1.697000e+02
1.207424e+06,1.397481e+01,5.830397e+04,6.748145e-01,9.476011e-01,9.477563e-01,5.463067e-04,1.085145e-08,3.798931e+01,8.016552e+00,2.997276e+01,3.964670e+01,1.697000e+02
1.207434e+06,1.397493e+01,5.831397e+04,6.749302e-01,9.475934e-01,9.477564e-01,5.464153e-04,1.085145e-08,3.799034e+01,8.016552e+00,2.997378e+01,3.964804e+01,1.697000e+02
1.207444e+06,1.397505e+01,5.832397e+04,6.750460e-01,9.475856e-01,9.477565e-01,5.465238e-04,1.085145e-08,3.799136e+01,8.016552e+00,2.997481e+01,3.964937e+01,1.697000e+02
1.207454e+06,1.397516e+01,5.833397e+04,6.751617e-01,9.475779e-01,9.477566e-01,5.466323e-04,1.085145e-08,3.799238e+01,8.016552e+00,2.997583e+01,3.965071e+01,1.697000e+02
1.207464e+06,1.397528e+01,5.834397e+04,6.752775e-01,9.475702e-01,9.477568e-01,5.467408e-04,1.085145e-08,3.799341e+01,8.016552e+00,2.997686e+01,3.965205e+01,1.697000e+02
1.207474e+06,1.397539e+01,5.835397e+04,6.753932e-01,9.475683e-01,9.477569e-01,5.468493e-04,1.085145e-08,3.799384e+01,8.016478e+00,2.997737e+01,3.965258e+01,1.697000e+02
1.207484e+06,1.397551e+01,5.836397e+04,6.755090e-01,9.475809e-01,9.477570e-01,5.469579e-04,1.085144e-08,3.799282e+01,8.016221e+00,2.997659e+01,3.965109e+01,1.697000e+02
1.207494e+06,1.397562e+01,5.837397e+04,6.756247e-01,9.475935e-01,9.477571e-01,5.470664e-04,1.085144e-08,3.799179e+01,8.015964e+00,2.997582e+01,3.964959e+01,1.697000e+02
1.207504e+06,1.397574e+01,5.838397e+04,6.757405e-01,9.476062e-01,9.477572e-01,5.471749e-04,1.085144e-08,3.799076e+01,8.015707e+00,2.997505e+01,3.964810e+01,1.697000e+02
1.207514e+06,1.397586e+01,5.839398e+04,6.758562e-01,9.476188e-01,9.477573e-01,5.472834e-04,1.085144e-08,3.798973e+01,8.015451e+00,2.997428e+01,3.964661e+01,1.697000e+02
1.207524e+06,1.397597e+01,5.840398e+04,6.759719e-01,9.476314e-01,9.477574e-01,5.473919e-04,1.085144e-08,3.798871e+01,8.015194e+00,2.997351e+01,3.964512e+01,1.697000e+02
1.207534e+06,1.397609e+01,5.841398e+04,6.760877e-01,9.476440e-01,9.477575e-01,5.475005e-04,1.085144e-08,3.798768e+01,8.014937e+00,2.997274e+01,3.964363e+01,1.697000e+02
1.207544e+06,1.397620e+01,5.842398e+04,6.762034e-01,9.476567e-01,9.477576e-01,5.476090e-04,1.085144e-08,3.798665e+01,8.014680e+00,2.997197e+01,3.964214e+01,1.697000e+02
1.207554e+06,1.397632e+01,5.843398e+04,6.763192e-01,9.476693e-01,9.477577e-01,5.477175e-04,1.085144e-08,3.798562e+01,8.014423e+00,2.997120e+01,3.964065e+01,1.697000e+02
1.207564e+06,1.397643e+01,5.844398e+04,6.764349e-01,9.476819e-01,9.477578e-01,5.478260e-04,1.085143e-08,3.798460e+01,8.014166e+00,2.997043e+01,3.963915e+01,1.697000e+02
1.207574e+06,1.397655e+01,5.845398e+04,6.765507e-01,9.476945e-01,9.477579e-01,5.479346e-04,1.085143e-08,3.798357e+01,8.013909e+00,2.996966e+01,3.963766e+01,1.697000e+02
1.207584e+06,1.397667e+01,5.846398e+04,6.766664e-01,9.477071e-01,9.477580e-01,5.480431e-04,1.085143e-08,3.798254e+01,8.013652e+00,2.996889e+01,3.963617e+01,1.697000e+02
1.207594e+06,1.397678e+01,5.847398e+04,6.767822e-01,9.477198e-01,9.477581e-01,5.481516e-04,1.085143e-08,3.798151e+01,8.013395e+00,2.996812e+01,3.963468e+01,1.697000e+02
1.207604e+06,1.397690e+01,5.848398e+04,6.768979e-01,9.477324e-01,9.477582e-01,5.482601e-04,1.085143e-08,3.798049e+01,8.013139e+00,2.996735e+01,3.963319e+01,1.697000e+02
1.207614e+06,1.397701e+01,5.849398e+04,6.770137e-01,9.477450e-01,9.477583e-01,5.483686e-04,1.085143e-08,3.797946e+01,8.012882e+00,2.996658e+01,3.963170e+01,1.697000e+02
1.207624e+06,1.397713e+01,5.850398e+04,6.771294e-01,9.477576e-01,9.477584e-01,5.484772e-04,1.085143e-08,3.797843e+01,8.012625e+00,2.996581e+01,3.963021e+01,1.697000e+02
1.207634e+06,1.397725e+01,5.851398e+04,6.772452e-01,9.477703e-01,9.477585e-01,5.485857e-04,1.085143e-08,3.797740e+01,8.012368e+00,2.996503e+01,3.962872e+01,1.697000e+02
1.207644e+06,1.397736e+01,5.852398e+04,6.773609e-01,9.477829e-01,9.477586e-01,5.486942e-04,1.085143e-08,3.797638e+01,8.012111e+00,2.996426e+01,3.962723e+01,1.697000e+02
1.207654e+06,1.397748e+01,5.853399e+04,6.774767e-01,9.477955e-01,9.477587e-01,5.488027e-04,1.085142e-08,3.797535e+01,8.011854e+00,2.996349e+01,3.962573e+01,1.697000e+02
1.207664e+06,1.397759e+01,5.854399e+04,6.775924e-01,9.478081e-01,9.477588e-01,5.489113e-04,1.085142e-08,3.797432e+01,8.011597e+00,2.996272e+01,3.962424e+01,1.697000e+02
1.207674e+06,1.397771e+01,5.855399e+04,6.777082e-01,9.478208e-01,9.477589e-01,5.490198e-04,1.085142e-08,3.797329e+01,8.011340e+00,2.996195e+01,3.962275e+01,1.697000e+02
1.207684e+06,1.397782e+01,5.856399e+04,6.778239e-01,9.478334e-01,9.477590e-01,5.491283e-04,1.085142e-08,3.797227e+01,8.011084e+00,2.996118e+01,3.962126e+01,1.697000e+02
1.207694e+06,1.397794e+01,5.857399e+04,6.779397e-01,9.478460e-01,9.477591e-01,5.492368e-04,1.085142e-08,3.797124e+01,8.010827e+00,2.996041e+01,3.961977e+01,1.697000e+02
1.207704e+06,1.397806e+01,5.858399e+04,6.780554e-01,9.478586e-01,9.477592e-01,5.493453e-04,1.085142e-08,3.797021e+01,8.010570e+00,2.995964e+01,3.961828e+01,1.697000e+02
1.207714e+06,1.397817e+01,5.859399e+04,6.781712e-01,9.478712e-01,9.477593e-01,5.494539e-04,1.085142e-08,3.796918e+01,8.010313e+00,2.995887e+01,3.961679e+01,1.697000e+02
1.207724e+06,1.397829e+01,5.860399e+04,6.782869e-01,9.478793e-01,9.477594e-01,5.495624e-04,1.085142e-08,3.796829e+01,8.010138e+00,2.995815e+01,3.961559e+01,1.697000e+02
1.207734e+06,1.397840e+01,5.861399e+04,6.784027e-01,9.478775e-01,9.477595e-01,5.496709e-04,1.085141e-08,3.796769e+01,8.010138e+00,2.995755e+01,3.961502e+01,1.697000e+02
1.207744e+06,1.397852e+01,5.862399e+04,6.785184e-01,9.478758e-01,9.477596e-01,5.497794e-04,1.085141e-08,3.796709e+01,8.010138e+00,2.995695e+01,3.961444e+01,1.697000e+02
1.207754e+06,1.397863e+01,5.863399e+04,6.786342e-01,9.478740e-01,9.477597e-01,5.498879e-04,1.085141e-08,3.796649e+01,8.010138e+00,2.995636e+01,3.961387e+01,1.697000e+02
1.207764e+06,1.397875e+01,5.864399e+04,6.787499e-01,9.478722e-01,9.477598e-01,5.499965e-04,1.085141e-08,3.796589e+01,8.010138e+00,2.995576e+01,3.961330e+01,1.697000e+02
1.207774e+06,1.397887e+01,5.865399e+04,6.788657e-01,9.478705e-01,9.477599e-01,5.501050e-04,1.085141e-08,3.796529e+01,8.010138e+00,2.995516e+01,3.961272e+01,1.697000e+02
1.207784e+06,1.397898e+01,5.866399e+04,6.789814e-01,9.478687e-01,9.477600e-01,5.502135e-04,1.085141e-08,3.796470e+01,8.010138e+00,2.995456e+01,3.961215e+01,1.697000e+02
1.207794e+06,1.397910e+01,5.867399e+04,6.790972e-01,9.478670e-01,9.477601e-01,5.503220e-04,1.085141e-08,3.796410e+01,8.010138e+00,2.995396e+01,3.961157e+01,1.697000e+02
1.207804e+06,1.397921e+01,5.868400e+04,6.792129e-01,9.478652e-01,9.477602e-01,5.504306e-04,1.085141e-08,3.796350e+01,8.010138e+00,2.995336e+01,3.961100e+01,1.697000e+02
1.207814e+06,1.397933e+01,5.869400e+04,6.793287e-01,9.478634e-01,9.477604e-01,5.505391e-04,1.085141e-08,3.796290e+01,8.010138e+00,2.995276e+01,3.961043e+01,1.697000e+02
1.207824e+06,1.397944e+01,5.870400e+04,6.794444e-01,9.478617e-01,9.477605e-01,5.506476e-04,1.085140e-08,3.796230e+01,8.010138e+00,2.995216e+01,3.960985e+01,1.697000e+02
1.207834e+06,1.397956e+01,5.871400e+04,6.795602e-01,9.478599e-01,9.477606e-01,5.507561e-04,1.085140e-08,3.796170e+01,8.010138e+00,2.995156e+01,3.960928e+01,1.697000e+02
1.207844e+06,1.397968e+01,5.872400e+04,6.796759e-01,9.478582e-01,9.477607e-01,5.508646e-04,1.085140e-08,3.796110e+01,8.010138e+00,2.995096e+01,3.960871e+01,1.697000e+02
1.207854e+06,1.397979e+01,5.873400e+04,6.797917e-01,9.478564e-01,9.477608e-01,5.509732e-04,1.085140e-08,3.796050e+01,8.010138e+00,2.995036e+01,3.960813e+01,1.697000e+02
1.207864e+06,1.397991e+01,5.874400e+04,6.799074e-01,9.478546e-01,9.477609e-01,5.510817e-04,1.085140e-08,3.795990e+01,8.010138e+00,2.994976e+01,3.960756e+01,1.697000e+02
1.207874e+06,1.398002e+01,5.875400e+04,6.800231e-01,9.478529e-01,9.477610e-01,5.511902e-04,1.085140e-08,3.795930e+01,8.010138e+00,2.994916e+01,3.960699e+01,1.697000e+02
1.207884e+06,1.398014e+01,5.876400e+04,6.801389e-01,9.478511e-01,9.477611e-01,5.512987e-04,1.085140e-08,3.795870e+01,8.010138e+00,2.994856e+01,3.960641e+01,1.697000e+02
1.207894e+06,1.398025e+01,5.877400e+04,6.802546e-01,9.478494e-01,9.477612e-01,5.514072e-04,1.085140e-08,3.795810e+01,8.010138e+00,2.994796e+01,3.960584e+01,1.697000e+02
1.207904e+06,1.398037e+01,5.878400e+04,6.803704e-01,9.478476e-01,9.477613e-01,5.515158e-04,1.085139e-08,3.795750e+01,8.010138e+00,2.994736e+01,3.960526e+01,1.697000e+02
1.207914e+06,1.398049e+01,5.879400e+04,6.804861e-01,9.478458e-01,9.477614e-01,5.516243e-04,1.085139e-08,3.795690e+01,8.010138e+00,2.994677e+01,3.960469e+01,1.697000e+02
1.207924e+06,1.398060e+01,5.880400e+04,6.806019e-01,9.478441e-01,9.477615e-01,5.517328e-04,1.085139e-08,3.795630e+01,8.010138e+00,2.994617e+01,3.960412e+01,1.697000e+02
1.207934e+06,1.398072e+01,5.881400e+04,6.807176e-01,9.478423e-01,9.477616e-01,5.518413e-04,1.085139e-08,3.795570e+01,8.010138e+00,2.994557e+01,3.960354e+01,1.697000e+02
1.207944e+06,1.398083e+01,5.882400e+04,6.808334e-01,9.478406e-01,9.477617e-01,5.519499e-04,1.085139e-08,3.795510e+01,8.010138e+00,2.994497e+01,3.960297e+01,1.697000e+02
1.207954e+06,1.398095e+01,5.883401e+04,6.809491e-01,9.478388e-01,9.477618e-01,5.520584e-04,1.085139e-08,3.795451e+01,8.010138e+00,2.994437e+01,3.960240e+01,1.697000e+02
1.207964e+06,1.398106e+01,5.884401e+04,6.810649e-01,9.478370e-01,9.477619e-01,5.521669e-04,1.085139e-08,3.795391e+01,8.010138e+00,2.994377e+01,3.960182e+01,1.697000e+02
1.207974e+06,1.398118e+01,5.885401e+04,6.811806e-01,9.478354e-01,9.477620e-01,5.522754e-04,1.085139e-08,3.795352e+01,8.010138e+00,2.994338e+01,3.960147e+01,1.697000e+02
1.207984e+06,1.398130e+01,5.886401e+04,6.812964e-01,9.478338e-01,9.477621e-01,5.523839e-04,1.085139e-08,3.795352e+01,8.010138e+00,2.994338e+01,3.960152e+01,1.697000e+02
1.207994e+06,1.398141e+01,5.887401e+04,6.814121e-01,9.478323e-01,9.477622e-01,5.524925e-04,1.085138e-08,3.795352e+01,8.010138e+00,2.994338e+01,3.960157e+01,1.697000e+02
1.208004e+06,1.398153e+01,5.888401e+04,6.815279e-01,9.478307e-01,9.477623e-01,5.526010e-04,1.085138e-08,3.795352e+01,8.010138e+00,2.994338e+01,3.960162e+01,1.697000e+02
1.208014e+06,1.398164e+01,5.889401e+04,6.816436e-01,9.478292e-01,9.477624e-01,5.527095e-04,1.085138e-08,3.795352e+01,8.010138e+00,2.994338e+01,3.960167e+01,1.697000e+02
1.208024e+06,1.398176e+01,5.890401e+04,6.817594e-01,9.478276e-01,9.477625e-01,5.528180e-04,1.085138e-08,3.795352e+01,8.010138e+00,2.994338e+01,3.960172e+01,1.697000e+02
1.208034e+06,1.398188e+01,5.891401e+04,6.818751e-01,9.478261e-01,9.477626e-01,5.529265e-04,1.085138e-08,3.795352e+01,8.010138e+00,2.994338e+01,3.960178e+01,1.697000e+02
1.208044e+06,1.398199e+01,5.892401e+04,6.819909e-01,9.478246e-01,9.477627e-01,5.530351e-04,1.085138e-08,3.795352e+01,8.010138e+00,2.994338e+01,3.960183e+01,1.697000e+02
1.208054e+06,1.398211e+01,5.893401e+04,6.821066e-01,9.478230e-01,9.477628e-01,5.531436e-04,1.085138e-08,3.795352e+01,8.010138e+00,2.994338e+01,3.960188e+01,1.697000e+02
1.208064e+06,1.398222e+01,5.894401e+04,6.822224e-01,9.478215e-01,9.477629e-01,5.532521e-04,1.085138e-08,3.795352e+01,8.010138e+00,2.994338e+01,3.960193e+01,1.697000e+02
1.208074e+06,1.398234e+01,5.895401e+04,6.823381e-01,9.478199e-01,9.477630e-01,5.533606e-04,1.085137e-08,3.795352e+01,8.010138e+00,2.994338e+01,3.960198e+01,1.697000e+02
1.208084e+06,1.398245e+01,5.896401e+04,6.824539e-01,9.478184e-01,9.477631e-01,5.534692e-04,1.085137e-08,3.795352e+01,8.010138e+00,2.994338e+01,3.960203e+01,1.697000e+02
1.208094e+06,1.398257e+01,5.897402e+04,6.825696e-01,9.478168e-01,9.477632e-01,5.535777e-04,1.085137e-08,3.795352e+01,8.010138e+00,2.994338e+01,3.960209e+01,1.697000e+02
1.208104e+06,1.398269e+01,5.898402e+04,6.826854e-01,9.478153e-01,9.477633e-01,5.536862e-04,1.085137e-08,3.795352e+01,8.010138e+00,2.994338e+01,3.960214e+01,1.697000e+02
1.208114e+06,1.398280e+01,5.899402e+04,6.828011e-01,9.478137e-01,9.477634e-01,5.537947e-04,1.085137e-08,3.795352e+01,8.010138e+00,2.994338e+01,3.960219e+01,1.697000e+02
1.208124e+06,1.398292e+01,5.900402e+04,6.829169e-01,9.478122e-01,9.477635e-01,5.539032e-04,1.085137e-08,3.795352e+01,8.010138e+00,2.994338e+01,3.960224e+01,1.697000e+02
1.208134e+06,1.398303e+01,5.901402e+04,6.830326e-01,9.478106e-01,9.477636e-01,5.540118e-04,1.085137e-08,3.795352e+01,8.010138e+00,2.994338e+01,3.960229e+01,1.697000e+02
1.208144e+06,1.398315e+01,5.902402e+04,6.831484e-01,9.478091e-01,9.477637e-01,5.541203e-04,1.085137e-08,3.795352e+01,8.010138e+00,2.994338e+01,3.960234e+01,1.697000e+02
1.208154e+06,1.398326e+01,5.903402e+04,6.832641e-01,9.478076e-01,9.477638e-01,5.542288e-04,1.085137e-08,3.795352e+01,8.010138e+00,2.994338e+01,3.960239e+01,1.697000e+02
1.208164e+06,1.398338e+01,5.904402e+04,6.833799e-01,9.478060e-01,9.477640e-01,5.543373e-04,1.085136e-08,3.795352e+01,8.010138e+00,2.994338e+01,3.960245e+01,1.697000e+02
1.208174e+06,1.398350e+01,5.905402e+04,6.834956e-01,9.478045e-01,9.477641e-01,5.544458e-04,1.085136e-08,3.795352e+01,8.010138e+00,2.994338e+01,3.960250e+01,1.697000e+02
1.208184e+06,1.398361e+01,5.906402e+04,6.836114e-01,9.478029e-01,9.477642e-01,5.545544e-04,1.085136e-08,3.795352e+01,8.010138e+00,2.994338e+01,3.960255e+01,1.697000e+02
1.208194e+06,1.398373e+01,5.907402e+04,6.837271e-01,9.478014e-01,9.477643e-01,5.546629e-04,1.085136e-08,3.795352e+01,8.010138e+00,2.994338e+01,3.960260e+01,1.697000e+02
1.208204e+06,1.398384e+01,5.908402e+04,6.838429e-01,9.477998e-01,9.477644e-01,5.547714e-04,1.085136e-08,3.795352e+01,8.010138e+00,2.994338e+01,3.960265e+01,1.697000e+02
1.208214e+06,1.398396e+01,5.909402e+04,6.839586e-01,9.477973e-01,9.477645e-01,5.548799e-04,1.085136e-08,3.795352e+01,8.010138e+00,2.994338e+01,3.960273e+01,1.697000e+02
1.208224e+06,1.398407e+01,5.910402e+04,6.840744e-01,9.477920e-01,9.477646e-01,5.549884e-04,1.085136e-08,3.795359e+01,8.010138e+00,2.994346e+01,3.960299e+01,1.696988e+02
1.208234e+06,1.398419e+01,5.911402e+04,6.841901e-01,9.477853e-01,9.477647e-01,5.550970e-04,1.085136e-08,3.795385e+01,8.010138e+00,2.994371e+01,3.960349e+01,1.696948e+02
1.208244e+06,1.398431e+01,5.912403e+04,6.843058e-01,9.477786e-01,9.477648e-01,5.552055e-04,1.085135e-08,3.795411e+01,8.010138e+00,2.994397e+01,3.960398e+01,1.696908e+02
1.208254e+06,1.398442e+01,5.913403e+04,6.844216e-01,9.477719e-01,9.477649e-01,5.553140e-04,1.085135e-08,3.795436e+01,8.010138e+00,2.994423e+01,3.960448e+01,1.696868e+02
1.208264e+06,1.398454e+01,5.914403e+04,6.845373e-01,9.477651e-01,9.477650e-01,5.554225e-04,1.085135e-08,3.795462e+01,8.010138e+00,2.994448e+01,3.960497e+01,1.696828e+02
1.208274e+06,1.398465e+01,5.915403e+04,6.846531e-01,9.477584e-01,9.477651e-01,5.555311e-04,1.085135e-08,3.795488e+01,8.010138e+00,2.994474e+01,3.960547e+01,1.696788e+02
1.208284e+06,1.398477e+01,5.916403e+04,6.847688e-01,9.477517e-01,9.477652e-01,5.556396e-04,1.085135e-08,3.795513e+01,8.010138e+00,2.994500e+01,3.960596e+01,1.696748e+02
1.208294e+06,1.398488e+01,5.917403e+04,6.848846e-01,9.477450e-01,9.477653e-01,5.557481e-04,1.085135e-08,3.795539e+01,8.010138e+00,2.994525e+01,3.960646e+01,1.696708e+02
1.208304e+06,1.398500e+01,5.918403e+04,6.850003e-01,9.477383e-01,9.477654e-01,5.558566e-04,1.085135e-08,3.795565e+01,8.010138e+00,2.994551e+01,3.960695e+01,1.696668e+02
1.208314e+06,1.398512e+01,5.919403e+04,6.851161e-01,9.477315e-01,9.477655e-01,5.559651e-04,1.085135e-08,3.795591e+01,8.010138e+00,2.994577e+01,3.960745e+01,1.696628e+02
1.208324e+06,1.398523e+01,5.920403e+04,6.852318e-01,9.477248e-01,9.477656e-01,5.560737e-04,1.085135e-08,3.795616e+01,8.010138e+00,2.994602e+01,3.960794e+01,1.696588e+02
1.208334e+06,1.398535e+01,5.921403e+04,6.853476e-01,9.477181e-01,9.477657e-01,5.561822e-04,1.085134e-08,3.795642e+01,8.010138e+00,2.994628e+01,3.960844e+01,1.696548e+02
1.208344e+06,1.398546e+01,5.922403e+04,6.854633e-01,9.477114e-01,9.477658e-01,5.562907e-04,1.085134e-08,3.795668e+01,8.010138e+00,2.994654e+01,3.960893e+01,1.696507e+02
1.208354e+06,1.398558e+01,5.923403e+04,6.855791e-01,9.477047e-01,9.477659e-01,5.563992e-04,1.085134e-08,3.795693e+01,8.010138e+00,2.994680e+01,3.960943e+01,1.696467e+02
1.208364e+06,1.398569e+01,5.924403e+04,6.856948e-01,9.476980e-01,9.477660e-01,5.565077e-04,1.085134e-08,3.795719e+01,8.010138e+00,2.994705e+01,3.960992e+01,1.696427e+02
1.208374e+06,1.398581e+01,5.925403e+04,6.858106e-01,9.476912e-01,9.477661e-01,5.566163e-04,1.085134e-08,3.795745e+01,8.010138e+00,2.994731e+01,3.961042e+01,1.696387e+02
1.208384e+06,1.398593e+01,5.926403e+04,6.859263e-01,9.476845e-01,9.477662e-01,5.567248e-04,1.085134e-08,3.795770e+01,8.010138e+00,2.994757e+01,3.961091e+01,1.696347e+02
1.208394e+06,1.398604e+01,5.927404e+04,6.860421e-01,9.476778e-01,9.477663e-01,5.568333e-04,1.085134e-08,3.795796e+01,8.010138e+00,2.994782e+01,3.961141e+01,1.696307e+02
1.208404e+06,1.398616e+01,5.928404e+04,6.861578e-01,9.476711e-01,9.477664e-01,5.569418e-04,1.085134e-08,3.795822e+01,8.010138e+00,2.994808e+01,3.961190e+01,1.696267e+02
1.208414e+06,1.398627e+01,5.929404e+04,6.862736e-01,9.476644e-01,9.477665e-01,5.570503e-04,1.085133e-08,3.795847e+01,8.010138e+00,2.994834e+01,3.961240e+01,1.696227e+02
1.208424e+06,1.398639e+01,5.930404e+04,6.863893e-01,9.476577e-01,9.477666e-01,5.571589e-04,1.085133e-08,3.795873e+01,8.010138e+00,2.994859e+01,3.961289e+01,1.696187e+02
1.208434e+06,1.398651e+01,5.931404e+04,6.865051e-01,9.476509e-01,9.477667e-01,5.572674e-04,1.085133e-08,3.795899e+01,8.010138e+00,2.994885e+01,3.961339e+01,1.696147e+02
1.208444e+06,1.398662e+01,5.932404e+04,6.866208e-01,9.476442e-01,9.477668e-01,5.573759e-04,1.085133e-08,3.795924e+01,8.010138e+00,2.994911e+01,3.961388e+01,1.696107e+02
1.208454e+06,1.398674e+01,5.933404e+04,6.867366e-01,9.476375e-01,9.477669e-01,5.574844e-04,1.085133e-08,3.795950e+01,8.010138e+00,2.994936e+01,3.961438e+01,1.696067e+02
1.208464e+06,1.398685e+01,5.934404e+04,6.868523e-01,9.476318e-01,9.477670e-01,5.575929e-04,1.085133e-08,3.795976e+01,8.010138e+00,2.994962e+01,3.961484e+01,1.696027e+02
1.208474e+06,1.398697e+01,5.935404e+04,6.869681e-01,9.476309e-01,9.477671e-01,5.577015e-04,1.085133e-08,3.796004e+01,8.010222e+00,2.994982e+01,3.961517e+01,1.696000e+02
1.208484e+06,1.398708e+01,5.936404e+04,6.870838e-01,9.476352e-01,9.477672e-01,5.578100e-04,1.085133e-08,3.796038e+01,8.010478e+00,2.994991e+01,3.961537e+01,1.696000e+02
1.208494e+06,1.398720e+01,5.937404e+04,6.871996e-01,9.476396e-01,9.477673e-01,5.579185e-04,1.085133e-08,3.796073e+01,8.010734e+00,2.994999e+01,3.961557e+01,1.696000e+02
1.208504e+06,1.398732e+01,5.938404e+04,6.873153e-01,9.476439e-01,9.477674e-01,5.580270e-04,1.085132e-08,3.796107e+01,8.010990e+00,2.995008e+01,3.961577e+01,1.696000e+02
1.208514e+06,1.398743e+01,5.939404e+04,6.874311e-01,9.476482e-01,9.477676e-01,5.581355e-04,1.085132e-08,3.796141e+01,8.011246e+00,2.995016e+01,3.961597e+01,1.696000e+02
1.208524e+06,1.398755e+01,5.940404e+04,6.875468e-01,9.476526e-01,9.477677e-01,5.582441e-04,1.085132e-08,3.796175e+01,8.011502e+00,2.995025e+01,3.961617e+01,1.696000e+02
1.208534e+06,1.398766e+01,5.941405e+04,6.876626e-01,9.476569e-01,9.477678e-01,5.583526e-04,1.085132e-08,3.796209e+01,8.011758e+00,2.995033e+01,3.961637e+01,1.696000e+02
1.208544e+06,1.398778e+01,5.942405e+04,6.877783e-01,9.476612e-01,9.477679e-01,5.584611e-04,1.085132e-08,3.796243e+01,8.012014e+00,2.995042e+01,3.961658e+01,1.696000e+02
1.208554e+06,1.398789e+01,5.943405e+04,6.878941e-01,9.476656e-01,9.477680e-01,5.585696e-04,1.085132e-08,3.796277e+01,8.012270e+00,2.995050e+01,3.961678e+01,1.696000e+02
1.208564e+06,1.398801e+01,5.944405e+04,6.880098e-01,9.476699e-01,9.477681e-01,5.586782e-04,1.085132e-08,3.796312e+01,8.012526e+00,2.995059e+01,3.961698e+01,1.696000e+02
1.208574e+06,1.398813e+01,5.945405e+04,6.881256e-01,9.476742e-01,9.477682e-01,5.587867e-04,1.085132e-08,3.796346e+01,8.012782e+00,2.995067e+01,3.961718e+01,1.696000e+02
1.208584e+06,1.398824e+01,5.946405e+04,6.882413e-01,9.476786e-01,9.477683e-01,5.588952e-04,1.085131e-08,3.796380e+01,8.013038e+00,2.995076e+01,3.961738e+01,1.696000e+02
1.208594e+06,1.398836e+01,5.947405e+04,6.883571e-01,9.476829e-01,9.477684e-01,5.590037e-04,1.085131e-08,3.796414e+01,8.013294e+00,2.995085e+01,3.961758e+01,1.696000e+02
1.208604e+06,1.398847e+01,5.948405e+04,6.884728e-01,9.476872e-01,9.477685e-01,5.591122e-04,1.085131e-08,3.796448e+01,8.013550e+00,2.995093e+01,3.961779e+01,1.696000e+02
1.208614e+06,1.398859e+01,5.949405e+04,6.885885e-01,9.476916e-01,9.477686e-01,5.592208e-04,1.085131e-08,3.796482e+01,8.013806e+00,2.995102e+01,3.961799e+01,1.696000e+02
1.208624e+06,1.398870e+01,5.950405e+04,6.887043e-01,9.476959e-01,9.477687e-01,5.593293e-04,1.085131e-08,3.796516e+01,8.014062e+00,2.995110e+01,3.961819e+01,1.696000e+02
1.208634e+06,1.398882e+01,5.951405e+04,6.888200e-01,9.477002e-01,9.477688e-01,5.594378e-04,1.085131e-08,3.796550e+01,8.014318e+00,2.995119e+01,3.961839e+01,1.696000e+02
1.208644e+06,1.398894e+01,5.952405e+04,6.889358e-01,9.477046e-01,9.477689e-01,5.595463e-04,1.085131e-08,3.796585e+01,8.014574e+00,2.995127e+01,3.961859e+01,1.696000e+02
1.208654e+06,1.398905e+01,5.953405e+04,6.890515e-01,9.477089e-01,9.477690e-01,5.596548e-04,1.085131e-08,3.796619e+01,8.014830e+00,2.995136e+01,3.961879e+01,1.696000e+02
1.208664e+06,1.398917e+01,5.954405e+04,6.891673e-01,9.477132e-01,9.477691e-01,5.597634e-04,1.085131e-08,3.796653e+01,8.015086e+00,2.995144e+01,3.961900e+01,1.696000e+02
1.208674e+06,1.398928e+01,5.955405e+04,6.892830e-01,9.477175e-01,9.477692e-01,5.598719e-04,1.085130e-08,3.796687e+01,8.015342e+00,2.995153e+01,3.961920e+01,1.696000e+02
1.208684e+06,1.398940e+01,5.956406e+04,6.893988e-01,9.477219e-01,9.477693e-01,5.599804e-04,1.085130e-08,3.796721e+01,8.015598e+00,2.995161e+01,3.961940e+01,1.696000e+02
1.208694e+06,1.398951e+01,5.957406e+04,6.895145e-01,9.477262e-01,9.477694e-01,5.600889e-04,1.085130e-08,3.796755e+01,8.015854e+00,2.995170e+01,3.961960e+01,1.696000e+02
1.208704e+06,1.398963e+01,5.958406e+04,6.896303e-01,9.477305e-01,9.477695e-01,5.601974e-04,1.085130e-08,3.796789e+01,8.016110e+00,2.995178e+01,3.961980e+01,1.696000e+02
1.208714e+06,1.398975e+01,5.959406e+04,6.897460e-01,9.477340e-01,9.477696e-01,5.603060e-04,1.085130e-08,3.796824e+01,8.016366e+00,2.995187e+01,3.962003e+01,1.696000e+02
1.208724e+06,1.398986e+01,5.960406e+04,6.898618e-01,9.477335e-01,9.477697e-01,5.604145e-04,1.085130e-08,3.796839e+01,8.016481e+00,2.995191e+01,3.962021e+01,1.695989e+02
1.208734e+06,1.398998e+01,5.961406e+04,6.899775e-01,9.477286e-01,9.477698e-01,5.605230e-04,1.085130e-08,3.796805e+01,8.016224e+00,2.995182e+01,3.962002e+01,1.695949e+02
1.208744e+06,1.399009e+01,5.962406e+04,6.900933e-01,9.477238e-01,9.477699e-01,5.606315e-04,1.085130e-08,3.796770e+01,8.015967e+00,2.995174e+01,3.961983e+01,1.695909e+02
1.208754e+06,1.399021e+01,5.963406e+04,6.902090e-01,9.477189e-01,9.477700e-01,5.607400e-04,1.085129e-08,3.796736e+01,8.015711e+00,2.995165e+01,3.961965e+01,1.695869e+02
1.208764e+06,1.399032e+01,5.964406e+04,6.903248e-01,9.477140e-01,9.477701e-01,5.608486e-04,1.085129e-08,3.796702e+01,8.015454e+00,2.995157e+01,3.961946e+01,1.695829e+02
1.208774e+06,1.399044e+01,5.965406e+04,6.904405e-01,9.477092e-01,9.477702e-01,5.609571e-04,1.085129e-08,3.796668e+01,8.015197e+00,2.995148e+01,3.961928e+01,1.695789e+02
1.208784e+06,1.399056e+01,5.966406e+04,6.905563e-01,9.477043e-01,9.477703e-01,5.610656e-04,1.085129e-08,3.796633e+01,8.014940e+00,2.995139e+01,3.961909e+01,1.695749e+02
1.208794e+06,1.399067e+01,5.967406e+04,6.906720e-01,9.476995e-01,9.477704e-01,5.611741e-04,1.085129e-08,3.796599e+01,8.014683e+00,2.995131e+01,3.961891e+01,1.695709e+02
1.208804e+06,1.399079e+01,5.968406e+04,6.907878e-01,9.476946e-01,9.477705e-01,5.612826e-04,1.085129e-08,3.796565e+01,8.014426e+00,2.995122e+01,3.961872e+01,1.695669e+02
1.208814e+06,1.399090e+01,5.969406e+04,6.909035e-01,9.476898e-01,9.477706e-01,5.613912e-04,1.085129e-08,3.796531e+01,8.014169e+00,2.995114e+01,3.961854e+01,1.695629e+02
1.208824e+06,1.399102e+01,5.970406e+04,6.910193e-01,9.476849e-01,9.477707e-01,5.614997e-04,1.085129e-08,3.796496e+01,8.013912e+00,2.995105e+01,3.961835e+01,1.695588e+02
1.208834e+06,1.399114e+01,5.971407e+04,6.911350e-01,9.476800e-01,9.477708e-01,5.616082e-04,1.085129e-08,3.796462e+01,8.013655e+00,2.995097e+01,3.961817e+01,1.695548e+02
1.208844e+06,1.399125e+01,5.972407e+04,6.912508e-01,9.476752e-01,9.477709e-01,5.617167e-04,1.085128e-08,3.796428e+01,8.013399e+00,2.995088e+01,3.961798e+01,1.695508e+02
1.208854e+06,1.399137e+01,5.973407e+04,6.913665e-01,9.476703e-01,9.477710e-01,5.618252e-04,1.085128e-08,3.796394e+01,8.013142e+00,2.995079e+01,3.961780e+01,1.695468e+02
1.208864e+06,1.399148e+01,5.974407e+04,6.914823e-01,9.476655e-01,9.477711e-01,5.619338e-04,1.085128e-08,3.796359e+01,8.012885e+00,2.995071e+01,3.961761e+01,1.695428e+02
1.208874e+06,1.399160e+01,5.975407e+04,6.915980e-01,9.476606e-01,9.477713e-01,5.620423e-04,1.085128e-08,3.796325e+01,8.012628e+00,2.995062e+01,3.961743e+01,1.695388e+02
1.208884e+06,1.399171e+01,5.976407e+04,6.917138e-01,9.476558e-01,9.477714e-01,5.621508e-04,1.085128e-08,3.796291e+01,8.012371e+00,2.995054e+01,3.961724e+01,1.695348e+02
1.208894e+06,1.399183e+01,5.977407e+04,6.918295e-01,9.476509e-01,9.477715e-01,5.622593e-04,1.085128e-08,3.796257e+01,8.012114e+00,2.995045e+01,3.961706e+01,1.695308e+02
1.208904e+06,1.399195e+01,5.978407e+04,6.919453e-01,9.476460e-01,9.477716e-01,5.623678e-04,1.085128e-08,3.796222e+01,8.011857e+00,2.995037e+01,3.961687e+01,1.695268e+02
1.208914e+06,1.399206e+01,5.979407e+04,6.920610e-01,9.476412e-01,9.477717e-01,5.624764e-04,1.085128e-08,3.796188e+01,8.011600e+00,2.995028e+01,3.961669e+01,1.695228e+02
1.208924e+06,1.399218e+01,5.980407e+04,6.921768e-01,9.476363e-01,9.477718e-01,5.625849e-04,1.085127e-08,3.796154e+01,8.011344e+00,2.995019e+01,3.961650e+01,1.695188e+02
1.208934e+06,1.399229e+01,5.981407e+04,6.922925e-01,9.476315e-01,9.477719e-01,5.626934e-04,1.085127e-08,3.796120e+01,8.011087e+00,2.995011e+01,3.961632e+01,1.695148e+02
1.208944e+06,1.399241e+01,5.982407e+04,6.924083e-01,9.476266e-01,9.477720e-01,5.628019e-04,1.085127e-08,3.796085e+01,8.010830e+00,2.995002e+01,3.961613e+01,1.695108e+02
1.208954e+06,1.399252e+01,5.983407e+04,6.925240e-01,9.476218e-01,9.477721e-01,5.629104e-04,1.085127e-08,3.796051e+01,8.010573e+00,2.994994e+01,3.961595e+01,1.695068e+02
1.208964e+06,1.399264e+01,5.984407e+04,6.926397e-01,9.476189e-01,9.477722e-01,5.630190e-04,1.085127e-08,3.796017e+01,8.010316e+00,2.994985e+01,3.961569e+01,1.695028e+02
1.208974e+06,1.399276e+01,5.985408e+04,6.927555e-01,9.476246e-01,9.477723e-01,5.631275e-04,1.085127e-08,3.796035e+01,8.010138e+00,2.995021e+01,3.961571e+01,1.695012e+02
1.208984e+06,1.399287e+01,5.986408e+04,6.928712e-01,9.476398e-01,9.477724e-01,5.632360e-04,1.085127e-08,3.796172e+01,8.010138e+00,2.995158e+01,3.961664e+01,1.695052e+02
1.208994e+06,1.399299e+01,5.987408e+04,6.929870e-01,9.476550e-01,9.477725e-01,5.633445e-04,1.085127e-08,3.796309e+01,8.010138e+00,2.995295e+01,3.961758e+01,1.695092e+02
1.209004e+06,1.399310e+01,5.988408e+04,6.931027e-01,9.476702e-01,9.477726e-01,5.634530e-04,1.085127e-08,3.796446e+01,8.010138e+00,2.995432e+01,3.961852e+01,1.695132e+02
1.209014e+06,1.399322e+01,5.989408e+04,6.932185e-01,9.476854e-01,9.477727e-01,5.635616e-04,1.085126e-08,3.796583e+01,8.010138e+00,2.995569e+01,3.961946e+01,1.695172e+02
1.209024e+06,1.399333e+01,5.990408e+04,6.933342e-01,9.477007e-01,9.477728e-01,5.636701e-04,1.085126e-08,3.796720e+01,8.010138e+00,2.995706e+01,3.962040e+01,1.695213e+02
1.209034e+06,1.399345e+01,5.991408e+04,6.934500e-01,9.477159e-01,9.477729e-01,5.637786e-04,1.085126e-08,3.796857e+01,8.010138e+00,2.995843e+01,3.962134e+01,1.695253e+02
1.209044e+06,1.399357e+01,5.992408e+04,6.935657e-01,9.477311e-01,9.477730e-01,5.638871e-04,1.085126e-08,3.796994e+01,8.010138e+00,2.995980e+01,3.962227e+01,1.695293e+02
1.209054e+06,1.399368e+01,5.993408e+04,6.936815e-01,9.477463e-01,9.477731e-01,5.639956e-04,1.085126e-08,3.797131e+01,8.010138e+00,2.996117e+01,3.962321e+01,1.695333e+02
1.209064e+06,1.399380e+01,5.994408e+04,6.937972e-01,9.477615e-01,9.477732e-01,5.641042e-04,1.085126e-08,3.797268e+01,8.010138e+00,2.996254e+01,3.962415e+01,1.695373e+02
1.209074e+06,1.399391e+01,5.995408e+04,6.939130e-01,9.477767e-01,9.477733e-01,5.642127e-04,1.085126e-08,3.797405e+01,8.010138e+00,2.996391e+01,3.962509e+01,1.695413e+02
1.209084e+06,1.399403e+01,5.996408e+04,6.940287e-01,9.477919e-01,9.477734e-01,5.643212e-04,1.085126e-08,3.797542e+01,8.010138e+00,2.996528e+01,3.962603e+01,1.695453e+02
1.209094e+06,1.399414e+01,5.997408e+04,6.941445e-01,9.478071e-01,9.477735e-01,5.644297e-04,1.085125e-08,3.797679e+01,8.010138e+00,2.996665e+01,3.962696e+01,1.695493e+02
1.209104e+06,1.399426e+01,5.998408e+04,6.942602e-01,9.478223e-01,9.477736e-01,5.645382e-04,1.085125e-08,3.797816e+01,8.010138e+00,2.996802e+01,3.962790e+01,1.695533e+02
1.209114e+06,1.399438e+01,5.999408e+04,6.943760e-01,9.478375e-01,9.477737e-01,5.646468e-04,1.085125e-08,3.797953e+01,8.010138e+00,2.996939e+01,3.962884e+01,1.695573e+02
1.209124e+06,1.399449e+01,6.000409e+04,6.944917e-01,9.478528e-01,9.477738e-01,5.647553e-04,1.085125e-08,3.798090e+01,8.010138e+00,2.997076e+01,3.962978e+01,1.695613e+02
1.209134e+06,1.399461e+01,6.001409e+04,6.946075e-01,9.478680e-01,9.477739e-01,5.648638e-04,1.085125e-08,3.798227e+01,8.010138e+00,2.997213e+01,3.963072e+01,1.695653e+02
1.209144e+06,1.399472e+01,6.002409e+04,6.947232e-01,9.478832e-01,9.477740e-01,5.649723e-04,1.085125e-08,3.798364e+01,8.010138e+00,2.997350e+01,3.963165e+01,1.695693e+02
1.209154e+06,1.399484e+01,6.003409e+04,6.948390e-01,9.478984e-01,9.477741e-01,5.650808e-04,1.085125e-08,3.798501e+01,8.010138e+00,2.997487e+01,3.963259e+01,1.695733e+02
1.209164e+06,1.399495e+01,6.004409e+04,6.949547e-01,9.479136e-01,9.477742e-01,5.651894e-04,1.085125e-08,3.798638e+01,8.010138e+00,2.997624e+01,3.963353e+01,1.695773e+02
1.209174e+06,1.399507e+01,6.005409e+04,6.950705e-01,9.479288e-01,9.477743e-01,5.652979e-04,1.085125e-08,3.798775e+01,8.010138e+00,2.997761e+01,3.963447e+01,1.695813e+02
1.209184e+06,1.399519e+01,6.006409e+04,6.951862e-01,9.479440e-01,9.477744e-01,5.654064e-04,1.085124e-08,3.798912e+01,8.010138e+00,2.997898e+01,3.963541e+01,1.695853e+02
1.209194e+06,1.399530e+01,6.007409e+04,6.953020e-01,9.479592e-01,9.477745e-01,5.655149e-04,1.085124e-08,3.799049e+01,8.010138e+00,2.998035e+01,3.963634e+01,1.695893e+02
1.209204e+06,1.399542e+01,6.008409e+04,6.954177e-01,9.479744e-01,9.477746e-01,5.656234e-04,1.085124e-08,3.799186e+01,8.010138e+00,2.998172e+01,3.963728e+01,1.695933e+02
1.209214e+06,1.399553e+01,6.009409e+04,6.955335e-01,9.479886e-01,9.477747e-01,5.657320e-04,1.085124e-08,3.799323e+01,8.010138e+00,2.998309e+01,3.963826e+01,1.695974e+02
1.209224e+06,1.399565e+01,6.010409e+04,6.956492e-01,9.479930e-01,9.477749e-01,5.658405e-04,1.085124e-08,3.799396e+01,8.010138e+00,2.998383e+01,3.963888e+01,1.696000e+02
1.209234e+06,1.399576e+01,6.011409e+04,6.957650e-01,9.479827e-01,9.477750e-01,5.659490e-04,1.085124e-08,3.799345e+01,8.010138e+00,2.998331e+01,3.963868e+01,1.696000e+02
1.209244e+06,1.399588e+01,6.012409e+04,6.958807e-01,9.479724e-01,9.477751e-01,5.660575e-04,1.085124e-08,3.799294e+01,8.010138e+00,2.998280e+01,3.963849e+01,1.696000e+02
1.209254e+06,1.399600e+01,6.013409e+04,6.959965e-01,9.479621e-01,9.477752e-01,5.661660e-04,1.085124e-08,3.799243e+01,8.010138e+00,2.998229e+01,3.963829e+01,1.696000e+02
1.209264e+06,1.399611e+01,6.014409e+04,6.961122e-01,9.479517e-01,9.477753e-01,5.662746e-04,1.085123e-08,3.799192e+01,8.010138e+00,2.998178e+01,3.963810e+01,1.696000e+02
1.209274e+06,1.399623e+01,6.015410e+04,6.962280e-01,9.479414e-01,9.477754e-01,5.663831e-04,1.085123e-08,3.799140e+01,8.010138e+00,2.998127e+01,3.963790e+01,1.696000e+02
1.209284e+06,1.399634e+01,6.016410e+04,6.963437e-01,9.479311e-01,9.477755e-01,5.664916e-04,1.085123e-08,3.799089e+01,8.010138e+00,2.998075e+01,3.963771e+01,1.696000e+02
1.209294e+06,1.399646e+01,6.017410e+04,6.964595e-01,9.479208e-01,9.477756e-01,5.666001e-04,1.085123e-08,3.799038e+01,8.010138e+00,2.998024e+01,3.963751e+01,1.696000e+02
1.209304e+06,1.399658e+01,6.018410e+04,6.965752e-01,9.479105e-01,9.477757e-01,5.667086e-04,1.085123e-08,3.798987e+01,8.010138e+00,2.997973e+01,3.963731e+01,1.696000e+02
1.209314e+06,1.399669e+01,6.019410e+04,6.966910e-01,9.479002e-01,9.477758e-01,5.668172e-04,1.085123e-08,3.798936e+01,8.010138e+00,2.997922e+01,3.963712e+01,1.696000e+02
1.209324e+06,1.399681e+01,6.020410e+04,6.968067e-01,9.478898e-01,9.477759e-01,5.669257e-04,1.085123e-08,3.798884e+01,8.010138e+00,2.997871e+01,3.963692e+01,1.696000e+02
1.209334e+06,1.399692e+01,6.021410e+04,6.969224e-01,9.478795e-01,9.477760e-01,5.670342e-04,1.085123e-08,3.798833e+01,8.010138e+00,2.997819e+01,3.963673e+01,1.696000e+02
1.209344e+06,1.399704e+01,6.022410e+04,6.970382e-01,9.478692e-01,9.477761e-01,5.671427e-04,1.085123e-08,3.798782e+01,8.010138e+00,2.997768e+01,3.963653e+01,1.696000e+02
1.209354e+06,1.399715e+01,6.023410e+04,6.971539e-01,9.478589e-01,9.477762e-01,5.672512e-04,1.085122e-08,3.798731e+01,8.010138e+00,2.997717e+01,3.963633e+01,1.696000e+02
1.209364e+06,1.399727e+01,6.024410e+04,6.972697e-01,9.478486e-01,9.477763e-01,5.673598e-04,1.085122e-08,3.798680e+01,8.010138e+00,2.997666e+01,3.963614e+01,1.696000e+02
1.209374e+06,1.399739e+01,6.025410e+04,6.973854e-01,9.478383e-01,9.477764e-01,5.674683e-04,1.085122e-08,3.798628e+01,8.010138e+00,2.997615e+01,3.963594e+01,1.696000e+02
1.209384e+06,1.399750e+01,6.026410e+04,6.975012e-01,9.478279e-01,9.477765e-01,5.675768e-04,1.085122e-08,3.798577e+01,8.010138e+00,2.997563e+01,3.963575e+01,1.696000e+02
1.209394e+06,1.399762e+01,6.027410e+04,6.976169e-01,9.478176e-01,9.477766e-01,5.676853e-04,1.085122e-08,3.798526e+01,8.010138e+00,2.997512e+01,3.963555e+01,1.696000e+02
1.209404e+06,1.399773e+01,6.028410e+04,6.977327e-01,9.478073e-01,9.477767e-01,5.677938e-04,1.085122e-08,3.798475e+01,8.010138e+00,2.997461e+01,3.963535e+01,1.696000e+02
1.209414e+06,1.399785e+01,6.029410e+04,6.978484e-01,9.477970e-01,9.477768e-01,5.679024e-04,1.085122e-08,3.798424e+01,8.010138e+00,2.997410e+01,3.963516e+01,1.696000e+02
1.209424e+06,1.399796e+01,6.030411e+04,6.979642e-01,9.477867e-01,9.477769e-01,5.680109e-04,1.085122e-08,3.798372e+01,8.010138e+00,2.997359e+01,3.963496e+01,1.696000e+02
1.209434e+06,1.399808e+01,6.031411e+04,6.980799e-01,9.477763e-01,9.477770e-01,5.681194e-04,1.085121e-08,3.798321e+01,8.010138e+00,2.997307e+01,3.963477e+01,1.696000e+02
1.209444e+06,1.399820e+01,6.032411e+04,6.981957e-01,9.477660e-01,9.477771e-01,5.682279e-04,1.085121e-08,3.798270e+01,8.010138e+00,2.997256e+01,3.963457e+01,1.696000e+02
1.209454e+06,1.399831e+01,6.033411e+04,6.983114e-01,9.477557e-01,9.477772e-01,5.683364e-04,1.085121e-08,3.798219e+01,8.010138e+00,2.997205e+01,3.963437e+01,1.696000e+02
1.209464e+06,1.399843e+01,6.034411e+04,6.984272e-01,9.477454e-01,9.477773e-01,5.684450e-04,1.085121e-08,3.798168e+01,8.010138e+00,2.997154e+01,3.963418e+01,1.696000e+02
1.209474e+06,1.399854e+01,6.035411e+04,6.985429e-01,9.477378e-01,9.477774e-01,5.685535e-04,1.085121e-08,3.798153e+01,8.010211e+00,2.997132e+01,3.963427e+01,1.696000e+02
1.209484e+06,1.399866e+01,6.036411e+04,6.986587e-01,9.477371e-01,9.477775e-01,5.686620e-04,1.085121e-08,3.798230e+01,8.010468e+00,2.997183e+01,3.963510e+01,1.696000e+02
1.209494e+06,1.399877e+01,6.037411e+04,6.987744e-01,9.477364e-01,9.477776e-01,5.687705e-04,1.085121e-08,3.798307e+01,8.010725e+00,2.997235e+01,3.963592e+01,1.696000e+02
1.209504e+06,1.399889e+01,6.038411e+04,6.988902e-01,9.477356e-01,9.477777e-01,5.688790e-04,1.085121e-08,3.798384e+01,8.010982e+00,2.997286e+01,3.963674e+01,1.696000e+02
1.209514e+06,1.399901e+01,6.039411e+04,6.990059e-01,9.477349e-01,9.477778e-01,5.689876e-04,1.085121e-08,3.798461e+01,8.011239e+00,2.997337e+01,3.963757e+01,1.696000e+02
1.209524e+06,1.399912e+01,6.040411e+04,6.991217e-01,9.477342e-01,9.477779e-01,5.690961e-04,1.085120e-08,3.798538e+01,8.011495e+00,2.997389e+01,3.963839e+01,1.696000e+02
1.209534e+06,1.399924e+01,6.041411e+04,6.992374e-01,9.477334e-01,9.477780e-01,5.692046e-04,1.085120e-08,3.798615e+01,8.011752e+00,2.997440e+01,3.963921e+01,1.696000e+02
1.209544e+06,1.399935e+01,6.042411e+04,6.993532e-01,9.477327e-01,9.477781e-01,5.693131e-04,1.085120e-08,3.798692e+01,8.012009e+00,2.997491e+01,3.964004e+01,1.696000e+02
1.209554e+06,1.399947e+01,6.043411e+04,6.994689e-01,9.477320e-01,9.477782e-01,5.694216e-04,1.085120e-08,3.798769e+01,8.012266e+00,2.997543e+01,3.964086e+01,1.696000e+02
1.209564e+06,1.399958e+01,6.044412e+04,6.995847e-01,9.477313e-01,9.477783e-01,5.695301e-04,1.085120e-08,3.798847e+01,8.012523e+00,2.997594e+01,3.964168e+01,1.696000e+02
1.209574e+06,1.399970e+01,6.045412e+04,6.997004e-01,9.477305e-01,9.477785e-01,5.696387e-04,1.085120e-08,3.798924e+01,8.012780e+00,2.997646e+01,3.964250e+01,1.696000e+02
1.209584e+06,1.399982e+01,6.046412e+04,6.998162e-01,9.477298e-01,9.477786e-01,5.697472e-04,1.085120e-08,3.799001e+01,8.013037e+00,2.997697e+01,3.964333e+01,1.696000e+02
1.209594e+06,1.399993e+01,6.047412e+04,6.999319e-01,9.477291e-01,9.477787e-01,5.698557e-04,1.085120e-08,3.799078e+01,8.013294e+00,2.997748e+01,3.964415e+01,1.696000e+02
1.209604e+06,1.400005e+01,6.048412e+04,7.000477e-01,9.477283e-01,9.477788e-01,5.699642e-04,1.085119e-08,3.799155e+01,8.013550e+00,2.997800e+01,3.964497e+01,1.696000e+02
1.209614e+06,1.400016e+01,6.049412e+04,7.001634e-01,9.477276e-01,9.477789e-01,5.700727e-04,1.085119e-08,3.799232e+01,8.013807e+00,2.997851e+01,3.964580e+01,1.696000e+02
1.209624e+06,1.400028e+01,6.050412e+04,7.002792e-01,9.477269e-01,9.477790e-01,5.701813e-04,1.085119e-08,3.799309e+01,8.014064e+00,2.997903e+01,3.964662e+01,1.696000e+02
1.209634e+06,1.400039e+01,6.051412e+04,7.003949e-01,9.477262e-01,9.477791e-01,5.702898e-04,1.085119e-08,3.799386e+01,8.014321e+00,2.997954e+01,3.964744e+01,1.696000e+02
1.209644e+06,1.400051e+01,6.052412e+04,7.005107e-01,9.477254e-01,9.477792e-01,5.703983e-04,1.085119e-08,3.799463e+01,8.014578e+00,2.998005e+01,3.964827e+01,1.696000e+02
1.209654e+06,1.400063e+01,6.053412e+04,7.006264e-01,9.477247e-01,9.477793e-01,5.705068e-04,1.085119e-08,3.799540e+01,8.014835e+00,2.998057e+01,3.964909e+01,1.696000e+02
1.209664e+06,1.400074e+01,6.054412e+04,7.007422e-01,9.477240e-01,9.477794e-01,5.706153e-04,1.085119e-08,3.799617e+01,8.015092e+00,2.998108e+01,3.964991e+01,1.696000e+02
1.209674e+06,1.400086e+01,6.055412e+04,7.008579e-01,9.477233e-01,9.477795e-01,5.707239e-04,1.085119e-08,3.799694e+01,8.015349e+00,2.998159e+01,3.965074e+01,1.696000e+02
1.209684e+06,1.400097e+01,6.056412e+04,7.009737e-01,9.477225e-01,9.477796e-01,5.708324e-04,1.085119e-08,3.799771e+01,8.015606e+00,2.998211e+01,3.965156e+01,1.696000e+02
1.209694e+06,1.400109e+01,6.057412e+04,7.010894e-01,9.477218e-01,9.477797e-01,5.709409e-04,1.085118e-08,3.799848e+01,8.015862e+00,2.998262e+01,3.965238e+01,1.696000e+02
1.209704e+06,1.400121e+01,6.058412e+04,7.012051e-01,9.477211e-01,9.477798e-01,5.710494e-04,1.085118e-08,3.799925e+01,8.016119e+00,2.998314e+01,3.965321e+01,1.696000e+02
1.209714e+06,1.400132e+01,6.059413e+04,7.013209e-01,9.477203e-01,9.477799e-01,5.711579e-04,1.085118e-08,3.800003e+01,8.016376e+00,2.998365e+01,3.965403e+01,1.696000e+02
1.209724e+06,1.400144e+01,6.060413e+04,7.014366e-01,9.477219e-01,9.477800e-01,5.712665e-04,1.085118e-08,3.800047e+01,8.016552e+00,2.998392e+01,3.965444e+01,1.696000e+02
1.209734e+06,1.400155e+01,6.061413e+04,7.015524e-01,9.477283e-01,9.477801e-01,5.713750e-04,1.085118e-08,3.800021e+01,8.016552e+00,2.998366e+01,3.965395e+01,1.696000e+02
1.209744e+06,1.400167e+01,6.062413e+04,7.016681e-01,9.477347e-01,9.477802e-01,5.714835e-04,1.085118e-08,3.799996e+01,8.016552e+00,2.998340e+01,3.965347e+01,1.696000e+02
1.209754e+06,1.400178e+01,6.063413e+04,7.017839e-01,9.477411e-01,9.477803e-01,5.715920e-04,1.085118e-08,3.799970e+01,8.016552e+00,2.998315e+01,3.965298e+01,1.696000e+02
1.209764e+06,1.400190e+01,6.064413e+04,7.018996e-01,9.477476e-01,9.477804e-01,5.717005e-04,1.085118e-08,3.799944e+01,8.016552e+00,2.998289e+01,3.965250e+01,1.696000e+02
1.209774e+06,1.400202e+01,6.065413e+04,7.020154e-01,9.477540e-01,9.477805e-01,5.718091e-04,1.085117e-08,3.799919e+01,8.016552e+00,2.998263e+01,3.965201e+01,1.696000e+02
1.209784e+06,1.400213e+01,6.066413e+04,7.021311e-01,9.477604e-01,9.477806e-01,5.719176e-04,1.085117e-08,3.799893e+01,8.016552e+00,2.998238e+01,3.965153e+01,1.696000e+02
1.209794e+06,1.400225e+01,6.067413e+04,7.022469e-01,9.477668e-01,9.477807e-01,5.720261e-04,1.085117e-08,3.799867e+01,8.016552e+00,2.998212e+01,3.965104e+01,1.696000e+02
1.209804e+06,1.400236e+01,6.068413e+04,7.023626e-01,9.477733e-01,9.477808e-01,5.721346e-04,1.085117e-08,3.799842e+01,8.016552e+00,2.998186e+01,3.965056e+01,1.696000e+02
1.209814e+06,1.400248e+01,6.069413e+04,7.024784e-01,9.477797e-01,9.477809e-01,5.722431e-04,1.085117e-08,3.799816e+01,8.016552e+00,2.998161e+01,3.965007e+01,1.696000e+02
1.209824e+06,1.400259e+01,6.070413e+04,7.025941e-01,9.477861e-01,9.477810e-01,5.723516e-04,1.085117e-08,3.799790e+01,8.016552e+00,2.998135e+01,3.964959e+01,1.696000e+02
1.209834e+06,1.400271e+01,6.071413e+04,7.027099e-01,9.477925e-01,9.477811e-01,5.724602e-04,1.085117e-08,3.799764e+01,8.016552e+00,2.998109e+01,3.964910e+01,1.696000e+02
1.209844e+06,1.400283e+01,6.072413e+04,7.028256e-01,9.477989e-01,9.477812e-01,5.725687e-04,1.085117e-08,3.799739e+01,8.016552e+00,2.998084e+01,3.964861e+01,1.696000e+02
1.209854e+06,1.400294e+01,6.073413e+04,7.029414e-01,9.478054e-01,9.477813e-01,5.726772e-04,1.085117e-08,3.799713e+01,8.016552e+00,2.998058e+01,3.964813e+01,1.696000e+02
1.209864e+06,1.400306e+01,6.074414e+04,7.030571e-01,9.478118e-01,9.477814e-01,5.727857e-04,1.085116e-08,3.799687e+01,8.016552e+00,2.998032e+01,3.964764e+01,1.696000e+02
1.209874e+06,1.400317e+01,6.075414e+04,7.031729e-01,9.478182e-01,9.477815e-01,5.728942e-04,1.085116e-08,3.799662e+01,8.016552e+00,2.998007e+01,3.964716e+01,1.696000e+02
1.209884e+06,1.400329e+01,6.076414e+04,7.032886e-01,9.478246e-01,9.477816e-01,5.730028e-04,1.085116e-08,3.799636e+01,8.016552e+00,2.997981e+01,3.964667e+01,1.696000e+02
1.209894e+06,1.400340e+01,6.077414e+04,7.034044e-01,9.478311e-01,9.477817e-01,5.731113e-04,1.085116e-08,3.799610e+01,8.016552e+00,2.997955e+01,3.964619e+01,1.696000e+02
1.209904e+06,1.400352e+01,6.078414e+04,7.035201e-01,9.478375e-01,9.477818e-01,5.732198e-04,1.085116e-08,3.799585e+01,8.016552e+00,2.997929e+01,3.964570e+01,1.696000e+02
1.209914e+06,1.400364e+01,6.079414e+04,7.036359e-01,9.478439e-01,9.477819e-01,5.733283e-04,1.085116e-08,3.799559e+01,8.016552e+00,2.997904e+01,3.964522e+01,1.696000e+02
1.209924e+06,1.400375e+01,6.080414e+04,7.037516e-01,9.478503e-01,9.477821e-01,5.734368e-04,1.085116e-08,3.799533e+01,8.016552e+00,2.997878e+01,3.964473e+01,1.696000e+02
1.209934e+06,1.400387e+01,6.081414e+04,7.038674e-01,9.478567e-01,9.477822e-01,5.735454e-04,1.085116e-08,3.799508e+01,8.016552e+00,2.997852e+01,3.964425e+01,1.696000e+02
1.209944e+06,1.400398e+01,6.082414e+04,7.039831e-01,9.478632e-01,9.477823e-01,5.736539e-04,1.085115e-08,3.799482e+01,8.016552e+00,2.997827e+01,3.964376e+01,1.696000e+02
1.209954e+06,1.400410e+01,6.083414e+04,7.040989e-01,9.478696e-01,9.477824e-01,5.737624e-04,1.085115e-08,3.799456e+01,8.016552e+00,2.997801e+01,3.964328e+01,1.696000e+02
1.209964e+06,1.400421e+01,6.084414e+04,7.042146e-01,9.478738e-01,9.477825e-01,5.738709e-04,1.085115e-08,3.799431e+01,8.016552e+00,2.997775e+01,3.964287e+01,1.696000e+02
1.209974e+06,1.400433e+01,6.085414e+04,7.043304e-01,9.478691e-01,9.477826e-01,5.739794e-04,1.085115e-08,3.799441e+01,8.016552e+00,2.997785e+01,3.964313e+01,1.695972e+02
1.209984e+06,1.400445e+01,6.086414e+04,7.044461e-01,9.478556e-01,9.477827e-01,5.740880e-04,1.085115e-08,3.799517e+01,8.016552e+00,2.997862e+01,3.964439e+01,1.695892e+02
1.209994e+06,1.400456e+01,6.087414e+04,7.045619e-01,9.478421e-01,9.477828e-01,5.741965e-04,1.085115e-08,3.799594e+01,8.016552e+00,2.997939e+01,3.964565e+01,1.695813e+02
1.210004e+06,1.400468e+01,6.088415e+04,7.046776e-01,9.478286e-01,9.477829e-01,5.743050e-04,1.085115e-08,3.799671e+01,8.016552e+00,2.998016e+01,3.964691e+01,1.695733e+02
1.210014e+06,1.400479e+01,6.089415e+04,7.047934e-01,9.478151e-01,9.477830e-01,5.744135e-04,1.085115e-08,3.799748e+01,8.016552e+00,2.998093e+01,3.964817e+01,1.695653e+02
1.210024e+06,1.400491e+01,6.090415e+04,7.049091e-01,9.478016e-01,9.477831e-01,5.745220e-04,1.085115e-08,3.799825e+01,8.016552e+00,2.998169e+01,3.964943e+01,1.695573e+02
1.210034e+06,1.400502e+01,6.091415e+04,7.050249e-01,9.477881e-01,9.477832e-01,5.746305e-04,1.085114e-08,3.799901e+01,8.016552e+00,2.998246e+01,3.965069e+01,1.695493e+02
1.210044e+06,1.400514e+01,6.092415e+04,7.051406e-01,9.477746e-01,9.477833e-01,5.747391e-04,1.085114e-08,3.799978e+01,8.016552e+00,2.998323e+01,3.965195e+01,1.695413e+02
1.210054e+06,1.400526e+01,6.093415e+04,7.052563e-01,9.477611e-01,9.477834e-01,5.748476e-04,1.085114e-08,3.800055e+01,8.016552e+00,2.998400e+01,3.965321e+01,1.695334e+02
1.210064e+06,1.400537e+01,6.094415e+04,7.053721e-01,9.477476e-01,9.477835e-01,5.749561e-04,1.085114e-08,3.800132e+01,8.016552e+00,2.998477e+01,3.965447e+01,1.695254e+02
1.210074e+06,1.400549e+01,6.095415e+04,7.054878e-01,9.477341e-01,9.477836e-01,5.750646e-04,1.085114e-08,3.800209e+01,8.016552e+00,2.998553e+01,3.965574e+01,1.695174e+02
1.210084e+06,1.400560e+01,6.096415e+04,7.056036e-01,9.477206e-01,9.477837e-01,5.751731e-04,1.085114e-08,3.800285e+01,8.016552e+00,2.998630e+01,3.965700e+01,1.695094e+02
1.210094e+06,1.400572e+01,6.097415e+04,7.057193e-01,9.477071e-01,9.477838e-01,5.752817e-04,1.085114e-08,3.800362e+01,8.016552e+00,2.998707e+01,3.965826e+01,1.695014e+02
1.210104e+06,1.400584e+01,6.098415e+04,7.058351e-01,9.476936e-01,9.477839e-01,5.753902e-04,1.085114e-08,3.800439e+01,8.016552e+00,2.998784e+01,3.965952e+01,1.694934e+02
1.210114e+06,1.400595e+01,6.099415e+04,7.059508e-01,9.476801e-01,9.477840e-01,5.754987e-04,1.085113e-08,3.800516e+01,8.016552e+00,2.998861e+01,3.966078e+01,1.694855e+02
1.210124e+06,1.400607e+01,6.100415e+04,7.060666e-01,9.476666e-01,9.477841e-01,5.756072e-04,1.085113e-08,3.800593e+01,8.016552e+00,2.998937e+01,3.966204e+01,1.694775e+02
1.210134e+06,1.400618e+01,6.101415e+04,7.061823e-01,9.476531e-01,9.477842e-01,5.757157e-04,1.085113e-08,3.800669e+01,8.016552e+00,2.999014e+01,3.966330e+01,1.694695e+02
1.210144e+06,1.400630e+01,6.102415e+04,7.062981e-01,9.476396e-01,9.477843e-01,5.758243e-04,1.085113e-08,3.800746e+01,8.016552e+00,2.999091e+01,3.966456e+01,1.694615e+02
1.210154e+06,1.400641e+01,6.103416e+04,7.064138e-01,9.476261e-01,9.477844e-01,5.759328e-04,1.085113e-08,3.800823e+01,8.016552e+00,2.999168e+01,3.966582e+01,1.694535e+02
1.210164e+06,1.400653e+01,6.104416e+04,7.065296e-01,9.476126e-01,9.477845e-01,5.760413e-04,1.085113e-08,3.800900e+01,8.016552e+00,2.999245e+01,3.966709e+01,1.694455e+02
1.210174e+06,1.400665e+01,6.105416e+04,7.066453e-01,9.475991e-01,9.477846e-01,5.761498e-04,1.085113e-08,3.800977e+01,8.016552e+00,2.999321e+01,3.966835e+01,1.694376e+02
1.210184e+06,1.400676e+01,6.106416e+04,7.067611e-01,9.475856e-01,9.477847e-01,5.762583e-04,1.085113e-08,3.801053e+01,8.016552e+00,2.999398e+01,3.966961e+01,1.694296e+02
1.210194e+06,1.400688e+01,6.107416e+04,7.068768e-01,9.475721e-01,9.477848e-01,5.763668e-04,1.085113e-08,3.801130e+01,8.016552e+00,2.999475e+01,3.967087e+01,1.694216e+02
1.210204e+06,1.400699e+01,6.108416e+04,7.069926e-01,9.475586e-01,9.477849e-01,5.764754e-04,1.085112e-08,3.801207e+01,8.016552e+00,2.999552e+01,3.967213e+01,1.694136e+02
1.210214e+06,1.400711e+01,6.109416e+04,7.071083e-01,9.475480e-01,9.477850e-01,5.765839e-04,1.085112e-08,3.801284e+01,8.016552e+00,2.999629e+01,3.967330e+01,1.694056e+02
1.210224e+06,1.400722e+01,6.110416e+04,7.072241e-01,9.475498e-01,9.477851e-01,5.766924e-04,1.085112e-08,3.801293e+01,8.016552e+00,2.999637e+01,3.967333e+01,1.694012e+02
1.210234e+06,1.400734e+01,6.111416e+04,7.073398e-01,9.475654e-01,9.477852e-01,5.768009e-04,1.085112e-08,3.801138e+01,8.016552e+00,2.999483e+01,3.967118e+01,1.694052e+02
1.210244e+06,1.400746e+01,6.112416e+04,7.074556e-01,9.475811e-01,9.477853e-01,5.769094e-04,1.085112e-08,3.800984e+01,8.016552e+00,2.999329e+01,3.966903e+01,1.694092e+02
1.210254e+06,1.400757e+01,6.113416e+04,7.075713e-01,9.475967e-01,9.477854e-01,5.770180e-04,1.085112e-08,3.800830e+01,8.016552e+00,2.999175e+01,3.966688e+01,1.694132e+02
1.210264e+06,1.400769e+01,6.114416e+04,7.076871e-01,9.476123e-01,9.477855e-01,5.771265e-04,1.085112e-08,3.800676e+01,8.016552e+00,2.999021e+01,3.966474e+01,1.694172e+02
1.210274e+06,1.400780e+01,6.115416e+04,7.078028e-01,9.476279e-01,9.477857e-01,5.772350e-04,1.085112e-08,3.800522e+01,8.016552e+00,2.998867e+01,3.966259e+01,1.694212e+02
1.210284e+06,1.400792e+01,6.116416e+04,7.079186e-01,9.476436e-01,9.477858e-01,5.773435e-04,1.085111e-08,3.800368e+01,8.016552e+00,2.998713e+01,3.966044e+01,1.694252e+02
1.210294e+06,1.400803e+01,6.117416e+04,7.080343e-01,9.476592e-01,9.477859e-01,5.774520e-04,1.085111e-08,3.800214e+01,8.016552e+00,2.998558e+01,3.965829e+01,1.694292e+02
1.210304e+06,1.400815e+01,6.118417e+04,7.081501e-01,9.476748e-01,9.477860e-01,5.775606e-04,1.085111e-08,3.800060e+01,8.016552e+00,2.998404e+01,3.965614e+01,1.694332e+02
1.210314e+06,1.400827e+01,6.119417e+04,7.082658e-01,9.476904e-01,9.477861e-01,5.776691e-04,1.085111e-08,3.799905e+01,8.016552e+00,2.998250e+01,3.965399e+01,1.694372e+02
1.210324e+06,1.400838e+01,6.120417e+04,7.083816e-01,9.477061e-01,9.477862e-01,5.777776e-04,1.085111e-08,3.799751e+01,8.016552e+00,2.998096e+01,3.965185e+01,1.694412e+02
1.210334e+06,1.400850e+01,6.121417e+04,7.084973e-01,9.477217e-01,9.477863e-01,5.778861e-04,1.085111e-08,3.799597e+01,8.016552e+00,2.997942e+01,3.964970e+01,1.694452e+02
1.210344e+06,1.400861e+01,6.122417e+04,7.086131e-01,9.477373e-01,9.477864e-01,5.779946e-04,1.085111e-08,3.799443e+01,8.016552e+00,2.997788e+01,3.964755e+01,1.694492e+02
1.210354e+06,1.400873e+01,6.123417e+04,7.087288e-01,9.477530e-01,9.477865e-01,5.781031e-04,1.085111e-08,3.799289e+01,8.016552e+00,2.997634e+01,3.964540e+01,1.694532e+02
1.210364e+06,1.400884e+01,6.124417e+04,7.088446e-01,9.477686e-01,9.477866e-01,5.782117e-04,1.085110e-08,3.799135e+01,8.016552e+00,2.997480e+01,3.964326e+01,1.694573e+02
1.210374e+06,1.400896e+01,6.125417e+04,7.089603e-01,9.477842e-01,9.477867e-01,5.783202e-04,1.085110e-08,3.798981e+01,8.016552e+00,2.997325e+01,3.964111e+01,1.694613e+02
1.210384e+06,1.400908e+01,6.126417e+04,7.090761e-01,9.477998e-01,9.477868e-01,5.784287e-04,1.085110e-08,3.798826e+01,8.016552e+00,2.997171e+01,3.963896e+01,1.694653e+02
1.210394e+06,1.400919e+01,6.127417e+04,7.091918e-01,9.478155e-01,9.477869e-01,5.785372e-04,1.085110e-08,3.798672e+01,8.016552e+00,2.997017e+01,3.963681e+01,1.694693e+02
1.210404e+06,1.400931e+01,6.128417e+04,7.093076e-01,9.478311e-01,9.477870e-01,5.786457e-04,1.085110e-08,3.798518e+01,8.016552e+00,2.996863e+01,3.963467e+01,1.694733e+02
1.210414e+06,1.400942e+01,6.129417e+04,7.094233e-01,9.478467e-01,9.477871e-01,5.787543e-04,1.085110e-08,3.798364e+01,8.016552e+00,2.996709e+01,3.963252e+01,1.694773e+02
1.210424e+06,1.400954e+01,6.130417e+04,7.095390e-01,9.478623e-01,9.477872e-01,5.788628e-04,1.085110e-08,3.798210e+01,8.016552e+00,2.996555e+01,3.963037e+01,1.694813e+02
1.210434e+06,1.400965e+01,6.131417e+04,7.096548e-01,9.478780e-01,9.477873e-01,5.789713e-04,1.085110e-08,3.798056e+01,8.016552e+00,2.996401e+01,3.962822e+01,1.694853e+02
1.210444e+06,1.400977e+01,6.132418e+04,7.097705e-01,9.478936e-01,9.477874e-01,5.790798e-04,1.085110e-08,3.797902e+01,8.016552e+00,2.996247e+01,3.962608e+01,1.694893e+02
1.210454e+06,1.400989e+01,6.133418e+04,7.098863e-01,9.479092e-01,9.477875e-01,5.791883e-04,1.085109e-08,3.797748e+01,8.016552e+00,2.996092e+01,3.962393e+01,1.694933e+02
1.210464e+06,1.401000e+01,6.134418e+04,7.100020e-01,9.479238e-01,9.477876e-01,5.792968e-04,1.085109e-08,3.797593e+01,8.016552e+00,2.995938e+01,3.962182e+01,1.694973e+02
1.210474e+06,1.401012e+01,6.135418e+04,7.101178e-01,9.479308e-01,9.477877e-01,5.794054e-04,1.085109e-08,3.797481e+01,8.016552e+00,2.995826e+01,3.962040e+01,1.695000e+02
1.210484e+06,1.401023e+01,6.136418e+04,7.102335e-01,9.479268e-01,9.477878e-01,5.795139e-04,1.085109e-08,3.797456e+01,8.016552e+00,2.995800e+01,3.962026e+01,1.695000e+02
1.210494e+06,1.401035e+01,6.137418e+04,7.103493e-01,9.479228e-01,9.477879e-01,5.796224e-04,1.085109e-08,3.797430e+01,8.016552e+00,2.995775e+01,3.962013e+01,1.695000e+02
1.210504e+06,1.401047e+01,6.138418e+04,7.104650e-01,9.479187e-01,9.477880e-01,5.797309e-04,1.085109e-08,3.797404e+01,8.016552e+00,2.995749e+01,3.961999e+01,1.695000e+02
1.210514e+06,1.401058e+01,6.139418e+04,7.105808e-01,9.479147e-01,9.477881e-01,5.798394e-04,1.085109e-08,3.797379e+01,8.016552e+00,2.995723e+01,3.961985e+01,1.695000e+02
1.210524e+06,1.401070e+01,6.140418e+04,7.106965e-01,9.479107e-01,9.477882e-01,5.799480e-04,1.085109e-08,3.797353e+01,8.016552e+00,2.995698e+01,3.961972e+01,1.695000e+02
1.210534e+06,1.401081e+01,6.141418e+04,7.108123e-01,9.479066e-01,9.477883e-01,5.800565e-04,1.085108e-08,3.797327e+01,8.016552e+00,2.995672e+01,3.961958e+01,1.695000e+02
1.210544e+06,1.401093e+01,6.142418e+04,7.109280e-01,9.479026e-01,9.477884e-01,5.801650e-04,1.085108e-08,3.797301e+01,8.016552e+00,2.995646e+01,3.961944e+01,1.695000e+02
1.210554e+06,1.401104e+01,6.143418e+04,7.110438e-01,9.478986e-01,9.477885e-01,5.802735e-04,1.085108e-08,3.797276e+01,8.016552e+00,2.995621e+01,3.961931e+01,1.695000e+02
1.210564e+06,1.401116e+01,6.144418e+04,7.111595e-01,9.478945e-01,9.477886e-01,5.803820e-04,1.085108e-08,3.797250e+01,8.016552e+00,2.995595e+01,3.961917e+01,1.695000e+02
1.210574e+06,1.401128e+01,6.145418e+04,7.112753e-01,9.478905e-01,9.477887e-01,5.804905e-04,1.085108e-08,3.797224e+01,8.016552e+00,2.995569e+01,3.961903e+01,1.695000e+02
1.210584e+06,1.401139e+01,6.146418e+04,7.113910e-01,9.478864e-01,9.477888e-01,5.805991e-04,1.085108e-08,3.797199e+01,8.016552e+00,2.995544e+01,3.961890e+01,1.695000e+02
1.210594e+06,1.401151e+01,6.147419e+04,7.115068e-01,9.478824e-01,9.477889e-01,5.807076e-04,1.085108e-08,3.797173e+01,8.016552e+00,2.995518e+01,3.961876e+01,1.695000e+02
1.210604e+06,1.401162e+01,6.148419e+04,7.116225e-01,9.478784e-01,9.477890e-01,5.808161e-04,1.085108e-08,3.797147e+01,8.016552e+00,2.995492e+01,3.961862e+01,1.695000e+02
1.210614e+06,1.401174e+01,6.149419e+04,7.117383e-01,9.478743e-01,9.477891e-01,5.809246e-04,1.085108e-08,3.797122e+01,8.016552e+00,2.995466e+01,3.961849e+01,1.695000e+02
1.210624e+06,1.401185e+01,6.150419e+04,7.118540e-01,9.478703e-01,9.477893e-01,5.810331e-04,1.085107e-08,3.797096e+01,8.016552e+00,2.995441e+01,3.961835e+01,1.695000e+02
1.210634e+06,1.401197e+01,6.151419e+04,7.119698e-01,9.478663e-01,9.477894e-01,5.811417e-04,1.085107e-08,3.797070e+01,8.016552e+00,2.995415e+01,3.961822e+01,1.695000e+02
1.210644e+06,1.401209e+01,6.152419e+04,7.120855e-01,9.478622e-01,9.477895e-01,5.812502e-04,1.085107e-08,3.797045e+01,8.016552e+00,2.995389e+01,3.961808e+01,1.695000e+02
1.210654e+06,1.401220e+01,6.153419e+04,7.122013e-01,9.478582e-01,9.477896e-01,5.813587e-04,1.085107e-08,3.797019e+01,8.016552e+00,2.995364e+01,3.961794e+01,1.695000e+02
1.210664e+06,1.401232e+01,6.154419e+04,7.123170e-01,9.478542e-01,9.477897e-01,5.814672e-04,1.085107e-08,3.796993e+01,8.016552e+00,2.995338e+01,3.961781e+01,1.695000e+02
1.210674e+06,1.401243e+01,6.155419e+04,7.124328e-01,9.478501e-01,9.477898e-01,5.815757e-04,1.085107e-08,3.796968e+01,8.016552e+00,2.995312e+01,3.961767e+01,1.695000e+02
1.210684e+06,1.401255e+01,6.156419e+04,7.125485e-01,9.478461e-01,9.477899e-01,5.816842e-04,1.085107e-08,3.796942e+01,8.016552e+00,2.995287e+01,3.961753e+01,1.695000e+02
1.210694e+06,1.401266e+01,6.157419e+04,7.126643e-01,9.478421e-01,9.477900e-01,5.817928e-04,1.085107e-08,3.796916e+01,8.016552e+00,2.995261e+01,3.961740e+01,1.695000e+02
1.210704e+06,1.401278e+01,6.158419e+04,7.127800e-01,9.478380e-01,9.477901e-01,5.819013e-04,1.085106e-08,3.796890e+01,8.016552e+00,2.995235e+01,3.961726e+01,1.695000e+02
1.210714e+06,1.401290e+01,6.159419e+04,7.128958e-01,9.478351e-01,9.477902e-01,5.820098e-04,1.085106e-08,3.796865e+01,8.016552e+00,2.995210e+01,3.961709e+01,1.695000e+02
1.210724e+06,1.401301e+01,6.160419e+04,7.130115e-01,9.478377e-01,9.477903e-01,5.821183e-04,1.085106e-08,3.796903e+01,8.016552e+00,2.995248e+01,3.961741e+01,1.695014e+02
1.210734e+06,1.401313e+01,6.161419e+04,7.131273e-01,9.478463e-01,9.477904e-01,5.822268e-04,1.085106e-08,3.797057e+01,8.016552e+00,2.995402e+01,3.961874e+01,1.695054e+02
1.210744e+06,1.401324e+01,6.162420e+04,7.132430e-01,9.478550e-01,9.477905e-01,5.823354e-04,1.085106e-08,3.797211e+01,8.016552e+00,2.995555e+01,3.962007e+01,1.695094e+02
1.210754e+06,1.401336e+01,6.163420e+04,7.133588e-01,9.478636e-01,9.477906e-01,5.824439e-04,1.085106e-08,3.797364e+01,8.016552e+00,2.995709e+01,3.962140e+01,1.695134e+02
1.210764e+06,1.401347e+01,6.164420e+04,7.134745e-01,9.478723e-01,9.477907e-01,5.825524e-04,1.085106e-08,3.797518e+01,8.016552e+00,2.995863e+01,3.962274e+01,1.695174e+02
1.210774e+06,1.401359e+01,6.165420e+04,7.135902e-01,9.478810e-01,9.477908e-01,5.826609e-04,1.085106e-08,3.797671e+01,8.016552e+00,2.996016e+01,3.962407e+01,1.695214e+02
1.210784e+06,1.401371e+01,6.166420e+04,7.137060e-01,9.478896e-01,9.477909e-01,5.827694e-04,1.085106e-08,3.797825e+01,8.016552e+00,2.996170e+01,3.962540e+01,1.695254e+02
1.210794e+06,1.401382e+01,6.167420e+04,7.138217e-01,9.478983e-01,9.477910e-01,5.828779e-04,1.085105e-08,3.797979e+01,8.016552e+00,2.996323e+01,3.962673e+01,1.695294e+02
1.210804e+06,1.401394e+01,6.168420e+04,7.139375e-01,9.479069e-01,9.477911e-01,5.829865e-04,1.085105e-08,3.798132e+01,8.016552e+00,2.996477e+01,3.962806e+01,1.695334e+02
1.210814e+06,1.401405e+01,6.169420e+04,7.140532e-01,9.479156e-01,9.477912e-01,5.830950e-04,1.085105e-08,3.798286e+01,8.016552e+00,2.996631e+01,3.962939e+01,1.695374e+02
1.210824e+06,1.401417e+01,6.170420e+04,7.141690e-01,9.479242e-01,9.477913e-01,5.832035e-04,1.085105e-08,3.798439e+01,8.016552e+00,2.996784e+01,3.963073e+01,1.695413e+02
1.210834e+06,1.401428e+01,6.171420e+04,7.142847e-01,9.479329e-01,9.477914e-01,5.833120e-04,1.085105e-08,3.798593e+01,8.016552e+00,2.996938e+01,3.963206e+01,1.695453e+02
1.210844e+06,1.401440e+01,6.172420e+04,7.144005e-01,9.479415e-01,9.477915e-01,5.834205e-04,1.085105e-08,3.798747e+01,8.016552e+00,2.997091e+01,3.963339e+01,1.695493e+02
1.210854e+06,1.401452e+01,6.173420e+04,7.145162e-01,9.479502e-01,9.477916e-01,5.835291e-04,1.085105e-08,3.798900e+01,8.016552e+00,2.997245e+01,3.963472e+01,1.695533e+02
1.210864e+06,1.401463e+01,6.174420e+04,7.146320e-01,9.479588e-01,9.477917e-01,5.836376e-04,1.085105e-08,3.799054e+01,8.016552e+00,2.997399e+01,3.963605e+01,1.695573e+02
1.210874e+06,1.401475e+01,6.175420e+04,7.147477e-01,9.479675e-01,9.477918e-01,5.837461e-04,1.085104e-08,3.799207e+01,8.016552e+00,2.997552e+01,3.963738e+01,1.695613e+02
1.210884e+06,1.401486e+01,6.176421e+04,7.148635e-01,9.479761e-01,9.477919e-01,5.838546e-04,1.085104e-08,3.799361e+01,8.016552e+00,2.997706e+01,3.963872e+01,1.695653e+02
1.210894e+06,1.401498e+01,6.177421e+04,7.149792e-01,9.479848e-01,9.477920e-01,5.839631e-04,1.085104e-08,3.799515e+01,8.016552e+00,2.997859e+01,3.964005e+01,1.695693e+02
1.210904e+06,1.401509e+01,6.178421e+04,7.150950e-01,9.479934e-01,9.477921e-01,5.840716e-04,1.085104e-08,3.799668e+01,8.016552e+00,2.998013e+01,3.964138e+01,1.695733e+02
1.210914e+06,1.401521e+01,6.179421e+04,7.152107e-01,9.480021e-01,9.477922e-01,5.841802e-04,1.085104e-08,3.799822e+01,8.016552e+00,2.998167e+01,3.964271e+01,1.695773e+02
1.210924e+06,1.401533e+01,6.180421e+04,7.153265e-01,9.480107e-01,9.477923e-01,5.842887e-04,1.085104e-08,3.799975e+01,8.016552e+00,2.998320e+01,3.964404e+01,1.695813e+02
1.210934e+06,1.401544e+01,6.181421e+04,7.154422e-01,9.480194e-01,9.477924e-01,5.843972e-04,1.085104e-08,3.800129e+01,8.016552e+00,2.998474e+01,3.964537e+01,1.695852e+02
1.210944e+06,1.401556e+01,6.182421e+04,7.155580e-01,9.480281e-01,9.477925e-01,5.845057e-04,1.085104e-08,3.800282e+01,8.016552e+00,2.998627e+01,3.964671e+01,1.695892e+02
1.210954e+06,1.401567e+01,6.183421e+04,7.156737e-01,9.480367e-01,9.477926e-01,5.846142e-04,1.085104e-08,3.800436e+01,8.016552e+00,2.998781e+01,3.964804e+01,1.695932e+02
1.210964e+06,1.401579e+01,6.184421e+04,7.157895e-01,9.480444e-01,9.477927e-01,5.847227e-04,1.085103e-08,3.800590e+01,8.016552e+00,2.998935e+01,3.964940e+01,1.695972e+02
1.210974e+06,1.401591e+01,6.185421e+04,7.159052e-01,9.480447e-01,9.477929e-01,5.848313e-04,1.085103e-08,3.800681e+01,8.016552e+00,2.999026e+01,3.965035e+01,1.696000e+02
1.210984e+06,1.401602e+01,6.186421e+04,7.160210e-01,9.480331e-01,9.477930e-01,5.849398e-04,1.085103e-08,3.800630e+01,8.016552e+00,2.998974e+01,3.965020e+01,1.696000e+02
1.210994e+06,1.401614e+01,6.187421e+04,7.161367e-01,9.480215e-01,9.477931e-01,5.850483e-04,1.085103e-08,3.800578e+01,8.016552e+00,2.998923e+01,3.965004e+01,1.696000e+02
1.211004e+06,1.401625e+01,6.188421e+04,7.162525e-01,9.480099e-01,9.477932e-01,5.851568e-04,1.085103e-08,3.800527e+01,8.016552e+00,2.998872e+01,3.964989e+01,1.696000e+02
1.211014e+06,1.401637e+01,6.189421e+04,7.163682e-01,9.479983e-01,9.477933e-01,5.852653e-04,1.085103e-08,3.800475e+01,8.016552e+00,2.998820e+01,3.964973e+01,1.696000e+02
1.211024e+06,1.401648e+01,6.190421e+04,7.164840e-01,9.479867e-01,9.477934e-01,5.853739e-04,1.085103e-08,3.800424e+01,8.016552e+00,2.998769e+01,3.964958e+01,1.696000e+02
1.211034e+06,1.401660e+01,6.191422e+04,7.165997e-01,9.479751e-01,9.477935e-01,5.854824e-04,1.085103e-08,3.800373e+01,8.016552e+00,2.998717e+01,3.964942e+01,1.696000e+02
1.211044e+06,1.401672e+01,6.192422e+04,7.167155e-01,9.479635e-01,9.477936e-01,5.855909e-04,1.085102e-08,3.800321e+01,8.016552e+00,2.998666e+01,3.964927e+01,1.696000e+02
1.211054e+06,1.401683e+01,6.193422e+04,7.168312e-01,9.479519e-01,9.477937e-01,5.856994e-04,1.085102e-08,3.800270e+01,8.016552e+00,2.998615e+01,3.964911e+01,1.696000e+02
1.211064e+06,1.401695e+01,6.194422e+04,7.169470e-01,9.479403e-01,9.477938e-01,5.858079e-04,1.085102e-08,3.800219e+01,8.016552e+00,2.998563e+01,3.964896e+01,1.696000e+02
1.211074e+06,1.401706e+01,6.195422e+04,7.170627e-01,9.479287e-01,9.477939e-01,5.859164e-04,1.085102e-08,3.800167e+01,8.016552e+00,2.998512e+01,3.964880e+01,1.696000e+02
1.211084e+06,1.401718e+01,6.196422e+04,7.171785e-01,9.479171e-01,9.477940e-01,5.860250e-04,1.085102e-08,3.800116e+01,8.016552e+00,2.998461e+01,3.964865e+01,1.696000e+02
1.211094e+06,1.401729e+01,6.197422e+04,7.172942e-01,9.479055e-01,9.477941e-01,5.861335e-04,1.085102e-08,3.800064e+01,8.016552e+00,2.998409e+01,3.964849e+01,1.696000e+02
1.211104e+06,1.401741e+01,6.198422e+04,7.174100e-01,9.478939e-01,9.477942e-01,5.862420e-04,1.085102e-08,3.800013e+01,8.016552e+00,2.998358e+01,3.964834e+01,1.696000e+02
1.211114e+06,1.401753e+01,6.199422e+04,7.175257e-01,9.478823e-01,9.477943e-01,5.863505e-04,1.085102e-08,3.799962e+01,8.016552e+00,2.998306e+01,3.964818e+01,1.696000e+02
1.211124e+06,1.401764e+01,6.200422e+04,7.176415e-01,9.478707e-01,9.477944e-01,5.864590e-04,1.085102e-08,3.799910e+01,8.016552e+00,2.998255e+01,3.964803e+01,1.696000e+02
1.211134e+06,1.401776e+01,6.201422e+04,7.177572e-01,9.478591e-01,9.477945e-01,5.865675e-04,1.085101e-08,3.799859e+01,8.016552e+00,2.998204e+01,3.964787e+01,1.696000e+02
1.211144e+06,1.401787e+01,6.202422e+04,7.178729e-01,9.478475e-01,9.477946e-01,5.866761e-04,1.085101e-08,3.799808e+01,8.016552e+00,2.998152e+01,3.964772e+01,1.696000e+02
1.211154e+06,1.401799e+01,6.203422e+04,7.179887e-01,9.478359e-01,9.477947e-01,5.867846e-04,1.085101e-08,3.799756e+01,8.016552e+00,2.998101e+01,3.964756e+01,1.696000e+02
1.211164e+06,1.401810e+01,6.204422e+04,7.181044e-01,9.478244e-01,9.477948e-01,5.868931e-04,1.085101e-08,3.799705e+01,8.016552e+00,2.998050e+01,3.964741e+01,1.696000e+02
1.211174e+06,1.401822e+01,6.205422e+04,7.182202e-01,9.478128e-01,9.477949e-01,5.870016e-04,1.085101e-08,3.799653e+01,8.016552e+00,2.997998e+01,3.964725e+01,1.696000e+02
1.211184e+06,1.401834e+01,6.206423e+04,7.183359e-01,9.478012e-01,9.477950e-01,5.871101e-04,1.085101e-08,3.799602e+01,8.016552e+00,2.997947e+01,3.964710e+01,1.696000e+02
1.211194e+06,1.401845e+01,6.207423e+04,7.184517e-01,9.477896e-01,9.477951e-01,5.872187e-04,1.085101e-08,3.799551e+01,8.016552e+00,2.997895e+01,3.964694e+01,1.696000e+02
1.211204e+06,1.401857e+01,6.208423e+04,7.185674e-01,9.477780e-01,9.477952e-01,5.873272e-04,1.085101e-08,3.799499e+01,8.016552e+00,2.997844e+01,3.964679e+01,1.696000e+02
1.211214e+06,1.401868e+01,6.209423e+04,7.186832e-01,9.477675e-01,9.477953e-01,5.874357e-04,1.085100e-08,3.799448e+01,8.016552e+00,2.997793e+01,3.964660e+01,1.696000e+02
1.211224e+06,1.401880e+01,6.210423e+04,7.187989e-01,9.477640e-01,9.477954e-01,5.875442e-04,1.085100e-08,3.799397e+01,8.016637e+00,2.997733e+01,3.964616e+01,1.696013e+02
1.211234e+06,1.401891e+01,6.211423e+04,7.189147e-01,9.477704e-01,9.477955e-01,5.876527e-04,1.085100e-08,3.799345e+01,8.016891e+00,2.997656e+01,3.964539e+01,1.696054e+02
1.211244e+06,1.401903e+01,6.212423e+04,7.190304e-01,9.477769e-01,9.477956e-01,5.877612e-04,1.085100e-08,3.799294e+01,8.017145e+00,2.997579e+01,3.964462e+01,1.696094e+02
1.211254e+06,1.401915e+01,6.213423e+04,7.191462e-01,9.477833e-01,9.477957e-01,5.878698e-04,1.085100e-08,3.799242e+01,8.017400e+00,2.997502e+01,3.964385e+01,1.696134e+02
1.211264e+06,1.401926e+01,6.214423e+04,7.192619e-01,9.477897e-01,9.477958e-01,5.879783e-04,1.085100e-08,3.799191e+01,8.017654e+00,2.997426e+01,3.964308e+01,1.696174e+02
1.211274e+06,1.401938e+01,6.215423e+04,7.193777e-01,9.477961e-01,9.477959e-01,5.880868e-04,1.085100e-08,3.799140e+01,8.017908e+00,2.997349e+01,3.964231e+01,1.696214e+02
1.211284e+06,1.401949e+01,6.216423e+04,7.194934e-01,9.478025e-01,9.477960e-01,5.881953e-04,1.085100e-08,3.799088e+01,8.018162e+00,2.997272e+01,3.964154e+01,1.696254e+02
1.211294e+06,1.401961e+01,6.217423e+04,7.196092e-01,9.478089e-01,9.477961e-01,5.883038e-04,1.085100e-08,3.799037e+01,8.018416e+00,2.997195e+01,3.964077e+01,1.696294e+02
1.211304e+06,1.401972e+01,6.218423e+04,7.197249e-01,9.478153e-01,9.477962e-01,5.884123e-04,1.085099e-08,3.798985e+01,8.018670e+00,2.997118e+01,3.964000e+01,1.696334e+02
1.211314e+06,1.401984e+01,6.219423e+04,7.198407e-01,9.478217e-01,9.477963e-01,5.885209e-04,1.085099e-08,3.798934e+01,8.018924e+00,2.997042e+01,3.963923e+01,1.696374e+02
1.211324e+06,1.401996e+01,6.220424e+04,7.199564e-01,9.478281e-01,9.477965e-01,5.886294e-04,1.085099e-08,3.798883e+01,8.019178e+00,2.996965e+01,3.963847e+01,1.696414e+02
1.211334e+06,1.402007e+01,6.221424e+04,7.200722e-01,9.478345e-01,9.477966e-01,5.887379e-04,1.085099e-08,3.798831e+01,8.019433e+00,2.996888e+01,3.963770e+01,1.696454e+02
1.211344e+06,1.402019e+01,6.222424e+04,7.201879e-01,9.478409e-01,9.477967e-01,5.888464e-04,1.085099e-08,3.798780e+01,8.019687e+00,2.996811e+01,3.963693e+01,1.696494e+02
1.211354e+06,1.402030e+01,6.223424e+04,7.203037e-01,9.478473e-01,9.477968e-01,5.889549e-04,1.085099e-08,3.798729e+01,8.019941e+00,2.996735e+01,3.963616e+01,1.696534e+02
1.211364e+06,1.402042e+01,6.224424e+04,7.204194e-01,9.478538e-01,9.477969e-01,5.890634e-04,1.085099e-08,3.798677e+01,8.020195e+00,2.996658e+01,3.963539e+01,1.696574e+02
1.211374e+06,1.402054e+01,6.225424e+04,7.205352e-01,9.478602e-01,9.477970e-01,5.891720e-04,1.085099e-08,3.798626e+01,8.020449e+00,2.996581e+01,3.963462e+01,1.696614e+02
1.211384e+06,1.402065e+01,6.226424e+04,7.206509e-01,9.478666e-01,9.477971e-01,5.892805e-04,1.085098e-08,3.798574e+01,8.020703e+00,2.996504e+01,3.963385e+01,1.696654e+02
1.211394e+06,1.402077e+01,6.227424e+04,7.207667e-01,9.478730e-01,9.477972e-01,5.893890e-04,1.085098e-08,3.798523e+01,8.020957e+00,2.996427e+01,3.963308e+01,1.696694e+02
1.211404e+06,1.402088e+01,6.228424e+04,7.208824e-01,9.478794e-01,9.477973e-01,5.894975e-04,1.085098e-08,3.798472e+01,8.021211e+00,2.996351e+01,3.963231e+01,1.696734e+02
1.211414e+06,1.402100e+01,6.229424e+04,7.209982e-01,9.478858e-01,9.477974e-01,5.896060e-04,1.085098e-08,3.798420e+01,8.021465e+00,2.996274e+01,3.963154e+01,1.696774e+02
1.211424e+06,1.402111e+01,6.230424e+04,7.211139e-01,9.478922e-01,9.477975e-01,5.897145e-04,1.085098e-08,3.798369e+01,8.021720e+00,2.996197e+01,3.963077e+01,1.696815e+02
1.211434e+06,1.402123e+01,6.231424e+04,7.212297e-01,9.478986e-01,9.477976e-01,5.898231e-04,1.085098e-08,3.798318e+01,8.021974e+00,2.996120e+01,3.963000e+01,1.696855e+02
1.211444e+06,1.402135e+01,6.232424e+04,7.213454e-01,9.479050e-01,9.477977e-01,5.899316e-04,1.085098e-08,3.798266e+01,8.022228e+00,2.996043e+01,3.962923e+01,1.696895e+02
1.211454e+06,1.402146e+01,6.233424e+04,7.214612e-01,9.479114e-01,9.477978e-01,5.900401e-04,1.085098e-08,3.798215e+01,8.022482e+00,2.995967e+01,3.962846e+01,1.696935e+02
1.211464e+06,1.402158e+01,6.234424e+04,7.215769e-01,9.479167e-01,9.477979e-01,5.901486e-04,1.085098e-08,3.798163e+01,8.022736e+00,2.995890e+01,3.962773e+01,1.696975e+02
1.211474e+06,1.402169e+01,6.235425e+04,7.216927e-01,9.479199e-01,9.477980e-01,5.902571e-04,1.085097e-08,3.798169e+01,8.022897e+00,2.995879e+01,3.962767e+01,1.697000e+02
1.211484e+06,1.402181e+01,6.236425e+04,7.218084e-01,9.479232e-01,9.477981e-01,5.903657e-04,1.085097e-08,3.798271e+01,8.022897e+00,2.995982e+01,3.962864e+01,1.697000e+02
1.211494e+06,1.402192e+01,6.237425e+04,7.219242e-01,9.479265e-01,9.477982e-01,5.904742e-04,1.085097e-08,3.798374e+01,8.022897e+00,2.996084e+01,3.962961e+01,1.697000e+02
1.211504e+06,1.402204e+01,6.238425e+04,7.220399e-01,9.479298e-01,9.477983e-01,5.905827e-04,1.085097e-08,3.798476e+01,8.022897e+00,2.996186e+01,3.963058e+01,1.697000e+02
1.211514e+06,1.402216e+01,6.239425e+04,7.221556e-01,9.479331e-01,9.477984e-01,5.906912e-04,1.085097e-08,3.798578e+01,8.022897e+00,2.996289e+01,3.963155e+01,1.697000e+02
1.211524e+06,1.402227e+01,6.240425e+04,7.222714e-01,9.479364e-01,9.477985e-01,5.907997e-04,1.085097e-08,3.798681e+01,8.022897e+00,2.996391e+01,3.963252e+01,1.697000e+02
1.211534e+06,1.402239e+01,6.241425e+04,7.223871e-01,9.479397e-01,9.477986e-01,5.909082e-04,1.085097e-08,3.798783e+01,8.022897e+00,2.996494e+01,3.963349e+01,1.697000e+02
1.211544e+06,1.402250e+01,6.242425e+04,7.225029e-01,9.479430e-01,9.477987e-01,5.910168e-04,1.085097e-08,3.798886e+01,8.022897e+00,2.996596e+01,3.963446e+01,1.697000e+02
1.211554e+06,1.402262e+01,6.243425e+04,7.226186e-01,9.479463e-01,9.477988e-01,5.911253e-04,1.085096e-08,3.798988e+01,8.022897e+00,2.996698e+01,3.963543e+01,1.697000e+02
1.211564e+06,1.402273e+01,6.244425e+04,7.227344e-01,9.479496e-01,9.477989e-01,5.912338e-04,1.085096e-08,3.799090e+01,8.022897e+00,2.996801e+01,3.963640e+01,1.697000e+02
1.211574e+06,1.402285e+01,6.245425e+04,7.228501e-01,9.479529e-01,9.477990e-01,5.913423e-04,1.085096e-08,3.799193e+01,8.022897e+00,2.996903e+01,3.963737e+01,1.697000e+02
1.211584e+06,1.402297e+01,6.246425e+04,7.229659e-01,9.479562e-01,9.477991e-01,5.914508e-04,1.085096e-08,3.799295e+01,8.022897e+00,2.997005e+01,3.963834e+01,1.697000e+02
1.211594e+06,1.402308e+01,6.247425e+04,7.230816e-01,9.479595e-01,9.477992e-01,5.915593e-04,1.085096e-08,3.799398e+01,8.022897e+00,2.997108e+01,3.963931e+01,1.697000e+02
1.211604e+06,1.402320e+01,6.248425e+04,7.231974e-01,9.479628e-01,9.477993e-01,5.916679e-04,1.085096e-08,3.799500e+01,8.022897e+00,2.997210e+01,3.964028e+01,1.697000e+02
1.211614e+06,1.402331e+01,6.249425e+04,7.233131e-01,9.479661e-01,9.477994e-01,5.917764e-04,1.085096e-08,3.799602e+01,8.022897e+00,2.997313e+01,3.964125e+01,1.697000e+02
1.211624e+06,1.402343e+01,6.250426e+04,7.234289e-01,9.479694e-01,9.477995e-01,5.918849e-04,1.085096e-08,3.799705e+01,8.022897e+00,2.997415e+01,3.964222e+01,1.697000e+02
1.211634e+06,1.402354e+01,6.251426e+04,7.235446e-01,9.479727e-01,9.477996e-01,5.919934e-04,1.085096e-08,3.799807e+01,8.022897e+00,2.997517e+01,3.964319e+01,1.697000e+02
1.211644e+06,1.402366e+01,6.252426e+04,7.236604e-01,9.479760e-01,9.477997e-01,5.921019e-04,1.085095e-08,3.799910e+01,8.022897e+00,2.997620e+01,3.964416e+01,1.697000e+02
1.211654e+06,1.402378e+01,6.253426e+04,7.237761e-01,9.479793e-01,9.477998e-01,5.922104e-04,1.085095e-08,3.800012e+01,8.022897e+00,2.997722e+01,3.964513e+01,1.697000e+02
1.211664e+06,1.402389e+01,6.254426e+04,7.238919e-01,9.479826e-01,9.477999e-01,5.923190e-04,1.085095e-08,3.800114e+01,8.022897e+00,2.997825e+01,3.964610e+01,1.697000e+02
1.211674e+06,1.402401e+01,6.255426e+04,7.240076e-01,9.479859e-01,9.478001e-01,5.924275e-04,1.085095e-08,3.800217e+01,8.022897e+00,2.997927e+01,3.964707e+01,1.697000e+02
1.211684e+06,1.402412e+01,6.256426e+04,7.241234e-01,9.479892e-01,9.478002e-01,5.925360e-04,1.085095e-08,3.800319e+01,8.022897e+00,2.998029e+01,3.964804e+01,1.697000e+02
1.211694e+06,1.402424e+01,6.257426e+04,7.242391e-01,9.479925e-01,9.478003e-01,5.926445e-04,1.085095e-08,3.800422e+01,8.022897e+00,2.998132e+01,3.964901e+01,1.697000e+02
1.211704e+06,1.402435e+01,6.258426e+04,7.243549e-01,9.479958e-01,9.478004e-01,5.927530e-04,1.085095e-08,3.800524e+01,8.022897e+00,2.998234e+01,3.964998e+01,1.697000e+02
1.211714e+06,1.402447e+01,6.259426e+04,7.244706e-01,9.479991e-01,9.478005e-01,5.928615e-04,1.085095e-08,3.800626e+01,8.022897e+00,2.998337e+01,3.965095e+01,1.697000e+02
1.211724e+06,1.402459e+01,6.260426e+04,7.245864e-01,9.479995e-01,9.478006e-01,5.929701e-04,1.085094e-08,3.800705e+01,8.022897e+00,2.998415e+01,3.965176e+01,1.697000e+02
1.211734e+06,1.402470e+01,6.261426e+04,7.247021e-01,9.479936e-01,9.478007e-01,5.930786e-04,1.085094e-08,3.800730e+01,8.022897e+00,2.998441e+01,3.965223e+01,1.697000e+02
1.211744e+06,1.402482e+01,6.262426e+04,7.248179e-01,9.479877e-01,9.478008e-01,5.931871e-04,1.085094e-08,3.800756e+01,8.022897e+00,2.998466e+01,3.965270e+01,1.697000e+02
1.211754e+06,1.402493e+01,6.263426e+04,7.249336e-01,9.479818e-01,9.478009e-01,5.932956e-04,1.085094e-08,3.800782e+01,8.022897e+00,2.998492e+01,3.965317e+01,1.697000e+02
1.211764e+06,1.402505e+01,6.264426e+04,7.250494e-01,9.479759e-01,9.478010e-01,5.934041e-04,1.085094e-08,3.800807e+01,8.022897e+00,2.998518e+01,3.965363e+01,1.697000e+02
1.211774e+06,1.402517e+01,6.265427e+04,7.251651e-01,9.479700e-01,9.478011e-01,5.935126e-04,1.085094e-08,3.800833e+01,8.022897e+00,2.998543e+01,3.965410e+01,1.697000e+02
1.211784e+06,1.402528e+01,6.266427e+04,7.252809e-01,9.479641e-01,9.478012e-01,5.936212e-04,1.085094e-08,3.800859e+01,8.022897e+00,2.998569e+01,3.965457e+01,1.697000e+02
1.211794e+06,1.402540e+01,6.267427e+04,7.253966e-01,9.479582e-01,9.478013e-01,5.937297e-04,1.085094e-08,3.800884e+01,8.022897e+00,2.998595e+01,3.965504e+01,1.697000e+02
1.211804e+06,1.402551e+01,6.268427e+04,7.255124e-01,9.479523e-01,9.478014e-01,5.938382e-04,1.085094e-08,3.800910e+01,8.022897e+00,2.998620e+01,3.965551e+01,1.697000e+02
1.211814e+06,1.402563e+01,6.269427e+04,7.256281e-01,9.479464e-01,9.478015e-01,5.939467e-04,1.085093e-08,3.800936e+01,8.022897e+00,2.998646e+01,3.965597e+01,1.697000e+02
1.211824e+06,1.402574e+01,6.270427e+04,7.257439e-01,9.479405e-01,9.478016e-01,5.940552e-04,1.085093e-08,3.800962e+01,8.022897e+00,2.998672e+01,3.965644e+01,1.697000e+02
1.211834e+06,1.402586e+01,6.271427e+04,7.258596e-01,9.479346e-01,9.478017e-01,5.941637e-04,1.085093e-08,3.800987e+01,8.022897e+00,2.998698e+01,3.965691e+01,1.697000e+02
1.211844e+06,1.402598e+01,6.272427e+04,7.259754e-01,9.479287e-01,9.478018e-01,5.942723e-04,1.085093e-08,3.801013e+01,8.022897e+00,2.998723e+01,3.965738e+01,1.697000e+02
1.211854e+06,1.402609e+01,6.273427e+04,7.260911e-01,9.479228e-01,9.478019e-01,5.943808e-04,1.085093e-08,3.801039e+01,8.022897e+00,2.998749e+01,3.965784e+01,1.697000e+02
1.211864e+06,1.402621e+01,6.274427e+04,7.262068e-01,9.479169e-01,9.478020e-01,5.944893e-04,1.085093e-08,3.801064e+01,8.022897e+00,2.998775e+01,3.965831e+01,1.697000e+02
1.211874e+06,1.402632e+01,6.275427e+04,7.263226e-01,9.479110e-01,9.478021e-01,5.945978e-04,1.085093e-08,3.801090e+01,8.022897e+00,2.998800e+01,3.965878e+01,1.697000e+02
1.211884e+06,1.402644e+01,6.276427e+04,7.264383e-01,9.479051e-01,9.478022e-01,5.947063e-04,1.085093e-08,3.801116e+01,8.022897e+00,2.998826e+01,3.965925e+01,1.697000e+02
1.211894e+06,1.402655e+01,6.277427e+04,7.265541e-01,9.478992e-01,9.478023e-01,5.948148e-04,1.085092e-08,3.801141e+01,8.022897e+00,2.998852e+01,3.965972e+01,1.697000e+02
1.211904e+06,1.402667e+01,6.278427e+04,7.266698e-01,9.478933e-01,9.478024e-01,5.949234e-04,1.085092e-08,3.801167e+01,8.022897e+00,2.998877e+01,3.966018e+01,1.697000e+02
1.211914e+06,1.402679e+01,6.279428e+04,7.267856e-01,9.478874e-01,9.478025e-01,5.950319e-04,1.085092e-08,3.801193e+01,8.022897e+00,2.998903e+01,3.966065e+01,1.697000e+02
1.211924e+06,1.402690e+01,6.280428e+04,7.269013e-01,9.478815e-01,9.478026e-01,5.951404e-04,1.085092e-08,3.801218e+01,8.022897e+00,2.998929e+01,3.966112e+01,1.697000e+02
1.211934e+06,1.402702e+01,6.281428e+04,7.270171e-01,9.478756e-01,9.478027e-01,5.952489e-04,1.085092e-08,3.801244e+01,8.022897e+00,2.998954e+01,3.966159e+01,1.697000e+02
1.211944e+06,1.402713e+01,6.282428e+04,7.271328e-01,9.478697e-01,9.478028e-01,5.953574e-04,1.085092e-08,3.801270e+01,8.022897e+00,2.998980e+01,3.966206e+01,1.697000e+02
1.211954e+06,1.402725e+01,6.283428e+04,7.272486e-01,9.478638e-01,9.478029e-01,5.954659e-04,1.085092e-08,3.801295e+01,8.022897e+00,2.999006e+01,3.966252e+01,1.697000e+02
1.211964e+06,1.402736e+01,6.284428e+04,7.273643e-01,9.478579e-01,9.478030e-01,5.955745e-04,1.085092e-08,3.801321e+01,8.022897e+00,2.999031e+01,3.966299e+01,1.697000e+02
1.211974e+06,1.402748e+01,6.285428e+04,7.274801e-01,9.478559e-01,9.478031e-01,5.956830e-04,1.085092e-08,3.801302e+01,8.022897e+00,2.999013e+01,3.966286e+01,1.697000e+02
1.211984e+06,1.402760e+01,6.286428e+04,7.275958e-01,9.478610e-01,9.478032e-01,5.957915e-04,1.085091e-08,3.801200e+01,8.022897e+00,2.998910e+01,3.966161e+01,1.697000e+02
1.211994e+06,1.402771e+01,6.287428e+04,7.277116e-01,9.478662e-01,9.478033e-01,5.959000e-04,1.085091e-08,3.801097e+01,8.022897e+00,2.998807e+01,3.966035e+01,1.697000e+02
1.212004e+06,1.402783e+01,6.288428e+04,7.278273e-01,9.478714e-01,9.478034e-01,5.960085e-04,1.085091e-08,3.800994e+01,8.022897e+00,2.998704e+01,3.965909e+01,1.697000e+02
1.212014e+06,1.402794e+01,6.289428e+04,7.279431e-01,9.478766e-01,9.478035e-01,5.961170e-04,1.085091e-08,3.800891e+01,8.022897e+00,2.998602e+01,3.965783e+01,1.697000e+02
1.212024e+06,1.402806e+01,6.290428e+04,7.280588e-01,9.478817e-01,9.478037e-01,5.962256e-04,1.085091e-08,3.800789e+01,8.022897e+00,2.998499e+01,3.965658e+01,1.697000e+02
1.212034e+06,1.402817e+01,6.291428e+04,7.281746e-01,9.478869e-01,9.478038e-01,5.963341e-04,1.085091e-08,3.800686e+01,8.022897e+00,2.998396e+01,3.965532e+01,1.697000e+02
1.212044e+06,1.402829e+01,6.292428e+04,7.282903e-01,9.478921e-01,9.478039e-01,5.964426e-04,1.085091e-08,3.800583e+01,8.022897e+00,2.998293e+01,3.965406e+01,1.697000e+02
1.212054e+06,1.402841e+01,6.293428e+04,7.284061e-01,9.478973e-01,9.478040e-01,5.965511e-04,1.085091e-08,3.800480e+01,8.022897e+00,2.998191e+01,3.965281e+01,1.697000e+02
1.212064e+06,1.402852e+01,6.294429e+04,7.285218e-01,9.479024e-01,9.478041e-01,5.966596e-04,1.085090e-08,3.800378e+01,8.022897e+00,2.998088e+01,3.965155e+01,1.697000e+02
1.212074e+06,1.402864e+01,6.295429e+04,7.286376e-01,9.479076e-01,9.478042e-01,5.967681e-04,1.085090e-08,3.800275e+01,8.022897e+00,2.997985e+01,3.965029e+01,1.697000e+02
1.212084e+06,1.402875e+01,6.296429e+04,7.287533e-01,9.479128e-01,9.478043e-01,5.968767e-04,1.085090e-08,3.800172e+01,8.022897e+00,2.997882e+01,3.964904e+01,1.697000e+02
1.212094e+06,1.402887e+01,6.297429e+04,7.288691e-01,9.479180e-01,9.478044e-01,5.969852e-04,1.085090e-08,3.800069e+01,8.022897e+00,2.997780e+01,3.964778e+01,1.697000e+02
1.212104e+06,1.402898e+01,6.298429e+04,7.289848e-01,9.479231e-01,9.478045e-01,5.970937e-04,1.085090e-08,3.799967e+01,8.022897e+00,2.997677e+01,3.964652e+01,1.697000e+02
1.212114e+06,1.402910e+01,6.299429e+04,7.291006e-01,9.479283e-01,9.478046e-01,5.972022e-04,1.085090e-08,3.799864e+01,8.022897e+00,2.997574e+01,3.964527e+01,1.697000e+02
1.212124e+06,1.402922e+01,6.300429e+04,7.292163e-01,9.479335e-01,9.478047e-01,5.973107e-04,1.085090e-08,3.799761e+01,8.022897e+00,2.997471e+01,3.964401e+01,1.697000e+02
1.212134e+06,1.402933e+01,6.301429e+04,7.293321e-01,9.479387e-01,9.478048e-01,5.974192e-04,1.085090e-08,3.799658e+01,8.022897e+00,2.997369e+01,3.964275e+01,1.697000e+02
1.212144e+06,1.402945e+01,6.302429e+04,7.294478e-01,9.479438e-01,9.478049e-01,5.975278e-04,1.085090e-08,3.799556e+01,8.022897e+00,2.997266e+01,3.964150e+01,1.697000e+02
1.212154e+06,1.402956e+01,6.303429e+04,7.295636e-01,9.479490e-01,9.478050e-01,5.976363e-04,1.085089e-08,3.799453e+01,8.022897e+00,2.997163e+01,3.964024e+01,1.697000e+02
1.212164e+06,1.402968e+01,6.304429e+04,7.296793e-01,9.479542e-01,9.478051e-01,5.977448e-04,1.085089e-08,3.799350e+01,8.022897e+00,2.997060e+01,3.963899e+01,1.697000e+02
1.212174e+06,1.402980e+01,6.305429e+04,7.297951e-01,9.479594e-01,9.478052e-01,5.978533e-04,1.085089e-08,3.799247e+01,8.022897e+00,2.996958e+01,3.963773e+01,1.697000e+02
1.212184e+06,1.402991e+01,6.306429e+04,7.299108e-01,9.479645e-01,9.478053e-01,5.979618e-04,1.085089e-08,3.799145e+01,8.022897e+00,2.996855e+01,3.963647e+01,1.697000e+02
1.212194e+06,1.403003e+01,6.307429e+04,7.300266e-01,9.479697e-01,9.478054e-01,5.980703e-04,1.085089e-08,3.799042e+01,8.022897e+00,2.996752e+01,3.963522e+01,1.697000e+02
1.212204e+06,1.403014e+01,6.308429e+04,7.301423e-01,9.479749e-01,9.478055e-01,5.981789e-04,1.085089e-08,3.798939e+01,8.022897e+00,2.996649e+01,3.963396e+01,1.697000e+02
1.212214e+06,1.403026e+01,6.309430e+04,7.302581e-01,9.479801e-01,9.478056e-01,5.982874e-04,1.085089e-08,3.798836e+01,8.022897e+00,2.996547e+01,3.963270e+01,1.697000e+02
1.212224e+06,1.403037e+01,6.310430e+04,7.303738e-01,9.479851e-01,9.478057e-01,5.983959e-04,1.085089e-08,3.798743e+01,8.022897e+00,2.996454e+01,3.963155e+01,1.697000e+02
1.212234e+06,1.403049e+01,6.311430e+04,7.304895e-01,9.479900e-01,9.478058e-01,5.985044e-04,1.085088e-08,3.798667e+01,8.022897e+00,2.996377e+01,3.963058e+01,1.697000e+02
1.212244e+06,1.403061e+01,6.312430e+04,7.306053e-01,9.479948e-01,9.478059e-01,5.986129e-04,1.085088e-08,3.798590e+01,8.022897e+00,2.996300e+01,3.962961e+01,1.697000e+02
1.212254e+06,1.403072e+01,6.313430e+04,7.307210e-01,9.479997e-01,9.478060e-01,5.987214e-04,1.085088e-08,3.798513e+01,8.022897e+00,2.996223e+01,3.962864e+01,1.697000e+02
1.212264e+06,1.403084e+01,6.314430e+04,7.308368e-01,9.480045e-01,9.478061e-01,5.988300e-04,1.085088e-08,3.798436e+01,8.022897e+00,2.996147e+01,3.962767e+01,1.697000e+02
1.212274e+06,1.403095e+01,6.315430e+04,7.309525e-01,9.480094e-01,9.478062e-01,5.989385e-04,1.085088e-08,3.798359e+01,8.022897e+00,2.996070e+01,3.962669e+01,1.697000e+02
1.212284e+06,1.403107e+01,6.316430e+04,7.310683e-01,9.480142e-01,9.478063e-01,5.990470e-04,1.085088e-08,3.798283e+01,8.022897e+00,2.995993e+01,3.962572e+01,1.697000e+02
1.212294e+06,1.403118e+01,6.317430e+04,7.311840e-01,9.480191e-01,9.478064e-01,5.991555e-04,1.085088e-08,3.798206e+01,8.022897e+00,2.995916e+01,3.962475e+01,1.697000e+02
1.212304e+06,1.403130e+01,6.318430e+04,7.312998e-01,9.480239e-01,9.478065e-01,5.992640e-04,1.085088e-08,3.798129e+01,8.022897e+00,2.995839e+01,3.962378e+01,1.697000e+02
1.212314e+06,1.403142e+01,6.319430e+04,7.314155e-01,9.480288e-01,9.478066e-01,5.993725e-04,1.085088e-08,3.798052e+01,8.022897e+00,2.995763e+01,3.962281e+01,1.697000e+02
1.212324e+06,1.403153e+01,6.320430e+04,7.315313e-01,9.480336e-01,9.478067e-01,5.994810e-04,1.085087e-08,3.797975e+01,8.022897e+00,2.995686e+01,3.962184e+01,1.697000e+02
1.212334e+06,1.403165e+01,6.321430e+04,7.316470e-01,9.480385e-01,9.478068e-01,5.995896e-04,1.085087e-08,3.797899e+01,8.022897e+00,2.995609e+01,3.962086e+01,1.697000e+02
1.212344e+06,1.403176e+01,6.322430e+04,7.317628e-01,9.480433e-01,9.478069e-01,5.996981e-04,1.085087e-08,3.797822e+01,8.022897e+00,2.995532e+01,3.961989e+01,1.697000e+02
1.212354e+06,1.403188e+01,6.323431e+04,7.318785e-01,9.480482e-01,9.478070e-01,5.998066e-04,1.085087e-08,3.797745e+01,8.022897e+00,2.995455e+01,3.961892e+01,1.697000e+02
1.212364e+06,1.403199e+01,6.324431e+04,7.319943e-01,9.480530e-01,9.478071e-01,5.999151e-04,1.085087e-08,3.797668e+01,8.022897e+00,2.995379e+01,3.961795e+01,1.697000e+02
1.212374e+06,1.403211e+01,6.325431e+04,7.321100e-01,9.480579e-01,9.478073e-01,6.000236e-04,1.085087e-08,3.797591e+01,8.022897e+00,2.995302e+01,3.961698e+01,1.697000e+02
1.212384e+06,1.403223e+01,6.326431e+04,7.322258e-01,9.480627e-01,9.478074e-01,6.001321e-04,1.085087e-08,3.797515e+01,8.022897e+00,2.995225e+01,3.961601e+01,1.697000e+02
1.212394e+06,1.403234e+01,6.327431e+04,7.323415e-01,9.480676e-01,9.478075e-01,6.002407e-04,1.085087e-08,3.797438e+01,8.022897e+00,2.995148e+01,3.961503e+01,1.697000e+02
1.212404e+06,1.403246e+01,6.328431e+04,7.324573e-01,9.480724e-01,9.478076e-01,6.003492e-04,1.085086e-08,3.797361e+01,8.022897e+00,2.995071e+01,3.961406e+01,1.697000e+02
1.212414e+06,1.403257e+01,6.329431e+04,7.325730e-01,9.480773e-01,9.478077e-01,6.004577e-04,1.085086e-08,3.797284e+01,8.022897e+00,2.994995e+01,3.961309e+01,1.697000e+02
1.212424e+06,1.403269e+01,6.330431e+04,7.326888e-01,9.480821e-01,9.478078e-01,6.005662e-04,1.085086e-08,3.797207e+01,8.022897e+00,2.994918e+01,3.961212e+01,1.697000e+02
1.212434e+06,1.403280e+01,6.331431e+04,7.328045e-01,9.480870e-01,9.478079e-01,6.006747e-04,1.085086e-08,3.797131e+01,8.022897e+00,2.994841e+01,3.961115e+01,1.697000e+02
1.212444e+06,1.403292e+01,6.332431e+04,7.329203e-01,9.480918e-01,9.478080e-01,6.007832e-04,1.085086e-08,3.797054e+01,8.022897e+00,2.994764e+01,3.961018e+01,1.697000e+02
1.212454e+06,1.403304e+01,6.333431e+04,7.330360e-01,9.480967e-01,9.478081e-01,6.008918e-04,1.085086e-08,3.796977e+01,8.022897e+00,2.994687e+01,3.960920e+01,1.697000e+02
1.212464e+06,1.403315e+01,6.334431e+04,7.331518e-01,9.481005e-01,9.478082e-01,6.010003e-04,1.085086e-08,3.796900e+01,8.022897e+00,2.994611e+01,3.960827e+01,1.697000e+02
1.212474e+06,1.403327e+01,6.335431e+04,7.332675e-01,9.480974e-01,9.478083e-01,6.011088e-04,1.085086e-08,3.796857e+01,8.022897e+00,2.994567e+01,3.960791e+01,1.696987e+02
1.212484e+06,1.403338e+01,6.336431e+04,7.333833e-01,9.480842e-01,9.478084e-01,6.012173e-04,1.085086e-08,3.796882e+01,8.022897e+00,2.994593e+01,3.960862e+01,1.696947e+02
1.212494e+06,1.403350e+01,6.337431e+04,7.334990e-01,9.480711e-01,9.478085e-01,6.013258e-04,1.085085e-08,3.796908e+01,8.022897e+00,2.994618e+01,3.960933e+01,1.696907e+02
1.212504e+06,1.403361e+01,6.338432e+04,7.336148e-01,9.480579e-01,9.478086e-01,6.014343e-04,1.085085e-08,3.796934e+01,8.022897e+00,2.994644e+01,3.961004e+01,1.696867e+02
1.212514e+06,1.403373e+01,6.339432e+04,7.337305e-01,9.480448e-01,9.478087e-01,6.015429e-04,1.085085e-08,3.796959e+01,8.022897e+00,2.994670e+01,3.961075e+01,1.696827e+02
1.212524e+06,1.403385e+01,6.340432e+04,7.338463e-01,9.480317e-01,9.478088e-01,6.016514e-04,1.085085e-08,3.796985e+01,8.022897e+00,2.994695e+01,3.961146e+01,1.696787e+02
1.212534e+06,1.403396e+01,6.341432e+04,7.339620e-01,9.480185e-01,9.478089e-01,6.017599e-04,1.085085e-08,3.797011e+01,8.022897e+00,2.994721e+01,3.961216e+01,1.696747e+02
1.212544e+06,1.403408e+01,6.342432e+04,7.340778e-01,9.480054e-01,9.478090e-01,6.018684e-04,1.085085e-08,3.797036e+01,8.022897e+00,2.994747e+01,3.961287e+01,1.696707e+02
1.212554e+06,1.403419e+01,6.343432e+04,7.341935e-01,9.479922e-01,9.478091e-01,6.019769e-04,1.085085e-08,3.797062e+01,8.022897e+00,2.994772e+01,3.961358e+01,1.696667e+02
1.212564e+06,1.403431e+01,6.344432e+04,7.343093e-01,9.479791e-01,9.478092e-01,6.020854e-04,1.085085e-08,3.797088e+01,8.022897e+00,2.994798e+01,3.961429e+01,1.696627e+02
1.212574e+06,1.403443e+01,6.345432e+04,7.344250e-01,9.479659e-01,9.478093e-01,6.021939e-04,1.085084e-08,3.797113e+01,8.022897e+00,2.994824e+01,3.961500e+01,1.696587e+02
1.212584e+06,1.403454e+01,6.346432e+04,7.345408e-01,9.479528e-01,9.478094e-01,6.023025e-04,1.085084e-08,3.797139e+01,8.022897e+00,2.994850e+01,3.961571e+01,1.696546e+02
1.212594e+06,1.403466e+01,6.347432e+04,7.346565e-01,9.479397e-01,9.478095e-01,6.024110e-04,1.085084e-08,3.797165e+01,8.022897e+00,2.994875e+01,3.961642e+01,1.696506e+02
1.212604e+06,1.403477e+01,6.348432e+04,7.347722e-01,9.479265e-01,9.478096e-01,6.025195e-04,1.085084e-08,3.797191e+01,8.022897e+00,2.994901e+01,3.961713e+01,1.696466e+02
1.212614e+06,1.403489e+01,6.349432e+04,7.348880e-01,9.479134e-01,9.478097e-01,6.026280e-04,1.085084e-08,3.797216e+01,8.022897e+00,2.994927e+01,3.961784e+01,1.696426e+02
1.212624e+06,1.403500e+01,6.350432e+04,7.350037e-01,9.479002e-01,9.478098e-01,6.027365e-04,1.085084e-08,3.797242e+01,8.022897e+00,2.994952e+01,3.961854e+01,1.696386e+02
1.212634e+06,1.403512e+01,6.351432e+04,7.351195e-01,9.478871e-01,9.478099e-01,6.028450e-04,1.085084e-08,3.797268e+01,8.022897e+00,2.994978e+01,3.961925e+01,1.696346e+02
1.212644e+06,1.403524e+01,6.352432e+04,7.352352e-01,9.478740e-01,9.478100e-01,6.029536e-04,1.085084e-08,3.797293e+01,8.022897e+00,2.995004e+01,3.961996e+01,1.696306e+02
1.212654e+06,1.403535e+01,6.353433e+04,7.353510e-01,9.478608e-01,9.478101e-01,6.030621e-04,1.085084e-08,3.797319e+01,8.022897e+00,2.995029e+01,3.962067e+01,1.696266e+02
1.212664e+06,1.403547e+01,6.354433e+04,7.354667e-01,9.478477e-01,9.478102e-01,6.031706e-04,1.085083e-08,3.797345e+01,8.022897e+00,2.995055e+01,3.962138e+01,1.696226e+02
1.212674e+06,1.403558e+01,6.355433e+04,7.355825e-01,9.478345e-01,9.478103e-01,6.032791e-04,1.085083e-08,3.797370e+01,8.022897e+00,2.995081e+01,3.962209e+01,1.696186e+02
1.212684e+06,1.403570e+01,6.356433e+04,7.356982e-01,9.478214e-01,9.478104e-01,6.033876e-04,1.085083e-08,3.797396e+01,8.022897e+00,2.995106e+01,3.962280e+01,1.696146e+02
1.212694e+06,1.403581e+01,6.357433e+04,7.358140e-01,9.478083e-01,9.478105e-01,6.034961e-04,1.085083e-08,3.797422e+01,8.022897e+00,2.995132e+01,3.962351e+01,1.696106e+02
1.212704e+06,1.403593e+01,6.358433e+04,7.359297e-01,9.477951e-01,9.478106e-01,6.036047e-04,1.085083e-08,3.797447e+01,8.022897e+00,2.995158e+01,3.962422e+01,1.696066e+02
1.212714e+06,1.403605e+01,6.359433e+04,7.360455e-01,9.477820e-01,9.478107e-01,6.037132e-04,1.085083e-08,3.797473e+01,8.022897e+00,2.995183e+01,3.962493e+01,1.696026e+02
1.212724e+06,1.403616e+01,6.360433e+04,7.361612e-01,9.477746e-01,9.478109e-01,6.038217e-04,1.085083e-08,3.797499e+01,8.022897e+00,2.995209e+01,3.962544e+01,1.695986e+02
1.212734e+06,1.403628e+01,6.361433e+04,7.362770e-01,9.477775e-01,9.478110e-01,6.039302e-04,1.085083e-08,3.797524e+01,8.022897e+00,2.995235e+01,3.962562e+01,1.695946e+02
1.212744e+06,1.403639e+01,6.362433e+04,7.363927e-01,9.477804e-01,9.478111e-01,6.040387e-04,1.085082e-08,3.797550e+01,8.022897e+00,2.995261e+01,3.962579e+01,1.695906e+02
1.212754e+06,1.403651e+01,6.363433e+04,7.365085e-01,9.477833e-01,9.478112e-01,6.041472e-04,1.085082e-08,3.797576e+01,8.022897e+00,2.995286e+01,3.962597e+01,1.695866e+02
1.212764e+06,1.403662e+01,6.364433e+04,7.366242e-01,9.477862e-01,9.478113e-01,6.042557e-04,1.085082e-08,3.797602e+01,8.022897e+00,2.995312e+01,3.962614e+01,1.695826e+02
1.212774e+06,1.403674e+01,6.365433e+04,7.367400e-01,9.477891e-01,9.478114e-01,6.043643e-04,1.085082e-08,3.797627e+01,8.022897e+00,2.995338e+01,3.962631e+01,1.695785e+02
1.212784e+06,1.403686e+01,6.366433e+04,7.368557e-01,9.477920e-01,9.478115e-01,6.044728e-04,1.085082e-08,3.797653e+01,8.022897e+00,2.995363e+01,3.962649e+01,1.695745e+02
1.212794e+06,1.403697e+01,6.367434e+04,7.369715e-01,9.477950e-01,9.478116e-01,6.045813e-04,1.085082e-08,3.797679e+01,8.022897e+00,2.995389e+01,3.962666e+01,1.695705e+02
1.212804e+06,1.403709e+01,6.368434e+04,7.370872e-01,9.477979e-01,9.478117e-01,6.046898e-04,1.085082e-08,3.797704e+01,8.022897e+00,2.995415e+01,3.962684e+01,1.695665e+02
1.212814e+06,1.403720e+01,6.369434e+04,7.372030e-01,9.478008e-01,9.478118e-01,6.047983e-04,1.085082e-08,3.797730e+01,8.022897e+00,2.995440e+01,3.962701e+01,1.695625e+02
1.212824e+06,1.403732e+01,6.370434e+04,7.373187e-01,9.478037e-01,9.478119e-01,6.049068e-04,1.085082e-08,3.797756e+01,8.022897e+00,2.995466e+01,3.962718e+01,1.695585e+02
1.212834e+06,1.403743e+01,6.371434e+04,7.374345e-01,9.478066e-01,9.478120e-01,6.050154e-04,1.085081e-08,3.797781e+01,8.022897e+00,2.995492e+01,3.962736e+01,1.695545e+02
1.212844e+06,1.403755e+01,6.372434e+04,7.375502e-01,9.478095e-01,9.478121e-01,6.051239e-04,1.085081e-08,3.797807e+01,8.022897e+00,2.995517e+01,3.962753e+01,1.695505e+02
1.212854e+06,1.403767e+01,6.373434e+04,7.376660e-01,9.478124e-01,9.478122e-01,6.052324e-04,1.085081e-08,3.797833e+01,8.022897e+00,2.995543e+01,3.962771e+01,1.695465e+02
1.212864e+06,1.403778e+01,6.374434e+04,7.377817e-01,9.478153e-01,9.478123e-01,6.053409e-04,1.085081e-08,3.797858e+01,8.022897e+00,2.995569e+01,3.962788e+01,1.695425e+02
1.212874e+06,1.403790e+01,6.375434e+04,7.378975e-01,9.478183e-01,9.478124e-01,6.054494e-04,1.085081e-08,3.797884e+01,8.022897e+00,2.995594e+01,3.962805e+01,1.695385e+02
1.212884e+06,1.403801e+01,6.376434e+04,7.380132e-01,9.478212e-01,9.478125e-01,6.055579e-04,1.085081e-08,3.797910e+01,8.022897e+00,2.995620e+01,3.962823e+01,1.695345e+02
1.212894e+06,1.403813e+01,6.377434e+04,7.381290e-01,9.478241e-01,9.478126e-01,6.056664e-04,1.085081e-08,3.797936e+01,8.022897e+00,2.995646e+01,3.962840e+01,1.695305e+02
1.212904e+06,1.403824e+01,6.378434e+04,7.382447e-01,9.478270e-01,9.478127e-01,6.057750e-04,1.085081e-08,3.797961e+01,8.022897e+00,2.995672e+01,3.962858e+01,1.695265e+02
1.212914e+06,1.403836e+01,6.379434e+04,7.383605e-01,9.478299e-01,9.478128e-01,6.058835e-04,1.085080e-08,3.797987e+01,8.022897e+00,2.995697e+01,3.962875e+01,1.695225e+02
1.212924e+06,1.403848e+01,6.380434e+04,7.384762e-01,9.478328e-01,9.478129e-01,6.059920e-04,1.085080e-08,3.798013e+01,8.022897e+00,2.995723e+01,3.962892e+01,1.695185e+02
1.212934e+06,1.403859e+01,6.381434e+04,7.385920e-01,9.478357e-01,9.478130e-01,6.061005e-04,1.085080e-08,3.798038e+01,8.022897e+00,2.995749e+01,3.962910e+01,1.695145e+02
1.212944e+06,1.403871e+01,6.382435e+04,7.387077e-01,9.478386e-01,9.478131e-01,6.062090e-04,1.085080e-08,3.798064e+01,8.022897e+00,2.995774e+01,3.962927e+01,1.695105e+02
1.212954e+06,1.403882e+01,6.383435e+04,7.388234e-01,9.478416e-01,9.478132e-01,6.063175e-04,1.085080e-08,3.798090e+01,8.022897e+00,2.995800e+01,3.962944e+01,1.695065e+02
1.212964e+06,1.403894e+01,6.384435e+04,7.389392e-01,9.478445e-01,9.478133e-01,6.064261e-04,1.085080e-08,3.798115e+01,8.022897e+00,2.995826e+01,3.962962e+01,1.695024e+02
1.212974e+06,1.403905e+01,6.385435e+04,7.390549e-01,9.478457e-01,9.478134e-01,6.065346e-04,1.085080e-08,3.798111e+01,8.022897e+00,2.995821e+01,3.962953e+01,1.694985e+02
1.212984e+06,1.403917e+01,6.386435e+04,7.391707e-01,9.478441e-01,9.478135e-01,6.066431e-04,1.085080e-08,3.798060e+01,8.022897e+00,2.995770e+01,3.962905e+01,1.694945e+02
1.212994e+06,1.403929e+01,6.387435e+04,7.392864e-01,9.478426e-01,9.478136e-01,6.067516e-04,1.085080e-08,3.798009e+01,8.022897e+00,2.995719e+01,3.962856e+01,1.694905e+02
1.213004e+06,1.403940e+01,6.388435e+04,7.394022e-01,9.478411e-01,9.478137e-01,6.068601e-04,1.085079e-08,3.797958e+01,8.022897e+00,2.995668e+01,3.962807e+01,1.694865e+02
1.213014e+06,1.403952e+01,6.389435e+04,7.395179e-01,9.478395e-01,9.478138e-01,6.069686e-04,1.085079e-08,3.797906e+01,8.022897e+00,2.995617e+01,3.962758e+01,1.694825e+02
1.213024e+06,1.403963e+01,6.390435e+04,7.396337e-01,9.478380e-01,9.478139e-01,6.070771e-04,1.085079e-08,3.797855e+01,8.022897e+00,2.995566e+01,3.962709e+01,1.694785e+02
1.213034e+06,1.403975e+01,6.391435e+04,7.397494e-01,9.478365e-01,9.478140e-01,6.071857e-04,1.085079e-08,3.797804e+01,8.022897e+00,2.995514e+01,3.962660e+01,1.694745e+02
1.213044e+06,1.403987e+01,6.392435e+04,7.398652e-01,9.478349e-01,9.478141e-01,6.072942e-04,1.085079e-08,3.797753e+01,8.022897e+00,2.995463e+01,3.962611e+01,1.694705e+02
1.213054e+06,1.403998e+01,6.393435e+04,7.399809e-01,9.478334e-01,9.478142e-01,6.074027e-04,1.085079e-08,3.797702e+01,8.022897e+00,2.995412e+01,3.962562e+01,1.694665e+02
1.213064e+06,1.404010e+01,6.394435e+04,7.400967e-01,9.478319e-01,9.478143e-01,6.075112e-04,1.085079e-08,3.797650e+01,8.022897e+00,2.995361e+01,3.962513e+01,1.694625e+02
1.213074e+06,1.404021e+01,6.395435e+04,7.402124e-01,9.478303e-01,9.478145e-01,6.076197e-04,1.085079e-08,3.797599e+01,8.022897e+00,2.995310e+01,3.962464e+01,1.694585e+02
1.213084e+06,1.404033e+01,6.396435e+04,7.403282e-01,9.478288e-01,9.478146e-01,6.077282e-04,1.085078e-08,3.797548e+01,8.022897e+00,2.995258e+01,3.962416e+01,1.694545e+02
1.213094e+06,1.404044e+01,6.397436e+04,7.404439e-01,9.478273e-01,9.478147e-01,6.078368e-04,1.085078e-08,3.797497e+01,8.022897e+00,2.995207e+01,3.962367e+01,1.694506e+02
1.213104e+06,1.404056e+01,6.398436e+04,7.405597e-01,9.478257e-01,9.478148e-01,6.079453e-04,1.085078e-08,3.797446e+01,8.022897e+00,2.995156e+01,3.962318e+01,1.694466e+02
1.213114e+06,1.404068e+01,6.399436e+04,7.406754e-01,9.478242e-01,9.478149e-01,6.080538e-04,1.085078e-08,3.797394e+01,8.022897e+00,2.995105e+01,3.962269e+01,1.694426e+02
1.213124e+06,1.404079e+01,6.400436e+04,7.407912e-01,9.478227e-01,9.478150e-01,6.081623e-04,1.085078e-08,3.797343e+01,8.022897e+00,2.995054e+01,3.962220e+01,1.694386e+02
1.213134e+06,1.404091e+01,6.401436e+04,7.409069e-01,9.478211e-01,9.478151e-01,6.082708e-04,1.085078e-08,3.797292e+01,8.022897e+00,2.995002e+01,3.962171e+01,1.694346e+02
1.213144e+06,1.404102e+01,6.402436e+04,7.410227e-01,9.478196e-01,9.478152e-01,6.083793e-04,1.085078e-08,3.797241e+01,8.022897e+00,2.994951e+01,3.962122e+01,1.694306e+02
1.213154e+06,1.404114e+01,6.403436e+04,7.411384e-01,9.478181e-01,9.478153e-01,6.084878e-04,1.085078e-08,3.797190e+01,8.022897e+00,2.994900e+01,3.962073e+01,1.694266e+02
1.213164e+06,1.404125e+01,6.404436e+04,7.412542e-01,9.478165e-01,9.478154e-01,6.085964e-04,1.085078e-08,3.797138e+01,8.022897e+00,2.994849e+01,3.962024e+01,1.694226e+02
1.213174e+06,1.404137e+01,6.405436e+04,7.413699e-01,9.478150e-01,9.478155e-01,6.087049e-04,1.085077e-08,3.797087e+01,8.022897e+00,2.994798e+01,3.961975e+01,1.694186e+02
1.213184e+06,1.404149e+01,6.406436e+04,7.414857e-01,9.478135e-01,9.478156e-01,6.088134e-04,1.085077e-08,3.797036e+01,8.022897e+00,2.994746e+01,3.961927e+01,1.694146e+02
1.213194e+06,1.404160e+01,6.407436e+04,7.416014e-01,9.478119e-01,9.478157e-01,6.089219e-04,1.085077e-08,3.796985e+01,8.022897e+00,2.994695e+01,3.961878e+01,1.694106e+02
1.213204e+06,1.404172e+01,6.408436e+04,7.417172e-01,9.478104e-01,9.478158e-01,6.090304e-04,1.085077e-08,3.796934e+01,8.022897e+00,2.994644e+01,3.961829e+01,1.694066e+02
1.213214e+06,1.404183e+01,6.409436e+04,7.418329e-01,9.478099e-01,9.478159e-01,6.091389e-04,1.085077e-08,3.796882e+01,8.022897e+00,2.994593e+01,3.961776e+01,1.694027e+02
1.213224e+06,1.404195e+01,6.410436e+04,7.419487e-01,9.478110e-01,9.478160e-01,6.092475e-04,1.085077e-08,3.796865e+01,8.022897e+00,2.994576e+01,3.961755e+01,1.694000e+02
1.213234e+06,1.404206e+01,6.411437e+04,7.420644e-01,9.478110e-01,9.478161e-01,6.093560e-04,1.085077e-08,3.796917e+01,8.022897e+00,2.994627e+01,3.961809e+01,1.694000e+02
1.213244e+06,1.404218e+01,6.412437e+04,7.421802e-01,9.478110e-01,9.478162e-01,6.094645e-04,1.085077e-08,3.796968e+01,8.022897e+00,2.994679e+01,3.961863e+01,1.694000e+02
1.213254e+06,1.404230e+01,6.413437e+04,7.422959e-01,9.478110e-01,9.478163e-01,6.095730e-04,1.085076e-08,3.797020e+01,8.022897e+00,2.994730e+01,3.961917e+01,1.694000e+02
1.213264e+06,1.404241e+01,6.414437e+04,7.424117e-01,9.478110e-01,9.478164e-01,6.096815e-04,1.085076e-08,3.797071e+01,8.022897e+00,2.994781e+01,3.961972e+01,1.694000e+02
1.213274e+06,1.404253e+01,6.415437e+04,7.425274e-01,9.478110e-01,9.478165e-01,6.097900e-04,1.085076e-08,3.797122e+01,8.022897e+00,2.994833e+01,3.962026e+01,1.694000e+02
1.213284e+06,1.404264e+01,6.416437e+04,7.426432e-01,9.478110e-01,9.478166e-01,6.098985e-04,1.085076e-08,3.797174e+01,8.022897e+00,2.994884e+01,3.962080e+01,1.694000e+02
1.213294e+06,1.404276e+01,6.417437e+04,7.427589e-01,9.478110e-01,9.478167e-01,6.100071e-04,1.085076e-08,3.797225e+01,8.022897e+00,2.994935e+01,3.962134e+01,1.694000e+02
1.213304e+06,1.404287e+01,6.418437e+04,7.428747e-01,9.478110e-01,9.478168e-01,6.101156e-04,1.085076e-08,3.797276e+01,8.022897e+00,2.994987e+01,3.962188e+01,1.694000e+02
1.213314e+06,1.404299e+01,6.419437e+04,7.429904e-01,9.478110e-01,9.478169e-01,6.102241e-04,1.085076e-08,3.797328e+01,8.022897e+00,2.995038e+01,3.962243e+01,1.694000e+02
1.213324e+06,1.404311e+01,6.420437e+04,7.431061e-01,9.478110e-01,9.478170e-01,6.103326e-04,1.085076e-08,3.797379e+01,8.022897e+00,2.995090e+01,3.962297e+01,1.694000e+02
1.213334e+06,1.404322e+01,6.421437e+04,7.432219e-01,9.478110e-01,9.478171e-01,6.104411e-04,1.085076e-08,3.797431e+01,8.022897e+00,2.995141e+01,3.962351e+01,1.694000e+02
1.213344e+06,1.404334e+01,6.422437e+04,7.433376e-01,9.478110e-01,9.478172e-01,6.105496e-04,1.085075e-08,3.797482e+01,8.022897e+00,2.995192e+01,3.962405e+01,1.694000e+02
1.213354e+06,1.404345e+01,6.423437e+04,7.434534e-01,9.478110e-01,9.478173e-01,6.106581e-04,1.085075e-08,3.797533e+01,8.022897e+00,2.995244e+01,3.962459e+01,1.694000e+02
1.213364e+06,1.404357e+01,6.424437e+04,7.435691e-01,9.478110e-01,9.478174e-01,6.107667e-04,1.085075e-08,3.797585e+01,8.022897e+00,2.995295e+01,3.962514e+01,1.694000e+02
1.213374e+06,1.404368e+01,6.425437e+04,7.436849e-01,9.478110e-01,9.478175e-01,6.108752e-04,1.085075e-08,3.797636e+01,8.022897e+00,2.995346e+01,3.962568e+01,1.694000e+02
1.213384e+06,1.404380e+01,6.426438e+04,7.438006e-01,9.478110e-01,9.478176e-01,6.109837e-04,1.085075e-08,3.797687e+01,8.022897e+00,2.995398e+01,3.962622e+01,1.694000e+02
1.213394e+06,1.404392e+01,6.427438e+04,7.439164e-01,9.478110e-01,9.478177e-01,6.110922e-04,1.085075e-08,3.797739e+01,8.022897e+00,2.995449e+01,3.962676e+01,1.694000e+02
1.213404e+06,1.404403e+01,6.428438e+04,7.440321e-01,9.478110e-01,9.478178e-01,6.112007e-04,1.085075e-08,3.797790e+01,8.022897e+00,2.995501e+01,3.962730e+01,1.694000e+02
1.213414e+06,1.404415e+01,6.429438e+04,7.441479e-01,9.478110e-01,9.478179e-01,6.113092e-04,1.085075e-08,3.797842e+01,8.022897e+00,2.995552e+01,3.962785e+01,1.694000e+02
1.213424e+06,1.404426e+01,6.430438e+04,7.442636e-01,9.478110e-01,9.478181e-01,6.114178e-04,1.085074e-08,3.797893e+01,8.022897e+00,2.995603e+01,3.962839e+01,1.694000e+02
1.213434e+06,1.404438e+01,6.431438e+04,7.443794e-01,9.478110e-01,9.478182e-01,6.115263e-04,1.085074e-08,3.797944e+01,8.022897e+00,2.995655e+01,3.962893e+01,1.694000e+02
1.213444e+06,1.404450e+01,6.432438e+04,7.444951e-01,9.478110e-01,9.478183e-01,6.116348e-04,1.085074e-08,3.797996e+01,8.022897e+00,2.995706e+01,3.962947e+01,1.694000e+02
1.213454e+06,1.404461e+01,6.433438e+04,7.446109e-01,9.478110e-01,9.478184e-01,6.117433e-04,1.085074e-08,3.798047e+01,8.022897e+00,2.995757e+01,3.963001e+01,1.694000e+02
1.213464e+06,1.404473e+01,6.434438e+04,7.447266e-01,9.478122e-01,9.478185e-01,6.118518e-04,1.085074e-08,3.798098e+01,8.022897e+00,2.995809e+01,3.963052e+01,1.694000e+02
1.213474e+06,1.404484e+01,6.435438e+04,7.448424e-01,9.478211e-01,9.478186e-01,6.119603e-04,1.085074e-08,3.798187e+01,8.022897e+00,2.995898e+01,3.963116e+01,1.694015e+02
1.213484e+06,1.404496e+01,6.436438e+04,7.449581e-01,9.478399e-01,9.478187e-01,6.120688e-04,1.085074e-08,3.798341e+01,8.022897e+00,2.996051e+01,3.963215e+01,1.694055e+02
1.213494e+06,1.404507e+01,6.437438e+04,7.450739e-01,9.478587e-01,9.478188e-01,6.121774e-04,1.085074e-08,3.798494e+01,8.022897e+00,2.996205e+01,3.963315e+01,1.694094e+02
1.213504e+06,1.404519e+01,6.438438e+04,7.451896e-01,9.478774e-01,9.478189e-01,6.122859e-04,1.085074e-08,3.798648e+01,8.022897e+00,2.996358e+01,3.963414e+01,1.694134e+02
1.213514e+06,1.404531e+01,6.439438e+04,7.453054e-01,9.478962e-01,9.478190e-01,6.123944e-04,1.085073e-08,3.798802e+01,8.022897e+00,2.996512e+01,3.963513e+01,1.694174e+02
1.213524e+06,1.404542e+01,6.440438e+04,7.454211e-01,9.479150e-01,9.478191e-01,6.125029e-04,1.085073e-08,3.798955e+01,8.022897e+00,2.996666e+01,3.963613e+01,1.694214e+02
1.213534e+06,1.404554e+01,6.441439e+04,7.455369e-01,9.479338e-01,9.478192e-01,6.126114e-04,1.085073e-08,3.799109e+01,8.022897e+00,2.996819e+01,3.963712e+01,1.694254e+02
1.213544e+06,1.404565e+01,6.442439e+04,7.456526e-01,9.479526e-01,9.478193e-01,6.127199e-04,1.085073e-08,3.799262e+01,8.022897e+00,2.996973e+01,3.963812e+01,1.694294e+02
1.213554e+06,1.404577e+01,6.443439e+04,7.457684e-01,9.479713e-01,9.478194e-01,6.128284e-04,1.085073e-08,3.799416e+01,8.022897e+00,2.997126e+01,3.963911e+01,1.694334e+02
1.213564e+06,1.404588e+01,6.444439e+04,7.458841e-01,9.479901e-01,9.478195e-01,6.129370e-04,1.085073e-08,3.799570e+01,8.022897e+00,2.997280e+01,3.964010e+01,1.694374e+02
1.213574e+06,1.404600e+01,6.445439e+04,7.459999e-01,9.480089e-01,9.478196e-01,6.130455e-04,1.085073e-08,3.799723e+01,8.022897e+00,2.997434e+01,3.964110e+01,1.694414e+02
1.213584e+06,1.404612e+01,6.446439e+04,7.461156e-01,9.480277e-01,9.478197e-01,6.131540e-04,1.085073e-08,3.799877e+01,8.022897e+00,2.997587e+01,3.964209e+01,1.694454e+02
1.213594e+06,1.404623e+01,6.447439e+04,7.462314e-01,9.480465e-01,9.478198e-01,6.132625e-04,1.085072e-08,3.800030e+01,8.022897e+00,2.997741e+01,3.964308e+01,1.694494e+02
1.213604e+06,1.404635e+01,6.448439e+04,7.463471e-01,9.480652e-01,9.478199e-01,6.133710e-04,1.085072e-08,3.800184e+01,8.022897e+00,2.997894e+01,3.964408e+01,1.694533e+02
1.213614e+06,1.404646e+01,6.449439e+04,7.464629e-01,9.480840e-01,9.478200e-01,6.134795e-04,1.085072e-08,3.800338e+01,8.022897e+00,2.998048e+01,3.964507e+01,1.694573e+02
1.213624e+06,1.404658e+01,6.450439e+04,7.465786e-01,9.481028e-01,9.478201e-01,6.135880e-04,1.085072e-08,3.800491e+01,8.022897e+00,2.998202e+01,3.964607e+01,1.694613e+02
1.213634e+06,1.404669e+01,6.451439e+04,7.466944e-01,9.481216e-01,9.478202e-01,6.136966e-04,1.085072e-08,3.800645e+01,8.022897e+00,2.998355e+01,3.964706e+01,1.694653e+02
1.213644e+06,1.404681e+01,6.452439e+04,7.468101e-01,9.481404e-01,9.478203e-01,6.138051e-04,1.085072e-08,3.800798e+01,8.022897e+00,2.998509e+01,3.964805e+01,1.694693e+02
1.213654e+06,1.404693e+01,6.453439e+04,7.469259e-01,9.481592e-01,9.478204e-01,6.139136e-04,1.085072e-08,3.800952e+01,8.022897e+00,2.998662e+01,3.964905e+01,1.694733e+02
1.213664e+06,1.404704e+01,6.454439e+04,7.470416e-01,9.481779e-01,9.478205e-01,6.140221e-04,1.085072e-08,3.801106e+01,8.022897e+00,2.998816e+01,3.965004e+01,1.694773e+02
1.213674e+06,1.404716e+01,6.455440e+04,7.471574e-01,9.481967e-01,9.478206e-01,6.141306e-04,1.085072e-08,3.801259e+01,8.022897e+00,2.998970e+01,3.965103e+01,1.694813e+02
1.213684e+06,1.404727e+01,6.456440e+04,7.472731e-01,9.482155e-01,9.478207e-01,6.142391e-04,1.085071e-08,3.801413e+01,8.022897e+00,2.999123e+01,3.965203e+01,1.694853e+02
1.213694e+06,1.404739e+01,6.457440e+04,7.473888e-01,9.482343e-01,9.478208e-01,6.143476e-04,1.085071e-08,3.801566e+01,8.022897e+00,2.999277e+01,3.965302e+01,1.694893e+02
1.213704e+06,1.404750e+01,6.458440e+04,7.475046e-01,9.482531e-01,9.478209e-01,6.144562e-04,1.085071e-08,3.801720e+01,8.022897e+00,2.999430e+01,3.965401e+01,1.694933e+02
1.213714e+06,1.404762e+01,6.459440e+04,7.476203e-01,9.482708e-01,9.478210e-01,6.145647e-04,1.085071e-08,3.801874e+01,8.022897e+00,2.999584e+01,3.965504e+01,1.694973e+02
1.213724e+06,1.404774e+01,6.460440e+04,7.477361e-01,9.482769e-01,9.478211e-01,6.146732e-04,1.085071e-08,3.801939e+01,8.022897e+00,2.999650e+01,3.965553e+01,1.695000e+02
1.213734e+06,1.404785e+01,6.461440e+04,7.478518e-01,9.482619e-01,9.478212e-01,6.147817e-04,1.085071e-08,3.801811e+01,8.022897e+00,2.999521e+01,3.965468e+01,1.695000e+02
1.213744e+06,1.404797e+01,6.462440e+04,7.479676e-01,9.482468e-01,9.478213e-01,6.148902e-04,1.085071e-08,3.801682e+01,8.022897e+00,2.999393e+01,3.965382e+01,1.695000e+02
1.213754e+06,1.404808e+01,6.463440e+04,7.480833e-01,9.482318e-01,9.478214e-01,6.149987e-04,1.085071e-08,3.801554e+01,8.022897e+00,2.999264e+01,3.965297e+01,1.695000e+02
1.213764e+06,1.404820e+01,6.464440e+04,7.481991e-01,9.482168e-01,9.478215e-01,6.151072e-04,1.085070e-08,3.801425e+01,8.022897e+00,2.999136e+01,3.965212e+01,1.695000e+02
1.213774e+06,1.404831e+01,6.465440e+04,7.483148e-01,9.482018e-01,9.478217e-01,6.152158e-04,1.085070e-08,3.801297e+01,8.022897e+00,2.999007e+01,3.965126e+01,1.695000e+02
1.213784e+06,1.404843e+01,6.466440e+04,7.484306e-01,9.481867e-01,9.478218e-01,6.153243e-04,1.085070e-08,3.801169e+01,8.022897e+00,2.998879e+01,3.965041e+01,1.695000e+02
1.213794e+06,1.404855e+01,6.467440e+04,7.485463e-01,9.481717e-01,9.478219e-01,6.154328e-04,1.085070e-08,3.801040e+01,8.022897e+00,2.998751e+01,3.964956e+01,1.695000e+02
1.213804e+06,1.404866e+01,6.468440e+04,7.486621e-01,9.481567e-01,9.478220e-01,6.155413e-04,1.085070e-08,3.800912e+01,8.022897e+00,2.998622e+01,3.964870e+01,1.695000e+02
1.213814e+06,1.404878e+01,6.469440e+04,7.487778e-01,9.481416e-01,9.478221e-01,6.156498e-04,1.085070e-08,3.800783e+01,8.022897e+00,2.998494e+01,3.964785e+01,1.695000e+02
1.213824e+06,1.404889e+01,6.470441e+04,7.488936e-01,9.481266e-01,9.478222e-01,6.157583e-04,1.085070e-08,3.800655e+01,8.022897e+00,2.998365e+01,3.964700e+01,1.695000e+02
1.213834e+06,1.404901e+01,6.471441e+04,7.490093e-01,9.481116e-01,9.478223e-01,6.158669e-04,1.085070e-08,3.800526e+01,8.022897e+00,2.998237e+01,3.964614e+01,1.695000e+02
1.213844e+06,1.404913e+01,6.472441e+04,7.491251e-01,9.480966e-01,9.478224e-01,6.159754e-04,1.085070e-08,3.800398e+01,8.022897e+00,2.998108e+01,3.964529e+01,1.695000e+02
1.213854e+06,1.404924e+01,6.473441e+04,7.492408e-01,9.480815e-01,9.478225e-01,6.160839e-04,1.085069e-08,3.800270e+01,8.022897e+00,2.997980e+01,3.964444e+01,1.695000e+02
1.213864e+06,1.404936e+01,6.474441e+04,7.493566e-01,9.480665e-01,9.478226e-01,6.161924e-04,1.085069e-08,3.800141e+01,8.022897e+00,2.997851e+01,3.964358e+01,1.695000e+02
1.213874e+06,1.404947e+01,6.475441e+04,7.494723e-01,9.480515e-01,9.478227e-01,6.163009e-04,1.085069e-08,3.800013e+01,8.022897e+00,2.997723e+01,3.964273e+01,1.695000e+02
1.213884e+06,1.404959e+01,6.476441e+04,7.495881e-01,9.480364e-01,9.478228e-01,6.164094e-04,1.085069e-08,3.799884e+01,8.022897e+00,2.997595e+01,3.964188e+01,1.695000e+02
1.213894e+06,1.404970e+01,6.477441e+04,7.497038e-01,9.480214e-01,9.478229e-01,6.165179e-04,1.085069e-08,3.799756e+01,8.022897e+00,2.997466e+01,3.964102e+01,1.695000e+02
1.213904e+06,1.404982e+01,6.478441e+04,7.498196e-01,9.480064e-01,9.478230e-01,6.166265e-04,1.085069e-08,3.799627e+01,8.022897e+00,2.997338e+01,3.964017e+01,1.695000e+02
1.213914e+06,1.404994e+01,6.479441e+04,7.499353e-01,9.479914e-01,9.478231e-01,6.167350e-04,1.085069e-08,3.799499e+01,8.022897e+00,2.997209e+01,3.963932e+01,1.695000e+02
1.213924e+06,1.405005e+01,6.480441e+04,7.500511e-01,9.479763e-01,9.478232e-01,6.168435e-04,1.085069e-08,3.799370e+01,8.022897e+00,2.997081e+01,3.963846e+01,1.695000e+02
1.213934e+06,1.405017e+01,6.481441e+04,7.501668e-01,9.479613e-01,9.478233e-01,6.169520e-04,1.085068e-08,3.799242e+01,8.022897e+00,2.996952e+01,3.963761e+01,1.695000e+02
1.213944e+06,1.405028e+01,6.482441e+04,7.502826e-01,9.479463e-01,9.478234e-01,6.170605e-04,1.085068e-08,3.799114e+01,8.022897e+00,2.996824e+01,3.963675e+01,1.695000e+02
1.213954e+06,1.405040e+01,6.483441e+04,7.503983e-01,9.479313e-01,9.478235e-01,6.171690e-04,1.085068e-08,3.798985e+01,8.022897e+00,2.996695e+01,3.963590e+01,1.695000e+02
1.213964e+06,1.405051e+01,6.484441e+04,7.505141e-01,9.479151e-01,9.478236e-01,6.172775e-04,1.085068e-08,3.798857e+01,8.022897e+00,2.996567e+01,3.963508e+01,1.695000e+02
1.213974e+06,1.405063e+01,6.485442e+04,7.506298e-01,9.478991e-01,9.478237e-01,6.173861e-04,1.085068e-08,3.798799e+01,8.022897e+00,2.996509e+01,3.963501e+01,1.694986e+02
1.213984e+06,1.405075e+01,6.486442e+04,7.507456e-01,9.478871e-01,9.478238e-01,6.174946e-04,1.085068e-08,3.798876e+01,8.022897e+00,2.996586e+01,3.963622e+01,1.694946e+02
1.213994e+06,1.405086e+01,6.487442e+04,7.508613e-01,9.478751e-01,9.478239e-01,6.176031e-04,1.085068e-08,3.798952e+01,8.022897e+00,2.996663e+01,3.963743e+01,1.694906e+02
1.214004e+06,1.405098e+01,6.488442e+04,7.509771e-01,9.478632e-01,9.478240e-01,6.177116e-04,1.085068e-08,3.799029e+01,8.022897e+00,2.996740e+01,3.963864e+01,1.694867e+02
1.214014e+06,1.405109e+01,6.489442e+04,7.510928e-01,9.478512e-01,9.478241e-01,6.178201e-04,1.085068e-08,3.799106e+01,8.022897e+00,2.996816e+01,3.963985e+01,1.694827e+02
1.214024e+06,1.405121e+01,6.490442e+04,7.512086e-01,9.478393e-01,9.478242e-01,6.179286e-04,1.085067e-08,3.799183e+01,8.022897e+00,2.996893e+01,3.964105e+01,1.694787e+02
1.214034e+06,1.405132e+01,6.491442e+04,7.513243e-01,9.478273e-01,9.478243e-01,6.180371e-04,1.085067e-08,3.799260e+01,8.022897e+00,2.996970e+01,3.964226e+01,1.694747e+02
1.214044e+06,1.405144e+01,6.492442e+04,7.514400e-01,9.478154e-01,9.478244e-01,6.181456e-04,1.085067e-08,3.799336e+01,8.022897e+00,2.997047e+01,3.964347e+01,1.694707e+02
1.214054e+06,1.405156e+01,6.493442e+04,7.515558e-01,9.478034e-01,9.478245e-01,6.182542e-04,1.085067e-08,3.799413e+01,8.022897e+00,2.997124e+01,3.964468e+01,1.694667e+02
1.214064e+06,1.405167e+01,6.494442e+04,7.516715e-01,9.477914e-01,9.478246e-01,6.183627e-04,1.085067e-08,3.799490e+01,8.022897e+00,2.997200e+01,3.964589e+01,1.694627e+02
1.214074e+06,1.405179e+01,6.495442e+04,7.517873e-01,9.477795e-01,9.478247e-01,6.184712e-04,1.085067e-08,3.799567e+01,8.022897e+00,2.997277e+01,3.964710e+01,1.694587e+02
1.214084e+06,1.405190e+01,6.496442e+04,7.519030e-01,9.477675e-01,9.478248e-01,6.185797e-04,1.085067e-08,3.799644e+01,8.022897e+00,2.997354e+01,3.964831e+01,1.694547e+02
1.214094e+06,1.405202e+01,6.497442e+04,7.520188e-01,9.477556e-01,9.478249e-01,6.186882e-04,1.085067e-08,3.799720e+01,8.022897e+00,2.997431e+01,3.964952e+01,1.694507e+02
1.214104e+06,1.405213e+01,6.498442e+04,7.521345e-01,9.477436e-01,9.478250e-01,6.187967e-04,1.085066e-08,3.799797e+01,8.022897e+00,2.997508e+01,3.965073e+01,1.694467e+02
1.214114e+06,1.405225e+01,6.499443e+04,7.522503e-01,9.477316e-01,9.478251e-01,6.189052e-04,1.085066e-08,3.799874e+01,8.022897e+00,2.997584e+01,3.965194e+01,1.694427e+02
1.214124e+06,1.405237e+01,6.500443e+04,7.523660e-01,9.477197e-01,9.478253e-01,6.190138e-04,1.085066e-08,3.799951e+01,8.022897e+00,2.997661e+01,3.965315e+01,1.694388e+02
1.214134e+06,1.405248e+01,6.501443e+04,7.524818e-01,9.477077e-01,9.478254e-01,6.191223e-04,1.085066e-08,3.800028e+01,8.022897e+00,2.997738e+01,3.965436e+01,1.694348e+02
1.214144e+06,1.405260e+01,6.502443e+04,7.525975e-01,9.476958e-01,9.478255e-01,6.192308e-04,1.085066e-08,3.800104e+01,8.022897e+00,2.997815e+01,3.965557e+01,1.694308e+02
1.214154e+06,1.405271e+01,6.503443e+04,7.527133e-01,9.476838e-01,9.478256e-01,6.193393e-04,1.085066e-08,3.800181e+01,8.022897e+00,2.997892e+01,3.965678e+01,1.694268e+02
1.214164e+06,1.405283e+01,6.504443e+04,7.528290e-01,9.476719e-01,9.478257e-01,6.194478e-04,1.085066e-08,3.800258e+01,8.022897e+00,2.997968e+01,3.965799e+01,1.694228e+02
1.214174e+06,1.405294e+01,6.505443e+04,7.529448e-01,9.476599e-01,9.478258e-01,6.195563e-04,1.085066e-08,3.800335e+01,8.022897e+00,2.998045e+01,3.965920e+01,1.694188e+02
1.214184e+06,1.405306e+01,6.506443e+04,7.530605e-01,9.476479e-01,9.478259e-01,6.196648e-04,1.085066e-08,3.800412e+01,8.022897e+00,2.998122e+01,3.966040e+01,1.694148e+02
1.214194e+06,1.405318e+01,6.507443e+04,7.531763e-01,9.476360e-01,9.478260e-01,6.197734e-04,1.085065e-08,3.800488e+01,8.022897e+00,2.998199e+01,3.966161e+01,1.694108e+02
1.214204e+06,1.405329e+01,6.508443e+04,7.532920e-01,9.476240e-01,9.478261e-01,6.198819e-04,1.085065e-08,3.800565e+01,8.022897e+00,2.998276e+01,3.966282e+01,1.694068e+02
1.214214e+06,1.405341e+01,6.509443e+04,7.534078e-01,9.476139e-01,9.478262e-01,6.199904e-04,1.085065e-08,3.800642e+01,8.022897e+00,2.998352e+01,3.966397e+01,1.694028e+02
1.214224e+06,1.405352e+01,6.510443e+04,7.535235e-01,9.476154e-01,9.478263e-01,6.200989e-04,1.085065e-08,3.800627e+01,8.022823e+00,2.998345e+01,3.966377e+01,1.694012e+02
1.214234e+06,1.405364e+01,6.511443e+04,7.536393e-01,9.476341e-01,9.478264e-01,6.202074e-04,1.085065e-08,3.800387e+01,8.022569e+00,2.998130e+01,3.966063e+01,1.694052e+02
1.214244e+06,1.405376e+01,6.512443e+04,7.537550e-01,9.476529e-01,9.478265e-01,6.203159e-04,1.085065e-08,3.800148e+01,8.022315e+00,2.997916e+01,3.965749e+01,1.694092e+02
1.214254e+06,1.405387e+01,6.513443e+04,7.538708e-01,9.476716e-01,9.478266e-01,6.204244e-04,1.085065e-08,3.799908e+01,8.022061e+00,2.997702e+01,3.965435e+01,1.694132e+02
1.214264e+06,1.405399e+01,6.514444e+04,7.539865e-01,9.476903e-01,9.478267e-01,6.205330e-04,1.085065e-08,3.799668e+01,8.021806e+00,2.997487e+01,3.965120e+01,1.694172e+02
1.214274e+06,1.405410e+01,6.515444e+04,7.541023e-01,9.477090e-01,9.478268e-01,6.206415e-04,1.085064e-08,3.799428e+01,8.021552e+00,2.997273e+01,3.964806e+01,1.694212e+02
1.214284e+06,1.405422e+01,6.516444e+04,7.542180e-01,9.477278e-01,9.478269e-01,6.207500e-04,1.085064e-08,3.799189e+01,8.021298e+00,2.997059e+01,3.964492e+01,1.694252e+02
1.214294e+06,1.405433e+01,6.517444e+04,7.543338e-01,9.477465e-01,9.478270e-01,6.208585e-04,1.085064e-08,3.798949e+01,8.021044e+00,2.996844e+01,3.964178e+01,1.694292e+02
1.214304e+06,1.405445e+01,6.518444e+04,7.544495e-01,9.477652e-01,9.478271e-01,6.209670e-04,1.085064e-08,3.798709e+01,8.020790e+00,2.996630e+01,3.963864e+01,1.694332e+02
1.214314e+06,1.405457e+01,6.519444e+04,7.545653e-01,9.477840e-01,9.478272e-01,6.210755e-04,1.085064e-08,3.798469e+01,8.020536e+00,2.996416e+01,3.963550e+01,1.694372e+02
1.214324e+06,1.405468e+01,6.520444e+04,7.546810e-01,9.478027e-01,9.478273e-01,6.211840e-04,1.085064e-08,3.798230e+01,8.020282e+00,2.996201e+01,3.963236e+01,1.694412e+02
1.214334e+06,1.405480e+01,6.521444e+04,7.547968e-01,9.478214e-01,9.478274e-01,6.212926e-04,1.085064e-08,3.797990e+01,8.020028e+00,2.995987e+01,3.962922e+01,1.694452e+02
1.214344e+06,1.405491e+01,6.522444e+04,7.549125e-01,9.478402e-01,9.478275e-01,6.214011e-04,1.085064e-08,3.797750e+01,8.019774e+00,2.995773e+01,3.962608e+01,1.694492e+02
1.214354e+06,1.405503e+01,6.523444e+04,7.550283e-01,9.478589e-01,9.478276e-01,6.215096e-04,1.085064e-08,3.797510e+01,8.019519e+00,2.995558e+01,3.962294e+01,1.694532e+02
1.214364e+06,1.405514e+01,6.524444e+04,7.551440e-01,9.478776e-01,9.478277e-01,6.216181e-04,1.085063e-08,3.797271e+01,8.019265e+00,2.995344e+01,3.961980e+01,1.694572e+02
1.214374e+06,1.405526e+01,6.525444e+04,7.552598e-01,9.478964e-01,9.478278e-01,6.217266e-04,1.085063e-08,3.797031e+01,8.019011e+00,2.995130e+01,3.961666e+01,1.694612e+02
1.214384e+06,1.405538e+01,6.526444e+04,7.553755e-01,9.479151e-01,9.478279e-01,6.218351e-04,1.085063e-08,3.796791e+01,8.018757e+00,2.994915e+01,3.961352e+01,1.694652e+02
1.214394e+06,1.405549e+01,6.527444e+04,7.554913e-01,9.479338e-01,9.478280e-01,6.219436e-04,1.085063e-08,3.796551e+01,8.018503e+00,2.994701e+01,3.961038e+01,1.694692e+02
1.214404e+06,1.405561e+01,6.528444e+04,7.556070e-01,9.479525e-01,9.478281e-01,6.220521e-04,1.085063e-08,3.796312e+01,8.018249e+00,2.994487e+01,3.960724e+01,1.694733e+02
1.214414e+06,1.405572e+01,6.529445e+04,7.557227e-01,9.479713e-01,9.478282e-01,6.221607e-04,1.085063e-08,3.796072e+01,8.017995e+00,2.994272e+01,3.960410e+01,1.694773e+02
1.214424e+06,1.405584e+01,6.530445e+04,7.558385e-01,9.479900e-01,9.478283e-01,6.222692e-04,1.085063e-08,3.795832e+01,8.017741e+00,2.994058e+01,3.960096e+01,1.694813e+02
1.214434e+06,1.405595e+01,6.531445e+04,7.559542e-01,9.480087e-01,9.478284e-01,6.223777e-04,1.085063e-08,3.795592e+01,8.017486e+00,2.993844e+01,3.959782e+01,1.694853e+02
1.214444e+06,1.405607e+01,6.532445e+04,7.560700e-01,9.480275e-01,9.478285e-01,6.224862e-04,1.085062e-08,3.795352e+01,8.017232e+00,2.993629e+01,3.959468e+01,1.694893e+02
1.214454e+06,1.405619e+01,6.533445e+04,7.561857e-01,9.480462e-01,9.478286e-01,6.225947e-04,1.085062e-08,3.795113e+01,8.016978e+00,2.993415e+01,3.959155e+01,1.694933e+02
1.214464e+06,1.405630e+01,6.534445e+04,7.563015e-01,9.480639e-01,9.478287e-01,6.227032e-04,1.085062e-08,3.794873e+01,8.016724e+00,2.993201e+01,3.958844e+01,1.694973e+02
1.214474e+06,1.405642e+01,6.535445e+04,7.564172e-01,9.480700e-01,9.478289e-01,6.228117e-04,1.085062e-08,3.794771e+01,8.016552e+00,2.993116e+01,3.958717e+01,1.695000e+02
1.214484e+06,1.405653e+01,6.536445e+04,7.565330e-01,9.480564e-01,9.478290e-01,6.229203e-04,1.085062e-08,3.794959e+01,8.016552e+00,2.993304e+01,3.958961e+01,1.695000e+02
1.214494e+06,1.405665e+01,6.537445e+04,7.566487e-01,9.480427e-01,9.478291e-01,6.230288e-04,1.085062e-08,3.795148e+01,8.016552e+00,2.993493e+01,3.959206e+01,1.695000e+02
1.214504e+06,1.405676e+01,6.538445e+04,7.567645e-01,9.480290e-01,9.478292e-01,6.231373e-04,1.085062e-08,3.795336e+01,8.016552e+00,2.993681e+01,3.959450e+01,1.695000e+02
1.214514e+06,1.405688e+01,6.539445e+04,7.568802e-01,9.480154e-01,9.478293e-01,6.232458e-04,1.085062e-08,3.795524e+01,8.016552e+00,2.993869e+01,3.959694e+01,1.695000e+02
1.214524e+06,1.405700e+01,6.540445e+04,7.569960e-01,9.480017e-01,9.478294e-01,6.233543e-04,1.085062e-08,3.795713e+01,8.016552e+00,2.994058e+01,3.959938e+01,1.695000e+02
1.214534e+06,1.405711e+01,6.541445e+04,7.571117e-01,9.479880e-01,9.478295e-01,6.234628e-04,1.085061e-08,3.795901e+01,8.016552e+00,2.994246e+01,3.960182e+01,1.695000e+02
1.214544e+06,1.405723e+01,6.542445e+04,7.572275e-01,9.479744e-01,9.478296e-01,6.235713e-04,1.085061e-08,3.796090e+01,8.016552e+00,2.994434e+01,3.960427e+01,1.695000e+02
1.214554e+06,1.405734e+01,6.543445e+04,7.573432e-01,9.479607e-01,9.478297e-01,6.236799e-04,1.085061e-08,3.796278e+01,8.016552e+00,2.994623e+01,3.960671e+01,1.695000e+02
1.214564e+06,1.405746e+01,6.544446e+04,7.574590e-01,9.479470e-01,9.478298e-01,6.237884e-04,1.085061e-08,3.796466e+01,8.016552e+00,2.994811e+01,3.960915e+01,1.695000e+02
1.214574e+06,1.405757e+01,6.545446e+04,7.575747e-01,9.479333e-01,9.478299e-01,6.238969e-04,1.085061e-08,3.796655e+01,8.016552e+00,2.995000e+01,3.961160e+01,1.695000e+02
1.214584e+06,1.405769e+01,6.546446e+04,7.576905e-01,9.479197e-01,9.478300e-01,6.240054e-04,1.085061e-08,3.796843e+01,8.016552e+00,2.995188e+01,3.961404e+01,1.695000e+02
1.214594e+06,1.405781e+01,6.547446e+04,7.578062e-01,9.479060e-01,9.478301e-01,6.241139e-04,1.085061e-08,3.797032e+01,8.016552e+00,2.995376e+01,3.961648e+01,1.695000e+02
1.214604e+06,1.405792e+01,6.548446e+04,7.579220e-01,9.478923e-01,9.478302e-01,6.242224e-04,1.085061e-08,3.797220e+01,8.016552e+00,2.995565e+01,3.961892e+01,1.695000e+02
1.214614e+06,1.405804e+01,6.549446e+04,7.580377e-01,9.478787e-01,9.478303e-01,6.243309e-04,1.085060e-08,3.797408e+01,8.016552e+00,2.995753e+01,3.962137e+01,1.695000e+02
1.214624e+06,1.405815e+01,6.550446e+04,7.581535e-01,9.478650e-01,9.478304e-01,6.244394e-04,1.085060e-08,3.797597e+01,8.016552e+00,2.995941e+01,3.962381e+01,1.695000e+02
1.214634e+06,1.405827e+01,6.551446e+04,7.582692e-01,9.478513e-01,9.478305e-01,6.245480e-04,1.085060e-08,3.797785e+01,8.016552e+00,2.996130e+01,3.962625e+01,1.695000e+02
1.214644e+06,1.405838e+01,6.552446e+04,7.583850e-01,9.478377e-01,9.478306e-01,6.246565e-04,1.085060e-08,3.797973e+01,8.016552e+00,2.996318e+01,3.962870e+01,1.695000e+02
1.214654e+06,1.405850e+01,6.553446e+04,7.585007e-01,9.478240e-01,9.478307e-01,6.247650e-04,1.085060e-08,3.798162e+01,8.016552e+00,2.996507e+01,3.963114e+01,1.695000e+02
1.214664e+06,1.405862e+01,6.554446e+04,7.586165e-01,9.478103e-01,9.478308e-01,6.248735e-04,1.085060e-08,3.798350e+01,8.016552e+00,2.996695e+01,3.963358e+01,1.695000e+02
1.214674e+06,1.405873e+01,6.555446e+04,7.587322e-01,9.477966e-01,9.478309e-01,6.249820e-04,1.085060e-08,3.798539e+01,8.016552e+00,2.996883e+01,3.963603e+01,1.695000e+02
1.214684e+06,1.405885e+01,6.556446e+04,7.588480e-01,9.477830e-01,9.478310e-01,6.250905e-04,1.085060e-08,3.798727e+01,8.016552e+00,2.997072e+01,3.963847e+01,1.695000e+02
1.214694e+06,1.405896e+01,6.557446e+04,7.589637e-01,9.477693e-01,9.478311e-01,6.251990e-04,1.085060e-08,3.798915e+01,8.016552e+00,2.997260e+01,3.964092e+01,1.695000e+02
1.214704e+06,1.405908e+01,6.558447e+04,7.590795e-01,9.477556e-01,9.478312e-01,6.253076e-04,1.085059e-08,3.799104e+01,8.016552e+00,2.997449e+01,3.964336e+01,1.695000e+02
1.214714e+06,1.405920e+01,6.559447e+04,7.591952e-01,9.477442e-01,9.478313e-01,6.254161e-04,1.085059e-08,3.799292e+01,8.016552e+00,2.997637e+01,3.964573e+01,1.695000e+02
1.214724e+06,1.405931e+01,6.560447e+04,7.593110e-01,9.477431e-01,9.478314e-01,6.255246e-04,1.085059e-08,3.799396e+01,8.016552e+00,2.997740e+01,3.964686e+01,1.695028e+02
1.214734e+06,1.405943e+01,6.561447e+04,7.594267e-01,9.477531e-01,9.478315e-01,6.256331e-04,1.085059e-08,3.799344e+01,8.016552e+00,2.997689e+01,3.964598e+01,1.695108e+02
1.214744e+06,1.405954e+01,6.562447e+04,7.595425e-01,9.477631e-01,9.478316e-01,6.257416e-04,1.085059e-08,3.799293e+01,8.016552e+00,2.997638e+01,3.964511e+01,1.695189e+02
1.214754e+06,1.405966e+01,6.563447e+04,7.596582e-01,9.477731e-01,9.478317e-01,6.258501e-04,1.085059e-08,3.799241e+01,8.016552e+00,2.997586e+01,3.964423e+01,1.695269e+02
1.214764e+06,1.405977e+01,6.564447e+04,7.597739e-01,9.477832e-01,9.478318e-01,6.259586e-04,1.085059e-08,3.799190e+01,8.016552e+00,2.997535e+01,3.964335e+01,1.695349e+02
1.214774e+06,1.405989e+01,6.565447e+04,7.598897e-01,9.477932e-01,9.478319e-01,6.260671e-04,1.085059e-08,3.799139e+01,8.016552e+00,2.997484e+01,3.964248e+01,1.695429e+02
1.214784e+06,1.406001e+01,6.566447e+04,7.600054e-01,9.478032e-01,9.478320e-01,6.261757e-04,1.085058e-08,3.799087e+01,8.016552e+00,2.997432e+01,3.964160e+01,1.695509e+02
1.214794e+06,1.406012e+01,6.567447e+04,7.601212e-01,9.478132e-01,9.478321e-01,6.262842e-04,1.085058e-08,3.799036e+01,8.016552e+00,2.997381e+01,3.964072e+01,1.695589e+02
1.214804e+06,1.406024e+01,6.568447e+04,7.602369e-01,9.478232e-01,9.478322e-01,6.263927e-04,1.085058e-08,3.798985e+01,8.016552e+00,2.997329e+01,3.963985e+01,1.695669e+02
1.214814e+06,1.406035e+01,6.569447e+04,7.603527e-01,9.478333e-01,9.478323e-01,6.265012e-04,1.085058e-08,3.798933e+01,8.016552e+00,2.997278e+01,3.963897e+01,1.695749e+02
1.214824e+06,1.406047e+01,6.570447e+04,7.604684e-01,9.478433e-01,9.478324e-01,6.266097e-04,1.085058e-08,3.798882e+01,8.016552e+00,2.997227e+01,3.963809e+01,1.695829e+02
1.214834e+06,1.406058e+01,6.571447e+04,7.605842e-01,9.478533e-01,9.478326e-01,6.267182e-04,1.085058e-08,3.798830e+01,8.016552e+00,2.997175e+01,3.963722e+01,1.695909e+02
1.214844e+06,1.406070e+01,6.572447e+04,7.606999e-01,9.478633e-01,9.478327e-01,6.268267e-04,1.085058e-08,3.798779e+01,8.016552e+00,2.997124e+01,3.963634e+01,1.695990e+02
1.214854e+06,1.406082e+01,6.573448e+04,7.608157e-01,9.478733e-01,9.478328e-01,6.269353e-04,1.085058e-08,3.798728e+01,8.016552e+00,2.997073e+01,3.963547e+01,1.696070e+02
1.214864e+06,1.406093e+01,6.574448e+04,7.609314e-01,9.478834e-01,9.478329e-01,6.270438e-04,1.085058e-08,3.798676e+01,8.016552e+00,2.997021e+01,3.963459e+01,1.696150e+02
1.214874e+06,1.406105e+01,6.575448e+04,7.610472e-01,9.478934e-01,9.478330e-01,6.271523e-04,1.085057e-08,3.798625e+01,8.016552e+00,2.996970e+01,3.963371e+01,1.696230e+02
1.214884e+06,1.406116e+01,6.576448e+04,7.611629e-01,9.479034e-01,9.478331e-01,6.272608e-04,1.085057e-08,3.798574e+01,8.016552e+00,2.996918e+01,3.963284e+01,1.696310e+02
1.214894e+06,1.406128e+01,6.577448e+04,7.612787e-01,9.479134e-01,9.478332e-01,6.273693e-04,1.085057e-08,3.798522e+01,8.016552e+00,2.996867e+01,3.963196e+01,1.696390e+02
1.214904e+06,1.406139e+01,6.578448e+04,7.613944e-01,9.479234e-01,9.478333e-01,6.274778e-04,1.085057e-08,3.798471e+01,8.016552e+00,2.996816e+01,3.963108e+01,1.696470e+02
1.214914e+06,1.406151e+01,6.579448e+04,7.615102e-01,9.479335e-01,9.478334e-01,6.275863e-04,1.085057e-08,3.798419e+01,8.016552e+00,2.996764e+01,3.963021e+01,1.696550e+02
1.214924e+06,1.406163e+01,6.580448e+04,7.616259e-01,9.479435e-01,9.478335e-01,6.276948e-04,1.085057e-08,3.798368e+01,8.016552e+00,2.996713e+01,3.962933e+01,1.696630e+02
1.214934e+06,1.406174e+01,6.581448e+04,7.617417e-01,9.479535e-01,9.478336e-01,6.278034e-04,1.085057e-08,3.798317e+01,8.016552e+00,2.996662e+01,3.962846e+01,1.696711e+02
1.214944e+06,1.406186e+01,6.582448e+04,7.618574e-01,9.479635e-01,9.478337e-01,6.279119e-04,1.085057e-08,3.798265e+01,8.016552e+00,2.996610e+01,3.962758e+01,1.696791e+02
1.214954e+06,1.406197e+01,6.583448e+04,7.619732e-01,9.479735e-01,9.478338e-01,6.280204e-04,1.085056e-08,3.798214e+01,8.016552e+00,2.996559e+01,3.962670e+01,1.696871e+02
1.214964e+06,1.406209e+01,6.584448e+04,7.620889e-01,9.479798e-01,9.478339e-01,6.281289e-04,1.085056e-08,3.798163e+01,8.016552e+00,2.996507e+01,3.962595e+01,1.696951e+02
1.214974e+06,1.406220e+01,6.585448e+04,7.622047e-01,9.479782e-01,9.478340e-01,6.282374e-04,1.085056e-08,3.798111e+01,8.016649e+00,2.996446e+01,3.962546e+01,1.696985e+02
1.214984e+06,1.406232e+01,6.586448e+04,7.623204e-01,9.479734e-01,9.478341e-01,6.283459e-04,1.085056e-08,3.798060e+01,8.016903e+00,2.996370e+01,3.962507e+01,1.696945e+02
1.214994e+06,1.406244e+01,6.587448e+04,7.624362e-01,9.479685e-01,9.478342e-01,6.284544e-04,1.085056e-08,3.798009e+01,8.017156e+00,2.996293e+01,3.962467e+01,1.696905e+02
1.215004e+06,1.406255e+01,6.588449e+04,7.625519e-01,9.479637e-01,9.478343e-01,6.285629e-04,1.085056e-08,3.797958e+01,8.017409e+00,2.996217e+01,3.962428e+01,1.696865e+02
1.215014e+06,1.406267e+01,6.589449e+04,7.626677e-01,9.479589e-01,9.478344e-01,6.286715e-04,1.085056e-08,3.797906e+01,8.017662e+00,2.996140e+01,3.962389e+01,1.696825e+02
1.215024e+06,1.406278e+01,6.590449e+04,7.627834e-01,9.479540e-01,9.478345e-01,6.287800e-04,1.085056e-08,3.797855e+01,8.017916e+00,2.996064e+01,3.962350e+01,1.696785e+02
1.215034e+06,1.406290e+01,6.591449e+04,7.628992e-01,9.479492e-01,9.478346e-01,6.288885e-04,1.085056e-08,3.797804e+01,8.018169e+00,2.995987e+01,3.962310e+01,1.696745e+02
1.215044e+06,1.406301e+01,6.592449e+04,7.630149e-01,9.479443e-01,9.478347e-01,6.289970e-04,1.085055e-08,3.797753e+01,8.018422e+00,2.995911e+01,3.962271e+01,1.696705e+02
1.215054e+06,1.406313e+01,6.593449e+04,7.631307e-01,9.479395e-01,9.478348e-01,6.291055e-04,1.085055e-08,3.797702e+01,8.018675e+00,2.995834e+01,3.962232e+01,1.696665e+02
1.215064e+06,1.406325e+01,6.594449e+04,7.632464e-01,9.479347e-01,9.478349e-01,6.292140e-04,1.085055e-08,3.797650e+01,8.018929e+00,2.995758e+01,3.962193e+01,1.696625e+02
1.215074e+06,1.406336e+01,6.595449e+04,7.633622e-01,9.479298e-01,9.478350e-01,6.293225e-04,1.085055e-08,3.797599e+01,8.019182e+00,2.995681e+01,3.962153e+01,1.696585e+02
1.215084e+06,1.406348e+01,6.596449e+04,7.634779e-01,9.479250e-01,9.478351e-01,6.294311e-04,1.085055e-08,3.797548e+01,8.019435e+00,2.995605e+01,3.962114e+01,1.696546e+02
1.215094e+06,1.406359e+01,6.597449e+04,7.635937e-01,9.479201e-01,9.478352e-01,6.295396e-04,1.085055e-08,3.797497e+01,8.019688e+00,2.995528e+01,3.962075e+01,1.696506e+02
1.215104e+06,1.406371e+01,6.598449e+04,7.637094e-01,9.479153e-01,9.478353e-01,6.296481e-04,1.085055e-08,3.797446e+01,8.019942e+00,2.995452e+01,3.962035e+01,1.696466e+02
1.215114e+06,1.406383e+01,6.599449e+04,7.638252e-01,9.479105e-01,9.478354e-01,6.297566e-04,1.085055e-08,3.797394e+01,8.020195e+00,2.995375e+01,3.961996e+01,1.696426e+02
1.215124e+06,1.406394e+01,6.600449e+04,7.639409e-01,9.479056e-01,9.478355e-01,6.298651e-04,1.085054e-08,3.797343e+01,8.020448e+00,2.995298e+01,3.961957e+01,1.696386e+02
1.215134e+06,1.406406e+01,6.601449e+04,7.640566e-01,9.479008e-01,9.478356e-01,6.299736e-04,1.085054e-08,3.797292e+01,8.020701e+00,2.995222e+01,3.961918e+01,1.696346e+02
1.215144e+06,1.406417e+01,6.602450e+04,7.641724e-01,9.478959e-01,9.478357e-01,6.300821e-04,1.085054e-08,3.797241e+01,8.020955e+00,2.995145e+01,3.961878e+01,1.696306e+02
1.215154e+06,1.406429e+01,6.603450e+04,7.642881e-01,9.478911e-01,9.478358e-01,6.301906e-04,1.085054e-08,3.797190e+01,8.021208e+00,2.995069e+01,3.961839e+01,1.696266e+02
1.215164e+06,1.406440e+01,6.604450e+04,7.644039e-01,9.478863e-01,9.478359e-01,6.302992e-04,1.085054e-08,3.797138e+01,8.021461e+00,2.994992e+01,3.961800e+01,1.696226e+02
1.215174e+06,1.406452e+01,6.605450e+04,7.645196e-01,9.478814e-01,9.478360e-01,6.304077e-04,1.085054e-08,3.797087e+01,8.021714e+00,2.994916e+01,3.961761e+01,1.696186e+02
1.215184e+06,1.406464e+01,6.606450e+04,7.646354e-01,9.478766e-01,9.478362e-01,6.305162e-04,1.085054e-08,3.797036e+01,8.021968e+00,2.994839e+01,3.961721e+01,1.696146e+02
1.215194e+06,1.406475e+01,6.607450e+04,7.647511e-01,9.478717e-01,9.478363e-01,6.306247e-04,1.085054e-08,3.796985e+01,8.022221e+00,2.994763e+01,3.961682e+01,1.696107e+02
1.215204e+06,1.406487e+01,6.608450e+04,7.648669e-01,9.478669e-01,9.478364e-01,6.307332e-04,1.085054e-08,3.796934e+01,8.022474e+00,2.994686e+01,3.961643e+01,1.696067e+02
1.215214e+06,1.406498e+01,6.609450e+04,7.649826e-01,9.478642e-01,9.478365e-01,6.308417e-04,1.085053e-08,3.796882e+01,8.022727e+00,2.994610e+01,3.961596e+01,1.696027e+02
1.215225e+06,1.406510e+01,6.610450e+04,7.650984e-01,9.478662e-01,9.478366e-01,6.309502e-04,1.085053e-08,3.796908e+01,8.022812e+00,2.994627e+01,3.961616e+01,1.696013e+02
1.215235e+06,1.406521e+01,6.611450e+04,7.652141e-01,9.478692e-01,9.478367e-01,6.310587e-04,1.085053e-08,3.797088e+01,8.022558e+00,2.994832e+01,3.961797e+01,1.696053e+02
1.215245e+06,1.406533e+01,6.612450e+04,7.653299e-01,9.478722e-01,9.478368e-01,6.311673e-04,1.085053e-08,3.797268e+01,8.022304e+00,2.995037e+01,3.961978e+01,1.696093e+02
1.215255e+06,1.406545e+01,6.613450e+04,7.654456e-01,9.478752e-01,9.478369e-01,6.312758e-04,1.085053e-08,3.797447e+01,8.022050e+00,2.995242e+01,3.962159e+01,1.696133e+02
1.215265e+06,1.406556e+01,6.614450e+04,7.655614e-01,9.478782e-01,9.478370e-01,6.313843e-04,1.085053e-08,3.797627e+01,8.021796e+00,2.995448e+01,3.962341e+01,1.696173e+02
1.215275e+06,1.406568e+01,6.615450e+04,7.656771e-01,9.478812e-01,9.478371e-01,6.314928e-04,1.085053e-08,3.797807e+01,8.021542e+00,2.995653e+01,3.962522e+01,1.696214e+02
1.215285e+06,1.406579e+01,6.616450e+04,7.657929e-01,9.478842e-01,9.478372e-01,6.316013e-04,1.085053e-08,3.797987e+01,8.021288e+00,2.995858e+01,3.962703e+01,1.696254e+02
1.215295e+06,1.406591e+01,6.617451e+04,7.659086e-01,9.478872e-01,9.478373e-01,6.317098e-04,1.085052e-08,3.798167e+01,8.021033e+00,2.996063e+01,3.962884e+01,1.696294e+02
1.215305e+06,1.406602e+01,6.618451e+04,7.660244e-01,9.478901e-01,9.478374e-01,6.318183e-04,1.085052e-08,3.798346e+01,8.020779e+00,2.996269e+01,3.963065e+01,1.696334e+02
1.215315e+06,1.406614e+01,6.619451e+04,7.661401e-01,9.478931e-01,9.478375e-01,6.319268e-04,1.085052e-08,3.798526e+01,8.020525e+00,2.996474e+01,3.963246e+01,1.696374e+02
1.215325e+06,1.406626e+01,6.620451e+04,7.662559e-01,9.478961e-01,9.478376e-01,6.320354e-04,1.085052e-08,3.798706e+01,8.020271e+00,2.996679e+01,3.963427e+01,1.696414e+02
1.215335e+06,1.406637e+01,6.621451e+04,7.663716e-01,9.478991e-01,9.478377e-01,6.321439e-04,1.085052e-08,3.798886e+01,8.020017e+00,2.996884e+01,3.963608e+01,1.696454e+02
1.215345e+06,1.406649e+01,6.622451e+04,7.664874e-01,9.479021e-01,9.478378e-01,6.322524e-04,1.085052e-08,3.799066e+01,8.019763e+00,2.997089e+01,3.963789e+01,1.696494e+02
1.215355e+06,1.406660e+01,6.623451e+04,7.666031e-01,9.479051e-01,9.478379e-01,6.323609e-04,1.085052e-08,3.799246e+01,8.019509e+00,2.997295e+01,3.963971e+01,1.696534e+02
1.215365e+06,1.406672e+01,6.624451e+04,7.667189e-01,9.479081e-01,9.478380e-01,6.324694e-04,1.085052e-08,3.799425e+01,8.019255e+00,2.997500e+01,3.964152e+01,1.696574e+02
1.215375e+06,1.406683e+01,6.625451e+04,7.668346e-01,9.479111e-01,9.478381e-01,6.325779e-04,1.085052e-08,3.799605e+01,8.019000e+00,2.997705e+01,3.964333e+01,1.696614e+02
1.215385e+06,1.406695e+01,6.626451e+04,7.669504e-01,9.479141e-01,9.478382e-01,6.326864e-04,1.085051e-08,3.799785e+01,8.018746e+00,2.997910e+01,3.964514e+01,1.696654e+02
1.215395e+06,1.406707e+01,6.627451e+04,7.670661e-01,9.479171e-01,9.478383e-01,6.327949e-04,1.085051e-08,3.799965e+01,8.018492e+00,2.998116e+01,3.964695e+01,1.696694e+02
1.215405e+06,1.406718e+01,6.628451e+04,7.671819e-01,9.479201e-01,9.478384e-01,6.329035e-04,1.085051e-08,3.800145e+01,8.018238e+00,2.998321e+01,3.964876e+01,1.696734e+02
1.215415e+06,1.406730e+01,6.629451e+04,7.672976e-01,9.479231e-01,9.478385e-01,6.330120e-04,1.085051e-08,3.800324e+01,8.017984e+00,2.998526e+01,3.965057e+01,1.696774e+02
1.215425e+06,1.406741e+01,6.630451e+04,7.674134e-01,9.479261e-01,9.478386e-01,6.331205e-04,1.085051e-08,3.800504e+01,8.017730e+00,2.998731e+01,3.965238e+01,1.696814e+02
1.215435e+06,1.406753e+01,6.631451e+04,7.675291e-01,9.479291e-01,9.478387e-01,6.332290e-04,1.085051e-08,3.800684e+01,8.017476e+00,2.998936e+01,3.965419e+01,1.696854e+02
1.215445e+06,1.406764e+01,6.632452e+04,7.676449e-01,9.479320e-01,9.478388e-01,6.333375e-04,1.085051e-08,3.800864e+01,8.017222e+00,2.999142e+01,3.965601e+01,1.696894e+02
1.215455e+06,1.406776e+01,6.633452e+04,7.677606e-01,9.479350e-01,9.478389e-01,6.334460e-04,1.085051e-08,3.801044e+01,8.016968e+00,2.999347e+01,3.965782e+01,1.696934e+02
1.215465e+06,1.406788e+01,6.634452e+04,7.678764e-01,9.479357e-01,9.478390e-01,6.335545e-04,1.085050e-08,3.801224e+01,8.016713e+00,2.999552e+01,3.965971e+01,1.696975e+02
1.215475e+06,1.406799e+01,6.635452e+04,7.679921e-01,9.479334e-01,9.478391e-01,6.336630e-04,1.085050e-08,3.801301e+01,8.016552e+00,2.999645e+01,3.966060e+01,1.696985e+02
1.215485e+06,1.406811e+01,6.636452e+04,7.681079e-01,9.479330e-01,9.478392e-01,6.337716e-04,1.085050e-08,3.801198e+01,8.016552e+00,2.999543e+01,3.965953e+01,1.696945e+02
1.215495e+06,1.406822e+01,6.637452e+04,7.682236e-01,9.479326e-01,9.478393e-01,6.338801e-04,1.085050e-08,3.801095e+01,8.016552e+00,2.999440e+01,3.965846e+01,1.696905e+02
1.215505e+06,1.406834e+01,6.638452e+04,7.683393e-01,9.479322e-01,9.478394e-01,6.339886e-04,1.085050e-08,3.800992e+01,8.016552e+00,2.999337e+01,3.965739e+01,1.696865e+02
1.215515e+06,1.406846e+01,6.639452e+04,7.684551e-01,9.479318e-01,9.478395e-01,6.340971e-04,1.085050e-08,3.800890e+01,8.016552e+00,2.999234e+01,3.965632e+01,1.696825e+02
1.215525e+06,1.406857e+01,6.640452e+04,7.685708e-01,9.479314e-01,9.478396e-01,6.342056e-04,1.085050e-08,3.800787e+01,8.016552e+00,2.999132e+01,3.965525e+01,1.696785e+02
1.215535e+06,1.406869e+01,6.641452e+04,7.686866e-01,9.479310e-01,9.478398e-01,6.343141e-04,1.085050e-08,3.800684e+01,8.016552e+00,2.999029e+01,3.965418e+01,1.696745e+02
1.215545e+06,1.406880e+01,6.642452e+04,7.688023e-01,9.479306e-01,9.478399e-01,6.344226e-04,1.085050e-08,3.800581e+01,8.016552e+00,2.998926e+01,3.965311e+01,1.696705e+02
1.215555e+06,1.406892e+01,6.643452e+04,7.689181e-01,9.479302e-01,9.478400e-01,6.345311e-04,1.085049e-08,3.800479e+01,8.016552e+00,2.998823e+01,3.965204e+01,1.696665e+02
1.215565e+06,1.406903e+01,6.644452e+04,7.690338e-01,9.479298e-01,9.478401e-01,6.346397e-04,1.085049e-08,3.800376e+01,8.016552e+00,2.998721e+01,3.965097e+01,1.696625e+02
1.215575e+06,1.406915e+01,6.645452e+04,7.691496e-01,9.479294e-01,9.478402e-01,6.347482e-04,1.085049e-08,3.800273e+01,8.016552e+00,2.998618e+01,3.964990e+01,1.696585e+02
1.215585e+06,1.406927e+01,6.646453e+04,7.692653e-01,9.479290e-01,9.478403e-01,6.348567e-04,1.085049e-08,3.800170e+01,8.016552e+00,2.998515e+01,3.964883e+01,1.696545e+02
1.215595e+06,1.406938e+01,6.647453e+04,7.693811e-01,9.479286e-01,9.478404e-01,6.349652e-04,1.085049e-08,3.800068e+01,8.016552e+00,2.998412e+01,3.964776e+01,1.696505e+02
1.215605e+06,1.406950e+01,6.648453e+04,7.694968e-01,9.479282e-01,9.478405e-01,6.350737e-04,1.085049e-08,3.799965e+01,8.016552e+00,2.998310e+01,3.964669e+01,1.696465e+02
1.215615e+06,1.406961e+01,6.649453e+04,7.696126e-01,9.479278e-01,9.478406e-01,6.351822e-04,1.085049e-08,3.799862e+01,8.016552e+00,2.998207e+01,3.964562e+01,1.696425e+02
1.215625e+06,1.406973e+01,6.650453e+04,7.697283e-01,9.479274e-01,9.478407e-01,6.352907e-04,1.085049e-08,3.799759e+01,8.016552e+00,2.998104e+01,3.964454e+01,1.696385e+02
1.215635e+06,1.406984e+01,6.651453e+04,7.698441e-01,9.479270e-01,9.478408e-01,6.353992e-04,1.085048e-08,3.799657e+01,8.016552e+00,2.998001e+01,3.964347e+01,1.696345e+02
1.215645e+06,1.406996e+01,6.652453e+04,7.699598e-01,9.479266e-01,9.478409e-01,6.355078e-04,1.085048e-08,3.799554e+01,8.016552e+00,2.997899e+01,3.964240e+01,1.696305e+02
1.215655e+06,1.407008e+01,6.653453e+04,7.700756e-01,9.479262e-01,9.478410e-01,6.356163e-04,1.085048e-08,3.799451e+01,8.016552e+00,2.997796e+01,3.964133e+01,1.696265e+02
1.215665e+06,1.407019e+01,6.654453e+04,7.701913e-01,9.479258e-01,9.478411e-01,6.357248e-04,1.085048e-08,3.799348e+01,8.016552e+00,2.997693e+01,3.964026e+01,1.696224e+02
1.215675e+06,1.407031e+01,6.655453e+04,7.703071e-01,9.479254e-01,9.478412e-01,6.358333e-04,1.085048e-08,3.799246e+01,8.016552e+00,2.997590e+01,3.963919e+01,1.696184e+02
1.215685e+06,1.407042e+01,6.656453e+04,7.704228e-01,9.479250e-01,9.478413e-01,6.359418e-04,1.085048e-08,3.799143e+01,8.016552e+00,2.997488e+01,3.963812e+01,1.696144e+02
1.215695e+06,1.407054e+01,6.657453e+04,7.705386e-01,9.479246e-01,9.478414e-01,6.360503e-04,1.085048e-08,3.799040e+01,8.016552e+00,2.997385e+01,3.963705e+01,1.696104e+02
1.215705e+06,1.407065e+01,6.658453e+04,7.706543e-01,9.479242e-01,9.478415e-01,6.361588e-04,1.085048e-08,3.798937e+01,8.016552e+00,2.997282e+01,3.963598e+01,1.696064e+02
1.215715e+06,1.407077e+01,6.659453e+04,7.707701e-01,9.479251e-01,9.478416e-01,6.362673e-04,1.085048e-08,3.798834e+01,8.016552e+00,2.997179e+01,3.963487e+01,1.696024e+02
1.215725e+06,1.407089e+01,6.660453e+04,7.708858e-01,9.479261e-01,9.478417e-01,6.363759e-04,1.085047e-08,3.798762e+01,8.016552e+00,2.997107e+01,3.963407e+01,1.696000e+02
1.215735e+06,1.407100e+01,6.661454e+04,7.710016e-01,9.479246e-01,9.478418e-01,6.364844e-04,1.085047e-08,3.798737e+01,8.016552e+00,2.997082e+01,3.963385e+01,1.696000e+02
1.215745e+06,1.407112e+01,6.662454e+04,7.711173e-01,9.479230e-01,9.478419e-01,6.365929e-04,1.085047e-08,3.798711e+01,8.016552e+00,2.997056e+01,3.963363e+01,1.696000e+02
1.215755e+06,1.407123e+01,6.663454e+04,7.712331e-01,9.479215e-01,9.478420e-01,6.367014e-04,1.085047e-08,3.798685e+01,8.016552e+00,2.997030e+01,3.963341e+01,1.696000e+02
1.215765e+06,1.407135e+01,6.664454e+04,7.713488e-01,9.479199e-01,9.478421e-01,6.368099e-04,1.085047e-08,3.798660e+01,8.016552e+00,2.997005e+01,3.963320e+01,1.696000e+02
1.215775e+06,1.407146e+01,6.665454e+04,7.714646e-01,9.479184e-01,9.478422e-01,6.369184e-04,1.085047e-08,3.798634e+01,8.016552e+00,2.996979e+01,3.963298e+01,1.696000e+02
1.215785e+06,1.407158e+01,6.666454e+04,7.715803e-01,9.479168e-01,9.478423e-01,6.370269e-04,1.085047e-08,3.798609e+01,8.016552e+00,2.996954e+01,3.963276e+01,1.696000e+02
1.215795e+06,1.407170e+01,6.667454e+04,7.716961e-01,9.479153e-01,9.478424e-01,6.371354e-04,1.085047e-08,3.798583e+01,8.016552e+00,2.996928e+01,3.963254e+01,1.696000e+02
1.215805e+06,1.407181e+01,6.668454e+04,7.718118e-01,9.479137e-01,9.478425e-01,6.372439e-04,1.085046e-08,3.798557e+01,8.016552e+00,2.996902e+01,3.963232e+01,1.696000e+02
1.215815e+06,1.407193e+01,6.669454e+04,7.719276e-01,9.479122e-01,9.478426e-01,6.373525e-04,1.085046e-08,3.798532e+01,8.016552e+00,2.996877e+01,3.963210e+01,1.696000e+02
1.215825e+06,1.407204e+01,6.670454e+04,7.720433e-01,9.479106e-01,9.478427e-01,6.374610e-04,1.085046e-08,3.798506e+01,8.016552e+00,2.996851e+01,3.963189e+01,1.696000e+02
1.215835e+06,1.407216e+01,6.671454e+04,7.721591e-01,9.479091e-01,9.478428e-01,6.375695e-04,1.085046e-08,3.798481e+01,8.016552e+00,2.996826e+01,3.963167e+01,1.696000e+02
1.215845e+06,1.407227e+01,6.672454e+04,7.722748e-01,9.479075e-01,9.478429e-01,6.376780e-04,1.085046e-08,3.798455e+01,8.016552e+00,2.996800e+01,3.963145e+01,1.696000e+02
1.215855e+06,1.407239e+01,6.673454e+04,7.723905e-01,9.479060e-01,9.478430e-01,6.377865e-04,1.085046e-08,3.798429e+01,8.016552e+00,2.996774e+01,3.963123e+01,1.696000e+02
1.215865e+06,1.407251e+01,6.674454e+04,7.725063e-01,9.479044e-01,9.478431e-01,6.378950e-04,1.085046e-08,3.798404e+01,8.016552e+00,2.996749e+01,3.963101e+01,1.696000e+02
1.215875e+06,1.407262e+01,6.675454e+04,7.726220e-01,9.479029e-01,9.478432e-01,6.380035e-04,1.085046e-08,3.798378e+01,8.016552e+00,2.996723e+01,3.963079e+01,1.696000e+02
1.215885e+06,1.407274e+01,6.676455e+04,7.727378e-01,9.479013e-01,9.478434e-01,6.381120e-04,1.085046e-08,3.798353e+01,8.016552e+00,2.996698e+01,3.963058e+01,1.696000e+02
1.215895e+06,1.407285e+01,6.677455e+04,7.728535e-01,9.478998e-01,9.478435e-01,6.382206e-04,1.085045e-08,3.798327e+01,8.016552e+00,2.996672e+01,3.963036e+01,1.696000e+02
1.215905e+06,1.407297e+01,6.678455e+04,7.729693e-01,9.478982e-01,9.478436e-01,6.383291e-04,1.085045e-08,3.798301e+01,8.016552e+00,2.996646e+01,3.963014e+01,1.696000e+02
1.215915e+06,1.407309e+01,6.679455e+04,7.730850e-01,9.478967e-01,9.478437e-01,6.384376e-04,1.085045e-08,3.798276e+01,8.016552e+00,2.996621e+01,3.962992e+01,1.696000e+02
1.215925e+06,1.407320e+01,6.680455e+04,7.732008e-01,9.478951e-01,9.478438e-01,6.385461e-04,1.085045e-08,3.798250e+01,8.016552e+00,2.996595e+01,3.962970e+01,1.696000e+02
1.215935e+06,1.407332e+01,6.681455e+04,7.733165e-01,9.478936e-01,9.478439e-01,6.386546e-04,1.085045e-08,3.798225e+01,8.016552e+00,2.996570e+01,3.962948e+01,1.696000e+02
1.215945e+06,1.407343e+01,6.682455e+04,7.734323e-01,9.478920e-01,9.478440e-01,6.387631e-04,1.085045e-08,3.798199e+01,8.016552e+00,2.996544e+01,3.962927e+01,1.696000e+02
1.215955e+06,1.407355e+01,6.683455e+04,7.735480e-01,9.478905e-01,9.478441e-01,6.388716e-04,1.085045e-08,3.798173e+01,8.016552e+00,2.996518e+01,3.962905e+01,1.696000e+02
1.215965e+06,1.407366e+01,6.684455e+04,7.736638e-01,9.478856e-01,9.478442e-01,6.389801e-04,1.085045e-08,3.798148e+01,8.016552e+00,2.996493e+01,3.962894e+01,1.696000e+02
1.215975e+06,1.407378e+01,6.685455e+04,7.737795e-01,9.478739e-01,9.478443e-01,6.390887e-04,1.085044e-08,3.798149e+01,8.016639e+00,2.996485e+01,3.962933e+01,1.695959e+02
1.215985e+06,1.407390e+01,6.686455e+04,7.738953e-01,9.478611e-01,9.478444e-01,6.391972e-04,1.085044e-08,3.798200e+01,8.016893e+00,2.996511e+01,3.963029e+01,1.695839e+02
1.215995e+06,1.407401e+01,6.687455e+04,7.740110e-01,9.478483e-01,9.478445e-01,6.393057e-04,1.085044e-08,3.798251e+01,8.017147e+00,2.996537e+01,3.963124e+01,1.695719e+02
1.216005e+06,1.407413e+01,6.688455e+04,7.741268e-01,9.478355e-01,9.478446e-01,6.394142e-04,1.085044e-08,3.798303e+01,8.017401e+00,2.996563e+01,3.963220e+01,1.695598e+02
1.216015e+06,1.407424e+01,6.689455e+04,7.742425e-01,9.478227e-01,9.478447e-01,6.395227e-04,1.085044e-08,3.798354e+01,8.017655e+00,2.996589e+01,3.963315e+01,1.695478e+02
1.216025e+06,1.407436e+01,6.690456e+04,7.743583e-01,9.478099e-01,9.478448e-01,6.396312e-04,1.085044e-08,3.798405e+01,8.017909e+00,2.996615e+01,3.963411e+01,1.695358e+02
1.216035e+06,1.407447e+01,6.691456e+04,7.744740e-01,9.477971e-01,9.478449e-01,6.397397e-04,1.085044e-08,3.798457e+01,8.018163e+00,2.996641e+01,3.963506e+01,1.695238e+02
1.216045e+06,1.407459e+01,6.692456e+04,7.745898e-01,9.477843e-01,9.478450e-01,6.398482e-04,1.085044e-08,3.798508e+01,8.018417e+00,2.996666e+01,3.963602e+01,1.695118e+02
1.216055e+06,1.407471e+01,6.693456e+04,7.747055e-01,9.477715e-01,9.478451e-01,6.399567e-04,1.085044e-08,3.798560e+01,8.018671e+00,2.996692e+01,3.963697e+01,1.694998e+02
1.216065e+06,1.407482e+01,6.694456e+04,7.748213e-01,9.477587e-01,9.478452e-01,6.400653e-04,1.085043e-08,3.798611e+01,8.018926e+00,2.996718e+01,3.963793e+01,1.694878e+02
1.216075e+06,1.407494e+01,6.695456e+04,7.749370e-01,9.477459e-01,9.478453e-01,6.401738e-04,1.085043e-08,3.798662e+01,8.019180e+00,2.996744e+01,3.963888e+01,1.694757e+02
1.216085e+06,1.407505e+01,6.696456e+04,7.750528e-01,9.477331e-01,9.478454e-01,6.402823e-04,1.085043e-08,3.798714e+01,8.019434e+00,2.996770e+01,3.963984e+01,1.694637e+02
1.216095e+06,1.407517e+01,6.697456e+04,7.751685e-01,9.477203e-01,9.478455e-01,6.403908e-04,1.085043e-08,3.798765e+01,8.019688e+00,2.996796e+01,3.964079e+01,1.694517e+02
1.216105e+06,1.407528e+01,6.698456e+04,7.752843e-01,9.477075e-01,9.478456e-01,6.404993e-04,1.085043e-08,3.798816e+01,8.019942e+00,2.996822e+01,3.964175e+01,1.694397e+02
1.216115e+06,1.407540e+01,6.699456e+04,7.754000e-01,9.476946e-01,9.478457e-01,6.406078e-04,1.085043e-08,3.798868e+01,8.020196e+00,2.996848e+01,3.964270e+01,1.694277e+02
1.216125e+06,1.407552e+01,6.700456e+04,7.755158e-01,9.476818e-01,9.478458e-01,6.407163e-04,1.085043e-08,3.798919e+01,8.020450e+00,2.996874e+01,3.964366e+01,1.694157e+02
1.216135e+06,1.407563e+01,6.701456e+04,7.756315e-01,9.476690e-01,9.478459e-01,6.408248e-04,1.085043e-08,3.798971e+01,8.020704e+00,2.996900e+01,3.964462e+01,1.694036e+02
1.216145e+06,1.407575e+01,6.702456e+04,7.757473e-01,9.476562e-01,9.478460e-01,6.409334e-04,1.085042e-08,3.799022e+01,8.020959e+00,2.996926e+01,3.964557e+01,1.693916e+02
1.216155e+06,1.407586e+01,6.703456e+04,7.758630e-01,9.476434e-01,9.478461e-01,6.410419e-04,1.085042e-08,3.799073e+01,8.021213e+00,2.996952e+01,3.964653e+01,1.693796e+02
1.216165e+06,1.407598e+01,6.704456e+04,7.759788e-01,9.476306e-01,9.478462e-01,6.411504e-04,1.085042e-08,3.799125e+01,8.021467e+00,2.996978e+01,3.964748e+01,1.693676e+02
1.216175e+06,1.407609e+01,6.705457e+04,7.760945e-01,9.476178e-01,9.478463e-01,6.412589e-04,1.085042e-08,3.799176e+01,8.021721e+00,2.997004e+01,3.964844e+01,1.693556e+02
1.216185e+06,1.407621e+01,6.706457e+04,7.762103e-01,9.476050e-01,9.478464e-01,6.413674e-04,1.085042e-08,3.799227e+01,8.021975e+00,2.997030e+01,3.964939e+01,1.693436e+02
1.216195e+06,1.407633e+01,6.707457e+04,7.763260e-01,9.475922e-01,9.478465e-01,6.414759e-04,1.085042e-08,3.799279e+01,8.022229e+00,2.997056e+01,3.965035e+01,1.693316e+02
1.216205e+06,1.407644e+01,6.708457e+04,7.764418e-01,9.475794e-01,9.478466e-01,6.415844e-04,1.085042e-08,3.799330e+01,8.022483e+00,2.997082e+01,3.965130e+01,1.693195e+02
1.216215e+06,1.407656e+01,6.709457e+04,7.765575e-01,9.475702e-01,9.478467e-01,6.416929e-04,1.085042e-08,3.799382e+01,8.022737e+00,2.997108e+01,3.965214e+01,1.693075e+02
1.216225e+06,1.407667e+01,6.710457e+04,7.766732e-01,9.475716e-01,9.478468e-01,6.418014e-04,1.085041e-08,3.799385e+01,8.022897e+00,2.997095e+01,3.965212e+01,1.693000e+02
1.216235e+06,1.407679e+01,6.711457e+04,7.767890e-01,9.475806e-01,9.478470e-01,6.419100e-04,1.085041e-08,3.799308e+01,8.022897e+00,2.997018e+01,3.965101e+01,1.693000e+02
1.216245e+06,1.407690e+01,6.712457e+04,7.769047e-01,9.475896e-01,9.478471e-01,6.420185e-04,1.085041e-08,3.799231e+01,8.022897e+00,2.996941e+01,3.964989e+01,1.693000e+02
1.216255e+06,1.407702e+01,6.713457e+04,7.770205e-01,9.475986e-01,9.478472e-01,6.421270e-04,1.085041e-08,3.799154e+01,8.022897e+00,2.996864e+01,3.964878e+01,1.693000e+02
1.216265e+06,1.407714e+01,6.714457e+04,7.771362e-01,9.476076e-01,9.478473e-01,6.422355e-04,1.085041e-08,3.799077e+01,8.022897e+00,2.996787e+01,3.964766e+01,1.693000e+02
1.216275e+06,1.407725e+01,6.715457e+04,7.772520e-01,9.476166e-01,9.478474e-01,6.423440e-04,1.085041e-08,3.799000e+01,8.022897e+00,2.996710e+01,3.964655e+01,1.693000e+02
1.216285e+06,1.407737e+01,6.716457e+04,7.773677e-01,9.476257e-01,9.478475e-01,6.424525e-04,1.085041e-08,3.798923e+01,8.022897e+00,2.996633e+01,3.964544e+01,1.693000e+02
1.216295e+06,1.407748e+01,6.717457e+04,7.774835e-01,9.476347e-01,9.478476e-01,6.425610e-04,1.085041e-08,3.798846e+01,8.022897e+00,2.996556e+01,3.964432e+01,1.693000e+02
1.216305e+06,1.407760e+01,6.718457e+04,7.775992e-01,9.476437e-01,9.478477e-01,6.426695e-04,1.085041e-08,3.798768e+01,8.022897e+00,2.996479e+01,3.964321e+01,1.693000e+02
1.216315e+06,1.407771e+01,6.719457e+04,7.777150e-01,9.476527e-01,9.478478e-01,6.427780e-04,1.085040e-08,3.798691e+01,8.022897e+00,2.996402e+01,3.964209e+01,1.693000e+02
1.216325e+06,1.407783e+01,6.720458e+04,7.778307e-01,9.476617e-01,9.478479e-01,6.428866e-04,1.085040e-08,3.798614e+01,8.022897e+00,2.996325e+01,3.964098e+01,1.693000e+02
1.216335e+06,1.407795e+01,6.721458e+04,7.779465e-01,9.476707e-01,9.478480e-01,6.429951e-04,1.085040e-08,3.798537e+01,8.022897e+00,2.996248e+01,3.963987e+01,1.693000e+02
1.216345e+06,1.407806e+01,6.722458e+04,7.780622e-01,9.476798e-01,9.478481e-01,6.431036e-04,1.085040e-08,3.798460e+01,8.022897e+00,2.996171e+01,3.963875e+01,1.693000e+02
1.216355e+06,1.407818e+01,6.723458e+04,7.781780e-01,9.476888e-01,9.478482e-01,6.432121e-04,1.085040e-08,3.798383e+01,8.022897e+00,2.996094e+01,3.963764e+01,1.693000e+02
1.216365e+06,1.407829e+01,6.724458e+04,7.782937e-01,9.476978e-01,9.478483e-01,6.433206e-04,1.085040e-08,3.798306e+01,8.022897e+00,2.996016e+01,3.963652e+01,1.693000e+02
1.216375e+06,1.407841e+01,6.725458e+04,7.784095e-01,9.477068e-01,9.478484e-01,6.434291e-04,1.085040e-08,3.798229e+01,8.022897e+00,2.995939e+01,3.963541e+01,1.693000e+02
1.216385e+06,1.407853e+01,6.726458e+04,7.785252e-01,9.477158e-01,9.478485e-01,6.435376e-04,1.085040e-08,3.798152e+01,8.022897e+00,2.995862e+01,3.963430e+01,1.693000e+02
1.216395e+06,1.407864e+01,6.727458e+04,7.786410e-01,9.477248e-01,9.478486e-01,6.436461e-04,1.085039e-08,3.798075e+01,8.022897e+00,2.995785e+01,3.963318e+01,1.693000e+02
1.216405e+06,1.407876e+01,6.728458e+04,7.787567e-01,9.477339e-01,9.478487e-01,6.437547e-04,1.085039e-08,3.797998e+01,8.022897e+00,2.995708e+01,3.963207e+01,1.693000e+02
1.216415e+06,1.407887e+01,6.729458e+04,7.788725e-01,9.477429e-01,9.478488e-01,6.438632e-04,1.085039e-08,3.797921e+01,8.022897e+00,2.995631e+01,3.963095e+01,1.693000e+02
1.216425e+06,1.407899e+01,6.730458e+04,7.789882e-01,9.477519e-01,9.478489e-01,6.439717e-04,1.085039e-08,3.797844e+01,8.022897e+00,2.995554e+01,3.962984e+01,1.693000e+02
1.216435e+06,1.407910e+01,6.731458e+04,7.791040e-01,9.477609e-01,9.478490e-01,6.440802e-04,1.085039e-08,3.797767e+01,8.022897e+00,2.995477e+01,3.962873e+01,1.693000e+02
1.216445e+06,1.407922e+01,6.732458e+04,7.792197e-01,9.477699e-01,9.478491e-01,6.441887e-04,1.085039e-08,3.797690e+01,8.022897e+00,2.995400e+01,3.962761e+01,1.693000e+02
1.216455e+06,1.407934e+01,6.733458e+04,7.793355e-01,9.477789e-01,9.478492e-01,6.442972e-04,1.085039e-08,3.797613e+01,8.022897e+00,2.995323e+01,3.962650e+01,1.693000e+02
1.216465e+06,1.407945e+01,6.734459e+04,7.794512e-01,9.477880e-01,9.478493e-01,6.444057e-04,1.085039e-08,3.797535e+01,8.022897e+00,2.995246e+01,3.962539e+01,1.693000e+02
1.216475e+06,1.407957e+01,6.735459e+04,7.795670e-01,9.477930e-01,9.478494e-01,6.445142e-04,1.085039e-08,3.797531e+01,8.022897e+00,2.995242e+01,3.962517e+01,1.693000e+02
1.216485e+06,1.407968e+01,6.736459e+04,7.796827e-01,9.477923e-01,9.478495e-01,6.446227e-04,1.085038e-08,3.797634e+01,8.022897e+00,2.995344e+01,3.962628e+01,1.693000e+02
1.216495e+06,1.407980e+01,6.737459e+04,7.797985e-01,9.477916e-01,9.478496e-01,6.447313e-04,1.085038e-08,3.797736e+01,8.022897e+00,2.995446e+01,3.962738e+01,1.693000e+02
1.216505e+06,1.407991e+01,6.738459e+04,7.799142e-01,9.477909e-01,9.478497e-01,6.448398e-04,1.085038e-08,3.797838e+01,8.022897e+00,2.995549e+01,3.962848e+01,1.693000e+02
1.216515e+06,1.408003e+01,6.739459e+04,7.800300e-01,9.477901e-01,9.478498e-01,6.449483e-04,1.085038e-08,3.797941e+01,8.022897e+00,2.995651e+01,3.962959e+01,1.693000e+02
1.216525e+06,1.408015e+01,6.740459e+04,7.801457e-01,9.477894e-01,9.478499e-01,6.450568e-04,1.085038e-08,3.798043e+01,8.022897e+00,2.995754e+01,3.963069e+01,1.693000e+02
1.216535e+06,1.408026e+01,6.741459e+04,7.802615e-01,9.477887e-01,9.478500e-01,6.451653e-04,1.085038e-08,3.798146e+01,8.022897e+00,2.995856e+01,3.963180e+01,1.693000e+02
1.216545e+06,1.408038e+01,6.742459e+04,7.803772e-01,9.477880e-01,9.478501e-01,6.452738e-04,1.085038e-08,3.798248e+01,8.022897e+00,2.995958e+01,3.963290e+01,1.693000e+02
1.216555e+06,1.408049e+01,6.743459e+04,7.804930e-01,9.477873e-01,9.478502e-01,6.453823e-04,1.085038e-08,3.798350e+01,8.022897e+00,2.996061e+01,3.963401e+01,1.693000e+02
1.216565e+06,1.408061e+01,6.744459e+04,7.806087e-01,9.477865e-01,9.478503e-01,6.454908e-04,1.085037e-08,3.798453e+01,8.022897e+00,2.996163e+01,3.963511e+01,1.693000e+02
1.216575e+06,1.408072e+01,6.745459e+04,7.807245e-01,9.477858e-01,9.478504e-01,6.455993e-04,1.085037e-08,3.798555e+01,8.022897e+00,2.996266e+01,3.963622e+01,1.693000e+02
1.216585e+06,1.408084e+01,6.746459e+04,7.808402e-01,9.477851e-01,9.478506e-01,6.457079e-04,1.085037e-08,3.798658e+01,8.022897e+00,2.996368e+01,3.963732e+01,1.693000e+02
1.216595e+06,1.408096e+01,6.747459e+04,7.809559e-01,9.477844e-01,9.478507e-01,6.458164e-04,1.085037e-08,3.798760e+01,8.022897e+00,2.996470e+01,3.963842e+01,1.693000e+02
1.216605e+06,1.408107e+01,6.748459e+04,7.810717e-01,9.477836e-01,9.478508e-01,6.459249e-04,1.085037e-08,3.798862e+01,8.022897e+00,2.996573e+01,3.963953e+01,1.693000e+02
1.216615e+06,1.408119e+01,6.749460e+04,7.811874e-01,9.477829e-01,9.478509e-01,6.460334e-04,1.085037e-08,3.798965e+01,8.022897e+00,2.996675e+01,3.964063e+01,1.693000e+02
1.216625e+06,1.408130e+01,6.750460e+04,7.813032e-01,9.477822e-01,9.478510e-01,6.461419e-04,1.085037e-08,3.799067e+01,8.022897e+00,2.996778e+01,3.964174e+01,1.693000e+02
1.216635e+06,1.408142e+01,6.751460e+04,7.814189e-01,9.477815e-01,9.478511e-01,6.462504e-04,1.085037e-08,3.799170e+01,8.022897e+00,2.996880e+01,3.964284e+01,1.693000e+02
1.216645e+06,1.408153e+01,6.752460e+04,7.815347e-01,9.477808e-01,9.478512e-01,6.463589e-04,1.085037e-08,3.799272e+01,8.022897e+00,2.996982e+01,3.964395e+01,1.693000e+02
1.216655e+06,1.408165e+01,6.753460e+04,7.816504e-01,9.477800e-01,9.478513e-01,6.464674e-04,1.085036e-08,3.799374e+01,8.022897e+00,2.997085e+01,3.964505e+01,1.693000e+02
1.216665e+06,1.408177e+01,6.754460e+04,7.817662e-01,9.477793e-01,9.478514e-01,6.465759e-04,1.085036e-08,3.799477e+01,8.022897e+00,2.997187e+01,3.964616e+01,1.693000e+02
1.216675e+06,1.408188e+01,6.755460e+04,7.818819e-01,9.477786e-01,9.478515e-01,6.466845e-04,1.085036e-08,3.799579e+01,8.022897e+00,2.997290e+01,3.964726e+01,1.693000e+02
1.216685e+06,1.408200e+01,6.756460e+04,7.819977e-01,9.477779e-01,9.478516e-01,6.467930e-04,1.085036e-08,3.799682e+01,8.022897e+00,2.997392e+01,3.964836e+01,1.693000e+02
1.216695e+06,1.408211e+01,6.757460e+04,7.821134e-01,9.477772e-01,9.478517e-01,6.469015e-04,1.085036e-08,3.799784e+01,8.022897e+00,2.997494e+01,3.964947e+01,1.693000e+02
1.216705e+06,1.408223e+01,6.758460e+04,7.822292e-01,9.477764e-01,9.478518e-01,6.470100e-04,1.085036e-08,3.799886e+01,8.022897e+00,2.997597e+01,3.965057e+01,1.693000e+02
1.216715e+06,1.408234e+01,6.759460e+04,7.823449e-01,9.477768e-01,9.478519e-01,6.471185e-04,1.085036e-08,3.799989e+01,8.022897e+00,2.997699e+01,3.965164e+01,1.693000e+02
1.216725e+06,1.408246e+01,6.760460e+04,7.824607e-01,9.477824e-01,9.478520e-01,6.472270e-04,1.085036e-08,3.800082e+01,8.022808e+00,2.997801e+01,3.965245e+01,1.693014e+02
1.216735e+06,1.408258e+01,6.761460e+04,7.825764e-01,9.477936e-01,9.478521e-01,6.473355e-04,1.085035e-08,3.800159e+01,8.022554e+00,2.997904e+01,3.965289e+01,1.693054e+02
1.216745e+06,1.408269e+01,6.762460e+04,7.826922e-01,9.478049e-01,9.478522e-01,6.474440e-04,1.085035e-08,3.800236e+01,8.022301e+00,2.998006e+01,3.965334e+01,1.693094e+02
1.216755e+06,1.408281e+01,6.763460e+04,7.828079e-01,9.478161e-01,9.478523e-01,6.475525e-04,1.085035e-08,3.800313e+01,8.022048e+00,2.998108e+01,3.965379e+01,1.693134e+02
1.216765e+06,1.408292e+01,6.764461e+04,7.829237e-01,9.478274e-01,9.478524e-01,6.476611e-04,1.085035e-08,3.800389e+01,8.021795e+00,2.998210e+01,3.965424e+01,1.693174e+02
1.216775e+06,1.408304e+01,6.765461e+04,7.830394e-01,9.478386e-01,9.478525e-01,6.477696e-04,1.085035e-08,3.800466e+01,8.021541e+00,2.998312e+01,3.965469e+01,1.693214e+02
1.216785e+06,1.408316e+01,6.766461e+04,7.831552e-01,9.478498e-01,9.478526e-01,6.478781e-04,1.085035e-08,3.800543e+01,8.021288e+00,2.998414e+01,3.965514e+01,1.693254e+02
1.216795e+06,1.408327e+01,6.767461e+04,7.832709e-01,9.478611e-01,9.478527e-01,6.479866e-04,1.085035e-08,3.800620e+01,8.021035e+00,2.998516e+01,3.965559e+01,1.693293e+02
1.216805e+06,1.408339e+01,6.768461e+04,7.833867e-01,9.478723e-01,9.478528e-01,6.480951e-04,1.085035e-08,3.800697e+01,8.020782e+00,2.998618e+01,3.965604e+01,1.693333e+02
1.216815e+06,1.408350e+01,6.769461e+04,7.835024e-01,9.478836e-01,9.478529e-01,6.482036e-04,1.085035e-08,3.800773e+01,8.020528e+00,2.998721e+01,3.965649e+01,1.693373e+02
1.216825e+06,1.408362e+01,6.770461e+04,7.836182e-01,9.478948e-01,9.478530e-01,6.483121e-04,1.085034e-08,3.800850e+01,8.020275e+00,2.998823e+01,3.965694e+01,1.693413e+02
1.216835e+06,1.408373e+01,6.771461e+04,7.837339e-01,9.479060e-01,9.478531e-01,6.484206e-04,1.085034e-08,3.800927e+01,8.020022e+00,2.998925e+01,3.965739e+01,1.693453e+02
1.216845e+06,1.408385e+01,6.772461e+04,7.838497e-01,9.479173e-01,9.478532e-01,6.485291e-04,1.085034e-08,3.801004e+01,8.019769e+00,2.999027e+01,3.965783e+01,1.693493e+02
1.216855e+06,1.408397e+01,6.773461e+04,7.839654e-01,9.479285e-01,9.478533e-01,6.486376e-04,1.085034e-08,3.801081e+01,8.019515e+00,2.999129e+01,3.965828e+01,1.693533e+02
1.216865e+06,1.408408e+01,6.774461e+04,7.840812e-01,9.479398e-01,9.478534e-01,6.487462e-04,1.085034e-08,3.801157e+01,8.019262e+00,2.999231e+01,3.965873e+01,1.693573e+02
1.216875e+06,1.408420e+01,6.775461e+04,7.841969e-01,9.479510e-01,9.478535e-01,6.488547e-04,1.085034e-08,3.801234e+01,8.019009e+00,2.999333e+01,3.965918e+01,1.693613e+02
1.216885e+06,1.408431e+01,6.776461e+04,7.843127e-01,9.479622e-01,9.478536e-01,6.489632e-04,1.085034e-08,3.801311e+01,8.018756e+00,2.999435e+01,3.965963e+01,1.693653e+02
1.216895e+06,1.408443e+01,6.777461e+04,7.844284e-01,9.479735e-01,9.478537e-01,6.490717e-04,1.085034e-08,3.801388e+01,8.018502e+00,2.999537e+01,3.966008e+01,1.693693e+02
1.216905e+06,1.408454e+01,6.778461e+04,7.845442e-01,9.479847e-01,9.478538e-01,6.491802e-04,1.085033e-08,3.801465e+01,8.018249e+00,2.999640e+01,3.966053e+01,1.693732e+02
1.216915e+06,1.408466e+01,6.779462e+04,7.846599e-01,9.479960e-01,9.478539e-01,6.492887e-04,1.085033e-08,3.801541e+01,8.017996e+00,2.999742e+01,3.966098e+01,1.693772e+02
1.216925e+06,1.408478e+01,6.780462e+04,7.847757e-01,9.480072e-01,9.478540e-01,6.493972e-04,1.085033e-08,3.801618e+01,8.017743e+00,2.999844e+01,3.966142e+01,1.693812e+02
1.216935e+06,1.408489e+01,6.781462e+04,7.848914e-01,9.480184e-01,9.478542e-01,6.495057e-04,1.085033e-08,3.801695e+01,8.017489e+00,2.999946e+01,3.966187e+01,1.693852e+02
1.216945e+06,1.408501e+01,6.782462e+04,7.850071e-01,9.480297e-01,9.478543e-01,6.496142e-04,1.085033e-08,3.801772e+01,8.017236e+00,3.000048e+01,3.966232e+01,1.693892e+02
1.216955e+06,1.408512e+01,6.783462e+04,7.851229e-01,9.480409e-01,9.478544e-01,6.497228e-04,1.085033e-08,3.801849e+01,8.016983e+00,3.000150e+01,3.966277e+01,1.693932e+02
1.216965e+06,1.408524e+01,6.784462e+04,7.852386e-01,9.480512e-01,9.478545e-01,6.498313e-04,1.085033e-08,3.801925e+01,8.016730e+00,3.000252e+01,3.966325e+01,1.693972e+02
1.216975e+06,1.408535e+01,6.785462e+04,7.853544e-01,9.480572e-01,9.478546e-01,6.499398e-04,1.085033e-08,3.801918e+01,8.016552e+00,3.000263e+01,3.966299e+01,1.694000e+02
1.216985e+06,1.408547e+01,6.786462e+04,7.854701e-01,9.480582e-01,9.478547e-01,6.500483e-04,1.085033e-08,3.801712e+01,8.016552e+00,3.000057e+01,3.966078e+01,1.694000e+02
1.216995e+06,1.408559e+01,6.787462e+04,7.855859e-01,9.480593e-01,9.478548e-01,6.501568e-04,1.085032e-08,3.801506e+01,8.016552e+00,2.999850e+01,3.965857e+01,1.694000e+02
1.217005e+06,1.408570e+01,6.788462e+04,7.857016e-01,9.480603e-01,9.478549e-01,6.502653e-04,1.085032e-08,3.801299e+01,8.016552e+00,2.999644e+01,3.965636e+01,1.694000e+02
1.217015e+06,1.408582e+01,6.789462e+04,7.858174e-01,9.480613e-01,9.478550e-01,6.503738e-04,1.085032e-08,3.801093e+01,8.016552e+00,2.999438e+01,3.965415e+01,1.694000e+02
1.217025e+06,1.408593e+01,6.790462e+04,7.859331e-01,9.480624e-01,9.478551e-01,6.504823e-04,1.085032e-08,3.800887e+01,8.016552e+00,2.999232e+01,3.965194e+01,1.694000e+02
1.217035e+06,1.408605e+01,6.791462e+04,7.860489e-01,9.480634e-01,9.478552e-01,6.505908e-04,1.085032e-08,3.800681e+01,8.016552e+00,2.999026e+01,3.964973e+01,1.694000e+02
1.217045e+06,1.408616e+01,6.792462e+04,7.861646e-01,9.480644e-01,9.478553e-01,6.506994e-04,1.085032e-08,3.800475e+01,8.016552e+00,2.998819e+01,3.964752e+01,1.694000e+02
1.217055e+06,1.408628e+01,6.793463e+04,7.862804e-01,9.480655e-01,9.478554e-01,6.508079e-04,1.085032e-08,3.800268e+01,8.016552e+00,2.998613e+01,3.964531e+01,1.694000e+02
1.217065e+06,1.408640e+01,6.794463e+04,7.863961e-01,9.480665e-01,9.478555e-01,6.509164e-04,1.085032e-08,3.800062e+01,8.016552e+00,2.998407e+01,3.964310e+01,1.694000e+02
1.217075e+06,1.408651e+01,6.795463e+04,7.865119e-01,9.480676e-01,9.478556e-01,6.510249e-04,1.085031e-08,3.799856e+01,8.016552e+00,2.998201e+01,3.964089e+01,1.694000e+02
1.217085e+06,1.408663e+01,6.796463e+04,7.866276e-01,9.480686e-01,9.478557e-01,6.511334e-04,1.085031e-08,3.799650e+01,8.016552e+00,2.997994e+01,3.963868e+01,1.694000e+02
1.217095e+06,1.408674e+01,6.797463e+04,7.867434e-01,9.480696e-01,9.478558e-01,6.512419e-04,1.085031e-08,3.799443e+01,8.016552e+00,2.997788e+01,3.963647e+01,1.694000e+02
1.217105e+06,1.408686e+01,6.798463e+04,7.868591e-01,9.480707e-01,9.478559e-01,6.513504e-04,1.085031e-08,3.799237e+01,8.016552e+00,2.997582e+01,3.963426e+01,1.694000e+02
1.217115e+06,1.408697e+01,6.799463e+04,7.869749e-01,9.480717e-01,9.478560e-01,6.514589e-04,1.085031e-08,3.799031e+01,8.016552e+00,2.997376e+01,3.963205e+01,1.694000e+02
1.217125e+06,1.408709e+01,6.800463e+04,7.870906e-01,9.480727e-01,9.478561e-01,6.515674e-04,1.085031e-08,3.798825e+01,8.016552e+00,2.997170e+01,3.962984e+01,1.694000e+02
1.217135e+06,1.408721e+01,6.801463e+04,7.872064e-01,9.480738e-01,9.478562e-01,6.516759e-04,1.085031e-08,3.798619e+01,8.016552e+00,2.996963e+01,3.962763e+01,1.694000e+02
1.217145e+06,1.408732e+01,6.802463e+04,7.873221e-01,9.480748e-01,9.478563e-01,6.517845e-04,1.085031e-08,3.798412e+01,8.016552e+00,2.996757e+01,3.962542e+01,1.694000e+02
1.217155e+06,1.408744e+01,6.803463e+04,7.874379e-01,9.480759e-01,9.478564e-01,6.518930e-04,1.085031e-08,3.798206e+01,8.016552e+00,2.996551e+01,3.962321e+01,1.694000e+02
1.217165e+06,1.408755e+01,6.804463e+04,7.875536e-01,9.480769e-01,9.478565e-01,6.520015e-04,1.085030e-08,3.798000e+01,8.016552e+00,2.996345e+01,3.962100e+01,1.694000e+02
1.217175e+06,1.408767e+01,6.805463e+04,7.876694e-01,9.480779e-01,9.478566e-01,6.521100e-04,1.085030e-08,3.797794e+01,8.016552e+00,2.996138e+01,3.961879e+01,1.694000e+02
1.217185e+06,1.408779e+01,6.806463e+04,7.877851e-01,9.480790e-01,9.478567e-01,6.522185e-04,1.085030e-08,3.797587e+01,8.016552e+00,2.995932e+01,3.961658e+01,1.694000e+02
1.217195e+06,1.408790e+01,6.807463e+04,7.879009e-01,9.480800e-01,9.478568e-01,6.523270e-04,1.085030e-08,3.797381e+01,8.016552e+00,2.995726e+01,3.961437e+01,1.694000e+02
1.217205e+06,1.408802e+01,6.808464e+04,7.880166e-01,9.480810e-01,9.478569e-01,6.524355e-04,1.085030e-08,3.797175e+01,8.016552e+00,2.995520e+01,3.961216e+01,1.694000e+02
1.217215e+06,1.408813e+01,6.809464e+04,7.881324e-01,9.480847e-01,9.478570e-01,6.525440e-04,1.085030e-08,3.796969e+01,8.016552e+00,2.995314e+01,3.960986e+01,1.694000e+02
1.217225e+06,1.408825e+01,6.810464e+04,7.882481e-01,9.480920e-01,9.478571e-01,6.526525e-04,1.085030e-08,3.796891e+01,8.016552e+00,2.995236e+01,3.960880e+01,1.694033e+02
1.217235e+06,1.408836e+01,6.811464e+04,7.883639e-01,9.480991e-01,9.478572e-01,6.527610e-04,1.085030e-08,3.796993e+01,8.016552e+00,2.995338e+01,3.960964e+01,1.694113e+02
1.217245e+06,1.408848e+01,6.812464e+04,7.884796e-01,9.481062e-01,9.478573e-01,6.528696e-04,1.085029e-08,3.797096e+01,8.016552e+00,2.995440e+01,3.961049e+01,1.694193e+02
1.217255e+06,1.408860e+01,6.813464e+04,7.885954e-01,9.481133e-01,9.478574e-01,6.529781e-04,1.085029e-08,3.797198e+01,8.016552e+00,2.995543e+01,3.961133e+01,1.694273e+02
1.217265e+06,1.408871e+01,6.814464e+04,7.887111e-01,9.481204e-01,9.478575e-01,6.530866e-04,1.085029e-08,3.797300e+01,8.016552e+00,2.995645e+01,3.961217e+01,1.694352e+02
1.217275e+06,1.408883e+01,6.815464e+04,7.888269e-01,9.481275e-01,9.478576e-01,6.531951e-04,1.085029e-08,3.797403e+01,8.016552e+00,2.995748e+01,3.961302e+01,1.694432e+02
1.217285e+06,1.408894e+01,6.816464e+04,7.889426e-01,9.481346e-01,9.478578e-01,6.533036e-04,1.085029e-08,3.797505e+01,8.016552e+00,2.995850e+01,3.961386e+01,1.694512e+02
1.217295e+06,1.408906e+01,6.817464e+04,7.890584e-01,9.481417e-01,9.478579e-01,6.534121e-04,1.085029e-08,3.797608e+01,8.016552e+00,2.995952e+01,3.961470e+01,1.694592e+02
1.217305e+06,1.408917e+01,6.818464e+04,7.891741e-01,9.481487e-01,9.478580e-01,6.535206e-04,1.085029e-08,3.797710e+01,8.016552e+00,2.996055e+01,3.961555e+01,1.694672e+02
1.217315e+06,1.408929e+01,6.819464e+04,7.892898e-01,9.481558e-01,9.478581e-01,6.536291e-04,1.085029e-08,3.797812e+01,8.016552e+00,2.996157e+01,3.961639e+01,1.694752e+02
1.217325e+06,1.408941e+01,6.820464e+04,7.894056e-01,9.481629e-01,9.478582e-01,6.537376e-04,1.085029e-08,3.797915e+01,8.016552e+00,2.996260e+01,3.961724e+01,1.694831e+02
1.217335e+06,1.408952e+01,6.821464e+04,7.895213e-01,9.481700e-01,9.478583e-01,6.538462e-04,1.085028e-08,3.798017e+01,8.016552e+00,2.996362e+01,3.961808e+01,1.694911e+02
1.217345e+06,1.408964e+01,6.822464e+04,7.896371e-01,9.481771e-01,9.478584e-01,6.539547e-04,1.085028e-08,3.798120e+01,8.016552e+00,2.996464e+01,3.961892e+01,1.694991e+02
1.217355e+06,1.408975e+01,6.823465e+04,7.897528e-01,9.481842e-01,9.478585e-01,6.540632e-04,1.085028e-08,3.798222e+01,8.016552e+00,2.996567e+01,3.961977e+01,1.695071e+02
1.217365e+06,1.408987e+01,6.824465e+04,7.898686e-01,9.481913e-01,9.478586e-01,6.541717e-04,1.085028e-08,3.798324e+01,8.016552e+00,2.996669e+01,3.962061e+01,1.695151e+02
1.217375e+06,1.408998e+01,6.825465e+04,7.899843e-01,9.481984e-01,9.478587e-01,6.542802e-04,1.085028e-08,3.798427e+01,8.016552e+00,2.996772e+01,3.962145e+01,1.695231e+02
1.217385e+06,1.409010e+01,6.826465e+04,7.901001e-01,9.482055e-01,9.478588e-01,6.543887e-04,1.085028e-08,3.798529e+01,8.016552e+00,2.996874e+01,3.962230e+01,1.695310e+02
1.217395e+06,1.409022e+01,6.827465e+04,7.902158e-01,9.482126e-01,9.478589e-01,6.544972e-04,1.085028e-08,3.798632e+01,8.016552e+00,2.996976e+01,3.962314e+01,1.695390e+02
1.217405e+06,1.409033e+01,6.828465e+04,7.903316e-01,9.482197e-01,9.478590e-01,6.546057e-04,1.085028e-08,3.798734e+01,8.016552e+00,2.997079e+01,3.962398e+01,1.695470e+02
1.217415e+06,1.409045e+01,6.829465e+04,7.904473e-01,9.482268e-01,9.478591e-01,6.547142e-04,1.085027e-08,3.798836e+01,8.016552e+00,2.997181e+01,3.962483e+01,1.695550e+02
1.217425e+06,1.409056e+01,6.830465e+04,7.905631e-01,9.482338e-01,9.478592e-01,6.548227e-04,1.085027e-08,3.798939e+01,8.016552e+00,2.997284e+01,3.962567e+01,1.695630e+02
1.217435e+06,1.409068e+01,6.831465e+04,7.906788e-01,9.482409e-01,9.478593e-01,6.549313e-04,1.085027e-08,3.799041e+01,8.016552e+00,2.997386e+01,3.962651e+01,1.695710e+02
1.217445e+06,1.409079e+01,6.832465e+04,7.907946e-01,9.482480e-01,9.478594e-01,6.550398e-04,1.085027e-08,3.799144e+01,8.016552e+00,2.997488e+01,3.962736e+01,1.695789e+02
1.217455e+06,1.409091e+01,6.833465e+04,7.909103e-01,9.482551e-01,9.478595e-01,6.551483e-04,1.085027e-08,3.799246e+01,8.016552e+00,2.997591e+01,3.962820e+01,1.695869e+02
1.217465e+06,1.409103e+01,6.834465e+04,7.910261e-01,9.482587e-01,9.478596e-01,6.552568e-04,1.085027e-08,3.799348e+01,8.016552e+00,2.997693e+01,3.962916e+01,1.695949e+02
1.217475e+06,1.409114e+01,6.835465e+04,7.911418e-01,9.482500e-01,9.478597e-01,6.553653e-04,1.085027e-08,3.799395e+01,8.016552e+00,2.997740e+01,3.962995e+01,1.695986e+02
1.217485e+06,1.409126e+01,6.836465e+04,7.912576e-01,9.482302e-01,9.478598e-01,6.554738e-04,1.085027e-08,3.799344e+01,8.016552e+00,2.997689e+01,3.963006e+01,1.695945e+02
1.217495e+06,1.409137e+01,6.837466e+04,7.913733e-01,9.482105e-01,9.478599e-01,6.555823e-04,1.085027e-08,3.799292e+01,8.016552e+00,2.997637e+01,3.963018e+01,1.695905e+02
1.217505e+06,1.409149e+01,6.838466e+04,7.914891e-01,9.481907e-01,9.478600e-01,6.556908e-04,1.085026e-08,3.799241e+01,8.016552e+00,2.997586e+01,3.963030e+01,1.695865e+02
1.217515e+06,1.409160e+01,6.839466e+04,7.916048e-01,9.481709e-01,9.478601e-01,6.557993e-04,1.085026e-08,3.799190e+01,8.016552e+00,2.997535e+01,3.963041e+01,1.695825e+02
1.217525e+06,1.409172e+01,6.840466e+04,7.917206e-01,9.481512e-01,9.478602e-01,6.559078e-04,1.085026e-08,3.799138e+01,8.016552e+00,2.997483e+01,3.963053e+01,1.695785e+02
1.217535e+06,1.409184e+01,6.841466e+04,7.918363e-01,9.481314e-01,9.478603e-01,6.560164e-04,1.085026e-08,3.799087e+01,8.016552e+00,2.997432e+01,3.963065e+01,1.695745e+02
1.217545e+06,1.409195e+01,6.842466e+04,7.919521e-01,9.481116e-01,9.478604e-01,6.561249e-04,1.085026e-08,3.799036e+01,8.016552e+00,2.997380e+01,3.963077e+01,1.695705e+02
1.217555e+06,1.409207e+01,6.843466e+04,7.920678e-01,9.480919e-01,9.478605e-01,6.562334e-04,1.085026e-08,3.798984e+01,8.016552e+00,2.997329e+01,3.963088e+01,1.695665e+02
1.217565e+06,1.409218e+01,6.844466e+04,7.921836e-01,9.480721e-01,9.478606e-01,6.563419e-04,1.085026e-08,3.798933e+01,8.016552e+00,2.997278e+01,3.963100e+01,1.695625e+02
1.217575e+06,1.409230e+01,6.845466e+04,7.922993e-01,9.480523e-01,9.478607e-01,6.564504e-04,1.085026e-08,3.798881e+01,8.016552e+00,2.997226e+01,3.963112e+01,1.695585e+02
1.217585e+06,1.409242e+01,6.846466e+04,7.924151e-01,9.480325e-01,9.478608e-01,6.565589e-04,1.085025e-08,3.798830e+01,8.016552e+00,2.997175e+01,3.963124e+01,1.695545e+02
1.217595e+06,1.409253e+01,6.847466e+04,7.925308e-01,9.480128e-01,9.478609e-01,6.566674e-04,1.085025e-08,3.798779e+01,8.016552e+00,2.997124e+01,3.963135e+01,1.695505e+02
1.217605e+06,1.409265e+01,6.848466e+04,7.926466e-01,9.479930e-01,9.478610e-01,6.567759e-04,1.085025e-08,3.798727e+01,8.016552e+00,2.997072e+01,3.963147e+01,1.695465e+02
1.217615e+06,1.409276e+01,6.849466e+04,7.927623e-01,9.479732e-01,9.478611e-01,6.568844e-04,1.085025e-08,3.798676e+01,8.016552e+00,2.997021e+01,3.963159e+01,1.695425e+02
1.217625e+06,1.409288e+01,6.850466e+04,7.928781e-01,9.479535e-01,9.478612e-01,6.569929e-04,1.085025e-08,3.798625e+01,8.016552e+00,2.996969e+01,3.963170e+01,1.695385e+02
1.217635e+06,1.409299e+01,6.851466e+04,7.929938e-01,9.479337e-01,9.478614e-01,6.571015e-04,1.085025e-08,3.798573e+01,8.016552e+00,2.996918e+01,3.963182e+01,1.695345e+02
1.217645e+06,1.409311e+01,6.852467e+04,7.931096e-01,9.479139e-01,9.478615e-01,6.572100e-04,1.085025e-08,3.798522e+01,8.016552e+00,2.996867e+01,3.963194e+01,1.695305e+02
1.217655e+06,1.409323e+01,6.853467e+04,7.932253e-01,9.478942e-01,9.478616e-01,6.573185e-04,1.085025e-08,3.798470e+01,8.016552e+00,2.996815e+01,3.963206e+01,1.695265e+02
1.217665e+06,1.409334e+01,6.854467e+04,7.933410e-01,9.478744e-01,9.478617e-01,6.574270e-04,1.085025e-08,3.798419e+01,8.016552e+00,2.996764e+01,3.963217e+01,1.695225e+02
1.217675e+06,1.409346e+01,6.855467e+04,7.934568e-01,9.478546e-01,9.478618e-01,6.575355e-04,1.085024e-08,3.798368e+01,8.016552e+00,2.996713e+01,3.963229e+01,1.695184e+02
1.217685e+06,1.409357e+01,6.856467e+04,7.935725e-01,9.478349e-01,9.478619e-01,6.576440e-04,1.085024e-08,3.798316e+01,8.016552e+00,2.996661e+01,3.963241e+01,1.695144e+02
1.217695e+06,1.409369e+01,6.857467e+04,7.936883e-01,9.478151e-01,9.478620e-01,6.577525e-04,1.085024e-08,3.798265e+01,8.016552e+00,2.996610e+01,3.963253e+01,1.695104e+02
1.217705e+06,1.409380e+01,6.858467e+04,7.938040e-01,9.477953e-01,9.478621e-01,6.578610e-04,1.085024e-08,3.798214e+01,8.016552e+00,2.996558e+01,3.963264e+01,1.695064e+02
1.217715e+06,1.409392e+01,6.859467e+04,7.939198e-01,9.477756e-01,9.478622e-01,6.579695e-04,1.085024e-08,3.798162e+01,8.016552e+00,2.996507e+01,3.963276e+01,1.695024e+02
1.217725e+06,1.409404e+01,6.860467e+04,7.940355e-01,9.477613e-01,9.478623e-01,6.580780e-04,1.085024e-08,3.798121e+01,8.016552e+00,2.996466e+01,3.963280e+01,1.694984e+02
1.217735e+06,1.409415e+01,6.861467e+04,7.941513e-01,9.477557e-01,9.478624e-01,6.581866e-04,1.085024e-08,3.798095e+01,8.016552e+00,2.996440e+01,3.963272e+01,1.694944e+02
1.217745e+06,1.409427e+01,6.862467e+04,7.942670e-01,9.477500e-01,9.478625e-01,6.582951e-04,1.085024e-08,3.798070e+01,8.016552e+00,2.996415e+01,3.963264e+01,1.694904e+02
1.217755e+06,1.409438e+01,6.863467e+04,7.943828e-01,9.477443e-01,9.478626e-01,6.584036e-04,1.085023e-08,3.798044e+01,8.016552e+00,2.996389e+01,3.963256e+01,1.694865e+02
1.217765e+06,1.409450e+01,6.864467e+04,7.944985e-01,9.477387e-01,9.478627e-01,6.585121e-04,1.085023e-08,3.798019e+01,8.016552e+00,2.996363e+01,3.963248e+01,1.694825e+02
1.217775e+06,1.409461e+01,6.865467e+04,7.946143e-01,9.477330e-01,9.478628e-01,6.586206e-04,1.085023e-08,3.797993e+01,8.016552e+00,2.996338e+01,3.963239e+01,1.694785e+02
1.217785e+06,1.409473e+01,6.866467e+04,7.947300e-01,9.477273e-01,9.478629e-01,6.587291e-04,1.085023e-08,3.797967e+01,8.016552e+00,2.996312e+01,3.963231e+01,1.694745e+02
1.217795e+06,1.409485e+01,6.867468e+04,7.948458e-01,9.477217e-01,9.478630e-01,6.588376e-04,1.085023e-08,3.797942e+01,8.016552e+00,2.996287e+01,3.963223e+01,1.694705e+02
1.217805e+06,1.409496e+01,6.868468e+04,7.949615e-01,9.477160e-01,9.478631e-01,6.589461e-04,1.085023e-08,3.797916e+01,8.016552e+00,2.996261e+01,3.963215e+01,1.694665e+02
1.217815e+06,1.409508e+01,6.869468e+04,7.950773e-01,9.477103e-01,9.478632e-01,6.590546e-04,1.085023e-08,3.797891e+01,8.016552e+00,2.996235e+01,3.963207e+01,1.694625e+02
1.217825e+06,1.409519e+01,6.870468e+04,7.951930e-01,9.477047e-01,9.478633e-01,6.591631e-04,1.085023e-08,3.797865e+01,8.016552e+00,2.996210e+01,3.963199e+01,1.694585e+02
1.217835e+06,1.409531e+01,6.871468e+04,7.953088e-01,9.476990e-01,9.478634e-01,6.592716e-04,1.085023e-08,3.797839e+01,8.016552e+00,2.996184e+01,3.963191e+01,1.694545e+02
1.217845e+06,1.409542e+01,6.872468e+04,7.954245e-01,9.476934e-01,9.478635e-01,6.593802e-04,1.085022e-08,3.797814e+01,8.016552e+00,2.996159e+01,3.963183e+01,1.694505e+02
1.217855e+06,1.409554e+01,6.873468e+04,7.955403e-01,9.476877e-01,9.478636e-01,6.594887e-04,1.085022e-08,3.797788e+01,8.016552e+00,2.996133e+01,3.963175e+01,1.694465e+02
1.217865e+06,1.409566e+01,6.874468e+04,7.956560e-01,9.476820e-01,9.478637e-01,6.595972e-04,1.085022e-08,3.797763e+01,8.016552e+00,2.996107e+01,3.963166e+01,1.694426e+02
1.217875e+06,1.409577e+01,6.875468e+04,7.957718e-01,9.476764e-01,9.478638e-01,6.597057e-04,1.085022e-08,3.797737e+01,8.016552e+00,2.996082e+01,3.963158e+01,1.694386e+02
1.217885e+06,1.409589e+01,6.876468e+04,7.958875e-01,9.476707e-01,9.478639e-01,6.598142e-04,1.085022e-08,3.797711e+01,8.016552e+00,2.996056e+01,3.963150e+01,1.694346e+02
1.217895e+06,1.409600e+01,6.877468e+04,7.960033e-01,9.476650e-01,9.478640e-01,6.599227e-04,1.085022e-08,3.797686e+01,8.016552e+00,2.996031e+01,3.963142e+01,1.694306e+02
1.217905e+06,1.409612e+01,6.878468e+04,7.961190e-01,9.476594e-01,9.478641e-01,6.600312e-04,1.085022e-08,3.797660e+01,8.016552e+00,2.996005e+01,3.963134e+01,1.694266e+02
1.217915e+06,1.409623e+01,6.879468e+04,7.962348e-01,9.476537e-01,9.478642e-01,6.601397e-04,1.085022e-08,3.797635e+01,8.016552e+00,2.995979e+01,3.963126e+01,1.694226e+02
1.217925e+06,1.409635e+01,6.880468e+04,7.963505e-01,9.476480e-01,9.478643e-01,6.602482e-04,1.085021e-08,3.797609e+01,8.016552e+00,2.995954e+01,3.963118e+01,1.694186e+02
1.217935e+06,1.409647e+01,6.881469e+04,7.964663e-01,9.476424e-01,9.478644e-01,6.603567e-04,1.085021e-08,3.797583e+01,8.016552e+00,2.995928e+01,3.963110e+01,1.694146e+02
1.217945e+06,1.409658e+01,6.882469e+04,7.965820e-01,9.476367e-01,9.478645e-01,6.604653e-04,1.085021e-08,3.797558e+01,8.016552e+00,2.995903e+01,3.963102e+01,1.694106e+02
1.217955e+06,1.409670e+01,6.883469e+04,7.966978e-01,9.476310e-01,9.478646e-01,6.605738e-04,1.085021e-08,3.797532e+01,8.016552e+00,2.995877e+01,3.963093e+01,1.694066e+02
1.217965e+06,1.409681e+01,6.884469e+04,7.968135e-01,9.476264e-01,9.478647e-01,6.606823e-04,1.085021e-08,3.797507e+01,8.016552e+00,2.995851e+01,3.963082e+01,1.694026e+02
1.217975e+06,1.409693e+01,6.885469e+04,7.969293e-01,9.476285e-01,9.478648e-01,6.607908e-04,1.085021e-08,3.797533e+01,8.016638e+00,2.995869e+01,3.963102e+01,1.694000e+02
1.217985e+06,1.409705e+01,6.886469e+04,7.970450e-01,9.476394e-01,9.478650e-01,6.608993e-04,1.085021e-08,3.797662e+01,8.016892e+00,2.995972e+01,3.963200e+01,1.694000e+02
1.217995e+06,1.409716e+01,6.887469e+04,7.971608e-01,9.476503e-01,9.478651e-01,6.610078e-04,1.085021e-08,3.797790e+01,8.017146e+00,2.996075e+01,3.963298e+01,1.694000e+02
1.218005e+06,1.409728e+01,6.888469e+04,7.972765e-01,9.476611e-01,9.478652e-01,6.611163e-04,1.085021e-08,3.797919e+01,8.017400e+00,2.996179e+01,3.963396e+01,1.694000e+02
1.218015e+06,1.409739e+01,6.889469e+04,7.973923e-01,9.476720e-01,9.478653e-01,6.612248e-04,1.085020e-08,3.798047e+01,8.017654e+00,2.996282e+01,3.963494e+01,1.694000e+02
1.218025e+06,1.409751e+01,6.890469e+04,7.975080e-01,9.476829e-01,9.478654e-01,6.613333e-04,1.085020e-08,3.798175e+01,8.017909e+00,2.996385e+01,3.963592e+01,1.694000e+02
1.218035e+06,1.409762e+01,6.891469e+04,7.976237e-01,9.476938e-01,9.478655e-01,6.614418e-04,1.085020e-08,3.798304e+01,8.018163e+00,2.996488e+01,3.963690e+01,1.694000e+02
1.218045e+06,1.409774e+01,6.892469e+04,7.977395e-01,9.477046e-01,9.478656e-01,6.615503e-04,1.085020e-08,3.798432e+01,8.018417e+00,2.996591e+01,3.963787e+01,1.694000e+02
1.218055e+06,1.409786e+01,6.893469e+04,7.978552e-01,9.477155e-01,9.478657e-01,6.616589e-04,1.085020e-08,3.798561e+01,8.018671e+00,2.996694e+01,3.963885e+01,1.694000e+02
1.218065e+06,1.409797e+01,6.894469e+04,7.979710e-01,9.477264e-01,9.478658e-01,6.617674e-04,1.085020e-08,3.798689e+01,8.018925e+00,2.996797e+01,3.963983e+01,1.694000e+02
1.218075e+06,1.409809e+01,6.895469e+04,7.980867e-01,9.477373e-01,9.478659e-01,6.618759e-04,1.085020e-08,3.798818e+01,8.019179e+00,2.996900e+01,3.964081e+01,1.694000e+02
1.218085e+06,1.409820e+01,6.896470e+04,7.982025e-01,9.477481e-01,9.478660e-01,6.619844e-04,1.085020e-08,3.798946e+01,8.019433e+00,2.997003e+01,3.964179e+01,1.694000e+02
1.218095e+06,1.409832e+01,6.897470e+04,7.983182e-01,9.477590e-01,9.478661e-01,6.620929e-04,1.085019e-08,3.799075e+01,8.019687e+00,2.997106e+01,3.964277e+01,1.694000e+02
1.218105e+06,1.409843e+01,6.898470e+04,7.984340e-01,9.477699e-01,9.478662e-01,6.622014e-04,1.085019e-08,3.799203e+01,8.019941e+00,2.997209e+01,3.964374e+01,1.694000e+02
1.218115e+06,1.409855e+01,6.899470e+04,7.985497e-01,9.477808e-01,9.478663e-01,6.623099e-04,1.085019e-08,3.799331e+01,8.020196e+00,2.997312e+01,3.964472e+01,1.694000e+02
1.218125e+06,1.409867e+01,6.900470e+04,7.986655e-01,9.477916e-01,9.478664e-01,6.624184e-04,1.085019e-08,3.799460e+01,8.020450e+00,2.997415e+01,3.964570e+01,1.694000e+02
1.218135e+06,1.409878e+01,6.901470e+04,7.987812e-01,9.478025e-01,9.478665e-01,6.625269e-04,1.085019e-08,3.799588e+01,8.020704e+00,2.997518e+01,3.964668e+01,1.694000e+02
1.218145e+06,1.409890e+01,6.902470e+04,7.988970e-01,9.478134e-01,9.478666e-01,6.626354e-04,1.085019e-08,3.799717e+01,8.020958e+00,2.997621e+01,3.964766e+01,1.694000e+02
1.218155e+06,1.409901e+01,6.903470e+04,7.990127e-01,9.478243e-01,9.478667e-01,6.627440e-04,1.085019e-08,3.799845e+01,8.021212e+00,2.997724e+01,3.964864e+01,1.694000e+02
1.218165e+06,1.409913e+01,6.904470e+04,7.991285e-01,9.478351e-01,9.478668e-01,6.628525e-04,1.085019e-08,3.799974e+01,8.021466e+00,2.997827e+01,3.964961e+01,1.694000e+02
1.218175e+06,1.409924e+01,6.905470e+04,7.992442e-01,9.478460e-01,9.478669e-01,6.629610e-04,1.085019e-08,3.800102e+01,8.021720e+00,2.997930e+01,3.965059e+01,1.694000e+02
1.218185e+06,1.409936e+01,6.906470e+04,7.993600e-01,9.478569e-01,9.478670e-01,6.630695e-04,1.085018e-08,3.800230e+01,8.021974e+00,2.998033e+01,3.965157e+01,1.694000e+02
1.218195e+06,1.409948e+01,6.907470e+04,7.994757e-01,9.478678e-01,9.478671e-01,6.631780e-04,1.085018e-08,3.800359e+01,8.022229e+00,2.998136e+01,3.965255e+01,1.694000e+02
1.218205e+06,1.409959e+01,6.908470e+04,7.995915e-01,9.478787e-01,9.478672e-01,6.632865e-04,1.085018e-08,3.800487e+01,8.022483e+00,2.998239e+01,3.965353e+01,1.694000e+02
1.218215e+06,1.409971e+01,6.909470e+04,7.997072e-01,9.478895e-01,9.478673e-01,6.633950e-04,1.085018e-08,3.800616e+01,8.022737e+00,2.998342e+01,3.965450e+01,1.694000e+02
1.218225e+06,1.409982e+01,6.910470e+04,7.998230e-01,9.478960e-01,9.478674e-01,6.635035e-04,1.085018e-08,3.800677e+01,8.022897e+00,2.998388e+01,3.965493e+01,1.694000e+02
1.218235e+06,1.409994e+01,6.911471e+04,7.999387e-01,9.478950e-01,9.478675e-01,6.636120e-04,1.085018e-08,3.800626e+01,8.022897e+00,2.998336e+01,3.965442e+01,1.694000e+02
1.218245e+06,1.410005e+01,6.912471e+04,8.000545e-01,9.478939e-01,9.478676e-01,6.637205e-04,1.085018e-08,3.800575e+01,8.022897e+00,2.998285e+01,3.965392e+01,1.694000e+02
1.218255e+06,1.410017e+01,6.913471e+04,8.001702e-01,9.478929e-01,9.478677e-01,6.638290e-04,1.085018e-08,3.800523e+01,8.022897e+00,2.998234e+01,3.965341e+01,1.694000e+02
1.218265e+06,1.410029e+01,6.914471e+04,8.002860e-01,9.478919e-01,9.478678e-01,6.639376e-04,1.085017e-08,3.800472e+01,8.022897e+00,2.998182e+01,3.965290e+01,1.694000e+02
1.218275e+06,1.410040e+01,6.915471e+04,8.004017e-01,9.478908e-01,9.478679e-01,6.640461e-04,1.085017e-08,3.800421e+01,8.022897e+00,2.998131e+01,3.965239e+01,1.694000e+02
1.218285e+06,1.410052e+01,6.916471e+04,8.005175e-01,9.478898e-01,9.478680e-01,6.641546e-04,1.085017e-08,3.800369e+01,8.022897e+00,2.998080e+01,3.965189e+01,1.694000e+02
1.218295e+06,1.410063e+01,6.917471e+04,8.006332e-01,9.478888e-01,9.478681e-01,6.642631e-04,1.085017e-08,3.800318e+01,8.022897e+00,2.998028e+01,3.965138e+01,1.694000e+02
1.218305e+06,1.410075e+01,6.918471e+04,8.007490e-01,9.478877e-01,9.478682e-01,6.643716e-04,1.085017e-08,3.800266e+01,8.022897e+00,2.997977e+01,3.965087e+01,1.694000e+02
1.218315e+06,1.410086e+01,6.919471e+04,8.008647e-01,9.478867e-01,9.478683e-01,6.644801e-04,1.085017e-08,3.800215e+01,8.022897e+00,2.997925e+01,3.965036e+01,1.694000e+02
1.218325e+06,1.410098e+01,6.920471e+04,8.009805e-01,9.478857e-01,9.478684e-01,6.645886e-04,1.085017e-08,3.800164e+01,8.022897e+00,2.997874e+01,3.964986e+01,1.694000e+02
1.218335e+06,1.410110e+01,6.921471e+04,8.010962e-01,9.478846e-01,9.478686e-01,6.646971e-04,1.085017e-08,3.800112e+01,8.022897e+00,2.997823e+01,3.964935e+01,1.694000e+02
1.218345e+06,1.410121e+01,6.922471e+04,8.012120e-01,9.478836e-01,9.478687e-01,6.648056e-04,1.085017e-08,3.800061e+01,8.022897e+00,2.997771e+01,3.964884e+01,1.694000e+02
1.218355e+06,1.410133e+01,6.923471e+04,8.013277e-01,9.478826e-01,9.478688e-01,6.649141e-04,1.085016e-08,3.800010e+01,8.022897e+00,2.997720e+01,3.964833e+01,1.694000e+02
1.218365e+06,1.410144e+01,6.924471e+04,8.014435e-01,9.478815e-01,9.478689e-01,6.650226e-04,1.085016e-08,3.799958e+01,8.022897e+00,2.997669e+01,3.964783e+01,1.694000e+02
1.218375e+06,1.410156e+01,6.925472e+04,8.015592e-01,9.478805e-01,9.478690e-01,6.651312e-04,1.085016e-08,3.799907e+01,8.022897e+00,2.997617e+01,3.964732e+01,1.694000e+02
1.218385e+06,1.410167e+01,6.926472e+04,8.016750e-01,9.478795e-01,9.478691e-01,6.652397e-04,1.085016e-08,3.799855e+01,8.022897e+00,2.997566e+01,3.964681e+01,1.694000e+02
1.218395e+06,1.410179e+01,6.927472e+04,8.017907e-01,9.478784e-01,9.478692e-01,6.653482e-04,1.085016e-08,3.799804e+01,8.022897e+00,2.997514e+01,3.964630e+01,1.694000e+02
1.218405e+06,1.410191e+01,6.928472e+04,8.019064e-01,9.478774e-01,9.478693e-01,6.654567e-04,1.085016e-08,3.799753e+01,8.022897e+00,2.997463e+01,3.964580e+01,1.694000e+02
1.218415e+06,1.410202e+01,6.929472e+04,8.020222e-01,9.478764e-01,9.478694e-01,6.655652e-04,1.085016e-08,3.799701e+01,8.022897e+00,2.997412e+01,3.964529e+01,1.694000e+02
1.218425e+06,1.410214e+01,6.930472e+04,8.021379e-01,9.478753e-01,9.478695e-01,6.656737e-04,1.085016e-08,3.799650e+01,8.022897e+00,2.997360e+01,3.964478e+01,1.694000e+02
1.218435e+06,1.410225e+01,6.931472e+04,8.022537e-01,9.478743e-01,9.478696e-01,6.657822e-04,1.085015e-08,3.799599e+01,8.022897e+00,2.997309e+01,3.964427e+01,1.694000e+02
1.218445e+06,1.410237e+01,6.932472e+04,8.023694e-01,9.478733e-01,9.478697e-01,6.658907e-04,1.085015e-08,3.799547e+01,8.022897e+00,2.997258e+01,3.964376e+01,1.694000e+02
1.218455e+06,1.410249e+01,6.933472e+04,8.024852e-01,9.478722e-01,9.478698e-01,6.659992e-04,1.085015e-08,3.799496e+01,8.022897e+00,2.997206e+01,3.964326e+01,1.694000e+02
1.218465e+06,1.410260e+01,6.934472e+04,8.026009e-01,9.478712e-01,9.478699e-01,6.661077e-04,1.085015e-08,3.799444e+01,8.022897e+00,2.997155e+01,3.964275e+01,1.694000e+02
1.218475e+06,1.410272e+01,6.935472e+04,8.027167e-01,9.478716e-01,9.478700e-01,6.662162e-04,1.085015e-08,3.799403e+01,8.022999e+00,2.997104e+01,3.964230e+01,1.694000e+02
1.218485e+06,1.410283e+01,6.936472e+04,8.028324e-01,9.478742e-01,9.478701e-01,6.663248e-04,1.085015e-08,3.799378e+01,8.023252e+00,2.997053e+01,3.964193e+01,1.694000e+02
1.218495e+06,1.410295e+01,6.937472e+04,8.029482e-01,9.478768e-01,9.478702e-01,6.664333e-04,1.085015e-08,3.799352e+01,8.023505e+00,2.997002e+01,3.964156e+01,1.694000e+02
1.218505e+06,1.410306e+01,6.938472e+04,8.030639e-01,9.478794e-01,9.478703e-01,6.665418e-04,1.085015e-08,3.799327e+01,8.023758e+00,2.996951e+01,3.964119e+01,1.694000e+02
1.218515e+06,1.410318e+01,6.939472e+04,8.031797e-01,9.478819e-01,9.478704e-01,6.666503e-04,1.085015e-08,3.799301e+01,8.024012e+00,2.996900e+01,3.964082e+01,1.694000e+02
1.218525e+06,1.410330e+01,6.940473e+04,8.032954e-01,9.478845e-01,9.478705e-01,6.667588e-04,1.085014e-08,3.799275e+01,8.024265e+00,2.996849e+01,3.964045e+01,1.694000e+02
1.218535e+06,1.410341e+01,6.941473e+04,8.034112e-01,9.478871e-01,9.478706e-01,6.668673e-04,1.085014e-08,3.799250e+01,8.024518e+00,2.996798e+01,3.964008e+01,1.694000e+02
1.218545e+06,1.410353e+01,6.942473e+04,8.035269e-01,9.478897e-01,9.478707e-01,6.669758e-04,1.085014e-08,3.799224e+01,8.024771e+00,2.996747e+01,3.963971e+01,1.694000e+02
1.218555e+06,1.410364e+01,6.943473e+04,8.036427e-01,9.478923e-01,9.478708e-01,6.670843e-04,1.085014e-08,3.799199e+01,8.025025e+00,2.996696e+01,3.963934e+01,1.694000e+02
1.218565e+06,1.410376e+01,6.944473e+04,8.037584e-01,9.478948e-01,9.478709e-01,6.671928e-04,1.085014e-08,3.799173e+01,8.025278e+00,2.996645e+01,3.963897e+01,1.694000e+02
1.218575e+06,1.410387e+01,6.945473e+04,8.038742e-01,9.478974e-01,9.478710e-01,6.673013e-04,1.085014e-08,3.799147e+01,8.025531e+00,2.996594e+01,3.963860e+01,1.694000e+02
1.218585e+06,1.410399e+01,6.946473e+04,8.039899e-01,9.479000e-01,9.478711e-01,6.674098e-04,1.085014e-08,3.799122e+01,8.025784e+00,2.996543e+01,3.963823e+01,1.694000e+02
1.218595e+06,1.410411e+01,6.947473e+04,8.041057e-01,9.479026e-01,9.478712e-01,6.675183e-04,1.085014e-08,3.799096e+01,8.026038e+00,2.996493e+01,3.963786e+01,1.694000e+02
1.218605e+06,1.410422e+01,6.948473e+04,8.042214e-01,9.479052e-01,9.478713e-01,6.676269e-04,1.085013e-08,3.799071e+01,8.026291e+00,2.996442e+01,3.963749e+01,1.694000e+02
1.218615e+06,1.410434e+01,6.949473e+04,8.043372e-01,9.479078e-01,9.478714e-01,6.677354e-04,1.085013e-08,3.799045e+01,8.026544e+00,2.996391e+01,3.963712e+01,1.694000e+02
1.218625e+06,1.410445e+01,6.950473e+04,8.044529e-01,9.479103e-01,9.478715e-01,6.678439e-04,1.085013e-08,3.799019e+01,8.026797e+00,2.996340e+01,3.963675e+01,1.694000e+02
1.218635e+06,1.410457e+01,6.951473e+04,8.045687e-01,9.479129e-01,9.478716e-01,6.679524e-04,1.085013e-08,3.798994e+01,8.027051e+00,2.996289e+01,3.963638e+01,1.694000e+02
1.218645e+06,1.410468e+01,6.952473e+04,8.046844e-01,9.479155e-01,9.478717e-01,6.680609e-04,1.085013e-08,3.798968e+01,8.027304e+00,2.996238e+01,3.963601e+01,1.694000e+02
1.218655e+06,1.410480e+01,6.953473e+04,8.048002e-01,9.479181e-01,9.478718e-01,6.681694e-04,1.085013e-08,3.798943e+01,8.027557e+00,2.996187e+01,3.963564e+01,1.694000e+02
1.218665e+06,1.410492e+01,6.954473e+04,8.049159e-01,9.479207e-01,9.478719e-01,6.682779e-04,1.085013e-08,3.798917e+01,8.027810e+00,2.996136e+01,3.963527e+01,1.694000e+02
1.218675e+06,1.410503e+01,6.955474e+04,8.050317e-01,9.479232e-01,9.478720e-01,6.683864e-04,1.085013e-08,3.798891e+01,8.028064e+00,2.996085e+01,3.963490e+01,1.694000e+02
1.218685e+06,1.410515e+01,6.956474e+04,8.051474e-01,9.479258e-01,9.478722e-01,6.684949e-04,1.085013e-08,3.798866e+01,8.028317e+00,2.996034e+01,3.963453e+01,1.694000e+02
1.218695e+06,1.410526e+01,6.957474e+04,8.052632e-01,9.479284e-01,9.478723e-01,6.686034e-04,1.085012e-08,3.798840e+01,8.028570e+00,2.995983e+01,3.963416e+01,1.694000e+02
1.218705e+06,1.410538e+01,6.958474e+04,8.053789e-01,9.479310e-01,9.478724e-01,6.687119e-04,1.085012e-08,3.798815e+01,8.028823e+00,2.995932e+01,3.963379e+01,1.694000e+02
1.218715e+06,1.410549e+01,6.959474e+04,8.054947e-01,9.479324e-01,9.478725e-01,6.688205e-04,1.085012e-08,3.798789e+01,8.029077e+00,2.995881e+01,3.963345e+01,1.694000e+02
1.218725e+06,1.410561e+01,6.960474e+04,8.056104e-01,9.479298e-01,9.478726e-01,6.689290e-04,1.085012e-08,3.798781e+01,8.029241e+00,2.995857e+01,3.963345e+01,1.693986e+02
1.218735e+06,1.410573e+01,6.961474e+04,8.057262e-01,9.479234e-01,9.478727e-01,6.690375e-04,1.085012e-08,3.798807e+01,8.029241e+00,2.995883e+01,3.963394e+01,1.693946e+02
1.218745e+06,1.410584e+01,6.962474e+04,8.058419e-01,9.479170e-01,9.478728e-01,6.691460e-04,1.085012e-08,3.798833e+01,8.029241e+00,2.995909e+01,3.963442e+01,1.693906e+02
1.218755e+06,1.410596e+01,6.963474e+04,8.059576e-01,9.479106e-01,9.478729e-01,6.692545e-04,1.085012e-08,3.798858e+01,8.029241e+00,2.995934e+01,3.963491e+01,1.693866e+02
1.218765e+06,1.410607e+01,6.964474e+04,8.060734e-01,9.479042e-01,9.478730e-01,6.693630e-04,1.085012e-08,3.798884e+01,8.029241e+00,2.995960e+01,3.963539e+01,1.693826e+02
1.218775e+06,1.410619e+01,6.965474e+04,8.061891e-01,9.478978e-01,9.478731e-01,6.694715e-04,1.085011e-08,3.798910e+01,8.029241e+00,2.995986e+01,3.963587e+01,1.693786e+02
1.218785e+06,1.410630e+01,6.966474e+04,8.063049e-01,9.478914e-01,9.478732e-01,6.695800e-04,1.085011e-08,3.798936e+01,8.029241e+00,2.996011e+01,3.963636e+01,1.693746e+02
1.218795e+06,1.410642e+01,6.967474e+04,8.064206e-01,9.478849e-01,9.478733e-01,6.696885e-04,1.085011e-08,3.798961e+01,8.029241e+00,2.996037e+01,3.963684e+01,1.693706e+02
1.218805e+06,1.410654e+01,6.968474e+04,8.065364e-01,9.478785e-01,9.478734e-01,6.697970e-04,1.085011e-08,3.798987e+01,8.029241e+00,2.996063e+01,3.963733e+01,1.693666e+02
1.218815e+06,1.410665e+01,6.969475e+04,8.066521e-01,9.478721e-01,9.478735e-01,6.699055e-04,1.085011e-08,3.799013e+01,8.029241e+00,2.996088e+01,3.963781e+01,1.693626e+02
1.218825e+06,1.410677e+01,6.970475e+04,8.067679e-01,9.478657e-01,9.478736e-01,6.700140e-04,1.085011e-08,3.799038e+01,8.029241e+00,2.996114e+01,3.963830e+01,1.693586e+02
1.218835e+06,1.410688e+01,6.971475e+04,8.068836e-01,9.478593e-01,9.478737e-01,6.701226e-04,1.085011e-08,3.799064e+01,8.029241e+00,2.996140e+01,3.963878e+01,1.693545e+02
1.218845e+06,1.410700e+01,6.972475e+04,8.069994e-01,9.478529e-01,9.478738e-01,6.702311e-04,1.085011e-08,3.799090e+01,8.029241e+00,2.996166e+01,3.963927e+01,1.693505e+02
1.218855e+06,1.410712e+01,6.973475e+04,8.071151e-01,9.478465e-01,9.478739e-01,6.703396e-04,1.085011e-08,3.799115e+01,8.029241e+00,2.996191e+01,3.963975e+01,1.693465e+02
1.218865e+06,1.410723e+01,6.974475e+04,8.072309e-01,9.478401e-01,9.478740e-01,6.704481e-04,1.085010e-08,3.799141e+01,8.029241e+00,2.996217e+01,3.964024e+01,1.693425e+02
1.218875e+06,1.410735e+01,6.975475e+04,8.073466e-01,9.478337e-01,9.478741e-01,6.705566e-04,1.085010e-08,3.799167e+01,8.029241e+00,2.996243e+01,3.964072e+01,1.693385e+02
1.218885e+06,1.410746e+01,6.976475e+04,8.074624e-01,9.478273e-01,9.478742e-01,6.706651e-04,1.085010e-08,3.799192e+01,8.029241e+00,2.996268e+01,3.964121e+01,1.693345e+02
1.218895e+06,1.410758e+01,6.977475e+04,8.075781e-01,9.478209e-01,9.478743e-01,6.707736e-04,1.085010e-08,3.799218e+01,8.029241e+00,2.996294e+01,3.964169e+01,1.693305e+02
1.218905e+06,1.410769e+01,6.978475e+04,8.076939e-01,9.478145e-01,9.478744e-01,6.708821e-04,1.085010e-08,3.799244e+01,8.029241e+00,2.996320e+01,3.964218e+01,1.693265e+02
1.218915e+06,1.410781e+01,6.979475e+04,8.078096e-01,9.478080e-01,9.478745e-01,6.709906e-04,1.085010e-08,3.799269e+01,8.029241e+00,2.996345e+01,3.964266e+01,1.693225e+02
1.218925e+06,1.410793e+01,6.980475e+04,8.079254e-01,9.478016e-01,9.478746e-01,6.710991e-04,1.085010e-08,3.799295e+01,8.029241e+00,2.996371e+01,3.964315e+01,1.693185e+02
1.218935e+06,1.410804e+01,6.981475e+04,8.080411e-01,9.477952e-01,9.478747e-01,6.712076e-04,1.085010e-08,3.799321e+01,8.029241e+00,2.996397e+01,3.964363e+01,1.693145e+02
1.218945e+06,1.410816e+01,6.982475e+04,8.081569e-01,9.477888e-01,9.478748e-01,6.713161e-04,1.085009e-08,3.799347e+01,8.029241e+00,2.996422e+01,3.964411e+01,1.693105e+02
1.218955e+06,1.410827e+01,6.983475e+04,8.082726e-01,9.477824e-01,9.478749e-01,6.714247e-04,1.085009e-08,3.799372e+01,8.029241e+00,2.996448e+01,3.964460e+01,1.693065e+02
1.218965e+06,1.410839e+01,6.984476e+04,8.083884e-01,9.477797e-01,9.478750e-01,6.715332e-04,1.085009e-08,3.799398e+01,8.029241e+00,2.996474e+01,3.964496e+01,1.693025e+02
1.218975e+06,1.410850e+01,6.985476e+04,8.085041e-01,9.477897e-01,9.478751e-01,6.716417e-04,1.085009e-08,3.799424e+01,8.029241e+00,2.996499e+01,3.964490e+01,1.693030e+02
1.218985e+06,1.410862e+01,6.986476e+04,8.086199e-01,9.478110e-01,9.478752e-01,6.717502e-04,1.085009e-08,3.799449e+01,8.029241e+00,2.996525e+01,3.964446e+01,1.693110e+02
1.218995e+06,1.410874e+01,6.987476e+04,8.087356e-01,9.478322e-01,9.478753e-01,6.718587e-04,1.085009e-08,3.799475e+01,8.029241e+00,2.996551e+01,3.964402e+01,1.693190e+02
1.219005e+06,1.410885e+01,6.988476e+04,8.088514e-01,9.478534e-01,9.478754e-01,6.719672e-04,1.085009e-08,3.799500e+01,8.029241e+00,2.996576e+01,3.964358e+01,1.693270e+02
1.219015e+06,1.410897e+01,6.989476e+04,8.089671e-01,9.478747e-01,9.478755e-01,6.720757e-04,1.085009e-08,3.799526e+01,8.029241e+00,2.996602e+01,3.964314e+01,1.693350e+02
1.219025e+06,1.410908e+01,6.990476e+04,8.090829e-01,9.478959e-01,9.478756e-01,6.721842e-04,1.085009e-08,3.799552e+01,8.029241e+00,2.996627e+01,3.964271e+01,1.693430e+02
1.219035e+06,1.410920e+01,6.991476e+04,8.091986e-01,9.479172e-01,9.478758e-01,6.722927e-04,1.085008e-08,3.799577e+01,8.029241e+00,2.996653e+01,3.964227e+01,1.693509e+02
1.219045e+06,1.410931e+01,6.992476e+04,8.093144e-01,9.479384e-01,9.478759e-01,6.724012e-04,1.085008e-08,3.799603e+01,8.029241e+00,2.996679e+01,3.964183e+01,1.693589e+02
1.219055e+06,1.410943e+01,6.993476e+04,8.094301e-01,9.479596e-01,9.478760e-01,6.725097e-04,1.085008e-08,3.799628e+01,8.029241e+00,2.996704e+01,3.964139e+01,1.693669e+02
1.219065e+06,1.410955e+01,6.994476e+04,8.095459e-01,9.479809e-01,9.478761e-01,6.726182e-04,1.085008e-08,3.799654e+01,8.029241e+00,2.996730e+01,3.964095e+01,1.693749e+02
1.219075e+06,1.410966e+01,6.995476e+04,8.096616e-01,9.480021e-01,9.478762e-01,6.727268e-04,1.085008e-08,3.799680e+01,8.029241e+00,2.996755e+01,3.964051e+01,1.693829e+02
1.219085e+06,1.410978e+01,6.996476e+04,8.097774e-01,9.480234e-01,9.478763e-01,6.728353e-04,1.085008e-08,3.799705e+01,8.029241e+00,2.996781e+01,3.964008e+01,1.693909e+02
1.219095e+06,1.410989e+01,6.997476e+04,8.098931e-01,9.480446e-01,9.478764e-01,6.729438e-04,1.085008e-08,3.799731e+01,8.029241e+00,2.996807e+01,3.963964e+01,1.693988e+02
1.219105e+06,1.411001e+01,6.998476e+04,8.100089e-01,9.480658e-01,9.478765e-01,6.730523e-04,1.085008e-08,3.799756e+01,8.029241e+00,2.996832e+01,3.963920e+01,1.694068e+02
1.219115e+06,1.411012e+01,6.999477e+04,8.101246e-01,9.480871e-01,9.478766e-01,6.731608e-04,1.085007e-08,3.799782e+01,8.029241e+00,2.996858e+01,3.963876e+01,1.694148e+02
1.219125e+06,1.411024e+01,7.000477e+04,8.102403e-01,9.481083e-01,9.478767e-01,6.732693e-04,1.085007e-08,3.799808e+01,8.029241e+00,2.996883e+01,3.963832e+01,1.694228e+02
1.219135e+06,1.411036e+01,7.001477e+04,8.103561e-01,9.481296e-01,9.478768e-01,6.733778e-04,1.085007e-08,3.799833e+01,8.029241e+00,2.996909e+01,3.963789e+01,1.694308e+02
1.219145e+06,1.411047e+01,7.002477e+04,8.104718e-01,9.481508e-01,9.478769e-01,6.734863e-04,1.085007e-08,3.799859e+01,8.029241e+00,2.996935e+01,3.963745e+01,1.694387e+02
1.219155e+06,1.411059e+01,7.003477e+04,8.105876e-01,9.481720e-01,9.478770e-01,6.735948e-04,1.085007e-08,3.799884e+01,8.029241e+00,2.996960e+01,3.963701e+01,1.694467e+02
1.219165e+06,1.411070e+01,7.004477e+04,8.107033e-01,9.481933e-01,9.478771e-01,6.737033e-04,1.085007e-08,3.799910e+01,8.029241e+00,2.996986e+01,3.963657e+01,1.694547e+02
1.219175e+06,1.411082e+01,7.005477e+04,8.108191e-01,9.482145e-01,9.478772e-01,6.738118e-04,1.085007e-08,3.799936e+01,8.029241e+00,2.997011e+01,3.963613e+01,1.694627e+02
1.219185e+06,1.411093e+01,7.006477e+04,8.109348e-01,9.482358e-01,9.478773e-01,6.739203e-04,1.085007e-08,3.799961e+01,8.029241e+00,2.997037e+01,3.963570e+01,1.694707e+02
1.219195e+06,1.411105e+01,7.007477e+04,8.110506e-01,9.482570e-01,9.478774e-01,6.740289e-04,1.085007e-08,3.799987e+01,8.029241e+00,2.997063e+01,3.963526e+01,1.694787e+02
1.219205e+06,1.411117e+01,7.008477e+04,8.111663e-01,9.482782e-01,9.478775e-01,6.741374e-04,1.085006e-08,3.800012e+01,8.029241e+00,2.997088e+01,3.963482e+01,1.694866e+02
1.219215e+06,1.411128e+01,7.009477e+04,8.112821e-01,9.482963e-01,9.478776e-01,6.742459e-04,1.085006e-08,3.800038e+01,8.029241e+00,2.997114e+01,3.963449e+01,1.694946e+02
1.219225e+06,1.411140e+01,7.010477e+04,8.113978e-01,9.482974e-01,9.478777e-01,6.743544e-04,1.085006e-08,3.800038e+01,8.029241e+00,2.997114e+01,3.963445e+01,1.694987e+02
1.219235e+06,1.411151e+01,7.011477e+04,8.115136e-01,9.482768e-01,9.478778e-01,6.744629e-04,1.085006e-08,3.799987e+01,8.029241e+00,2.997063e+01,3.963460e+01,1.694947e+02
1.219245e+06,1.411163e+01,7.012477e+04,8.116293e-01,9.482562e-01,9.478779e-01,6.745714e-04,1.085006e-08,3.799936e+01,8.029241e+00,2.997011e+01,3.963474e+01,1.694907e+02
1.219255e+06,1.411175e+01,7.013477e+04,8.117451e-01,9.482356e-01,9.478780e-01,6.746799e-04,1.085006e-08,3.799884e+01,8.029241e+00,2.996960e+01,3.963489e+01,1.694867e+02
1.219265e+06,1.411186e+01,7.014478e+04,8.118608e-01,9.482150e-01,9.478781e-01,6.747884e-04,1.085006e-08,3.799833e+01,8.029241e+00,2.996909e+01,3.963503e+01,1.694827e+02
1.219275e+06,1.411198e+01,7.015478e+04,8.119766e-01,9.481944e-01,9.478782e-01,6.748969e-04,1.085006e-08,3.799781e+01,8.029241e+00,2.996857e+01,3.963518e+01,1.694787e+02
1.219285e+06,1.411209e+01,7.016478e+04,8.120923e-01,9.481738e-01,9.478783e-01,6.750054e-04,1.085005e-08,3.799730e+01,8.029241e+00,2.996806e+01,3.963532e+01,1.694747e+02
1.219295e+06,1.411221e+01,7.017478e+04,8.122081e-01,9.481532e-01,9.478784e-01,6.751139e-04,1.085005e-08,3.799679e+01,8.029241e+00,2.996755e+01,3.963547e+01,1.694707e+02
1.219305e+06,1.411232e+01,7.018478e+04,8.123238e-01,9.481326e-01,9.478785e-01,6.752224e-04,1.085005e-08,3.799627e+01,8.029241e+00,2.996703e+01,3.963561e+01,1.694666e+02
1.219315e+06,1.411244e+01,7.019478e+04,8.124396e-01,9.481120e-01,9.478786e-01,6.753309e-04,1.085005e-08,3.799576e+01,8.029241e+00,2.996652e+01,3.963576e+01,1.694626e+02
1.219325e+06,1.411256e+01,7.020478e+04,8.125553e-01,9.480914e-01,9.478787e-01,6.754395e-04,1.085005e-08,3.799525e+01,8.029241e+00,2.996600e+01,3.963590e+01,1.694586e+02
1.219335e+06,1.411267e+01,7.021478e+04,8.126711e-01,9.480708e-01,9.478788e-01,6.755480e-04,1.085005e-08,3.799473e+01,8.029241e+00,2.996549e+01,3.963605e+01,1.694546e+02
1.219345e+06,1.411279e+01,7.022478e+04,8.127868e-01,9.480502e-01,9.478789e-01,6.756565e-04,1.085005e-08,3.799422e+01,8.029241e+00,2.996498e+01,3.963619e+01,1.694506e+02
1.219355e+06,1.411290e+01,7.023478e+04,8.129026e-01,9.480296e-01,9.478790e-01,6.757650e-04,1.085005e-08,3.799370e+01,8.029241e+00,2.996446e+01,3.963634e+01,1.694466e+02
1.219365e+06,1.411302e+01,7.024478e+04,8.130183e-01,9.480090e-01,9.478791e-01,6.758735e-04,1.085005e-08,3.799319e+01,8.029241e+00,2.996395e+01,3.963648e+01,1.694426e+02
1.219375e+06,1.411313e+01,7.025478e+04,8.131341e-01,9.479884e-01,9.478792e-01,6.759820e-04,1.085004e-08,3.799268e+01,8.029241e+00,2.996344e+01,3.963663e+01,1.694386e+02
1.219385e+06,1.411325e+01,7.026478e+04,8.132498e-01,9.479678e-01,9.478794e-01,6.760905e-04,1.085004e-08,3.799216e+01,8.029241e+00,2.996292e+01,3.963677e+01,1.694346e+02
1.219395e+06,1.411337e+01,7.027478e+04,8.133656e-01,9.479472e-01,9.478795e-01,6.761990e-04,1.085004e-08,3.799165e+01,8.029241e+00,2.996241e+01,3.963692e+01,1.694306e+02
1.219405e+06,1.411348e+01,7.028479e+04,8.134813e-01,9.479266e-01,9.478796e-01,6.763075e-04,1.085004e-08,3.799114e+01,8.029241e+00,2.996189e+01,3.963706e+01,1.694266e+02
1.219415e+06,1.411360e+01,7.029479e+04,8.135971e-01,9.479060e-01,9.478797e-01,6.764160e-04,1.085004e-08,3.799062e+01,8.029241e+00,2.996138e+01,3.963721e+01,1.694226e+02
1.219425e+06,1.411371e+01,7.030479e+04,8.137128e-01,9.478854e-01,9.478798e-01,6.765245e-04,1.085004e-08,3.799011e+01,8.029241e+00,2.996087e+01,3.963735e+01,1.694186e+02
1.219435e+06,1.411383e+01,7.031479e+04,8.138286e-01,9.478648e-01,9.478799e-01,6.766330e-04,1.085004e-08,3.798959e+01,8.029241e+00,2.996035e+01,3.963750e+01,1.694146e+02
1.219445e+06,1.411394e+01,7.032479e+04,8.139443e-01,9.478442e-01,9.478800e-01,6.767415e-04,1.085004e-08,3.798908e+01,8.029241e+00,2.995984e+01,3.963764e+01,1.694106e+02
1.219455e+06,1.411406e+01,7.033479e+04,8.140601e-01,9.478236e-01,9.478801e-01,6.768501e-04,1.085003e-08,3.798857e+01,8.029241e+00,2.995933e+01,3.963779e+01,1.694066e+02
1.219465e+06,1.411418e+01,7.034479e+04,8.141758e-01,9.478030e-01,9.478802e-01,6.769586e-04,1.085003e-08,3.798805e+01,8.029241e+00,2.995881e+01,3.963793e+01,1.694026e+02
1.219475e+06,1.411429e+01,7.035479e+04,8.142916e-01,9.477904e-01,9.478803e-01,6.770671e-04,1.085003e-08,3.798809e+01,8.029363e+00,2.995873e+01,3.963838e+01,1.693986e+02
1.219485e+06,1.411441e+01,7.036479e+04,8.144073e-01,9.477923e-01,9.478804e-01,6.771756e-04,1.085003e-08,3.798912e+01,8.029701e+00,2.995941e+01,3.963938e+01,1.693946e+02
1.219495e+06,1.411452e+01,7.037479e+04,8.145230e-01,9.477942e-01,9.478805e-01,6.772841e-04,1.085003e-08,3.799014e+01,8.030040e+00,2.996010e+01,3.964038e+01,1.693906e+02
1.219505e+06,1.411464e+01,7.038479e+04,8.146388e-01,9.477961e-01,9.478806e-01,6.773926e-04,1.085003e-08,3.799116e+01,8.030379e+00,2.996079e+01,3.964138e+01,1.693866e+02
1.219515e+06,1.411475e+01,7.039479e+04,8.147545e-01,9.477979e-01,9.478807e-01,6.775011e-04,1.085003e-08,3.799219e+01,8.030717e+00,2.996147e+01,3.964238e+01,1.693826e+02
1.219525e+06,1.411487e+01,7.040479e+04,8.148703e-01,9.477998e-01,9.478808e-01,6.776096e-04,1.085003e-08,3.799321e+01,8.031056e+00,2.996216e+01,3.964338e+01,1.693786e+02
1.219535e+06,1.411499e+01,7.041479e+04,8.149860e-01,9.478017e-01,9.478809e-01,6.777181e-04,1.085003e-08,3.799424e+01,8.031394e+00,2.996284e+01,3.964438e+01,1.693746e+02
1.219545e+06,1.411510e+01,7.042479e+04,8.151018e-01,9.478036e-01,9.478810e-01,6.778266e-04,1.085002e-08,3.799526e+01,8.031733e+00,2.996353e+01,3.964538e+01,1.693706e+02
1.219555e+06,1.411522e+01,7.043480e+04,8.152175e-01,9.478054e-01,9.478811e-01,6.779351e-04,1.085002e-08,3.799628e+01,8.032072e+00,2.996421e+01,3.964638e+01,1.693666e+02
1.219565e+06,1.411533e+01,7.044480e+04,8.153333e-01,9.478073e-01,9.478812e-01,6.780436e-04,1.085002e-08,3.799731e+01,8.032410e+00,2.996490e+01,3.964738e+01,1.693626e+02
1.219575e+06,1.411545e+01,7.045480e+04,8.154490e-01,9.478092e-01,9.478813e-01,6.781521e-04,1.085002e-08,3.799833e+01,8.032749e+00,2.996558e+01,3.964838e+01,1.693587e+02
1.219585e+06,1.411556e+01,7.046480e+04,8.155648e-01,9.478111e-01,9.478814e-01,6.782607e-04,1.085002e-08,3.799936e+01,8.033087e+00,2.996627e+01,3.964938e+01,1.693547e+02
1.219595e+06,1.411568e+01,7.047480e+04,8.156805e-01,9.478129e-01,9.478815e-01,6.783692e-04,1.085002e-08,3.800038e+01,8.033426e+00,2.996695e+01,3.965038e+01,1.693507e+02
1.219605e+06,1.411580e+01,7.048480e+04,8.157963e-01,9.478148e-01,9.478816e-01,6.784777e-04,1.085002e-08,3.800140e+01,8.033764e+00,2.996764e+01,3.965137e+01,1.693467e+02
1.219615e+06,1.411591e+01,7.049480e+04,8.159120e-01,9.478167e-01,9.478817e-01,6.785862e-04,1.085002e-08,3.800243e+01,8.034103e+00,2.996832e+01,3.965237e+01,1.693427e+02
1.219625e+06,1.411603e+01,7.050480e+04,8.160278e-01,9.478186e-01,9.478818e-01,6.786947e-04,1.085001e-08,3.800345e+01,8.034442e+00,2.996901e+01,3.965337e+01,1.693387e+02
1.219635e+06,1.411614e+01,7.051480e+04,8.161435e-01,9.478204e-01,9.478819e-01,6.788032e-04,1.085001e-08,3.800448e+01,8.034780e+00,2.996970e+01,3.965437e+01,1.693347e+02
1.219645e+06,1.411626e+01,7.052480e+04,8.162593e-01,9.478223e-01,9.478820e-01,6.789117e-04,1.085001e-08,3.800550e+01,8.035119e+00,2.997038e+01,3.965537e+01,1.693307e+02
1.219655e+06,1.411638e+01,7.053480e+04,8.163750e-01,9.478242e-01,9.478821e-01,6.790202e-04,1.085001e-08,3.800652e+01,8.035457e+00,2.997107e+01,3.965637e+01,1.693267e+02
1.219665e+06,1.411649e+01,7.054480e+04,8.164908e-01,9.478261e-01,9.478822e-01,6.791287e-04,1.085001e-08,3.800755e+01,8.035796e+00,2.997175e+01,3.965737e+01,1.693227e+02
1.219675e+06,1.411661e+01,7.055480e+04,8.166065e-01,9.478279e-01,9.478823e-01,6.792372e-04,1.085001e-08,3.800857e+01,8.036134e+00,2.997244e+01,3.965837e+01,1.693187e+02
1.219685e+06,1.411672e+01,7.056480e+04,8.167223e-01,9.478298e-01,9.478824e-01,6.793457e-04,1.085001e-08,3.800960e+01,8.036473e+00,2.997312e+01,3.965937e+01,1.693147e+02
1.219695e+06,1.411684e+01,7.057480e+04,8.168380e-01,9.478317e-01,9.478825e-01,6.794542e-04,1.085001e-08,3.801062e+01,8.036812e+00,2.997381e+01,3.966037e+01,1.693108e+02
1.219705e+06,1.411695e+01,7.058481e+04,8.169538e-01,9.478336e-01,9.478826e-01,6.795627e-04,1.085001e-08,3.801164e+01,8.037150e+00,2.997449e+01,3.966137e+01,1.693068e+02
1.219715e+06,1.411707e+01,7.059481e+04,8.170695e-01,9.478364e-01,9.478827e-01,6.796713e-04,1.085000e-08,3.801267e+01,8.037489e+00,2.997518e+01,3.966233e+01,1.693028e+02
1.219725e+06,1.411719e+01,7.060481e+04,8.171853e-01,9.478439e-01,9.478828e-01,6.797798e-04,1.085000e-08,3.801330e+01,8.037724e+00,2.997558e+01,3.966274e+01,1.693000e+02
1.219735e+06,1.411730e+01,7.061481e+04,8.173010e-01,9.478572e-01,9.478830e-01,6.798883e-04,1.085000e-08,3.801304e+01,8.037724e+00,2.997532e+01,3.966202e+01,1.693000e+02
1.219745e+06,1.411742e+01,7.062481e+04,8.174168e-01,9.478704e-01,9.478831e-01,6.799968e-04,1.085000e-08,3.801279e+01,8.037724e+00,2.997506e+01,3.966131e+01,1.693000e+02
1.219755e+06,1.411753e+01,7.063481e+04,8.175325e-01,9.478836e-01,9.478832e-01,6.801053e-04,1.085000e-08,3.801253e+01,8.037724e+00,2.997480e+01,3.966060e+01,1.693000e+02
1.219765e+06,1.411765e+01,7.064481e+04,8.176483e-01,9.478968e-01,9.478833e-01,6.802138e-04,1.085000e-08,3.801227e+01,8.037724e+00,2.997455e+01,3.965989e+01,1.693000e+02
1.219775e+06,1.411776e+01,7.065481e+04,8.177640e-01,9.479100e-01,9.478834e-01,6.803223e-04,1.085000e-08,3.801201e+01,8.037724e+00,2.997429e+01,3.965917e+01,1.693000e+02
1.219785e+06,1.411788e+01,7.066481e+04,8.178798e-01,9.479232e-01,9.478835e-01,6.804308e-04,1.085000e-08,3.801175e+01,8.037724e+00,2.997403e+01,3.965846e+01,1.693000e+02
1.219795e+06,1.411800e+01,7.067481e+04,8.179955e-01,9.479364e-01,9.478836e-01,6.805393e-04,1.084999e-08,3.801150e+01,8.037724e+00,2.997377e+01,3.965775e+01,1.693000e+02
1.219805e+06,1.411811e+01,7.068481e+04,8.181113e-01,9.479496e-01,9.478837e-01,6.806478e-04,1.084999e-08,3.801124e+01,8.037724e+00,2.997351e+01,3.965703e+01,1.693000e+02
1.219815e+06,1.411823e+01,7.069481e+04,8.182270e-01,9.479629e-01,9.478838e-01,6.807563e-04,1.084999e-08,3.801098e+01,8.037724e+00,2.997326e+01,3.965632e+01,1.693000e+02
1.219825e+06,1.411834e+01,7.070481e+04,8.183428e-01,9.479761e-01,9.478839e-01,6.808648e-04,1.084999e-08,3.801072e+01,8.037724e+00,2.997300e+01,3.965561e+01,1.693000e+02
1.219835e+06,1.411846e+01,7.071481e+04,8.184585e-01,9.479893e-01,9.478840e-01,6.809733e-04,1.084999e-08,3.801047e+01,8.037724e+00,2.997274e+01,3.965490e+01,1.693000e+02
1.219845e+06,1.411857e+01,7.072482e+04,8.185742e-01,9.480025e-01,9.478841e-01,6.810818e-04,1.084999e-08,3.801021e+01,8.037724e+00,2.997248e+01,3.965418e+01,1.693000e+02
1.219855e+06,1.411869e+01,7.073482e+04,8.186900e-01,9.480157e-01,9.478842e-01,6.811904e-04,1.084999e-08,3.800995e+01,8.037724e+00,2.997223e+01,3.965347e+01,1.693000e+02
1.219865e+06,1.411881e+01,7.074482e+04,8.188057e-01,9.480289e-01,9.478843e-01,6.812989e-04,1.084999e-08,3.800969e+01,8.037724e+00,2.997197e+01,3.965276e+01,1.693000e+02
1.219875e+06,1.411892e+01,7.075482e+04,8.189215e-01,9.480421e-01,9.478844e-01,6.814074e-04,1.084999e-08,3.800943e+01,8.037724e+00,2.997171e+01,3.965205e+01,1.693000e+02
1.219885e+06,1.411904e+01,7.076482e+04,8.190372e-01,9.480554e-01,9.478845e-01,6.815159e-04,1.084998e-08,3.800918e+01,8.037724e+00,2.997145e+01,3.965133e+01,1.693000e+02
1.219895e+06,1.411915e+01,7.077482e+04,8.191530e-01,9.480686e-01,9.478846e-01,6.816244e-04,1.084998e-08,3.800892e+01,8.037724e+00,2.997119e+01,3.965062e+01,1.693000e+02
1.219905e+06,1.411927e+01,7.078482e+04,8.192687e-01,9.480818e-01,9.478847e-01,6.817329e-04,1.084998e-08,3.800866e+01,8.037724e+00,2.997094e+01,3.964991e+01,1.693000e+02
1.219915e+06,1.411938e+01,7.079482e+04,8.193845e-01,9.480950e-01,9.478848e-01,6.818414e-04,1.084998e-08,3.800840e+01,8.037724e+00,2.997068e+01,3.964920e+01,1.693000e+02
1.219925e+06,1.411950e+01,7.080482e+04,8.195002e-01,9.481082e-01,9.478849e-01,6.819499e-04,1.084998e-08,3.800815e+01,8.037724e+00,2.997042e+01,3.964848e+01,1.693000e+02
1.219935e+06,1.411962e+01,7.081482e+04,8.196160e-01,9.481214e-01,9.478850e-01,6.820584e-04,1.084998e-08,3.800789e+01,8.037724e+00,2.997016e+01,3.964777e+01,1.693000e+02
1.219945e+06,1.411973e+01,7.082482e+04,8.197317e-01,9.481346e-01,9.478851e-01,6.821669e-04,1.084998e-08,3.800763e+01,8.037724e+00,2.996991e+01,3.964706e+01,1.693000e+02
1.219955e+06,1.411985e+01,7.083482e+04,8.198475e-01,9.481478e-01,9.478852e-01,6.822754e-04,1.084998e-08,3.800737e+01,8.037724e+00,2.996965e+01,3.964635e+01,1.693000e+02
1.219965e+06,1.411996e+01,7.084482e+04,8.199632e-01,9.481624e-01,9.478853e-01,6.823839e-04,1.084997e-08,3.800711e+01,8.037724e+00,2.996939e+01,3.964559e+01,1.693000e+02
1.219975e+06,1.412008e+01,7.085482e+04,8.200790e-01,9.481742e-01,9.478854e-01,6.824924e-04,1.084997e-08,3.800642e+01,8.037832e+00,2.996859e+01,3.964446e+01,1.693017e+02
1.219985e+06,1.412019e+01,7.086482e+04,8.201947e-01,9.481798e-01,9.478855e-01,6.826010e-04,1.084997e-08,3.800514e+01,8.038088e+00,2.996706e+01,3.964291e+01,1.693057e+02
1.219995e+06,1.412031e+01,7.087483e+04,8.203105e-01,9.481853e-01,9.478856e-01,6.827095e-04,1.084997e-08,3.800386e+01,8.038344e+00,2.996552e+01,3.964136e+01,1.693097e+02
1.220005e+06,1.412043e+01,7.088483e+04,8.204262e-01,9.481909e-01,9.478857e-01,6.828180e-04,1.084997e-08,3.800258e+01,8.038600e+00,2.996398e+01,3.963981e+01,1.693137e+02
1.220015e+06,1.412054e+01,7.089483e+04,8.205420e-01,9.481965e-01,9.478858e-01,6.829265e-04,1.084997e-08,3.800130e+01,8.038856e+00,2.996245e+01,3.963827e+01,1.693177e+02
1.220025e+06,1.412066e+01,7.090483e+04,8.206577e-01,9.482020e-01,9.478859e-01,6.830350e-04,1.084997e-08,3.800002e+01,8.039112e+00,2.996091e+01,3.963672e+01,1.693216e+02
1.220035e+06,1.412077e+01,7.091483e+04,8.207735e-01,9.482076e-01,9.478860e-01,6.831435e-04,1.084997e-08,3.799874e+01,8.039368e+00,2.995938e+01,3.963517e+01,1.693256e+02
1.220045e+06,1.412089e+01,7.092483e+04,8.208892e-01,9.482131e-01,9.478861e-01,6.832520e-04,1.084997e-08,3.799746e+01,8.039624e+00,2.995784e+01,3.963362e+01,1.693296e+02
1.220055e+06,1.412100e+01,7.093483e+04,8.210050e-01,9.482187e-01,9.478862e-01,6.833605e-04,1.084996e-08,3.799618e+01,8.039880e+00,2.995630e+01,3.963207e+01,1.693336e+02
1.220065e+06,1.412112e+01,7.094483e+04,8.211207e-01,9.482243e-01,9.478863e-01,6.834690e-04,1.084996e-08,3.799490e+01,8.040136e+00,2.995477e+01,3.963052e+01,1.693376e+02
1.220075e+06,1.412124e+01,7.095483e+04,8.212365e-01,9.482298e-01,9.478864e-01,6.835775e-04,1.084996e-08,3.799362e+01,8.040392e+00,2.995323e+01,3.962897e+01,1.693416e+02
1.220085e+06,1.412135e+01,7.096483e+04,8.213522e-01,9.482354e-01,9.478866e-01,6.836860e-04,1.084996e-08,3.799234e+01,8.040648e+00,2.995170e+01,3.962742e+01,1.693456e+02
1.220095e+06,1.412147e+01,7.097483e+04,8.214680e-01,9.482409e-01,9.478867e-01,6.837945e-04,1.084996e-08,3.799106e+01,8.040904e+00,2.995016e+01,3.962587e+01,1.693496e+02
1.220105e+06,1.412158e+01,7.098483e+04,8.215837e-01,9.482465e-01,9.478868e-01,6.839030e-04,1.084996e-08,3.798978e+01,8.041160e+00,2.994862e+01,3.962432e+01,1.693536e+02
1.220115e+06,1.412170e+01,7.099483e+04,8.216995e-01,9.482521e-01,9.478869e-01,6.840115e-04,1.084996e-08,3.798850e+01,8.041416e+00,2.994709e+01,3.962277e+01,1.693576e+02
1.220125e+06,1.412182e+01,7.100483e+04,8.218152e-01,9.482576e-01,9.478870e-01,6.841200e-04,1.084996e-08,3.798722e+01,8.041672e+00,2.994555e+01,3.962123e+01,1.693616e+02
1.220135e+06,1.412193e+01,7.101483e+04,8.219310e-01,9.482632e-01,9.478871e-01,6.842286e-04,1.084995e-08,3.798594e+01,8.041928e+00,2.994402e+01,3.961968e+01,1.693656e+02
1.220145e+06,1.412205e+01,7.102484e+04,8.220467e-01,9.482687e-01,9.478872e-01,6.843371e-04,1.084995e-08,3.798466e+01,8.042184e+00,2.994248e+01,3.961813e+01,1.693695e+02
1.220155e+06,1.412216e+01,7.103484e+04,8.221625e-01,9.482743e-01,9.478873e-01,6.844456e-04,1.084995e-08,3.798338e+01,8.042440e+00,2.994094e+01,3.961658e+01,1.693735e+02
1.220165e+06,1.412228e+01,7.104484e+04,8.222782e-01,9.482799e-01,9.478874e-01,6.845541e-04,1.084995e-08,3.798210e+01,8.042696e+00,2.993941e+01,3.961503e+01,1.693775e+02
1.220175e+06,1.412239e+01,7.105484e+04,8.223940e-01,9.482854e-01,9.478875e-01,6.846626e-04,1.084995e-08,3.798082e+01,8.042952e+00,2.993787e+01,3.961348e+01,1.693815e+02
1.220185e+06,1.412251e+01,7.106484e+04,8.225097e-01,9.482910e-01,9.478876e-01,6.847711e-04,1.084995e-08,3.797954e+01,8.043208e+00,2.993634e+01,3.961193e+01,1.693855e+02
1.220195e+06,1.412263e+01,7.107484e+04,8.226255e-01,9.482965e-01,9.478877e-01,6.848796e-04,1.084995e-08,3.797826e+01,8.043464e+00,2.993480e+01,3.961038e+01,1.693895e+02
1.220205e+06,1.412274e+01,7.108484e+04,8.227412e-01,9.483021e-01,9.478878e-01,6.849881e-04,1.084995e-08,3.797698e+01,8.043720e+00,2.993326e+01,3.960883e+01,1.693935e+02
1.220215e+06,1.412286e+01,7.109484e+04,8.228569e-01,9.483077e-01,9.478879e-01,6.850966e-04,1.084995e-08,3.797570e+01,8.043976e+00,2.993173e+01,3.960729e+01,1.693975e+02
1.220225e+06,1.412297e+01,7.110484e+04,8.229727e-01,9.483062e-01,9.478880e-01,6.852051e-04,1.084994e-08,3.797556e+01,8.044138e+00,2.993142e+01,3.960717e+01,1.694015e+02
1.220235e+06,1.412309e+01,7.111484e+04,8.230884e-01,9.482927e-01,9.478881e-01,6.853136e-04,1.084994e-08,3.797736e+01,8.044138e+00,2.993322e+01,3.960952e+01,1.694055e+02
1.220245e+06,1.412320e+01,7.112484e+04,8.232042e-01,9.482792e-01,9.478882e-01,6.854221e-04,1.084994e-08,3.797916e+01,8.044138e+00,2.993502e+01,3.961186e+01,1.694095e+02
1.220255e+06,1.412332e+01,7.113484e+04,8.233199e-01,9.482657e-01,9.478883e-01,6.855306e-04,1.084994e-08,3.798095e+01,8.044138e+00,2.993682e+01,3.961421e+01,1.694135e+02
1.220265e+06,1.412344e+01,7.114484e+04,8.234357e-01,9.482522e-01,9.478884e-01,6.856391e-04,1.084994e-08,3.798275e+01,8.044138e+00,2.993861e+01,3.961656e+01,1.694175e+02
1.220275e+06,1.412355e+01,7.115484e+04,8.235514e-01,9.482387e-01,9.478885e-01,6.857477e-04,1.084994e-08,3.798455e+01,8.044138e+00,2.994041e+01,3.961890e+01,1.694215e+02
1.220285e+06,1.412367e+01,7.116485e+04,8.236672e-01,9.482252e-01,9.478886e-01,6.858562e-04,1.084994e-08,3.798635e+01,8.044138e+00,2.994221e+01,3.962125e+01,1.694255e+02
1.220295e+06,1.412378e+01,7.117485e+04,8.237829e-01,9.482117e-01,9.478887e-01,6.859647e-04,1.084994e-08,3.798815e+01,8.044138e+00,2.994401e+01,3.962359e+01,1.694295e+02
1.220305e+06,1.412390e+01,7.118485e+04,8.238987e-01,9.481982e-01,9.478888e-01,6.860732e-04,1.084993e-08,3.798995e+01,8.044138e+00,2.994581e+01,3.962594e+01,1.694335e+02
1.220315e+06,1.412401e+01,7.119485e+04,8.240144e-01,9.481847e-01,9.478889e-01,6.861817e-04,1.084993e-08,3.799174e+01,8.044138e+00,2.994761e+01,3.962828e+01,1.694375e+02
1.220325e+06,1.412413e+01,7.120485e+04,8.241302e-01,9.481712e-01,9.478890e-01,6.862902e-04,1.084993e-08,3.799354e+01,8.044138e+00,2.994940e+01,3.963063e+01,1.694415e+02
1.220335e+06,1.412425e+01,7.121485e+04,8.242459e-01,9.481578e-01,9.478891e-01,6.863987e-04,1.084993e-08,3.799534e+01,8.044138e+00,2.995120e+01,3.963298e+01,1.694455e+02
1.220345e+06,1.412436e+01,7.122485e+04,8.243617e-01,9.481443e-01,9.478892e-01,6.865072e-04,1.084993e-08,3.799714e+01,8.044138e+00,2.995300e+01,3.963532e+01,1.694495e+02
1.220355e+06,1.412448e+01,7.123485e+04,8.244774e-01,9.481308e-01,9.478893e-01,6.866157e-04,1.084993e-08,3.799894e+01,8.044138e+00,2.995480e+01,3.963767e+01,1.694535e+02
1.220365e+06,1.412459e+01,7.124485e+04,8.245932e-01,9.481173e-01,9.478894e-01,6.867242e-04,1.084993e-08,3.800073e+01,8.044138e+00,2.995660e+01,3.964001e+01,1.694575e+02
1.220375e+06,1.412471e+01,7.125485e+04,8.247089e-01,9.481038e-01,9.478895e-01,6.868327e-04,1.084993e-08,3.800253e+01,8.044138e+00,2.995839e+01,3.964236e+01,1.694616e+02
1.220385e+06,1.412482e+01,7.126485e+04,8.248247e-01,9.480903e-01,9.478896e-01,6.869412e-04,1.084993e-08,3.800433e+01,8.044138e+00,2.996019e+01,3.964471e+01,1.694656e+02
1.220395e+06,1.412494e+01,7.127485e+04,8.249404e-01,9.480768e-01,9.478897e-01,6.870497e-04,1.084992e-08,3.800613e+01,8.044138e+00,2.996199e+01,3.964705e+01,1.694696e+02
1.220405e+06,1.412506e+01,7.128485e+04,8.250562e-01,9.480633e-01,9.478898e-01,6.871582e-04,1.084992e-08,3.800793e+01,8.044138e+00,2.996379e+01,3.964940e+01,1.694736e+02
1.220415e+06,1.412517e+01,7.129485e+04,8.251719e-01,9.480498e-01,9.478899e-01,6.872667e-04,1.084992e-08,3.800973e+01,8.044138e+00,2.996559e+01,3.965175e+01,1.694776e+02
1.220425e+06,1.412529e+01,7.130485e+04,8.252877e-01,9.480363e-01,9.478900e-01,6.873753e-04,1.084992e-08,3.801152e+01,8.044138e+00,2.996739e+01,3.965409e+01,1.694816e+02
1.220435e+06,1.412540e+01,7.131486e+04,8.254034e-01,9.480228e-01,9.478902e-01,6.874838e-04,1.084992e-08,3.801332e+01,8.044138e+00,2.996918e+01,3.965644e+01,1.694856e+02
1.220445e+06,1.412552e+01,7.132486e+04,8.255192e-01,9.480093e-01,9.478903e-01,6.875923e-04,1.084992e-08,3.801512e+01,8.044138e+00,2.997098e+01,3.965879e+01,1.694896e+02
1.220455e+06,1.412563e+01,7.133486e+04,8.256349e-01,9.479958e-01,9.478904e-01,6.877008e-04,1.084992e-08,3.801692e+01,8.044138e+00,2.997278e+01,3.966113e+01,1.694936e+02
1.220465e+06,1.412575e+01,7.134486e+04,8.257507e-01,9.479823e-01,9.478905e-01,6.878093e-04,1.084992e-08,3.801872e+01,8.044138e+00,2.997458e+01,3.966348e+01,1.694976e+02
1.220475e+06,1.412587e+01,7.135486e+04,8.258664e-01,9.479769e-01,9.478906e-01,6.879178e-04,1.084991e-08,3.801938e+01,8.044138e+00,2.997524e+01,3.966436e+01,1.695016e+02
1.220485e+06,1.412598e+01,7.136486e+04,8.259822e-01,9.479836e-01,9.478907e-01,6.880263e-04,1.084991e-08,3.801835e+01,8.044138e+00,2.997422e+01,3.966305e+01,1.695056e+02
1.220495e+06,1.412610e+01,7.137486e+04,8.260979e-01,9.479904e-01,9.478908e-01,6.881348e-04,1.084991e-08,3.801733e+01,8.044138e+00,2.997319e+01,3.966175e+01,1.695096e+02
1.220505e+06,1.412621e+01,7.138486e+04,8.262137e-01,9.479971e-01,9.478909e-01,6.882433e-04,1.084991e-08,3.801630e+01,8.044138e+00,2.997216e+01,3.966044e+01,1.695136e+02
1.220515e+06,1.412633e+01,7.139486e+04,8.263294e-01,9.480038e-01,9.478910e-01,6.883518e-04,1.084991e-08,3.801527e+01,8.044138e+00,2.997113e+01,3.965913e+01,1.695176e+02
1.220525e+06,1.412645e+01,7.140486e+04,8.264452e-01,9.480105e-01,9.478911e-01,6.884603e-04,1.084991e-08,3.801424e+01,8.044138e+00,2.997011e+01,3.965782e+01,1.695216e+02
1.220535e+06,1.412656e+01,7.141486e+04,8.265609e-01,9.480172e-01,9.478912e-01,6.885688e-04,1.084991e-08,3.801322e+01,8.044138e+00,2.996908e+01,3.965651e+01,1.695256e+02
1.220545e+06,1.412668e+01,7.142486e+04,8.266767e-01,9.480239e-01,9.478913e-01,6.886773e-04,1.084991e-08,3.801219e+01,8.044138e+00,2.996805e+01,3.965521e+01,1.695296e+02
1.220555e+06,1.412679e+01,7.143486e+04,8.267924e-01,9.480307e-01,9.478914e-01,6.887858e-04,1.084991e-08,3.801116e+01,8.044138e+00,2.996702e+01,3.965390e+01,1.695336e+02
1.220565e+06,1.412691e+01,7.144486e+04,8.269082e-01,9.480374e-01,9.478915e-01,6.888943e-04,1.084990e-08,3.801013e+01,8.044138e+00,2.996600e+01,3.965259e+01,1.695377e+02
1.220575e+06,1.412702e+01,7.145486e+04,8.270239e-01,9.480441e-01,9.478916e-01,6.890028e-04,1.084990e-08,3.800911e+01,8.044138e+00,2.996497e+01,3.965128e+01,1.695417e+02
1.220585e+06,1.412714e+01,7.146487e+04,8.271396e-01,9.480508e-01,9.478917e-01,6.891114e-04,1.084990e-08,3.800808e+01,8.044138e+00,2.996394e+01,3.964998e+01,1.695457e+02
1.220595e+06,1.412726e+01,7.147487e+04,8.272554e-01,9.480575e-01,9.478918e-01,6.892199e-04,1.084990e-08,3.800705e+01,8.044138e+00,2.996291e+01,3.964867e+01,1.695497e+02
1.220605e+06,1.412737e+01,7.148487e+04,8.273711e-01,9.480642e-01,9.478919e-01,6.893284e-04,1.084990e-08,3.800602e+01,8.044138e+00,2.996189e+01,3.964736e+01,1.695537e+02
1.220615e+06,1.412749e+01,7.149487e+04,8.274869e-01,9.480710e-01,9.478920e-01,6.894369e-04,1.084990e-08,3.800500e+01,8.044138e+00,2.996086e+01,3.964605e+01,1.695577e+02
1.220625e+06,1.412760e+01,7.150487e+04,8.276026e-01,9.480777e-01,9.478921e-01,6.895454e-04,1.084990e-08,3.800397e+01,8.044138e+00,2.995983e+01,3.964474e+01,1.695617e+02
1.220635e+06,1.412772e+01,7.151487e+04,8.277184e-01,9.480844e-01,9.478922e-01,6.896539e-04,1.084990e-08,3.800294e+01,8.044138e+00,2.995880e+01,3.964344e+01,1.695657e+02
1.220645e+06,1.412783e+01,7.152487e+04,8.278341e-01,9.480911e-01,9.478923e-01,6.897624e-04,1.084989e-08,3.800191e+01,8.044138e+00,2.995778e+01,3.964213e+01,1.695697e+02
1.220655e+06,1.412795e+01,7.153487e+04,8.279499e-01,9.480978e-01,9.478924e-01,6.898709e-04,1.084989e-08,3.800089e+01,8.044138e+00,2.995675e+01,3.964082e+01,1.695737e+02
1.220665e+06,1.412807e+01,7.154487e+04,8.280656e-01,9.481046e-01,9.478925e-01,6.899794e-04,1.084989e-08,3.799986e+01,8.044138e+00,2.995572e+01,3.963951e+01,1.695777e+02
1.220675e+06,1.412818e+01,7.155487e+04,8.281814e-01,9.481113e-01,9.478926e-01,6.900879e-04,1.084989e-08,3.799883e+01,8.044138e+00,2.995469e+01,3.963821e+01,1.695817e+02
1.220685e+06,1.412830e+01,7.156487e+04,8.282971e-01,9.481180e-01,9.478927e-01,6.901964e-04,1.084989e-08,3.799780e+01,8.044138e+00,2.995367e+01,3.963690e+01,1.695857e+02
1.220695e+06,1.412841e+01,7.157487e+04,8.284129e-01,9.481247e-01,9.478928e-01,6.903049e-04,1.084989e-08,3.799678e+01,8.044138e+00,2.995264e+01,3.963559e+01,1.695897e+02
1.220705e+06,1.412853e+01,7.158487e+04,8.285286e-01,9.481314e-01,9.478929e-01,6.904134e-04,1.084989e-08,3.799575e+01,8.044138e+00,2.995161e+01,3.963428e+01,1.695937e+02
1.220715e+06,1.412864e+01,7.159487e+04,8.286444e-01,9.481381e-01,9.478930e-01,6.905219e-04,1.084989e-08,3.799472e+01,8.044138e+00,2.995058e+01,3.963298e+01,1.695977e+02
1.220725e+06,1.412876e+01,7.160488e+04,8.287601e-01,9.481452e-01,9.478931e-01,6.906304e-04,1.084989e-08,3.799447e+01,8.044138e+00,2.995033e+01,3.963248e+01,1.696017e+02
1.220735e+06,1.412888e+01,7.161488e+04,8.288759e-01,9.481529e-01,9.478932e-01,6.907390e-04,1.084988e-08,3.799524e+01,8.044138e+00,2.995110e+01,3.963303e+01,1.696057e+02
1.220745e+06,1.412899e+01,7.162488e+04,8.289916e-01,9.481605e-01,9.478933e-01,6.908475e-04,1.084988e-08,3.799601e+01,8.044138e+00,2.995187e+01,3.963359e+01,1.696097e+02
1.220755e+06,1.412911e+01,7.163488e+04,8.291074e-01,9.481681e-01,9.478934e-01,6.909560e-04,1.084988e-08,3.799677e+01,8.044138e+00,2.995264e+01,3.963414e+01,1.696137e+02
1.220765e+06,1.412922e+01,7.164488e+04,8.292231e-01,9.481757e-01,9.478935e-01,6.910645e-04,1.084988e-08,3.799754e+01,8.044138e+00,2.995340e+01,3.963470e+01,1.696177e+02
1.220775e+06,1.412934e+01,7.165488e+04,8.293389e-01,9.481834e-01,9.478936e-01,6.911730e-04,1.084988e-08,3.799831e+01,8.044138e+00,2.995417e+01,3.963526e+01,1.696217e+02
1.220785e+06,1.412945e+01,7.166488e+04,8.294546e-01,9.481910e-01,9.478937e-01,6.912815e-04,1.084988e-08,3.799908e+01,8.044138e+00,2.995494e+01,3.963581e+01,1.696257e+02
1.220795e+06,1.412957e+01,7.167488e+04,8.295704e-01,9.481986e-01,9.478939e-01,6.913900e-04,1.084988e-08,3.799985e+01,8.044138e+00,2.995571e+01,3.963637e+01,1.696297e+02
1.220805e+06,1.412969e+01,7.168488e+04,8.296861e-01,9.482062e-01,9.478940e-01,6.914985e-04,1.084988e-08,3.800061e+01,8.044138e+00,2.995648e+01,3.963692e+01,1.696337e+02
1.220815e+06,1.412980e+01,7.169488e+04,8.298019e-01,9.482139e-01,9.478941e-01,6.916070e-04,1.084987e-08,3.800138e+01,8.044138e+00,2.995724e+01,3.963748e+01,1.696377e+02
1.220825e+06,1.412992e+01,7.170488e+04,8.299176e-01,9.482215e-01,9.478942e-01,6.917155e-04,1.084987e-08,3.800215e+01,8.044138e+00,2.995801e+01,3.963804e+01,1.696416e+02
1.220835e+06,1.413003e+01,7.171488e+04,8.300334e-01,9.482291e-01,9.478943e-01,6.918240e-04,1.084987e-08,3.800292e+01,8.044138e+00,2.995878e+01,3.963859e+01,1.696456e+02
1.220845e+06,1.413015e+01,7.172488e+04,8.301491e-01,9.482367e-01,9.478944e-01,6.919325e-04,1.084987e-08,3.800369e+01,8.044138e+00,2.995955e+01,3.963915e+01,1.696496e+02
1.220855e+06,1.413026e+01,7.173488e+04,8.302649e-01,9.482444e-01,9.478945e-01,6.920410e-04,1.084987e-08,3.800445e+01,8.044138e+00,2.996032e+01,3.963970e+01,1.696536e+02
1.220865e+06,1.413038e+01,7.174488e+04,8.303806e-01,9.482520e-01,9.478946e-01,6.921495e-04,1.084987e-08,3.800522e+01,8.044138e+00,2.996108e+01,3.964026e+01,1.696576e+02
1.220875e+06,1.413050e+01,7.175489e+04,8.304964e-01,9.482596e-01,9.478947e-01,6.922580e-04,1.084987e-08,3.800599e+01,8.044138e+00,2.996185e+01,3.964081e+01,1.696616e+02
1.220885e+06,1.413061e+01,7.176489e+04,8.306121e-01,9.482672e-01,9.478948e-01,6.923665e-04,1.084987e-08,3.800676e+01,8.044138e+00,2.996262e+01,3.964137e+01,1.696656e+02
1.220895e+06,1.413073e+01,7.177489e+04,8.307279e-01,9.482749e-01,9.478949e-01,6.924750e-04,1.084987e-08,3.800753e+01,8.044138e+00,2.996339e+01,3.964193e+01,1.696696e+02
1.220905e+06,1.413084e+01,7.178489e+04,8.308436e-01,9.482825e-01,9.478950e-01,6.925836e-04,1.084986e-08,3.800829e+01,8.044138e+00,2.996416e+01,3.964248e+01,1.696736e+02
1.220915e+06,1.413096e+01,7.179489e+04,8.309594e-01,9.482901e-01,9.478951e-01,6.926921e-04,1.084986e-08,3.800906e+01,8.044138e+00,2.996492e+01,3.964304e+01,1.696776e+02
1.220925e+06,1.413108e+01,7.180489e+04,8.310751e-01,9.482977e-01,9.478952e-01,6.928006e-04,1.084986e-08,3.800983e+01,8.044138e+00,2.996569e+01,3.964359e+01,1.696816e+02
1.220935e+06,1.413119e+01,7.181489e+04,8.311908e-01,9.483054e-01,9.478953e-01,6.929091e-04,1.084986e-08,3.801060e+01,8.044138e+00,2.996646e+01,3.964415e+01,1.696855e+02
1.220945e+06,1.413131e+01,7.182489e+04,8.313066e-01,9.483130e-01,9.478954e-01,6.930176e-04,1.084986e-08,3.801137e+01,8.044138e+00,2.996723e+01,3.964471e+01,1.696895e+02
1.220955e+06,1.413142e+01,7.183489e+04,8.314223e-01,9.483206e-01,9.478955e-01,6.931261e-04,1.084986e-08,3.801213e+01,8.044138e+00,2.996800e+01,3.964526e+01,1.696935e+02
1.220965e+06,1.413154e+01,7.184489e+04,8.315381e-01,9.483258e-01,9.478956e-01,6.932346e-04,1.084986e-08,3.801290e+01,8.044138e+00,2.996876e+01,3.964590e+01,1.696975e+02
1.220975e+06,1.413165e+01,7.185489e+04,8.316538e-01,9.483199e-01,9.478957e-01,6.933431e-04,1.084986e-08,3.801328e+01,8.044138e+00,2.996914e+01,3.964649e+01,1.696985e+02
1.220985e+06,1.413177e+01,7.186489e+04,8.317696e-01,9.483025e-01,9.478958e-01,6.934516e-04,1.084985e-08,3.801303e+01,8.044138e+00,2.996889e+01,3.964681e+01,1.696945e+02
1.220995e+06,1.413189e+01,7.187489e+04,8.318853e-01,9.482850e-01,9.478959e-01,6.935601e-04,1.084985e-08,3.801277e+01,8.044138e+00,2.996863e+01,3.964712e+01,1.696905e+02
1.221005e+06,1.413200e+01,7.188489e+04,8.320011e-01,9.482675e-01,9.478960e-01,6.936686e-04,1.084985e-08,3.801251e+01,8.044138e+00,2.996837e+01,3.964743e+01,1.696865e+02
1.221015e+06,1.413212e+01,7.189489e+04,8.321168e-01,9.482500e-01,9.478961e-01,6.937771e-04,1.084985e-08,3.801225e+01,8.044138e+00,2.996812e+01,3.964774e+01,1.696825e+02
1.221025e+06,1.413223e+01,7.190490e+04,8.322326e-01,9.482325e-01,9.478962e-01,6.938856e-04,1.084985e-08,3.801200e+01,8.044138e+00,2.996786e+01,3.964805e+01,1.696785e+02
1.221035e+06,1.413235e+01,7.191490e+04,8.323483e-01,9.482150e-01,9.478963e-01,6.939941e-04,1.084985e-08,3.801174e+01,8.044138e+00,2.996760e+01,3.964837e+01,1.696745e+02
1.221045e+06,1.413246e+01,7.192490e+04,8.324641e-01,9.481975e-01,9.478964e-01,6.941026e-04,1.084985e-08,3.801148e+01,8.044138e+00,2.996735e+01,3.964868e+01,1.696704e+02
1.221055e+06,1.413258e+01,7.193490e+04,8.325798e-01,9.481800e-01,9.478965e-01,6.942111e-04,1.084985e-08,3.801123e+01,8.044138e+00,2.996709e+01,3.964899e+01,1.696664e+02
1.221065e+06,1.413270e+01,7.194490e+04,8.326956e-01,9.481626e-01,9.478966e-01,6.943196e-04,1.084985e-08,3.801097e+01,8.044138e+00,2.996683e+01,3.964930e+01,1.696624e+02
1.221075e+06,1.413281e+01,7.195490e+04,8.328113e-01,9.481451e-01,9.478967e-01,6.944282e-04,1.084984e-08,3.801071e+01,8.044138e+00,2.996658e+01,3.964961e+01,1.696584e+02
1.221085e+06,1.413293e+01,7.196490e+04,8.329271e-01,9.481276e-01,9.478968e-01,6.945367e-04,1.084984e-08,3.801046e+01,8.044138e+00,2.996632e+01,3.964993e+01,1.696544e+02
1.221095e+06,1.413304e+01,7.197490e+04,8.330428e-01,9.481101e-01,9.478969e-01,6.946452e-04,1.084984e-08,3.801020e+01,8.044138e+00,2.996606e+01,3.965024e+01,1.696504e+02
1.221105e+06,1.413316e+01,7.198490e+04,8.331586e-01,9.480926e-01,9.478970e-01,6.947537e-04,1.084984e-08,3.800994e+01,8.044138e+00,2.996580e+01,3.965055e+01,1.696464e+02
1.221115e+06,1.413327e+01,7.199490e+04,8.332743e-01,9.480751e-01,9.478971e-01,6.948622e-04,1.084984e-08,3.800969e+01,8.044138e+00,2.996555e+01,3.965086e+01,1.696424e+02
1.221125e+06,1.413339e+01,7.200490e+04,8.333901e-01,9.480576e-01,9.478972e-01,6.949707e-04,1.084984e-08,3.800943e+01,8.044138e+00,2.996529e+01,3.965117e+01,1.696384e+02
1.221135e+06,1.413351e+01,7.201490e+04,8.335058e-01,9.480401e-01,9.478973e-01,6.950792e-04,1.084984e-08,3.800917e+01,8.044138e+00,2.996503e+01,3.965149e+01,1.696344e+02
1.221145e+06,1.413362e+01,7.202490e+04,8.336216e-01,9.480226e-01,9.478975e-01,6.951877e-04,1.084984e-08,3.800892e+01,8.044138e+00,2.996478e+01,3.965180e+01,1.696304e+02
1.221155e+06,1.413374e+01,7.203490e+04,8.337373e-01,9.480052e-01,9.478976e-01,6.952962e-04,1.084983e-08,3.800866e+01,8.044138e+00,2.996452e+01,3.965211e+01,1.696264e+02
1.221165e+06,1.413385e+01,7.204491e+04,8.338531e-01,9.479877e-01,9.478977e-01,6.954047e-04,1.084983e-08,3.800840e+01,8.044138e+00,2.996426e+01,3.965242e+01,1.696224e+02
1.221175e+06,1.413397e+01,7.205491e+04,8.339688e-01,9.479702e-01,9.478978e-01,6.955132e-04,1.084983e-08,3.800814e+01,8.044138e+00,2.996401e+01,3.965273e+01,1.696184e+02
1.221185e+06,1.413408e+01,7.206491e+04,8.340846e-01,9.479527e-01,9.478979e-01,6.956217e-04,1.084983e-08,3.800789e+01,8.044138e+00,2.996375e+01,3.965305e+01,1.696144e+02
1.221195e+06,1.413420e+01,7.207491e+04,8.342003e-01,9.479352e-01,9.478980e-01,6.957302e-04,1.084983e-08,3.800763e+01,8.044138e+00,2.996349e+01,3.965336e+01,1.696104e+02
1.221205e+06,1.413432e+01,7.208491e+04,8.343161e-01,9.479177e-01,9.478981e-01,6.958387e-04,1.084983e-08,3.800737e+01,8.044138e+00,2.996324e+01,3.965367e+01,1.696064e+02
1.221215e+06,1.413443e+01,7.209491e+04,8.344318e-01,9.479016e-01,9.478982e-01,6.959472e-04,1.084983e-08,3.800712e+01,8.044138e+00,2.996298e+01,3.965394e+01,1.696024e+02
1.221225e+06,1.413455e+01,7.210491e+04,8.345476e-01,9.478943e-01,9.478983e-01,6.960557e-04,1.084983e-08,3.800644e+01,8.044033e+00,2.996241e+01,3.965347e+01,1.696000e+02
1.221235e+06,1.413466e+01,7.211491e+04,8.346633e-01,9.478972e-01,9.478984e-01,6.961642e-04,1.084983e-08,3.800517e+01,8.043778e+00,2.996139e+01,3.965205e+01,1.696000e+02
1.221245e+06,1.413478e+01,7.212491e+04,8.347791e-01,9.479001e-01,9.478985e-01,6.962728e-04,1.084982e-08,3.800389e+01,8.043523e+00,2.996037e+01,3.965062e+01,1.696000e+02
1.221255e+06,1.413489e+01,7.213491e+04,8.348948e-01,9.479030e-01,9.478986e-01,6.963813e-04,1.084982e-08,3.800261e+01,8.043268e+00,2.995935e+01,3.964919e+01,1.696000e+02
1.221265e+06,1.413501e+01,7.214491e+04,8.350106e-01,9.479058e-01,9.478987e-01,6.964898e-04,1.084982e-08,3.800134e+01,8.043013e+00,2.995833e+01,3.964776e+01,1.696000e+02
1.221275e+06,1.413513e+01,7.215491e+04,8.351263e-01,9.479087e-01,9.478988e-01,6.965983e-04,1.084982e-08,3.800006e+01,8.042758e+00,2.995731e+01,3.964633e+01,1.696000e+02
1.221285e+06,1.413524e+01,7.216491e+04,8.352421e-01,9.479116e-01,9.478989e-01,6.967068e-04,1.084982e-08,3.799879e+01,8.042502e+00,2.995629e+01,3.964491e+01,1.696000e+02
1.221295e+06,1.413536e+01,7.217491e+04,8.353578e-01,9.479145e-01,9.478990e-01,6.968153e-04,1.084982e-08,3.799751e+01,8.042247e+00,2.995527e+01,3.964348e+01,1.696000e+02
1.221305e+06,1.413547e+01,7.218491e+04,8.354735e-01,9.479173e-01,9.478991e-01,6.969238e-04,1.084982e-08,3.799624e+01,8.041992e+00,2.995424e+01,3.964205e+01,1.696000e+02
1.221315e+06,1.413559e+01,7.219492e+04,8.355893e-01,9.479202e-01,9.478992e-01,6.970323e-04,1.084982e-08,3.799496e+01,8.041737e+00,2.995322e+01,3.964062e+01,1.696000e+02
1.221325e+06,1.413571e+01,7.220492e+04,8.357050e-01,9.479231e-01,9.478993e-01,6.971408e-04,1.084981e-08,3.799369e+01,8.041482e+00,2.995220e+01,3.963920e+01,1.696000e+02
1.221335e+06,1.413582e+01,7.221492e+04,8.358208e-01,9.479260e-01,9.478994e-01,6.972493e-04,1.084981e-08,3.799241e+01,8.041227e+00,2.995118e+01,3.963777e+01,1.696000e+02
1.221345e+06,1.413594e+01,7.222492e+04,8.359365e-01,9.479289e-01,9.478995e-01,6.973578e-04,1.084981e-08,3.799113e+01,8.040972e+00,2.995016e+01,3.963634e+01,1.696000e+02
1.221355e+06,1.413605e+01,7.223492e+04,8.360523e-01,9.479317e-01,9.478996e-01,6.974663e-04,1.084981e-08,3.798986e+01,8.040717e+00,2.994914e+01,3.963491e+01,1.696000e+02
1.221365e+06,1.413617e+01,7.224492e+04,8.361680e-01,9.479346e-01,9.478997e-01,6.975748e-04,1.084981e-08,3.798858e+01,8.040461e+00,2.994812e+01,3.963349e+01,1.696000e+02
1.221375e+06,1.413628e+01,7.225492e+04,8.362838e-01,9.479375e-01,9.478998e-01,6.976833e-04,1.084981e-08,3.798731e+01,8.040206e+00,2.994710e+01,3.963206e+01,1.696000e+02
1.221385e+06,1.413640e+01,7.226492e+04,8.363995e-01,9.479404e-01,9.478999e-01,6.977918e-04,1.084981e-08,3.798603e+01,8.039951e+00,2.994608e+01,3.963063e+01,1.696000e+02
1.221395e+06,1.413652e+01,7.227492e+04,8.365153e-01,9.479432e-01,9.479000e-01,6.979003e-04,1.084981e-08,3.798476e+01,8.039696e+00,2.994506e+01,3.962920e+01,1.696000e+02
1.221405e+06,1.413663e+01,7.228492e+04,8.366310e-01,9.479461e-01,9.479001e-01,6.980088e-04,1.084981e-08,3.798348e+01,8.039441e+00,2.994404e+01,3.962778e+01,1.696000e+02
1.221415e+06,1.413675e+01,7.229492e+04,8.367468e-01,9.479490e-01,9.479002e-01,6.981173e-04,1.084980e-08,3.798221e+01,8.039186e+00,2.994302e+01,3.962635e+01,1.696000e+02
1.221425e+06,1.413686e+01,7.230492e+04,8.368625e-01,9.479519e-01,9.479003e-01,6.982259e-04,1.084980e-08,3.798093e+01,8.038931e+00,2.994200e+01,3.962492e+01,1.696000e+02
1.221435e+06,1.413698e+01,7.231492e+04,8.369783e-01,9.479548e-01,9.479004e-01,6.983344e-04,1.084980e-08,3.797965e+01,8.038676e+00,2.994098e+01,3.962349e+01,1.696000e+02
1.221445e+06,1.413709e+01,7.232492e+04,8.370940e-01,9.479576e-01,9.479005e-01,6.984429e-04,1.084980e-08,3.797838e+01,8.038421e+00,2.993996e+01,3.962207e+01,1.696000e+02
1.221455e+06,1.413721e+01,7.233492e+04,8.372098e-01,9.479605e-01,9.479006e-01,6.985514e-04,1.084980e-08,3.797710e+01,8.038165e+00,2.993894e+01,3.962064e+01,1.696000e+02
1.221465e+06,1.413733e+01,7.234493e+04,8.373255e-01,9.479625e-01,9.479007e-01,6.986599e-04,1.084980e-08,3.797583e+01,8.037910e+00,2.993792e+01,3.961924e+01,1.696000e+02
1.221475e+06,1.413744e+01,7.235493e+04,8.374413e-01,9.479594e-01,9.479008e-01,6.987684e-04,1.084980e-08,3.797511e+01,8.037724e+00,2.993738e+01,3.961859e+01,1.695989e+02
1.221485e+06,1.413756e+01,7.236493e+04,8.375570e-01,9.479488e-01,9.479009e-01,6.988769e-04,1.084980e-08,3.797588e+01,8.037724e+00,2.993815e+01,3.961976e+01,1.695949e+02
1.221495e+06,1.413767e+01,7.237493e+04,8.376728e-01,9.479382e-01,9.479011e-01,6.989854e-04,1.084979e-08,3.797665e+01,8.037724e+00,2.993893e+01,3.962093e+01,1.695909e+02
1.221505e+06,1.413779e+01,7.238493e+04,8.377885e-01,9.479276e-01,9.479012e-01,6.990939e-04,1.084979e-08,3.797743e+01,8.037724e+00,2.993970e+01,3.962210e+01,1.695869e+02
1.221515e+06,1.413790e+01,7.239493e+04,8.379043e-01,9.479171e-01,9.479013e-01,6.992024e-04,1.084979e-08,3.797820e+01,8.037724e+00,2.994047e+01,3.962327e+01,1.695828e+02
1.221525e+06,1.413802e+01,7.240493e+04,8.380200e-01,9.479065e-01,9.479014e-01,6.993109e-04,1.084979e-08,3.797897e+01,8.037724e+00,2.994125e+01,3.962444e+01,1.695788e+02
1.221535e+06,1.413814e+01,7.241493e+04,8.381358e-01,9.478959e-01,9.479015e-01,6.994194e-04,1.084979e-08,3.797975e+01,8.037724e+00,2.994202e+01,3.962560e+01,1.695748e+02
1.221545e+06,1.413825e+01,7.242493e+04,8.382515e-01,9.478853e-01,9.479016e-01,6.995279e-04,1.084979e-08,3.798052e+01,8.037724e+00,2.994279e+01,3.962677e+01,1.695708e+02
1.221555e+06,1.413837e+01,7.243493e+04,8.383673e-01,9.478747e-01,9.479017e-01,6.996364e-04,1.084979e-08,3.798129e+01,8.037724e+00,2.994357e+01,3.962794e+01,1.695668e+02
1.221565e+06,1.413848e+01,7.244493e+04,8.384830e-01,9.478641e-01,9.479018e-01,6.997449e-04,1.084979e-08,3.798207e+01,8.037724e+00,2.994434e+01,3.962911e+01,1.695627e+02
1.221575e+06,1.413860e+01,7.245493e+04,8.385988e-01,9.478535e-01,9.479019e-01,6.998534e-04,1.084979e-08,3.798284e+01,8.037724e+00,2.994511e+01,3.963028e+01,1.695587e+02
1.221585e+06,1.413871e+01,7.246493e+04,8.387145e-01,9.478429e-01,9.479020e-01,6.999619e-04,1.084978e-08,3.798361e+01,8.037724e+00,2.994589e+01,3.963145e+01,1.695547e+02
1.221595e+06,1.413883e+01,7.247493e+04,8.388303e-01,9.478323e-01,9.479021e-01,7.000704e-04,1.084978e-08,3.798439e+01,8.037724e+00,2.994666e+01,3.963262e+01,1.695507e+02
1.221605e+06,1.413895e+01,7.248493e+04,8.389460e-01,9.478218e-01,9.479022e-01,7.001789e-04,1.084978e-08,3.798516e+01,8.037724e+00,2.994743e+01,3.963379e+01,1.695467e+02
1.221615e+06,1.413906e+01,7.249494e+04,8.390618e-01,9.478112e-01,9.479023e-01,7.002875e-04,1.084978e-08,3.798593e+01,8.037724e+00,2.994821e+01,3.963495e+01,1.695426e+02
1.221625e+06,1.413918e+01,7.250494e+04,8.391775e-01,9.478006e-01,9.479024e-01,7.003960e-04,1.084978e-08,3.798671e+01,8.037724e+00,2.994898e+01,3.963612e+01,1.695386e+02
1.221635e+06,1.413929e+01,7.251494e+04,8.392933e-01,9.477900e-01,9.479025e-01,7.005045e-04,1.084978e-08,3.798748e+01,8.037724e+00,2.994975e+01,3.963729e+01,1.695346e+02
1.221645e+06,1.413941e+01,7.252494e+04,8.394090e-01,9.477794e-01,9.479026e-01,7.006130e-04,1.084978e-08,3.798825e+01,8.037724e+00,2.995053e+01,3.963846e+01,1.695306e+02
1.221655e+06,1.413952e+01,7.253494e+04,8.395247e-01,9.477688e-01,9.479027e-01,7.007215e-04,1.084978e-08,3.798903e+01,8.037724e+00,2.995130e+01,3.963963e+01,1.695266e+02
1.221665e+06,1.413964e+01,7.254494e+04,8.396405e-01,9.477582e-01,9.479028e-01,7.008300e-04,1.084977e-08,3.798980e+01,8.037724e+00,2.995207e+01,3.964080e+01,1.695226e+02
1.221675e+06,1.413976e+01,7.255494e+04,8.397562e-01,9.477476e-01,9.479029e-01,7.009385e-04,1.084977e-08,3.799057e+01,8.037724e+00,2.995285e+01,3.964197e+01,1.695185e+02
1.221685e+06,1.413987e+01,7.256494e+04,8.398720e-01,9.477370e-01,9.479030e-01,7.010470e-04,1.084977e-08,3.799135e+01,8.037724e+00,2.995362e+01,3.964314e+01,1.695145e+02
1.221695e+06,1.413999e+01,7.257494e+04,8.399877e-01,9.477264e-01,9.479031e-01,7.011555e-04,1.084977e-08,3.799212e+01,8.037724e+00,2.995439e+01,3.964431e+01,1.695105e+02
1.221705e+06,1.414010e+01,7.258494e+04,8.401035e-01,9.477159e-01,9.479032e-01,7.012640e-04,1.084977e-08,3.799289e+01,8.037724e+00,2.995517e+01,3.964548e+01,1.695065e+02
1.221715e+06,1.414022e+01,7.259494e+04,8.402192e-01,9.477078e-01,9.479033e-01,7.013725e-04,1.084977e-08,3.799367e+01,8.037724e+00,2.995594e+01,3.964656e+01,1.695025e+02
1.221725e+06,1.414033e+01,7.260494e+04,8.403350e-01,9.477125e-01,9.479034e-01,7.014810e-04,1.084977e-08,3.799404e+01,8.037724e+00,2.995631e+01,3.964680e+01,1.695016e+02
1.221735e+06,1.414045e+01,7.261494e+04,8.404507e-01,9.477311e-01,9.479035e-01,7.015895e-04,1.084977e-08,3.799378e+01,8.037724e+00,2.995606e+01,3.964591e+01,1.695055e+02
1.221745e+06,1.414057e+01,7.262494e+04,8.405665e-01,9.477498e-01,9.479036e-01,7.016980e-04,1.084977e-08,3.799353e+01,8.037724e+00,2.995580e+01,3.964501e+01,1.695095e+02
1.221755e+06,1.414068e+01,7.263495e+04,8.406822e-01,9.477685e-01,9.479037e-01,7.018065e-04,1.084976e-08,3.799327e+01,8.037724e+00,2.995555e+01,3.964412e+01,1.695135e+02
1.221765e+06,1.414080e+01,7.264495e+04,8.407980e-01,9.477871e-01,9.479038e-01,7.019150e-04,1.084976e-08,3.799301e+01,8.037724e+00,2.995529e+01,3.964323e+01,1.695175e+02
1.221775e+06,1.414091e+01,7.265495e+04,8.409137e-01,9.478058e-01,9.479039e-01,7.020235e-04,1.084976e-08,3.799276e+01,8.037724e+00,2.995503e+01,3.964234e+01,1.695215e+02
1.221785e+06,1.414103e+01,7.266495e+04,8.410295e-01,9.478245e-01,9.479040e-01,7.021320e-04,1.084976e-08,3.799250e+01,8.037724e+00,2.995478e+01,3.964144e+01,1.695255e+02
1.221795e+06,1.414115e+01,7.267495e+04,8.411452e-01,9.478431e-01,9.479041e-01,7.022405e-04,1.084976e-08,3.799225e+01,8.037724e+00,2.995452e+01,3.964055e+01,1.695295e+02
1.221805e+06,1.414126e+01,7.268495e+04,8.412610e-01,9.478618e-01,9.479042e-01,7.023490e-04,1.084976e-08,3.799199e+01,8.037724e+00,2.995427e+01,3.963966e+01,1.695335e+02
1.221815e+06,1.414138e+01,7.269495e+04,8.413767e-01,9.478805e-01,9.479043e-01,7.024576e-04,1.084976e-08,3.799173e+01,8.037724e+00,2.995401e+01,3.963877e+01,1.695375e+02
1.221825e+06,1.414149e+01,7.270495e+04,8.414925e-01,9.478992e-01,9.479044e-01,7.025661e-04,1.084976e-08,3.799148e+01,8.037724e+00,2.995375e+01,3.963787e+01,1.695415e+02
1.221835e+06,1.414161e+01,7.271495e+04,8.416082e-01,9.479178e-01,9.479045e-01,7.026746e-04,1.084975e-08,3.799122e+01,8.037724e+00,2.995350e+01,3.963698e+01,1.695455e+02
1.221845e+06,1.414172e+01,7.272495e+04,8.417240e-01,9.479365e-01,9.479047e-01,7.027831e-04,1.084975e-08,3.799097e+01,8.037724e+00,2.995324e+01,3.963609e+01,1.695494e+02
1.221855e+06,1.414184e+01,7.273495e+04,8.418397e-01,9.479552e-01,9.479048e-01,7.028916e-04,1.084975e-08,3.799071e+01,8.037724e+00,2.995299e+01,3.963520e+01,1.695534e+02
1.221865e+06,1.414196e+01,7.274495e+04,8.419555e-01,9.479738e-01,9.479049e-01,7.030001e-04,1.084975e-08,3.799045e+01,8.037724e+00,2.995273e+01,3.963430e+01,1.695574e+02
1.221875e+06,1.414207e+01,7.275495e+04,8.420712e-01,9.479925e-01,9.479050e-01,7.031086e-04,1.084975e-08,3.799020e+01,8.037724e+00,2.995247e+01,3.963341e+01,1.695614e+02
1.221885e+06,1.414219e+01,7.276495e+04,8.421870e-01,9.480112e-01,9.479051e-01,7.032171e-04,1.084975e-08,3.798994e+01,8.037724e+00,2.995222e+01,3.963252e+01,1.695654e+02
1.221895e+06,1.414230e+01,7.277495e+04,8.423027e-01,9.480298e-01,9.479052e-01,7.033256e-04,1.084975e-08,3.798969e+01,8.037724e+00,2.995196e+01,3.963163e+01,1.695694e+02
1.221905e+06,1.414242e+01,7.278496e+04,8.424185e-01,9.480485e-01,9.479053e-01,7.034341e-04,1.084975e-08,3.798943e+01,8.037724e+00,2.995171e+01,3.963073e+01,1.695734e+02
1.221915e+06,1.414253e+01,7.279496e+04,8.425342e-01,9.480672e-01,9.479054e-01,7.035426e-04,1.084975e-08,3.798917e+01,8.037724e+00,2.995145e+01,3.962984e+01,1.695774e+02
1.221925e+06,1.414265e+01,7.280496e+04,8.426500e-01,9.480859e-01,9.479055e-01,7.036511e-04,1.084974e-08,3.798892e+01,8.037724e+00,2.995119e+01,3.962895e+01,1.695814e+02
1.221935e+06,1.414277e+01,7.281496e+04,8.427657e-01,9.481045e-01,9.479056e-01,7.037596e-04,1.084974e-08,3.798866e+01,8.037724e+00,2.995094e+01,3.962806e+01,1.695854e+02
1.221945e+06,1.414288e+01,7.282496e+04,8.428815e-01,9.481232e-01,9.479057e-01,7.038681e-04,1.084974e-08,3.798841e+01,8.037724e+00,2.995068e+01,3.962717e+01,1.695894e+02
1.221955e+06,1.414300e+01,7.283496e+04,8.429972e-01,9.481419e-01,9.479058e-01,7.039766e-04,1.084974e-08,3.798815e+01,8.037724e+00,2.995043e+01,3.962627e+01,1.695934e+02
1.221965e+06,1.414311e+01,7.284496e+04,8.431130e-01,9.481595e-01,9.479059e-01,7.040851e-04,1.084974e-08,3.798789e+01,8.037724e+00,2.995017e+01,3.962542e+01,1.695973e+02
1.221975e+06,1.414323e+01,7.285496e+04,8.432287e-01,9.481673e-01,9.479060e-01,7.041936e-04,1.084974e-08,3.798798e+01,8.037724e+00,2.995026e+01,3.962525e+01,1.696000e+02
1.221985e+06,1.414334e+01,7.286496e+04,8.433445e-01,9.481598e-01,9.479061e-01,7.043021e-04,1.084974e-08,3.798875e+01,8.037724e+00,2.995103e+01,3.962631e+01,1.696000e+02
1.221995e+06,1.414346e+01,7.287496e+04,8.434602e-01,9.481524e-01,9.479062e-01,7.044106e-04,1.084974e-08,3.798952e+01,8.037724e+00,2.995180e+01,3.962737e+01,1.696000e+02
1.222005e+06,1.414358e+01,7.288496e+04,8.435760e-01,9.481449e-01,9.479063e-01,7.045191e-04,1.084973e-08,3.799029e+01,8.037724e+00,2.995257e+01,3.962843e+01,1.696000e+02
1.222015e+06,1.414369e+01,7.289496e+04,8.436917e-01,9.481374e-01,9.479064e-01,7.046277e-04,1.084973e-08,3.799106e+01,8.037724e+00,2.995334e+01,3.962949e+01,1.696000e+02
1.222025e+06,1.414381e+01,7.290496e+04,8.438074e-01,9.481300e-01,9.479065e-01,7.047362e-04,1.084973e-08,3.799184e+01,8.037724e+00,2.995411e+01,3.963056e+01,1.696000e+02
1.222035e+06,1.414392e+01,7.291496e+04,8.439232e-01,9.481225e-01,9.479066e-01,7.048447e-04,1.084973e-08,3.799261e+01,8.037724e+00,2.995488e+01,3.963162e+01,1.696000e+02
1.222045e+06,1.414404e+01,7.292496e+04,8.440389e-01,9.481151e-01,9.479067e-01,7.049532e-04,1.084973e-08,3.799338e+01,8.037724e+00,2.995565e+01,3.963268e+01,1.696000e+02
1.222055e+06,1.414415e+01,7.293497e+04,8.441547e-01,9.481076e-01,9.479068e-01,7.050617e-04,1.084973e-08,3.799415e+01,8.037724e+00,2.995642e+01,3.963374e+01,1.696000e+02
1.222065e+06,1.414427e+01,7.294497e+04,8.442704e-01,9.481001e-01,9.479069e-01,7.051702e-04,1.084973e-08,3.799492e+01,8.037724e+00,2.995719e+01,3.963480e+01,1.696000e+02
1.222075e+06,1.414439e+01,7.295497e+04,8.443862e-01,9.480927e-01,9.479070e-01,7.052787e-04,1.084973e-08,3.799569e+01,8.037724e+00,2.995796e+01,3.963586e+01,1.696000e+02
1.222085e+06,1.414450e+01,7.296497e+04,8.445019e-01,9.480852e-01,9.479071e-01,7.053872e-04,1.084973e-08,3.799646e+01,8.037724e+00,2.995873e+01,3.963692e+01,1.696000e+02
1.222095e+06,1.414462e+01,7.297497e+04,8.446177e-01,9.480778e-01,9.479072e-01,7.054957e-04,1.084972e-08,3.799723e+01,8.037724e+00,2.995951e+01,3.963799e+01,1.696000e+02
1.222105e+06,1.414473e+01,7.298497e+04,8.447334e-01,9.480703e-01,9.479073e-01,7.056042e-04,1.084972e-08,3.799800e+01,8.037724e+00,2.996028e+01,3.963905e+01,1.696000e+02
1.222115e+06,1.414485e+01,7.299497e+04,8.448492e-01,9.480629e-01,9.479074e-01,7.057127e-04,1.084972e-08,3.799877e+01,8.037724e+00,2.996105e+01,3.964011e+01,1.696000e+02
1.222125e+06,1.414496e+01,7.300497e+04,8.449649e-01,9.480554e-01,9.479075e-01,7.058212e-04,1.084972e-08,3.799954e+01,8.037724e+00,2.996182e+01,3.964117e+01,1.696000e+02
1.222135e+06,1.414508e+01,7.301497e+04,8.450807e-01,9.480479e-01,9.479076e-01,7.059297e-04,1.084972e-08,3.800031e+01,8.037724e+00,2.996259e+01,3.964223e+01,1.696000e+02
1.222145e+06,1.414520e+01,7.302497e+04,8.451964e-01,9.480405e-01,9.479077e-01,7.060382e-04,1.084972e-08,3.800108e+01,8.037724e+00,2.996336e+01,3.964329e+01,1.696000e+02
1.222155e+06,1.414531e+01,7.303497e+04,8.453122e-01,9.480330e-01,9.479078e-01,7.061467e-04,1.084972e-08,3.800185e+01,8.037724e+00,2.996413e+01,3.964435e+01,1.696000e+02
1.222165e+06,1.414543e+01,7.304497e+04,8.454279e-01,9.480256e-01,9.479079e-01,7.062552e-04,1.084972e-08,3.800262e+01,8.037724e+00,2.996490e+01,3.964542e+01,1.696000e+02
1.222175e+06,1.414554e+01,7.305497e+04,8.455437e-01,9.480181e-01,9.479080e-01,7.063637e-04,1.084971e-08,3.800339e+01,8.037724e+00,2.996567e+01,3.964648e+01,1.696000e+02
1.222185e+06,1.414566e+01,7.306497e+04,8.456594e-01,9.480106e-01,9.479081e-01,7.064722e-04,1.084971e-08,3.800417e+01,8.037724e+00,2.996644e+01,3.964754e+01,1.696000e+02
1.222195e+06,1.414578e+01,7.307498e+04,8.457752e-01,9.480032e-01,9.479083e-01,7.065807e-04,1.084971e-08,3.800494e+01,8.037724e+00,2.996721e+01,3.964860e+01,1.696000e+02
1.222205e+06,1.414589e+01,7.308498e+04,8.458909e-01,9.479957e-01,9.479084e-01,7.066892e-04,1.084971e-08,3.800571e+01,8.037724e+00,2.996798e+01,3.964966e+01,1.696000e+02
1.222215e+06,1.414601e+01,7.309498e+04,8.460067e-01,9.479894e-01,9.479085e-01,7.067977e-04,1.084971e-08,3.800648e+01,8.037724e+00,2.996875e+01,3.965068e+01,1.696000e+02
1.222225e+06,1.414612e+01,7.310498e+04,8.461224e-01,9.479885e-01,9.479086e-01,7.069062e-04,1.084971e-08,3.800649e+01,8.037724e+00,2.996877e+01,3.965073e+01,1.696015e+02
1.222235e+06,1.414624e+01,7.311498e+04,8.462382e-01,9.479934e-01,9.479087e-01,7.070148e-04,1.084971e-08,3.800521e+01,8.037724e+00,2.996749e+01,3.964922e+01,1.696055e+02
1.222245e+06,1.414635e+01,7.312498e+04,8.463539e-01,9.479982e-01,9.479088e-01,7.071233e-04,1.084971e-08,3.800393e+01,8.037724e+00,2.996620e+01,3.964770e+01,1.696095e+02
1.222255e+06,1.414647e+01,7.313498e+04,8.464697e-01,9.480031e-01,9.479089e-01,7.072318e-04,1.084971e-08,3.800264e+01,8.037724e+00,2.996492e+01,3.964618e+01,1.696135e+02
1.222265e+06,1.414659e+01,7.314498e+04,8.465854e-01,9.480080e-01,9.479090e-01,7.073403e-04,1.084970e-08,3.800136e+01,8.037724e+00,2.996363e+01,3.964467e+01,1.696175e+02
1.222275e+06,1.414670e+01,7.315498e+04,8.467012e-01,9.480128e-01,9.479091e-01,7.074488e-04,1.084970e-08,3.800007e+01,8.037724e+00,2.996235e+01,3.964315e+01,1.696215e+02
1.222285e+06,1.414682e+01,7.316498e+04,8.468169e-01,9.480177e-01,9.479092e-01,7.075573e-04,1.084970e-08,3.799879e+01,8.037724e+00,2.996106e+01,3.964163e+01,1.696255e+02
1.222295e+06,1.414693e+01,7.317498e+04,8.469327e-01,9.480225e-01,9.479093e-01,7.076658e-04,1.084970e-08,3.799750e+01,8.037724e+00,2.995978e+01,3.964012e+01,1.696295e+02
1.222305e+06,1.414705e+01,7.318498e+04,8.470484e-01,9.480274e-01,9.479094e-01,7.077743e-04,1.084970e-08,3.799622e+01,8.037724e+00,2.995850e+01,3.963860e+01,1.696335e+02
1.222315e+06,1.414716e+01,7.319498e+04,8.471642e-01,9.480322e-01,9.479095e-01,7.078828e-04,1.084970e-08,3.799494e+01,8.037724e+00,2.995721e+01,3.963708e+01,1.696375e+02
1.222325e+06,1.414728e+01,7.320498e+04,8.472799e-01,9.480371e-01,9.479096e-01,7.079913e-04,1.084970e-08,3.799365e+01,8.037724e+00,2.995593e+01,3.963557e+01,1.696415e+02
1.222335e+06,1.414740e+01,7.321498e+04,8.473957e-01,9.480420e-01,9.479097e-01,7.080998e-04,1.084970e-08,3.799237e+01,8.037724e+00,2.995464e+01,3.963405e+01,1.696455e+02
1.222345e+06,1.414751e+01,7.322499e+04,8.475114e-01,9.480468e-01,9.479098e-01,7.082083e-04,1.084969e-08,3.799108e+01,8.037724e+00,2.995336e+01,3.963253e+01,1.696495e+02
1.222355e+06,1.414763e+01,7.323499e+04,8.476272e-01,9.480517e-01,9.479099e-01,7.083168e-04,1.084969e-08,3.798980e+01,8.037724e+00,2.995207e+01,3.963102e+01,1.696535e+02
1.222365e+06,1.414774e+01,7.324499e+04,8.477429e-01,9.480565e-01,9.479100e-01,7.084253e-04,1.084969e-08,3.798851e+01,8.037724e+00,2.995079e+01,3.962950e+01,1.696575e+02
1.222375e+06,1.414786e+01,7.325499e+04,8.478587e-01,9.480614e-01,9.479101e-01,7.085338e-04,1.084969e-08,3.798723e+01,8.037724e+00,2.994950e+01,3.962798e+01,1.696615e+02
1.222385e+06,1.414797e+01,7.326499e+04,8.479744e-01,9.480662e-01,9.479102e-01,7.086423e-04,1.084969e-08,3.798594e+01,8.037724e+00,2.994822e+01,3.962647e+01,1.696656e+02
1.222395e+06,1.414809e+01,7.327499e+04,8.480901e-01,9.480711e-01,9.479103e-01,7.087508e-04,1.084969e-08,3.798466e+01,8.037724e+00,2.994694e+01,3.962495e+01,1.696696e+02
1.222405e+06,1.414821e+01,7.328499e+04,8.482059e-01,9.480760e-01,9.479104e-01,7.088593e-04,1.084969e-08,3.798338e+01,8.037724e+00,2.994565e+01,3.962343e+01,1.696736e+02
1.222415e+06,1.414832e+01,7.329499e+04,8.483216e-01,9.480808e-01,9.479105e-01,7.089678e-04,1.084969e-08,3.798209e+01,8.037724e+00,2.994437e+01,3.962192e+01,1.696776e+02
1.222425e+06,1.414844e+01,7.330499e+04,8.484374e-01,9.480857e-01,9.479106e-01,7.090763e-04,1.084969e-08,3.798081e+01,8.037724e+00,2.994308e+01,3.962040e+01,1.696816e+02
1.222435e+06,1.414855e+01,7.331499e+04,8.485531e-01,9.480905e-01,9.479107e-01,7.091848e-04,1.084968e-08,3.797952e+01,8.037724e+00,2.994180e+01,3.961888e+01,1.696856e+02
1.222445e+06,1.414867e+01,7.332499e+04,8.486689e-01,9.480954e-01,9.479108e-01,7.092933e-04,1.084968e-08,3.797824e+01,8.037724e+00,2.994051e+01,3.961737e+01,1.696896e+02
1.222455e+06,1.414878e+01,7.333499e+04,8.487846e-01,9.481002e-01,9.479109e-01,7.094018e-04,1.084968e-08,3.797695e+01,8.037724e+00,2.993923e+01,3.961585e+01,1.696936e+02
1.222465e+06,1.414890e+01,7.334499e+04,8.489004e-01,9.481000e-01,9.479110e-01,7.095104e-04,1.084968e-08,3.797567e+01,8.037724e+00,2.993794e+01,3.961450e+01,1.696976e+02
1.222475e+06,1.414902e+01,7.335499e+04,8.490161e-01,9.480859e-01,9.479111e-01,7.096189e-04,1.084968e-08,3.797520e+01,8.037589e+00,2.993762e+01,3.961449e+01,1.696952e+02
1.222485e+06,1.414913e+01,7.336499e+04,8.491319e-01,9.480625e-01,9.479112e-01,7.097274e-04,1.084968e-08,3.797597e+01,8.037249e+00,2.993873e+01,3.961610e+01,1.696832e+02
1.222495e+06,1.414925e+01,7.337500e+04,8.492476e-01,9.480392e-01,9.479113e-01,7.098359e-04,1.084968e-08,3.797675e+01,8.036909e+00,2.993984e+01,3.961771e+01,1.696712e+02
1.222505e+06,1.414936e+01,7.338500e+04,8.493634e-01,9.480158e-01,9.479114e-01,7.099444e-04,1.084968e-08,3.797752e+01,8.036569e+00,2.994095e+01,3.961932e+01,1.696592e+02
1.222515e+06,1.414948e+01,7.339500e+04,8.494791e-01,9.479924e-01,9.479115e-01,7.100529e-04,1.084967e-08,3.797829e+01,8.036230e+00,2.994206e+01,3.962093e+01,1.696471e+02
1.222525e+06,1.414959e+01,7.340500e+04,8.495949e-01,9.479690e-01,9.479116e-01,7.101614e-04,1.084967e-08,3.797906e+01,8.035890e+00,2.994317e+01,3.962254e+01,1.696351e+02
1.222535e+06,1.414971e+01,7.341500e+04,8.497106e-01,9.479457e-01,9.479117e-01,7.102699e-04,1.084967e-08,3.797983e+01,8.035550e+00,2.994428e+01,3.962415e+01,1.696231e+02
1.222545e+06,1.414983e+01,7.342500e+04,8.498264e-01,9.479223e-01,9.479119e-01,7.103784e-04,1.084967e-08,3.798060e+01,8.035210e+00,2.994539e+01,3.962576e+01,1.696111e+02
1.222555e+06,1.414994e+01,7.343500e+04,8.499421e-01,9.478989e-01,9.479120e-01,7.104869e-04,1.084967e-08,3.798137e+01,8.034871e+00,2.994650e+01,3.962737e+01,1.695991e+02
1.222565e+06,1.415006e+01,7.344500e+04,8.500579e-01,9.478756e-01,9.479121e-01,7.105954e-04,1.084967e-08,3.798214e+01,8.034531e+00,2.994761e+01,3.962898e+01,1.695871e+02
1.222575e+06,1.415017e+01,7.345500e+04,8.501736e-01,9.478522e-01,9.479122e-01,7.107039e-04,1.084967e-08,3.798291e+01,8.034191e+00,2.994872e+01,3.963059e+01,1.695751e+02
1.222585e+06,1.415029e+01,7.346500e+04,8.502894e-01,9.478288e-01,9.479123e-01,7.108124e-04,1.084967e-08,3.798368e+01,8.033852e+00,2.994983e+01,3.963220e+01,1.695630e+02
1.222595e+06,1.415041e+01,7.347500e+04,8.504051e-01,9.478055e-01,9.479124e-01,7.109209e-04,1.084967e-08,3.798445e+01,8.033512e+00,2.995094e+01,3.963381e+01,1.695510e+02
1.222605e+06,1.415052e+01,7.348500e+04,8.505209e-01,9.477821e-01,9.479125e-01,7.110294e-04,1.084966e-08,3.798522e+01,8.033172e+00,2.995205e+01,3.963543e+01,1.695390e+02
1.222615e+06,1.415064e+01,7.349500e+04,8.506366e-01,9.477587e-01,9.479126e-01,7.111379e-04,1.084966e-08,3.798599e+01,8.032832e+00,2.995316e+01,3.963704e+01,1.695270e+02
1.222625e+06,1.415075e+01,7.350500e+04,8.507524e-01,9.477354e-01,9.479127e-01,7.112464e-04,1.084966e-08,3.798676e+01,8.032493e+00,2.995427e+01,3.963865e+01,1.695150e+02
1.222635e+06,1.415087e+01,7.351501e+04,8.508681e-01,9.477120e-01,9.479128e-01,7.113549e-04,1.084966e-08,3.798753e+01,8.032153e+00,2.995538e+01,3.964026e+01,1.695030e+02
1.222645e+06,1.415098e+01,7.352501e+04,8.509839e-01,9.476886e-01,9.479129e-01,7.114634e-04,1.084966e-08,3.798830e+01,8.031813e+00,2.995649e+01,3.964187e+01,1.694909e+02
1.222655e+06,1.415110e+01,7.353501e+04,8.510996e-01,9.476652e-01,9.479130e-01,7.115719e-04,1.084966e-08,3.798908e+01,8.031473e+00,2.995760e+01,3.964348e+01,1.694789e+02
1.222665e+06,1.415122e+01,7.354501e+04,8.512154e-01,9.476419e-01,9.479131e-01,7.116804e-04,1.084966e-08,3.798985e+01,8.031134e+00,2.995871e+01,3.964509e+01,1.694669e+02
1.222675e+06,1.415133e+01,7.355501e+04,8.513311e-01,9.476185e-01,9.479132e-01,7.117889e-04,1.084966e-08,3.799062e+01,8.030794e+00,2.995982e+01,3.964671e+01,1.694549e+02
1.222685e+06,1.415145e+01,7.356501e+04,8.514469e-01,9.475951e-01,9.479133e-01,7.118974e-04,1.084965e-08,3.799139e+01,8.030454e+00,2.996093e+01,3.964832e+01,1.694429e+02
1.222695e+06,1.415156e+01,7.357501e+04,8.515626e-01,9.475718e-01,9.479134e-01,7.120059e-04,1.084965e-08,3.799216e+01,8.030114e+00,2.996204e+01,3.964993e+01,1.694309e+02
1.222705e+06,1.415168e+01,7.358501e+04,8.516784e-01,9.475484e-01,9.479135e-01,7.121144e-04,1.084965e-08,3.799293e+01,8.029775e+00,2.996315e+01,3.965154e+01,1.694189e+02
1.222715e+06,1.415179e+01,7.359501e+04,8.517941e-01,9.475305e-01,9.479136e-01,7.122230e-04,1.084965e-08,3.799370e+01,8.029435e+00,2.996426e+01,3.965297e+01,1.694068e+02
1.222725e+06,1.415191e+01,7.360501e+04,8.519099e-01,9.475323e-01,9.479137e-01,7.123315e-04,1.084965e-08,3.799447e+01,8.029241e+00,2.996523e+01,3.965373e+01,1.694017e+02
1.222735e+06,1.415203e+01,7.361501e+04,8.520256e-01,9.475502e-01,9.479138e-01,7.124400e-04,1.084965e-08,3.799524e+01,8.029241e+00,2.996600e+01,3.965395e+01,1.694057e+02
1.222745e+06,1.415214e+01,7.362501e+04,8.521413e-01,9.475682e-01,9.479139e-01,7.125485e-04,1.084965e-08,3.799600e+01,8.029241e+00,2.996676e+01,3.965416e+01,1.694097e+02
1.222755e+06,1.415226e+01,7.363501e+04,8.522571e-01,9.475861e-01,9.479140e-01,7.126570e-04,1.084965e-08,3.799677e+01,8.029241e+00,2.996753e+01,3.965437e+01,1.694137e+02
1.222765e+06,1.415237e+01,7.364501e+04,8.523728e-01,9.476041e-01,9.479141e-01,7.127655e-04,1.084965e-08,3.799754e+01,8.029241e+00,2.996830e+01,3.965458e+01,1.694177e+02
1.222775e+06,1.415249e+01,7.365501e+04,8.524886e-01,9.476220e-01,9.479142e-01,7.128740e-04,1.084964e-08,3.799831e+01,8.029241e+00,2.996907e+01,3.965479e+01,1.694217e+02
1.222785e+06,1.415260e+01,7.366502e+04,8.526043e-01,9.476400e-01,9.479143e-01,7.129825e-04,1.084964e-08,3.799908e+01,8.029241e+00,2.996984e+01,3.965500e+01,1.694257e+02
1.222795e+06,1.415272e+01,7.367502e+04,8.527201e-01,9.476579e-01,9.479144e-01,7.130910e-04,1.084964e-08,3.799984e+01,8.029241e+00,2.997060e+01,3.965521e+01,1.694297e+02
1.222805e+06,1.415284e+01,7.368502e+04,8.528358e-01,9.476759e-01,9.479145e-01,7.131995e-04,1.084964e-08,3.800061e+01,8.029241e+00,2.997137e+01,3.965543e+01,1.694336e+02
1.222815e+06,1.415295e+01,7.369502e+04,8.529516e-01,9.476938e-01,9.479146e-01,7.133080e-04,1.084964e-08,3.800138e+01,8.029241e+00,2.997214e+01,3.965564e+01,1.694376e+02
1.222825e+06,1.415307e+01,7.370502e+04,8.530673e-01,9.477117e-01,9.479147e-01,7.134165e-04,1.084964e-08,3.800215e+01,8.029241e+00,2.997291e+01,3.965585e+01,1.694416e+02
1.222835e+06,1.415318e+01,7.371502e+04,8.531831e-01,9.477297e-01,9.479148e-01,7.135250e-04,1.084964e-08,3.800292e+01,8.029241e+00,2.997368e+01,3.965606e+01,1.694456e+02
1.222845e+06,1.415330e+01,7.372502e+04,8.532988e-01,9.477476e-01,9.479149e-01,7.136335e-04,1.084964e-08,3.800368e+01,8.029241e+00,2.997444e+01,3.965627e+01,1.694496e+02
1.222855e+06,1.415341e+01,7.373502e+04,8.534146e-01,9.477656e-01,9.479150e-01,7.137420e-04,1.084963e-08,3.800445e+01,8.029241e+00,2.997521e+01,3.965648e+01,1.694536e+02
1.222865e+06,1.415353e+01,7.374502e+04,8.535303e-01,9.477835e-01,9.479151e-01,7.138505e-04,1.084963e-08,3.800522e+01,8.029241e+00,2.997598e+01,3.965669e+01,1.694576e+02
1.222875e+06,1.415365e+01,7.375502e+04,8.536461e-01,9.478015e-01,9.479152e-01,7.139590e-04,1.084963e-08,3.800599e+01,8.029241e+00,2.997675e+01,3.965691e+01,1.694616e+02
1.222885e+06,1.415376e+01,7.376502e+04,8.537618e-01,9.478194e-01,9.479153e-01,7.140675e-04,1.084963e-08,3.800676e+01,8.029241e+00,2.997752e+01,3.965712e+01,1.694656e+02
1.222895e+06,1.415388e+01,7.377502e+04,8.538776e-01,9.478374e-01,9.479155e-01,7.141760e-04,1.084963e-08,3.800752e+01,8.029241e+00,2.997828e+01,3.965733e+01,1.694696e+02
1.222905e+06,1.415399e+01,7.378502e+04,8.539933e-01,9.478553e-01,9.479156e-01,7.142845e-04,1.084963e-08,3.800829e+01,8.029241e+00,2.997905e+01,3.965754e+01,1.694736e+02
1.222915e+06,1.415411e+01,7.379502e+04,8.541091e-01,9.478733e-01,9.479157e-01,7.143930e-04,1.084963e-08,3.800906e+01,8.029241e+00,2.997982e+01,3.965775e+01,1.694776e+02
1.222925e+06,1.415422e+01,7.380502e+04,8.542248e-01,9.478912e-01,9.479158e-01,7.145015e-04,1.084963e-08,3.800983e+01,8.029241e+00,2.998059e+01,3.965796e+01,1.694815e+02
1.222935e+06,1.415434e+01,7.381503e+04,8.543406e-01,9.479092e-01,9.479159e-01,7.146100e-04,1.084963e-08,3.801060e+01,8.029241e+00,2.998136e+01,3.965817e+01,1.694855e+02
1.222945e+06,1.415446e+01,7.382503e+04,8.544563e-01,9.479271e-01,9.479160e-01,7.147185e-04,1.084962e-08,3.801136e+01,8.029241e+00,2.998212e+01,3.965838e+01,1.694895e+02
1.222955e+06,1.415457e+01,7.383503e+04,8.545721e-01,9.479451e-01,9.479161e-01,7.148270e-04,1.084962e-08,3.801213e+01,8.029241e+00,2.998289e+01,3.965860e+01,1.694935e+02
1.222965e+06,1.415469e+01,7.384503e+04,8.546878e-01,9.479618e-01,9.479162e-01,7.149355e-04,1.084962e-08,3.801290e+01,8.029241e+00,2.998366e+01,3.965885e+01,1.694975e+02
1.222975e+06,1.415480e+01,7.385503e+04,8.548036e-01,9.479729e-01,9.479163e-01,7.150440e-04,1.084962e-08,3.801319e+01,8.029241e+00,2.998394e+01,3.965878e+01,1.695000e+02
1.222985e+06,1.415492e+01,7.386503e+04,8.549193e-01,9.479779e-01,9.479164e-01,7.151526e-04,1.084962e-08,3.801267e+01,8.029241e+00,2.998343e+01,3.965807e+01,1.695000e+02
1.222995e+06,1.415504e+01,7.387503e+04,8.550351e-01,9.479828e-01,9.479165e-01,7.152611e-04,1.084962e-08,3.801216e+01,8.029241e+00,2.998292e+01,3.965736e+01,1.695000e+02
1.223005e+06,1.415515e+01,7.388503e+04,8.551508e-01,9.479878e-01,9.479166e-01,7.153696e-04,1.084962e-08,3.801164e+01,8.029241e+00,2.998240e+01,3.965666e+01,1.695000e+02
1.223015e+06,1.415527e+01,7.389503e+04,8.552666e-01,9.479928e-01,9.479167e-01,7.154781e-04,1.084962e-08,3.801113e+01,8.029241e+00,2.998189e+01,3.965595e+01,1.695000e+02
1.223025e+06,1.415538e+01,7.390503e+04,8.553823e-01,9.479978e-01,9.479168e-01,7.155866e-04,1.084961e-08,3.801062e+01,8.029241e+00,2.998138e+01,3.965524e+01,1.695000e+02
1.223035e+06,1.415550e+01,7.391503e+04,8.554981e-01,9.480027e-01,9.479169e-01,7.156951e-04,1.084961e-08,3.801010e+01,8.029241e+00,2.998086e+01,3.965453e+01,1.695000e+02
1.223045e+06,1.415561e+01,7.392503e+04,8.556138e-01,9.480077e-01,9.479170e-01,7.158036e-04,1.084961e-08,3.800959e+01,8.029241e+00,2.998035e+01,3.965382e+01,1.695000e+02
1.223055e+06,1.415573e+01,7.393503e+04,8.557296e-01,9.480127e-01,9.479171e-01,7.159121e-04,1.084961e-08,3.800908e+01,8.029241e+00,2.997983e+01,3.965312e+01,1.695000e+02
1.223065e+06,1.415585e+01,7.394503e+04,8.558453e-01,9.480177e-01,9.479172e-01,7.160206e-04,1.084961e-08,3.800856e+01,8.029241e+00,2.997932e+01,3.965241e+01,1.695000e+02
1.223075e+06,1.415596e+01,7.395504e+04,8.559611e-01,9.480226e-01,9.479173e-01,7.161291e-04,1.084961e-08,3.800805e+01,8.029241e+00,2.997881e+01,3.965170e+01,1.695000e+02
1.223085e+06,1.415608e+01,7.396504e+04,8.560768e-01,9.480276e-01,9.479174e-01,7.162376e-04,1.084961e-08,3.800753e+01,8.029241e+00,2.997829e+01,3.965099e+01,1.695000e+02
1.223095e+06,1.415619e+01,7.397504e+04,8.561926e-01,9.480326e-01,9.479175e-01,7.163461e-04,1.084961e-08,3.800702e+01,8.029241e+00,2.997778e+01,3.965028e+01,1.695000e+02
1.223105e+06,1.415631e+01,7.398504e+04,8.563083e-01,9.480376e-01,9.479176e-01,7.164546e-04,1.084961e-08,3.800651e+01,8.029241e+00,2.997727e+01,3.964958e+01,1.695000e+02
1.223115e+06,1.415642e+01,7.399504e+04,8.564240e-01,9.480425e-01,9.479177e-01,7.165631e-04,1.084960e-08,3.800599e+01,8.029241e+00,2.997675e+01,3.964887e+01,1.695000e+02
1.223125e+06,1.415654e+01,7.400504e+04,8.565398e-01,9.480475e-01,9.479178e-01,7.166716e-04,1.084960e-08,3.800548e+01,8.029241e+00,2.997624e+01,3.964816e+01,1.695000e+02
1.223135e+06,1.415666e+01,7.401504e+04,8.566555e-01,9.480525e-01,9.479179e-01,7.167801e-04,1.084960e-08,3.800497e+01,8.029241e+00,2.997572e+01,3.964745e+01,1.695000e+02
1.223145e+06,1.415677e+01,7.402504e+04,8.567713e-01,9.480575e-01,9.479180e-01,7.168886e-04,1.084960e-08,3.800445e+01,8.029241e+00,2.997521e+01,3.964674e+01,1.695000e+02
1.223155e+06,1.415689e+01,7.403504e+04,8.568870e-01,9.480624e-01,9.479181e-01,7.169971e-04,1.084960e-08,3.800394e+01,8.029241e+00,2.997470e+01,3.964604e+01,1.695000e+02
1.223165e+06,1.415700e+01,7.404504e+04,8.570028e-01,9.480674e-01,9.479182e-01,7.171056e-04,1.084960e-08,3.800342e+01,8.029241e+00,2.997418e+01,3.964533e+01,1.695000e+02
1.223175e+06,1.415712e+01,7.405504e+04,8.571185e-01,9.480724e-01,9.479183e-01,7.172141e-04,1.084960e-08,3.800291e+01,8.029241e+00,2.997367e+01,3.964462e+01,1.695000e+02
1.223185e+06,1.415723e+01,7.406504e+04,8.572343e-01,9.480774e-01,9.479184e-01,7.173226e-04,1.084960e-08,3.800240e+01,8.029241e+00,2.997316e+01,3.964391e+01,1.695000e+02
1.223195e+06,1.415735e+01,7.407504e+04,8.573500e-01,9.480824e-01,9.479185e-01,7.174311e-04,1.084959e-08,3.800188e+01,8.029241e+00,2.997264e+01,3.964321e+01,1.695000e+02
1.223205e+06,1.415747e+01,7.408504e+04,8.574658e-01,9.480873e-01,9.479186e-01,7.175396e-04,1.084959e-08,3.800137e+01,8.029241e+00,2.997213e+01,3.964250e+01,1.695000e+02
1.223215e+06,1.415758e+01,7.409504e+04,8.575815e-01,9.480923e-01,9.479187e-01,7.176481e-04,1.084959e-08,3.800086e+01,8.029241e+00,2.997161e+01,3.964179e+01,1.695000e+02
1.223225e+06,1.415770e+01,7.410505e+04,8.576973e-01,9.480943e-01,9.479188e-01,7.177566e-04,1.084959e-08,3.800066e+01,8.029241e+00,2.997142e+01,3.964151e+01,1.695000e+02
1.223235e+06,1.415781e+01,7.411505e+04,8.578130e-01,9.480919e-01,9.479189e-01,7.178651e-04,1.084959e-08,3.800091e+01,8.029241e+00,2.997167e+01,3.964187e+01,1.695000e+02
1.223245e+06,1.415793e+01,7.412505e+04,8.579288e-01,9.480895e-01,9.479191e-01,7.179736e-04,1.084959e-08,3.800117e+01,8.029241e+00,2.997193e+01,3.964222e+01,1.695000e+02
1.223255e+06,1.415804e+01,7.413505e+04,8.580445e-01,9.480871e-01,9.479192e-01,7.180821e-04,1.084959e-08,3.800143e+01,8.029241e+00,2.997219e+01,3.964257e+01,1.695000e+02
1.223265e+06,1.415816e+01,7.414505e+04,8.581603e-01,9.480847e-01,9.479193e-01,7.181906e-04,1.084959e-08,3.800168e+01,8.029241e+00,2.997244e+01,3.964292e+01,1.695000e+02
1.223275e+06,1.415828e+01,7.415505e+04,8.582760e-01,9.480823e-01,9.479194e-01,7.182992e-04,1.084958e-08,3.800194e+01,8.029241e+00,2.997270e+01,3.964327e+01,1.695000e+02
1.223285e+06,1.415839e+01,7.416505e+04,8.583918e-01,9.480800e-01,9.479195e-01,7.184077e-04,1.084958e-08,3.800220e+01,8.029241e+00,2.997296e+01,3.964362e+01,1.695000e+02
1.223295e+06,1.415851e+01,7.417505e+04,8.585075e-01,9.480776e-01,9.479196e-01,7.185162e-04,1.084958e-08,3.800245e+01,8.029241e+00,2.997321e+01,3.964397e+01,1.695000e+02
1.223305e+06,1.415862e+01,7.418505e+04,8.586233e-01,9.480752e-01,9.479197e-01,7.186247e-04,1.084958e-08,3.800271e+01,8.029241e+00,2.997347e+01,3.964432e+01,1.695000e+02
1.223315e+06,1.415874e+01,7.419505e+04,8.587390e-01,9.480728e-01,9.479198e-01,7.187332e-04,1.084958e-08,3.800297e+01,8.029241e+00,2.997373e+01,3.964467e+01,1.695000e+02
1.223325e+06,1.415885e+01,7.420505e+04,8.588548e-01,9.480704e-01,9.479199e-01,7.188417e-04,1.084958e-08,3.800323e+01,8.029241e+00,2.997398e+01,3.964502e+01,1.695000e+02
1.223335e+06,1.415897e+01,7.421505e+04,8.589705e-01,9.480680e-01,9.479200e-01,7.189502e-04,1.084958e-08,3.800348e+01,8.029241e+00,2.997424e+01,3.964537e+01,1.695000e+02
1.223345e+06,1.415909e+01,7.422505e+04,8.590863e-01,9.480656e-01,9.479201e-01,7.190587e-04,1.084958e-08,3.800374e+01,8.029241e+00,2.997450e+01,3.964572e+01,1.695000e+02
1.223355e+06,1.415920e+01,7.423505e+04,8.592020e-01,9.480633e-01,9.479202e-01,7.191672e-04,1.084958e-08,3.800400e+01,8.029241e+00,2.997475e+01,3.964607e+01,1.695000e+02
1.223365e+06,1.415932e+01,7.424505e+04,8.593178e-01,9.480609e-01,9.479203e-01,7.192757e-04,1.084957e-08,3.800425e+01,8.029241e+00,2.997501e+01,3.964642e+01,1.695000e+02
1.223375e+06,1.415943e+01,7.425506e+04,8.594335e-01,9.480585e-01,9.479204e-01,7.193842e-04,1.084957e-08,3.800451e+01,8.029241e+00,2.997527e+01,3.964677e+01,1.695000e+02
1.223385e+06,1.415955e+01,7.426506e+04,8.595493e-01,9.480561e-01,9.479205e-01,7.194927e-04,1.084957e-08,3.800477e+01,8.029241e+00,2.997553e+01,3.964712e+01,1.695000e+02
1.223395e+06,1.415967e+01,7.427506e+04,8.596650e-01,9.480537e-01,9.479206e-01,7.196012e-04,1.084957e-08,3.800502e+01,8.029241e+00,2.997578e+01,3.964747e+01,1.695000e+02
1.223405e+06,1.415978e+01,7.428506e+04,8.597808e-01,9.480513e-01,9.479207e-01,7.197097e-04,1.084957e-08,3.800528e+01,8.029241e+00,2.997604e+01,3.964782e+01,1.695000e+02
1.223415e+06,1.415990e+01,7.429506e+04,8.598965e-01,9.480489e-01,9.479208e-01,7.198182e-04,1.084957e-08,3.800554e+01,8.029241e+00,2.997630e+01,3.964817e+01,1.695000e+02
1.223425e+06,1.416001e+01,7.430506e+04,8.600123e-01,9.480466e-01,9.479209e-01,7.199267e-04,1.084957e-08,3.800579e+01,8.029241e+00,2.997655e+01,3.964852e+01,1.695000e+02
1.223435e+06,1.416013e+01,7.431506e+04,8.601280e-01,9.480442e-01,9.479210e-01,7.200352e-04,1.084957e-08,3.800605e+01,8.029241e+00,2.997681e+01,3.964888e+01,1.695000e+02
1.223445e+06,1.416024e+01,7.432506e+04,8.602438e-01,9.480418e-01,9.479211e-01,7.201437e-04,1.084956e-08,3.800631e+01,8.029241e+00,2.997707e+01,3.964923e+01,1.695000e+02
1.223455e+06,1.416036e+01,7.433506e+04,8.603595e-01,9.480394e-01,9.479212e-01,7.202522e-04,1.084956e-08,3.800656e+01,8.029241e+00,2.997732e+01,3.964958e+01,1.695000e+02
1.223465e+06,1.416048e+01,7.434506e+04,8.604753e-01,9.480384e-01,9.479213e-01,7.203607e-04,1.084956e-08,3.800682e+01,8.029241e+00,2.997758e+01,3.964988e+01,1.695000e+02
1.223475e+06,1.416059e+01,7.435506e+04,8.605910e-01,9.480435e-01,9.479214e-01,7.204692e-04,1.084956e-08,3.800652e+01,8.029241e+00,2.997727e+01,3.964939e+01,1.695018e+02
1.223485e+06,1.416071e+01,7.436506e+04,8.607067e-01,9.480540e-01,9.479215e-01,7.205777e-04,1.084956e-08,3.800550e+01,8.029241e+00,2.997625e+01,3.964796e+01,1.695057e+02
1.223495e+06,1.416082e+01,7.437506e+04,8.608225e-01,9.480644e-01,9.479216e-01,7.206862e-04,1.084956e-08,3.800447e+01,8.029241e+00,2.997523e+01,3.964654e+01,1.695097e+02
1.223505e+06,1.416094e+01,7.438506e+04,8.609382e-01,9.480749e-01,9.479217e-01,7.207947e-04,1.084956e-08,3.800345e+01,8.029241e+00,2.997421e+01,3.964511e+01,1.695137e+02
1.223515e+06,1.416105e+01,7.439507e+04,8.610540e-01,9.480854e-01,9.479218e-01,7.209032e-04,1.084956e-08,3.800243e+01,8.029241e+00,2.997319e+01,3.964368e+01,1.695177e+02
1.223525e+06,1.416117e+01,7.440507e+04,8.611697e-01,9.480959e-01,9.479219e-01,7.210117e-04,1.084956e-08,3.800141e+01,8.029241e+00,2.997217e+01,3.964226e+01,1.695216e+02
1.223535e+06,1.416129e+01,7.441507e+04,8.612855e-01,9.481064e-01,9.479220e-01,7.211202e-04,1.084955e-08,3.800039e+01,8.029241e+00,2.997115e+01,3.964083e+01,1.695256e+02
1.223545e+06,1.416140e+01,7.442507e+04,8.614012e-01,9.481169e-01,9.479221e-01,7.212287e-04,1.084955e-08,3.799937e+01,8.029241e+00,2.997013e+01,3.963941e+01,1.695296e+02
1.223555e+06,1.416152e+01,7.443507e+04,8.615170e-01,9.481273e-01,9.479222e-01,7.213372e-04,1.084955e-08,3.799835e+01,8.029241e+00,2.996911e+01,3.963798e+01,1.695336e+02
1.223565e+06,1.416163e+01,7.444507e+04,8.616327e-01,9.481378e-01,9.479223e-01,7.214457e-04,1.084955e-08,3.799733e+01,8.029241e+00,2.996809e+01,3.963656e+01,1.695376e+02
1.223575e+06,1.416175e+01,7.445507e+04,8.617485e-01,9.481483e-01,9.479224e-01,7.215542e-04,1.084955e-08,3.799631e+01,8.029241e+00,2.996707e+01,3.963513e+01,1.695415e+02
1.223585e+06,1.416186e+01,7.446507e+04,8.618642e-01,9.481588e-01,9.479225e-01,7.216627e-04,1.084955e-08,3.799529e+01,8.029241e+00,2.996605e+01,3.963370e+01,1.695455e+02
1.223595e+06,1.416198e+01,7.447507e+04,8.619800e-01,9.481693e-01,9.479227e-01,7.217712e-04,1.084955e-08,3.799427e+01,8.029241e+00,2.996503e+01,3.963228e+01,1.695495e+02
1.223605e+06,1.416210e+01,7.448507e+04,8.620957e-01,9.481798e-01,9.479228e-01,7.218798e-04,1.084955e-08,3.799325e+01,8.029241e+00,2.996401e+01,3.963085e+01,1.695535e+02
1.223615e+06,1.416221e+01,7.449507e+04,8.622115e-01,9.481902e-01,9.479229e-01,7.219883e-04,1.084954e-08,3.799223e+01,8.029241e+00,2.996299e+01,3.962943e+01,1.695574e+02
1.223625e+06,1.416233e+01,7.450507e+04,8.623272e-01,9.482007e-01,9.479230e-01,7.220968e-04,1.084954e-08,3.799121e+01,8.029241e+00,2.996197e+01,3.962800e+01,1.695614e+02
1.223635e+06,1.416244e+01,7.451507e+04,8.624430e-01,9.482112e-01,9.479231e-01,7.222053e-04,1.084954e-08,3.799019e+01,8.029241e+00,2.996095e+01,3.962658e+01,1.695654e+02
1.223645e+06,1.416256e+01,7.452507e+04,8.625587e-01,9.482217e-01,9.479232e-01,7.223138e-04,1.084954e-08,3.798917e+01,8.029241e+00,2.995993e+01,3.962515e+01,1.695694e+02
1.223655e+06,1.416267e+01,7.453507e+04,8.626745e-01,9.482322e-01,9.479233e-01,7.224223e-04,1.084954e-08,3.798815e+01,8.029241e+00,2.995891e+01,3.962373e+01,1.695733e+02
1.223665e+06,1.416279e+01,7.454508e+04,8.627902e-01,9.482427e-01,9.479234e-01,7.225308e-04,1.084954e-08,3.798713e+01,8.029241e+00,2.995789e+01,3.962230e+01,1.695773e+02
1.223675e+06,1.416291e+01,7.455508e+04,8.629060e-01,9.482531e-01,9.479235e-01,7.226393e-04,1.084954e-08,3.798611e+01,8.029241e+00,2.995687e+01,3.962087e+01,1.695813e+02
1.223685e+06,1.416302e+01,7.456508e+04,8.630217e-01,9.482636e-01,9.479236e-01,7.227478e-04,1.084954e-08,3.798509e+01,8.029241e+00,2.995584e+01,3.961945e+01,1.695853e+02
1.223695e+06,1.416314e+01,7.457508e+04,8.631375e-01,9.482741e-01,9.479237e-01,7.228563e-04,1.084954e-08,3.798407e+01,8.029241e+00,2.995482e+01,3.961802e+01,1.695893e+02
1.223705e+06,1.416325e+01,7.458508e+04,8.632532e-01,9.482846e-01,9.479238e-01,7.229648e-04,1.084953e-08,3.798305e+01,8.029241e+00,2.995380e+01,3.961660e+01,1.695932e+02
1.223715e+06,1.416337e+01,7.459508e+04,8.633690e-01,9.482941e-01,9.479239e-01,7.230733e-04,1.084953e-08,3.798202e+01,8.029241e+00,2.995278e+01,3.961520e+01,1.695972e+02
1.223725e+06,1.416348e+01,7.460508e+04,8.634847e-01,9.482972e-01,9.479240e-01,7.231818e-04,1.084953e-08,3.798116e+01,8.029241e+00,2.995191e+01,3.961419e+01,1.696000e+02
1.223735e+06,1.416360e+01,7.461508e+04,8.636005e-01,9.482904e-01,9.479241e-01,7.232903e-04,1.084953e-08,3.798064e+01,8.029241e+00,2.995140e+01,3.961387e+01,1.696000e+02
1.223745e+06,1.416372e+01,7.462508e+04,8.637162e-01,9.482837e-01,9.479242e-01,7.233988e-04,1.084953e-08,3.798012e+01,8.029241e+00,2.995088e+01,3.961355e+01,1.696000e+02
1.223755e+06,1.416383e+01,7.463508e+04,8.638320e-01,9.482769e-01,9.479243e-01,7.235073e-04,1.084953e-08,3.797961e+01,8.029241e+00,2.995037e+01,3.961323e+01,1.696000e+02
1.223765e+06,1.416395e+01,7.464508e+04,8.639477e-01,9.482702e-01,9.479244e-01,7.236158e-04,1.084953e-08,3.797909e+01,8.029241e+00,2.994985e+01,3.961291e+01,1.696000e+02
1.223775e+06,1.416406e+01,7.465508e+04,8.640635e-01,9.482634e-01,9.479245e-01,7.237243e-04,1.084953e-08,3.797858e+01,8.029241e+00,2.994934e+01,3.961259e+01,1.696000e+02
1.223785e+06,1.416418e+01,7.466508e+04,8.641792e-01,9.482566e-01,9.479246e-01,7.238328e-04,1.084952e-08,3.797806e+01,8.029241e+00,2.994882e+01,3.961227e+01,1.696000e+02
1.223795e+06,1.416429e+01,7.467508e+04,8.642950e-01,9.482499e-01,9.479247e-01,7.239413e-04,1.084952e-08,3.797755e+01,8.029241e+00,2.994831e+01,3.961196e+01,1.696000e+02
1.223805e+06,1.416441e+01,7.468508e+04,8.644107e-01,9.482431e-01,9.479248e-01,7.240498e-04,1.084952e-08,3.797703e+01,8.029241e+00,2.994779e+01,3.961164e+01,1.696000e+02
1.223815e+06,1.416453e+01,7.469509e+04,8.645265e-01,9.482364e-01,9.479249e-01,7.241583e-04,1.084952e-08,3.797652e+01,8.029241e+00,2.994727e+01,3.961132e+01,1.696000e+02
1.223825e+06,1.416464e+01,7.470509e+04,8.646422e-01,9.482296e-01,9.479250e-01,7.242668e-04,1.084952e-08,3.797600e+01,8.029241e+00,2.994676e+01,3.961100e+01,1.696000e+02
1.223835e+06,1.416476e+01,7.471509e+04,8.647579e-01,9.482228e-01,9.479251e-01,7.243753e-04,1.084952e-08,3.797548e+01,8.029241e+00,2.994624e+01,3.961068e+01,1.696000e+02
1.223845e+06,1.416487e+01,7.472509e+04,8.648737e-01,9.482161e-01,9.479252e-01,7.244838e-04,1.084952e-08,3.797497e+01,8.029241e+00,2.994573e+01,3.961036e+01,1.696000e+02
1.223855e+06,1.416499e+01,7.473509e+04,8.649894e-01,9.482093e-01,9.479253e-01,7.245923e-04,1.084952e-08,3.797445e+01,8.029241e+00,2.994521e+01,3.961004e+01,1.696000e+02
1.223865e+06,1.416511e+01,7.474509e+04,8.651052e-01,9.482026e-01,9.479254e-01,7.247008e-04,1.084952e-08,3.797394e+01,8.029241e+00,2.994470e+01,3.960973e+01,1.696000e+02
1.223875e+06,1.416522e+01,7.475509e+04,8.652209e-01,9.481958e-01,9.479255e-01,7.248093e-04,1.084951e-08,3.797342e+01,8.029241e+00,2.994418e+01,3.960941e+01,1.696000e+02
1.223885e+06,1.416534e+01,7.476509e+04,8.653367e-01,9.481890e-01,9.479256e-01,7.249178e-04,1.084951e-08,3.797291e+01,8.029241e+00,2.994367e+01,3.960909e+01,1.696000e+02
1.223895e+06,1.416545e+01,7.477509e+04,8.654524e-01,9.481823e-01,9.479257e-01,7.250263e-04,1.084951e-08,3.797239e+01,8.029241e+00,2.994315e+01,3.960877e+01,1.696000e+02
1.223905e+06,1.416557e+01,7.478509e+04,8.655682e-01,9.481755e-01,9.479258e-01,7.251348e-04,1.084951e-08,3.797188e+01,8.029241e+00,2.994263e+01,3.960845e+01,1.696000e+02
1.223915e+06,1.416568e+01,7.479509e+04,8.656839e-01,9.481688e-01,9.479259e-01,7.252433e-04,1.084951e-08,3.797136e+01,8.029241e+00,2.994212e+01,3.960813e+01,1.696000e+02
1.223925e+06,1.416580e+01,7.480509e+04,8.657997e-01,9.481620e-01,9.479260e-01,7.253518e-04,1.084951e-08,3.797084e+01,8.029241e+00,2.994160e+01,3.960781e+01,1.696000e+02
1.223935e+06,1.416592e+01,7.481509e+04,8.659154e-01,9.481552e-01,9.479261e-01,7.254603e-04,1.084951e-08,3.797033e+01,8.029241e+00,2.994109e+01,3.960750e+01,1.696000e+02
1.223945e+06,1.416603e+01,7.482509e+04,8.660312e-01,9.481485e-01,9.479263e-01,7.255688e-04,1.084951e-08,3.796981e+01,8.029241e+00,2.994057e+01,3.960718e+01,1.696000e+02
1.223955e+06,1.416615e+01,7.483509e+04,8.661469e-01,9.481417e-01,9.479264e-01,7.256773e-04,1.084950e-08,3.796930e+01,8.029241e+00,2.994006e+01,3.960686e+01,1.696000e+02
1.223965e+06,1.416626e+01,7.484510e+04,8.662627e-01,9.481350e-01,9.479265e-01,7.257858e-04,1.084950e-08,3.796878e+01,8.029241e+00,2.993954e+01,3.960654e+01,1.696000e+02
1.223975e+06,1.416638e+01,7.485510e+04,8.663784e-01,9.481299e-01,9.479266e-01,7.258944e-04,1.084950e-08,3.796913e+01,8.029241e+00,2.993988e+01,3.960707e+01,1.696000e+02
1.223985e+06,1.416649e+01,7.486510e+04,8.664942e-01,9.481274e-01,9.479267e-01,7.260029e-04,1.084950e-08,3.797066e+01,8.029241e+00,2.994142e+01,3.960878e+01,1.696000e+02
1.223995e+06,1.416661e+01,7.487510e+04,8.666099e-01,9.481248e-01,9.479268e-01,7.261114e-04,1.084950e-08,3.797220e+01,8.029241e+00,2.994296e+01,3.961048e+01,1.696000e+02
1.224005e+06,1.416673e+01,7.488510e+04,8.667257e-01,9.481222e-01,9.479269e-01,7.262199e-04,1.084950e-08,3.797373e+01,8.029241e+00,2.994449e+01,3.961219e+01,1.696000e+02
1.224015e+06,1.416684e+01,7.489510e+04,8.668414e-01,9.481196e-01,9.479270e-01,7.263284e-04,1.084950e-08,3.797527e+01,8.029241e+00,2.994603e+01,3.961389e+01,1.696000e+02
1.224025e+06,1.416696e+01,7.490510e+04,8.669572e-01,9.481170e-01,9.479271e-01,7.264369e-04,1.084950e-08,3.797681e+01,8.029241e+00,2.994756e+01,3.961560e+01,1.696000e+02
1.224035e+06,1.416707e+01,7.491510e+04,8.670729e-01,9.481145e-01,9.479272e-01,7.265454e-04,1.084950e-08,3.797834e+01,8.029241e+00,2.994910e+01,3.961730e+01,1.696000e+02
1.224045e+06,1.416719e+01,7.492510e+04,8.671887e-01,9.481119e-01,9.479273e-01,7.266539e-04,1.084949e-08,3.797988e+01,8.029241e+00,2.995064e+01,3.961901e+01,1.696000e+02
1.224055e+06,1.416730e+01,7.493510e+04,8.673044e-01,9.481093e-01,9.479274e-01,7.267624e-04,1.084949e-08,3.798141e+01,8.029241e+00,2.995217e+01,3.962072e+01,1.696000e+02
1.224065e+06,1.416742e+01,7.494510e+04,8.674202e-01,9.481067e-01,9.479275e-01,7.268709e-04,1.084949e-08,3.798295e+01,8.029241e+00,2.995371e+01,3.962242e+01,1.696000e+02
1.224075e+06,1.416754e+01,7.495510e+04,8.675359e-01,9.481041e-01,9.479276e-01,7.269794e-04,1.084949e-08,3.798449e+01,8.029241e+00,2.995524e+01,3.962413e+01,1.696000e+02
1.224085e+06,1.416765e+01,7.496510e+04,8.676517e-01,9.481016e-01,9.479277e-01,7.270879e-04,1.084949e-08,3.798602e+01,8.029241e+00,2.995678e+01,3.962584e+01,1.696000e+02
1.224095e+06,1.416777e+01,7.497510e+04,8.677674e-01,9.480990e-01,9.479278e-01,7.271964e-04,1.084949e-08,3.798756e+01,8.029241e+00,2.995832e+01,3.962754e+01,1.696000e+02
1.224105e+06,1.416788e+01,7.498511e+04,8.678832e-01,9.480964e-01,9.479279e-01,7.273049e-04,1.084949e-08,3.798909e+01,8.029241e+00,2.995985e+01,3.962925e+01,1.696000e+02
1.224115e+06,1.416800e+01,7.499511e+04,8.679989e-01,9.480938e-01,9.479280e-01,7.274134e-04,1.084949e-08,3.799063e+01,8.029241e+00,2.996139e+01,3.963095e+01,1.696000e+02
1.224125e+06,1.416811e+01,7.500511e+04,8.681147e-01,9.480912e-01,9.479281e-01,7.275219e-04,1.084948e-08,3.799217e+01,8.029241e+00,2.996292e+01,3.963266e+01,1.696000e+02
1.224135e+06,1.416823e+01,7.501511e+04,8.682304e-01,9.480887e-01,9.479282e-01,7.276304e-04,1.084948e-08,3.799370e+01,8.029241e+00,2.996446e+01,3.963437e+01,1.696000e+02
1.224145e+06,1.416835e+01,7.502511e+04,8.683462e-01,9.480861e-01,9.479283e-01,7.277389e-04,1.084948e-08,3.799524e+01,8.029241e+00,2.996600e+01,3.963607e+01,1.696000e+02
1.224155e+06,1.416846e+01,7.503511e+04,8.684619e-01,9.480835e-01,9.479284e-01,7.278474e-04,1.084948e-08,3.799677e+01,8.029241e+00,2.996753e+01,3.963778e+01,1.696000e+02
1.224165e+06,1.416858e+01,7.504511e+04,8.685777e-01,9.480809e-01,9.479285e-01,7.279559e-04,1.084948e-08,3.799831e+01,8.029241e+00,2.996907e+01,3.963948e+01,1.696000e+02
1.224175e+06,1.416869e+01,7.505511e+04,8.686934e-01,9.480783e-01,9.479286e-01,7.280644e-04,1.084948e-08,3.799984e+01,8.029241e+00,2.997060e+01,3.964119e+01,1.696000e+02
1.224185e+06,1.416881e+01,7.506511e+04,8.688092e-01,9.480758e-01,9.479287e-01,7.281729e-04,1.084948e-08,3.800138e+01,8.029241e+00,2.997214e+01,3.964290e+01,1.696000e+02
1.224195e+06,1.416892e+01,7.507511e+04,8.689249e-01,9.480732e-01,9.479288e-01,7.282814e-04,1.084948e-08,3.800292e+01,8.029241e+00,2.997368e+01,3.964460e+01,1.696000e+02
1.224205e+06,1.416904e+01,7.508511e+04,8.690406e-01,9.480706e-01,9.479289e-01,7.283899e-04,1.084948e-08,3.800445e+01,8.029241e+00,2.997521e+01,3.964631e+01,1.696000e+02
1.224215e+06,1.416916e+01,7.509511e+04,8.691564e-01,9.480680e-01,9.479290e-01,7.284984e-04,1.084947e-08,3.800599e+01,8.029241e+00,2.997675e+01,3.964801e+01,1.696000e+02
1.224225e+06,1.416927e+01,7.510511e+04,8.692721e-01,9.480652e-01,9.479291e-01,7.286069e-04,1.084947e-08,3.800659e+01,8.029241e+00,2.997735e+01,3.964875e+01,1.696000e+02
1.224235e+06,1.416939e+01,7.511511e+04,8.693879e-01,9.480618e-01,9.479292e-01,7.287154e-04,1.084947e-08,3.800556e+01,8.029241e+00,2.997632e+01,3.964777e+01,1.696000e+02
1.224245e+06,1.416950e+01,7.512511e+04,8.695036e-01,9.480585e-01,9.479293e-01,7.288239e-04,1.084947e-08,3.800454e+01,8.029241e+00,2.997529e+01,3.964680e+01,1.696000e+02
1.224255e+06,1.416962e+01,7.513512e+04,8.696194e-01,9.480552e-01,9.479294e-01,7.289324e-04,1.084947e-08,3.800351e+01,8.029241e+00,2.997427e+01,3.964583e+01,1.696000e+02
1.224265e+06,1.416974e+01,7.514512e+04,8.697351e-01,9.480519e-01,9.479295e-01,7.290409e-04,1.084947e-08,3.800248e+01,8.029241e+00,2.997324e+01,3.964485e+01,1.696000e+02
1.224275e+06,1.416985e+01,7.515512e+04,8.698509e-01,9.480486e-01,9.479296e-01,7.291494e-04,1.084947e-08,3.800145e+01,8.029241e+00,2.997221e+01,3.964388e+01,1.696000e+02
1.224285e+06,1.416997e+01,7.516512e+04,8.699666e-01,9.480453e-01,9.479297e-01,7.292579e-04,1.084947e-08,3.800043e+01,8.029241e+00,2.997118e+01,3.964291e+01,1.696000e+02
1.224295e+06,1.417008e+01,7.517512e+04,8.700824e-01,9.480419e-01,9.479299e-01,7.293664e-04,1.084946e-08,3.799940e+01,8.029241e+00,2.997016e+01,3.964193e+01,1.696000e+02
1.224305e+06,1.417020e+01,7.518512e+04,8.701981e-01,9.480386e-01,9.479300e-01,7.294749e-04,1.084946e-08,3.799837e+01,8.029241e+00,2.996913e+01,3.964096e+01,1.696000e+02
1.224315e+06,1.417031e+01,7.519512e+04,8.703139e-01,9.480353e-01,9.479301e-01,7.295834e-04,1.084946e-08,3.799734e+01,8.029241e+00,2.996810e+01,3.963999e+01,1.696000e+02
1.224325e+06,1.417043e+01,7.520512e+04,8.704296e-01,9.480320e-01,9.479302e-01,7.296919e-04,1.084946e-08,3.799632e+01,8.029241e+00,2.996707e+01,3.963901e+01,1.696000e+02
1.224335e+06,1.417055e+01,7.521512e+04,8.705454e-01,9.480287e-01,9.479303e-01,7.298004e-04,1.084946e-08,3.799529e+01,8.029241e+00,2.996605e+01,3.963804e+01,1.696000e+02
1.224345e+06,1.417066e+01,7.522512e+04,8.706611e-01,9.480254e-01,9.479304e-01,7.299089e-04,1.084946e-08,3.799426e+01,8.029241e+00,2.996502e+01,3.963707e+01,1.696000e+02
1.224355e+06,1.417078e+01,7.523512e+04,8.707769e-01,9.480220e-01,9.479305e-01,7.300174e-04,1.084946e-08,3.799323e+01,8.029241e+00,2.996399e+01,3.963609e+01,1.696000e+02
1.224365e+06,1.417089e+01,7.524512e+04,8.708926e-01,9.480187e-01,9.479306e-01,7.301259e-04,1.084946e-08,3.799221e+01,8.029241e+00,2.996296e+01,3.963512e+01,1.696000e+02
1.224375e+06,1.417101e+01,7.525512e+04,8.710084e-01,9.480154e-01,9.479307e-01,7.302344e-04,1.084946e-08,3.799118e+01,8.029241e+00,2.996194e+01,3.963415e+01,1.696000e+02
1.224385e+06,1.417112e+01,7.526512e+04,8.711241e-01,9.480121e-01,9.479308e-01,7.303429e-04,1.084945e-08,3.799015e+01,8.029241e+00,2.996091e+01,3.963317e+01,1.696000e+02
1.224395e+06,1.417124e+01,7.527512e+04,8.712399e-01,9.480088e-01,9.479309e-01,7.304514e-04,1.084945e-08,3.798912e+01,8.029241e+00,2.995988e+01,3.963220e+01,1.696000e+02
1.224405e+06,1.417136e+01,7.528513e+04,8.713556e-01,9.480055e-01,9.479310e-01,7.305599e-04,1.084945e-08,3.798810e+01,8.029241e+00,2.995885e+01,3.963123e+01,1.696000e+02
1.224415e+06,1.417147e+01,7.529513e+04,8.714714e-01,9.480021e-01,9.479311e-01,7.306684e-04,1.084945e-08,3.798707e+01,8.029241e+00,2.995783e+01,3.963025e+01,1.696000e+02
1.224425e+06,1.417159e+01,7.530513e+04,8.715871e-01,9.479988e-01,9.479312e-01,7.307769e-04,1.084945e-08,3.798604e+01,8.029241e+00,2.995680e+01,3.962928e+01,1.696000e+02
1.224435e+06,1.417170e+01,7.531513e+04,8.717029e-01,9.479955e-01,9.479313e-01,7.308854e-04,1.084945e-08,3.798501e+01,8.029241e+00,2.995577e+01,3.962831e+01,1.696000e+02
1.224445e+06,1.417182e+01,7.532513e+04,8.718186e-01,9.479922e-01,9.479314e-01,7.309940e-04,1.084945e-08,3.798399e+01,8.029241e+00,2.995474e+01,3.962733e+01,1.696000e+02
1.224455e+06,1.417193e+01,7.533513e+04,8.719344e-01,9.479889e-01,9.479315e-01,7.311025e-04,1.084945e-08,3.798296e+01,8.029241e+00,2.995372e+01,3.962636e+01,1.696000e+02
1.224465e+06,1.417205e+01,7.534513e+04,8.720501e-01,9.479855e-01,9.479316e-01,7.312110e-04,1.084944e-08,3.798193e+01,8.029241e+00,2.995269e+01,3.962539e+01,1.696000e+02
1.224475e+06,1.417217e+01,7.535513e+04,8.721659e-01,9.479819e-01,9.479317e-01,7.313195e-04,1.084944e-08,3.798151e+01,8.029241e+00,2.995227e+01,3.962507e+01,1.696000e+02
1.224485e+06,1.417228e+01,7.536513e+04,8.722816e-01,9.479778e-01,9.479318e-01,7.314280e-04,1.084944e-08,3.798203e+01,8.029241e+00,2.995278e+01,3.962575e+01,1.696000e+02
1.224495e+06,1.417240e+01,7.537513e+04,8.723974e-01,9.479737e-01,9.479319e-01,7.315365e-04,1.084944e-08,3.798254e+01,8.029241e+00,2.995330e+01,3.962642e+01,1.696000e+02
1.224505e+06,1.417251e+01,7.538513e+04,8.725131e-01,9.479695e-01,9.479320e-01,7.316450e-04,1.084944e-08,3.798305e+01,8.029241e+00,2.995381e+01,3.962710e+01,1.696000e+02
1.224515e+06,1.417263e+01,7.539513e+04,8.726289e-01,9.479654e-01,9.479321e-01,7.317535e-04,1.084944e-08,3.798356e+01,8.029241e+00,2.995432e+01,3.962778e+01,1.696000e+02
1.224525e+06,1.417274e+01,7.540513e+04,8.727446e-01,9.479613e-01,9.479322e-01,7.318620e-04,1.084944e-08,3.798407e+01,8.029241e+00,2.995483e+01,3.962846e+01,1.696000e+02
1.224535e+06,1.417286e+01,7.541513e+04,8.728604e-01,9.479572e-01,9.479323e-01,7.319705e-04,1.084944e-08,3.798459e+01,8.029241e+00,2.995534e+01,3.962913e+01,1.696000e+02
1.224545e+06,1.417298e+01,7.542514e+04,8.729761e-01,9.479530e-01,9.479324e-01,7.320790e-04,1.084944e-08,3.798510e+01,8.029241e+00,2.995586e+01,3.962981e+01,1.696000e+02
1.224555e+06,1.417309e+01,7.543514e+04,8.730918e-01,9.479489e-01,9.479325e-01,7.321875e-04,1.084943e-08,3.798561e+01,8.029241e+00,2.995637e+01,3.963049e+01,1.696000e+02
1.224565e+06,1.417321e+01,7.544514e+04,8.732076e-01,9.479448e-01,9.479326e-01,7.322960e-04,1.084943e-08,3.798612e+01,8.029241e+00,2.995688e+01,3.963117e+01,1.696000e+02
1.224575e+06,1.417332e+01,7.545514e+04,8.733233e-01,9.479407e-01,9.479327e-01,7.324045e-04,1.084943e-08,3.798663e+01,8.029241e+00,2.995739e+01,3.963184e+01,1.696000e+02
1.224585e+06,1.417344e+01,7.546514e+04,8.734391e-01,9.479365e-01,9.479328e-01,7.325130e-04,1.084943e-08,3.798715e+01,8.029241e+00,2.995790e+01,3.963252e+01,1.696000e+02
1.224595e+06,1.417355e+01,7.547514e+04,8.735548e-01,9.479324e-01,9.479329e-01,7.326215e-04,1.084943e-08,3.798766e+01,8.029241e+00,2.995842e+01,3.963320e+01,1.696000e+02
1.224605e+06,1.417367e+01,7.548514e+04,8.736706e-01,9.479283e-01,9.479330e-01,7.327300e-04,1.084943e-08,3.798817e+01,8.029241e+00,2.995893e+01,3.963388e+01,1.696000e+02
1.224615e+06,1.417379e+01,7.549514e+04,8.737863e-01,9.479242e-01,9.479331e-01,7.328385e-04,1.084943e-08,3.798868e+01,8.029241e+00,2.995944e+01,3.963455e+01,1.696000e+02
1.224625e+06,1.417390e+01,7.550514e+04,8.739021e-01,9.479200e-01,9.479332e-01,7.329470e-04,1.084943e-08,3.798919e+01,8.029241e+00,2.995995e+01,3.963523e+01,1.696000e+02
1.224635e+06,1.417402e+01,7.551514e+04,8.740178e-01,9.479159e-01,9.479333e-01,7.330555e-04,1.084942e-08,3.798971e+01,8.029241e+00,2.996046e+01,3.963591e+01,1.696000e+02
1.224645e+06,1.417413e+01,7.552514e+04,8.741336e-01,9.479118e-01,9.479335e-01,7.331640e-04,1.084942e-08,3.799022e+01,8.029241e+00,2.996098e+01,3.963659e+01,1.696000e+02
1.224655e+06,1.417425e+01,7.553514e+04,8.742493e-01,9.479077e-01,9.479336e-01,7.332725e-04,1.084942e-08,3.799073e+01,8.029241e+00,2.996149e+01,3.963727e+01,1.696000e+02
1.224665e+06,1.417437e+01,7.554514e+04,8.743651e-01,9.479035e-01,9.479337e-01,7.333810e-04,1.084942e-08,3.799124e+01,8.029241e+00,2.996200e+01,3.963794e+01,1.696000e+02
1.224675e+06,1.417448e+01,7.555514e+04,8.744808e-01,9.478994e-01,9.479338e-01,7.334895e-04,1.084942e-08,3.799175e+01,8.029241e+00,2.996251e+01,3.963862e+01,1.696000e+02
1.224685e+06,1.417460e+01,7.556514e+04,8.745966e-01,9.478953e-01,9.479339e-01,7.335980e-04,1.084942e-08,3.799227e+01,8.029241e+00,2.996302e+01,3.963930e+01,1.696000e+02
1.224695e+06,1.417471e+01,7.557515e+04,8.747123e-01,9.478912e-01,9.479340e-01,7.337065e-04,1.084942e-08,3.799278e+01,8.029241e+00,2.996354e+01,3.963998e+01,1.696000e+02
1.224705e+06,1.417483e+01,7.558515e+04,8.748281e-01,9.478870e-01,9.479341e-01,7.338150e-04,1.084942e-08,3.799329e+01,8.029241e+00,2.996405e+01,3.964065e+01,1.696000e+02
1.224715e+06,1.417494e+01,7.559515e+04,8.749438e-01,9.478829e-01,9.479342e-01,7.339235e-04,1.084942e-08,3.799380e+01,8.029241e+00,2.996456e+01,3.964133e+01,1.696000e+02
1.224725e+06,1.417506e+01,7.560515e+04,8.750596e-01,9.478834e-01,9.479343e-01,7.340320e-04,1.084941e-08,3.799405e+01,8.029241e+00,2.996481e+01,3.964158e+01,1.696000e+02
1.224735e+06,1.417518e+01,7.561515e+04,8.751753e-01,9.478927e-01,9.479344e-01,7.341405e-04,1.084941e-08,3.799379e+01,8.029241e+00,2.996455e+01,3.964099e+01,1.696000e+02
1.224745e+06,1.417529e+01,7.562515e+04,8.752911e-01,9.479021e-01,9.479345e-01,7.342490e-04,1.084941e-08,3.799353e+01,8.029241e+00,2.996429e+01,3.964041e+01,1.696000e+02
1.224755e+06,1.417541e+01,7.563515e+04,8.754068e-01,9.479115e-01,9.479346e-01,7.343575e-04,1.084941e-08,3.799328e+01,8.029241e+00,2.996404e+01,3.963983e+01,1.696000e+02
1.224765e+06,1.417552e+01,7.564515e+04,8.755226e-01,9.479208e-01,9.479347e-01,7.344660e-04,1.084941e-08,3.799302e+01,8.029241e+00,2.996378e+01,3.963924e+01,1.696000e+02
1.224775e+06,1.417564e+01,7.565515e+04,8.756383e-01,9.479302e-01,9.479348e-01,7.345745e-04,1.084941e-08,3.799276e+01,8.029241e+00,2.996352e+01,3.963866e+01,1.696000e+02
1.224785e+06,1.417575e+01,7.566515e+04,8.757541e-01,9.479395e-01,9.479349e-01,7.346830e-04,1.084941e-08,3.799250e+01,8.029241e+00,2.996326e+01,3.963807e+01,1.696000e+02
1.224795e+06,1.417587e+01,7.567515e+04,8.758698e-01,9.479489e-01,9.479350e-01,7.347915e-04,1.084941e-08,3.799225e+01,8.029241e+00,2.996300e+01,3.963749e+01,1.696000e+02
1.224805e+06,1.417599e+01,7.568515e+04,8.759856e-01,9.479582e-01,9.479351e-01,7.349000e-04,1.084940e-08,3.799199e+01,8.029241e+00,2.996275e+01,3.963691e+01,1.696000e+02
1.224815e+06,1.417610e+01,7.569515e+04,8.761013e-01,9.479676e-01,9.479352e-01,7.350085e-04,1.084940e-08,3.799173e+01,8.029241e+00,2.996249e+01,3.963632e+01,1.696000e+02
1.224825e+06,1.417622e+01,7.570515e+04,8.762171e-01,9.479769e-01,9.479353e-01,7.351170e-04,1.084940e-08,3.799147e+01,8.029241e+00,2.996223e+01,3.963574e+01,1.696000e+02
1.224835e+06,1.417633e+01,7.571515e+04,8.763328e-01,9.479863e-01,9.479354e-01,7.352255e-04,1.084940e-08,3.799121e+01,8.029241e+00,2.996197e+01,3.963515e+01,1.696000e+02
1.224845e+06,1.417645e+01,7.572516e+04,8.764486e-01,9.479956e-01,9.479355e-01,7.353340e-04,1.084940e-08,3.799096e+01,8.029241e+00,2.996172e+01,3.963457e+01,1.696000e+02
1.224855e+06,1.417656e+01,7.573516e+04,8.765643e-01,9.480050e-01,9.479356e-01,7.354425e-04,1.084940e-08,3.799070e+01,8.029241e+00,2.996146e+01,3.963399e+01,1.696000e+02
1.224865e+06,1.417668e+01,7.574516e+04,8.766801e-01,9.480144e-01,9.479357e-01,7.355510e-04,1.084940e-08,3.799044e+01,8.029241e+00,2.996120e+01,3.963340e+01,1.696000e+02
1.224875e+06,1.417680e+01,7.575516e+04,8.767958e-01,9.480237e-01,9.479358e-01,7.356595e-04,1.084940e-08,3.799018e+01,8.029241e+00,2.996094e+01,3.963282e+01,1.696000e+02
1.224885e+06,1.417691e+01,7.576516e+04,8.769116e-01,9.480331e-01,9.479359e-01,7.357680e-04,1.084940e-08,3.798993e+01,8.029241e+00,2.996068e+01,3.963224e+01,1.696000e+02
1.224895e+06,1.417703e+01,7.577516e+04,8.770273e-01,9.480424e-01,9.479360e-01,7.358765e-04,1.084939e-08,3.798967e+01,8.029241e+00,2.996043e+01,3.963165e+01,1.696000e+02
1.224905e+06,1.417714e+01,7.578516e+04,8.771431e-01,9.480518e-01,9.479361e-01,7.359850e-04,1.084939e-08,3.798941e+01,8.029241e+00,2.996017e+01,3.963107e+01,1.696000e+02
1.224915e+06,1.417726e+01,7.579516e+04,8.772588e-01,9.480611e-01,9.479362e-01,7.360935e-04,1.084939e-08,3.798915e+01,8.029241e+00,2.995991e+01,3.963048e+01,1.696000e+02
1.224925e+06,1.417737e+01,7.580516e+04,8.773745e-01,9.480705e-01,9.479363e-01,7.362020e-04,1.084939e-08,3.798889e+01,8.029241e+00,2.995965e+01,3.962990e+01,1.696000e+02
1.224935e+06,1.417749e+01,7.581516e+04,8.774903e-01,9.480798e-01,9.479364e-01,7.363105e-04,1.084939e-08,3.798864e+01,8.029241e+00,2.995940e+01,3.962932e+01,1.696000e+02
1.224945e+06,1.417761e+01,7.582516e+04,8.776060e-01,9.480892e-01,9.479365e-01,7.364190e-04,1.084939e-08,3.798838e+01,8.029241e+00,2.995914e+01,3.962873e+01,1.696000e+02
1.224955e+06,1.417772e+01,7.583516e+04,8.777218e-01,9.480986e-01,9.479366e-01,7.365275e-04,1.084939e-08,3.798812e+01,8.029241e+00,2.995888e+01,3.962815e+01,1.696000e+02
1.224965e+06,1.417784e+01,7.584516e+04,8.778375e-01,9.481079e-01,9.479367e-01,7.366360e-04,1.084939e-08,3.798786e+01,8.029241e+00,2.995862e+01,3.962757e+01,1.696000e+02
1.224975e+06,1.417795e+01,7.585516e+04,8.779533e-01,9.481130e-01,9.479368e-01,7.367445e-04,1.084938e-08,3.798749e+01,8.029241e+00,2.995825e+01,3.962700e+01,1.696000e+02
1.224985e+06,1.417807e+01,7.586517e+04,8.780690e-01,9.481130e-01,9.479369e-01,7.368530e-04,1.084938e-08,3.798698e+01,8.029241e+00,2.995774e+01,3.962646e+01,1.696000e+02
1.224995e+06,1.417818e+01,7.587517e+04,8.781848e-01,9.481130e-01,9.479371e-01,7.369615e-04,1.084938e-08,3.798646e+01,8.029241e+00,2.995722e+01,3.962592e+01,1.696000e+02
1.225005e+06,1.417830e+01,7.588517e+04,8.783005e-01,9.481130e-01,9.479372e-01,7.370700e-04,1.084938e-08,3.798595e+01,8.029241e+00,2.995671e+01,3.962538e+01,1.696000e+02
1.225015e+06,1.417842e+01,7.589517e+04,8.784163e-01,9.481130e-01,9.479373e-01,7.371785e-04,1.084938e-08,3.798544e+01,8.029241e+00,2.995620e+01,3.962484e+01,1.696000e+02
1.225025e+06,1.417853e+01,7.590517e+04,8.785320e-01,9.481130e-01,9.479374e-01,7.372870e-04,1.084938e-08,3.798493e+01,8.029241e+00,2.995569e+01,3.962430e+01,1.696000e+02
1.225035e+06,1.417865e+01,7.591517e+04,8.786478e-01,9.481130e-01,9.479375e-01,7.373955e-04,1.084938e-08,3.798442e+01,8.029241e+00,2.995518e+01,3.962376e+01,1.696000e+02
1.225045e+06,1.417876e+01,7.592517e+04,8.787635e-01,9.481130e-01,9.479376e-01,7.375040e-04,1.084938e-08,3.798390e+01,8.029241e+00,2.995466e+01,3.962322e+01,1.696000e+02
1.225055e+06,1.417888e+01,7.593517e+04,8.788793e-01,9.481130e-01,9.479377e-01,7.376125e-04,1.084938e-08,3.798339e+01,8.029241e+00,2.995415e+01,3.962268e+01,1.696000e+02
1.225065e+06,1.417900e+01,7.594517e+04,8.789950e-01,9.481130e-01,9.479378e-01,7.377210e-04,1.084937e-08,3.798288e+01,8.029241e+00,2.995364e+01,3.962214e+01,1.696000e+02
1.225075e+06,1.417911e+01,7.595517e+04,8.791108e-01,9.481130e-01,9.479379e-01,7.378295e-04,1.084937e-08,3.798237e+01,8.029241e+00,2.995313e+01,3.962160e+01,1.696000e+02
1.225085e+06,1.417923e+01,7.596517e+04,8.792265e-01,9.481130e-01,9.479380e-01,7.379380e-04,1.084937e-08,3.798186e+01,8.029241e+00,2.995262e+01,3.962106e+01,1.696000e+02
1.225095e+06,1.417934e+01,7.597517e+04,8.793423e-01,9.481130e-01,9.479381e-01,7.380465e-04,1.084937e-08,3.798134e+01,8.029241e+00,2.995210e+01,3.962052e+01,1.696000e+02
1.225105e+06,1.417946e+01,7.598517e+04,8.794580e-01,9.481130e-01,9.479382e-01,7.381550e-04,1.084937e-08,3.798083e+01,8.029241e+00,2.995159e+01,3.961998e+01,1.696000e+02
1.225115e+06,1.417957e+01,7.599517e+04,8.795738e-01,9.481130e-01,9.479383e-01,7.382635e-04,1.084937e-08,3.798032e+01,8.029241e+00,2.995108e+01,3.961944e+01,1.696000e+02
1.225125e+06,1.417969e+01,7.600517e+04,8.796895e-01,9.481130e-01,9.479384e-01,7.383720e-04,1.084937e-08,3.797981e+01,8.029241e+00,2.995057e+01,3.961890e+01,1.696000e+02
1.225135e+06,1.417981e+01,7.601518e+04,8.798053e-01,9.481130e-01,9.479385e-01,7.384806e-04,1.084937e-08,3.797930e+01,8.029241e+00,2.995006e+01,3.961836e+01,1.696000e+02
1.225145e+06,1.417992e+01,7.602518e+04,8.799210e-01,9.481130e-01,9.479386e-01,7.385891e-04,1.084936e-08,3.797878e+01,8.029241e+00,2.994954e+01,3.961782e+01,1.696000e+02
1.225155e+06,1.418004e+01,7.603518e+04,8.800368e-01,9.481130e-01,9.479387e-01,7.386976e-04,1.084936e-08,3.797827e+01,8.029241e+00,2.994903e+01,3.961728e+01,1.696000e+02
1.225165e+06,1.418015e+01,7.604518e+04,8.801525e-01,9.481130e-01,9.479388e-01,7.388061e-04,1.084936e-08,3.797776e+01,8.029241e+00,2.994852e+01,3.961674e+01,1.696000e+02
1.225175e+06,1.418027e+01,7.605518e+04,8.802683e-01,9.481130e-01,9.479389e-01,7.389146e-04,1.084936e-08,3.797725e+01,8.029241e+00,2.994801e+01,3.961620e+01,1.696000e+02
1.225185e+06,1.418038e+01,7.606518e+04,8.803840e-01,9.481130e-01,9.479390e-01,7.390231e-04,1.084936e-08,3.797674e+01,8.029241e+00,2.994750e+01,3.961566e+01,1.696000e+02
1.225195e+06,1.418050e+01,7.607518e+04,8.804998e-01,9.481130e-01,9.479391e-01,7.391316e-04,1.084936e-08,3.797622e+01,8.029241e+00,2.994698e+01,3.961512e+01,1.696000e+02
1.225205e+06,1.418062e+01,7.608518e+04,8.806155e-01,9.481130e-01,9.479392e-01,7.392401e-04,1.084936e-08,3.797571e+01,8.029241e+00,2.994647e+01,3.961458e+01,1.696000e+02
1.225215e+06,1.418073e+01,7.609518e+04,8.807313e-01,9.481130e-01,9.479393e-01,7.393486e-04,1.084936e-08,3.797520e+01,8.029241e+00,2.994596e+01,3.961404e+01,1.696000e+02
1.225225e+06,1.418085e+01,7.610518e+04,8.808470e-01,9.481130e-01,9.479394e-01,7.394571e-04,1.084936e-08,3.797521e+01,8.029241e+00,2.994597e+01,3.961405e+01,1.696000e+02
1.225235e+06,1.418096e+01,7.611518e+04,8.809628e-01,9.481130e-01,9.479395e-01,7.395656e-04,1.084935e-08,3.797598e+01,8.029241e+00,2.994674e+01,3.961486e+01,1.696000e+02
1.225245e+06,1.418108e+01,7.612518e+04,8.810785e-01,9.481130e-01,9.479396e-01,7.396741e-04,1.084935e-08,3.797675e+01,8.029241e+00,2.994751e+01,3.961568e+01,1.696000e+02
1.225255e+06,1.418119e+01,7.613518e+04,8.811943e-01,9.481130e-01,9.479397e-01,7.397826e-04,1.084935e-08,3.797752e+01,8.029241e+00,2.994828e+01,3.961649e+01,1.696000e+02
1.225265e+06,1.418131e+01,7.614518e+04,8.813100e-01,9.481130e-01,9.479398e-01,7.398911e-04,1.084935e-08,3.797829e+01,8.029241e+00,2.994905e+01,3.961730e+01,1.696000e+02
1.225275e+06,1.418143e+01,7.615518e+04,8.814258e-01,9.481130e-01,9.479399e-01,7.399996e-04,1.084935e-08,3.797906e+01,8.029241e+00,2.994982e+01,3.961812e+01,1.696000e+02
1.225285e+06,1.418154e+01,7.616519e+04,8.815415e-01,9.481130e-01,9.479400e-01,7.401081e-04,1.084935e-08,3.797983e+01,8.029241e+00,2.995059e+01,3.961893e+01,1.696000e+02
1.225295e+06,1.418166e+01,7.617519e+04,8.816572e-01,9.481130e-01,9.479401e-01,7.402166e-04,1.084935e-08,3.798060e+01,8.029241e+00,2.995136e+01,3.961974e+01,1.696000e+02
1.225305e+06,1.418177e+01,7.618519e+04,8.817730e-01,9.481130e-01,9.479402e-01,7.403251e-04,1.084935e-08,3.798137e+01,8.029241e+00,2.995213e+01,3.962055e+01,1.696000e+02
1.225315e+06,1.418189e+01,7.619519e+04,8.818887e-01,9.481130e-01,9.479403e-01,7.404336e-04,1.084934e-08,3.798215e+01,8.029241e+00,2.995290e+01,3.962137e+01,1.696000e+02
1.225325e+06,1.418200e+01,7.620519e+04,8.820045e-01,9.481130e-01,9.479404e-01,7.405421e-04,1.084934e-08,3.798292e+01,8.029241e+00,2.995367e+01,3.962218e+01,1.696000e+02
1.225335e+06,1.418212e+01,7.621519e+04,8.821202e-01,9.481130e-01,9.479405e-01,7.406506e-04,1.084934e-08,3.798369e+01,8.029241e+00,2.995445e+01,3.962299e+01,1.696000e+02
1.225345e+06,1.418224e+01,7.622519e+04,8.822360e-01,9.481130e-01,9.479407e-01,7.407591e-04,1.084934e-08,3.798446e+01,8.029241e+00,2.995522e+01,3.962381e+01,1.696000e+02
1.225355e+06,1.418235e+01,7.623519e+04,8.823517e-01,9.481130e-01,9.479408e-01,7.408676e-04,1.084934e-08,3.798523e+01,8.029241e+00,2.995599e+01,3.962462e+01,1.696000e+02
1.225365e+06,1.418247e+01,7.624519e+04,8.824675e-01,9.481130e-01,9.479409e-01,7.409761e-04,1.084934e-08,3.798600e+01,8.029241e+00,2.995676e+01,3.962543e+01,1.696000e+02
1.225375e+06,1.418258e+01,7.625519e+04,8.825832e-01,9.481130e-01,9.479410e-01,7.410846e-04,1.084934e-08,3.798677e+01,8.029241e+00,2.995753e+01,3.962624e+01,1.696000e+02
1.225385e+06,1.418270e+01,7.626519e+04,8.826990e-01,9.481130e-01,9.479411e-01,7.411931e-04,1.084934e-08,3.798754e+01,8.029241e+00,2.995830e+01,3.962706e+01,1.696000e+02
1.225395e+06,1.418281e+01,7.627519e+04,8.828147e-01,9.481130e-01,9.479412e-01,7.413016e-04,1.084934e-08,3.798831e+01,8.029241e+00,2.995907e+01,3.962787e+01,1.696000e+02
1.225405e+06,1.418293e+01,7.628519e+04,8.829305e-01,9.481130e-01,9.479413e-01,7.414101e-04,1.084933e-08,3.798908e+01,8.029241e+00,2.995984e+01,3.962868e+01,1.696000e+02
1.225415e+06,1.418305e+01,7.629519e+04,8.830462e-01,9.481130e-01,9.479414e-01,7.415186e-04,1.084933e-08,3.798985e+01,8.029241e+00,2.996061e+01,3.962950e+01,1.696000e+02
1.225425e+06,1.418316e+01,7.630520e+04,8.831620e-01,9.481130e-01,9.479415e-01,7.416271e-04,1.084933e-08,3.799062e+01,8.029241e+00,2.996138e+01,3.963031e+01,1.696000e+02
1.225435e+06,1.418328e+01,7.631520e+04,8.832777e-01,9.481130e-01,9.479416e-01,7.417356e-04,1.084933e-08,3.799139e+01,8.029241e+00,2.996215e+01,3.963112e+01,1.696000e+02
1.225445e+06,1.418339e+01,7.632520e+04,8.833935e-01,9.481130e-01,9.479417e-01,7.418441e-04,1.084933e-08,3.799216e+01,8.029241e+00,2.996292e+01,3.963193e+01,1.696000e+02
1.225455e+06,1.418351e+01,7.633520e+04,8.835092e-01,9.481130e-01,9.479418e-01,7.419526e-04,1.084933e-08,3.799293e+01,8.029241e+00,2.996369e+01,3.963275e+01,1.696000e+02
1.225465e+06,1.418362e+01,7.634520e+04,8.836250e-01,9.481130e-01,9.479419e-01,7.420611e-04,1.084933e-08,3.799370e+01,8.029241e+00,2.996446e+01,3.963356e+01,1.696000e+02
1.225475e+06,1.418374e+01,7.635520e+04,8.837407e-01,9.481166e-01,9.479420e-01,7.421696e-04,1.084933e-08,3.799354e+01,8.029241e+00,2.996430e+01,3.963326e+01,1.696000e+02
1.225485e+06,1.418386e+01,7.636520e+04,8.838565e-01,9.481249e-01,9.479421e-01,7.422781e-04,1.084932e-08,3.799217e+01,8.029241e+00,2.996293e+01,3.963154e+01,1.696000e+02
1.225495e+06,1.418397e+01,7.637520e+04,8.839722e-01,9.481332e-01,9.479422e-01,7.423866e-04,1.084932e-08,3.799080e+01,8.029241e+00,2.996156e+01,3.962982e+01,1.696000e+02
1.225505e+06,1.418409e+01,7.638520e+04,8.840880e-01,9.481415e-01,9.479423e-01,7.424951e-04,1.084932e-08,3.798943e+01,8.029241e+00,2.996019e+01,3.962810e+01,1.696000e+02
1.225515e+06,1.418420e+01,7.639520e+04,8.842037e-01,9.481497e-01,9.479424e-01,7.426036e-04,1.084932e-08,3.798806e+01,8.029241e+00,2.995882e+01,3.962638e+01,1.696000e+02
1.225525e+06,1.418432e+01,7.640520e+04,8.843195e-01,9.481580e-01,9.479425e-01,7.427121e-04,1.084932e-08,3.798669e+01,8.029241e+00,2.995745e+01,3.962466e+01,1.696000e+02
1.225535e+06,1.418444e+01,7.641520e+04,8.844352e-01,9.481663e-01,9.479426e-01,7.428206e-04,1.084932e-08,3.798532e+01,8.029241e+00,2.995608e+01,3.962293e+01,1.696000e+02
1.225545e+06,1.418455e+01,7.642520e+04,8.845510e-01,9.481746e-01,9.479427e-01,7.429291e-04,1.084932e-08,3.798395e+01,8.029241e+00,2.995471e+01,3.962121e+01,1.696000e+02
1.225555e+06,1.418467e+01,7.643520e+04,8.846667e-01,9.481829e-01,9.479428e-01,7.430376e-04,1.084932e-08,3.798258e+01,8.029241e+00,2.995334e+01,3.961949e+01,1.696000e+02
1.225565e+06,1.418478e+01,7.644520e+04,8.847825e-01,9.481912e-01,9.479429e-01,7.431461e-04,1.084932e-08,3.798121e+01,8.029241e+00,2.995197e+01,3.961777e+01,1.696000e+02
1.225575e+06,1.418490e+01,7.645521e+04,8.848982e-01,9.481995e-01,9.479430e-01,7.432546e-04,1.084931e-08,3.797984e+01,8.029241e+00,2.995060e+01,3.961605e+01,1.696000e+02
1.225585e+06,1.418501e+01,7.646521e+04,8.850140e-01,9.482078e-01,9.479431e-01,7.433631e-04,1.084931e-08,3.797847e+01,8.029241e+00,2.994923e+01,3.961433e+01,1.696000e+02
1.225595e+06,1.418513e+01,7.647521e+04,8.851297e-01,9.482161e-01,9.479432e-01,7.434716e-04,1.084931e-08,3.797710e+01,8.029241e+00,2.994786e+01,3.961261e+01,1.696000e+02
1.225605e+06,1.418525e+01,7.648521e+04,8.852455e-01,9.482244e-01,9.479433e-01,7.435801e-04,1.084931e-08,3.797573e+01,8.029241e+00,2.994649e+01,3.961089e+01,1.696000e+02
1.225615e+06,1.418536e+01,7.649521e+04,8.853612e-01,9.482326e-01,9.479434e-01,7.436886e-04,1.084931e-08,3.797436e+01,8.029241e+00,2.994512e+01,3.960917e+01,1.696000e+02
1.225625e+06,1.418548e+01,7.650521e+04,8.854770e-01,9.482409e-01,9.479435e-01,7.437971e-04,1.084931e-08,3.797299e+01,8.029241e+00,2.994375e+01,3.960745e+01,1.696000e+02
1.225635e+06,1.418559e+01,7.651521e+04,8.855927e-01,9.482492e-01,9.479436e-01,7.439056e-04,1.084931e-08,3.797162e+01,8.029241e+00,2.994238e+01,3.960572e+01,1.696000e+02
1.225645e+06,1.418571e+01,7.652521e+04,8.857084e-01,9.482575e-01,9.479437e-01,7.440141e-04,1.084931e-08,3.797025e+01,8.029241e+00,2.994101e+01,3.960400e+01,1.696000e+02
1.225655e+06,1.418582e+01,7.653521e+04,8.858242e-01,9.482658e-01,9.479438e-01,7.441226e-04,1.084930e-08,3.796888e+01,8.029241e+00,2.993964e+01,3.960228e+01,1.696000e+02
1.225665e+06,1.418594e+01,7.654521e+04,8.859399e-01,9.482741e-01,9.479439e-01,7.442311e-04,1.084930e-08,3.796751e+01,8.029241e+00,2.993827e+01,3.960056e+01,1.696000e+02
1.225675e+06,1.418606e+01,7.655521e+04,8.860557e-01,9.482824e-01,9.479440e-01,7.443396e-04,1.084930e-08,3.796614e+01,8.029241e+00,2.993690e+01,3.959884e+01,1.696000e+02
1.225685e+06,1.418617e+01,7.656521e+04,8.861714e-01,9.482907e-01,9.479441e-01,7.444481e-04,1.084930e-08,3.796477e+01,8.029241e+00,2.993553e+01,3.959712e+01,1.696000e+02
1.225695e+06,1.418629e+01,7.657521e+04,8.862872e-01,9.482990e-01,9.479443e-01,7.445566e-04,1.084930e-08,3.796340e+01,8.029241e+00,2.993416e+01,3.959540e+01,1.696000e+02
1.225705e+06,1.418640e+01,7.658521e+04,8.864029e-01,9.483072e-01,9.479444e-01,7.446651e-04,1.084930e-08,3.796203e+01,8.029241e+00,2.993279e+01,3.959368e+01,1.696000e+02
1.225715e+06,1.418652e+01,7.659521e+04,8.865187e-01,9.483125e-01,9.479445e-01,7.447736e-04,1.084930e-08,3.796066e+01,8.029241e+00,2.993142e+01,3.959206e+01,1.696000e+02
1.225725e+06,1.418663e+01,7.660522e+04,8.866344e-01,9.483049e-01,9.479446e-01,7.448821e-04,1.084930e-08,3.795993e+01,8.029241e+00,2.993069e+01,3.959155e+01,1.695963e+02
1.225735e+06,1.418675e+01,7.661522e+04,8.867502e-01,9.482865e-01,9.479447e-01,7.449906e-04,1.084930e-08,3.795993e+01,8.029241e+00,2.993069e+01,3.959216e+01,1.695883e+02
1.225745e+06,1.418687e+01,7.662522e+04,8.868659e-01,9.482681e-01,9.479448e-01,7.450991e-04,1.084929e-08,3.795993e+01,8.029241e+00,2.993069e+01,3.959277e+01,1.695803e+02
1.225755e+06,1.418698e+01,7.663522e+04,8.869817e-01,9.482497e-01,9.479449e-01,7.452076e-04,1.084929e-08,3.795993e+01,8.029241e+00,2.993069e+01,3.959338e+01,1.695724e+02
1.225765e+06,1.418710e+01,7.664522e+04,8.870974e-01,9.482314e-01,9.479450e-01,7.453161e-04,1.084929e-08,3.795993e+01,8.029241e+00,2.993069e+01,3.959400e+01,1.695644e+02
1.225775e+06,1.418721e+01,7.665522e+04,8.872132e-01,9.482130e-01,9.479451e-01,7.454246e-04,1.084929e-08,3.795993e+01,8.029241e+00,2.993069e+01,3.959461e+01,1.695565e+02
1.225785e+06,1.418733e+01,7.666522e+04,8.873289e-01,9.481946e-01,9.479452e-01,7.455331e-04,1.084929e-08,3.795993e+01,8.029241e+00,2.993069e+01,3.959522e+01,1.695485e+02
1.225795e+06,1.418744e+01,7.667522e+04,8.874447e-01,9.481762e-01,9.479453e-01,7.456416e-04,1.084929e-08,3.795993e+01,8.029241e+00,2.993069e+01,3.959583e+01,1.695406e+02
1.225805e+06,1.418756e+01,7.668522e+04,8.875604e-01,9.481578e-01,9.479454e-01,7.457501e-04,1.084929e-08,3.795993e+01,8.029241e+00,2.993069e+01,3.959644e+01,1.695326e+02
1.225815e+06,1.418768e+01,7.669522e+04,8.876762e-01,9.481394e-01,9.479455e-01,7.458586e-04,1.084929e-08,3.795993e+01,8.029241e+00,2.993069e+01,3.959706e+01,1.695247e+02
1.225825e+06,1.418779e+01,7.670522e+04,8.877919e-01,9.481210e-01,9.479456e-01,7.459671e-04,1.084928e-08,3.795993e+01,8.029241e+00,2.993069e+01,3.959767e+01,1.695167e+02
1.225835e+06,1.418791e+01,7.671522e+04,8.879077e-01,9.481026e-01,9.479457e-01,7.460756e-04,1.084928e-08,3.795993e+01,8.029241e+00,2.993069e+01,3.959828e+01,1.695088e+02
1.225845e+06,1.418802e+01,7.672522e+04,8.880234e-01,9.480842e-01,9.479458e-01,7.461841e-04,1.084928e-08,3.795993e+01,8.029241e+00,2.993069e+01,3.959889e+01,1.695008e+02
1.225855e+06,1.418814e+01,7.673522e+04,8.881392e-01,9.480659e-01,9.479459e-01,7.462926e-04,1.084928e-08,3.795993e+01,8.029241e+00,2.993069e+01,3.959951e+01,1.694928e+02
1.225865e+06,1.418825e+01,7.674523e+04,8.882549e-01,9.480475e-01,9.479460e-01,7.464011e-04,1.084928e-08,3.795993e+01,8.029241e+00,2.993069e+01,3.960012e+01,1.694849e+02
1.225875e+06,1.418837e+01,7.675523e+04,8.883707e-01,9.480291e-01,9.479461e-01,7.465096e-04,1.084928e-08,3.795993e+01,8.029241e+00,2.993069e+01,3.960073e+01,1.694769e+02
1.225885e+06,1.418849e+01,7.676523e+04,8.884864e-01,9.480107e-01,9.479462e-01,7.466181e-04,1.084928e-08,3.795993e+01,8.029241e+00,2.993069e+01,3.960134e+01,1.694690e+02
1.225895e+06,1.418860e+01,7.677523e+04,8.886022e-01,9.479923e-01,9.479463e-01,7.467266e-04,1.084928e-08,3.795993e+01,8.029241e+00,2.993069e+01,3.960196e+01,1.694610e+02
1.225905e+06,1.418872e+01,7.678523e+04,8.887179e-01,9.479739e-01,9.479464e-01,7.468351e-04,1.084928e-08,3.795993e+01,8.029241e+00,2.993069e+01,3.960257e+01,1.694531e+02
1.225915e+06,1.418883e+01,7.679523e+04,8.888337e-01,9.479555e-01,9.479465e-01,7.469436e-04,1.084927e-08,3.795993e+01,8.029241e+00,2.993069e+01,3.960318e+01,1.694451e+02
1.225925e+06,1.418895e+01,7.680523e+04,8.889494e-01,9.479371e-01,9.479466e-01,7.470521e-04,1.084927e-08,3.795993e+01,8.029241e+00,2.993069e+01,3.960379e+01,1.694372e+02
1.225935e+06,1.418907e+01,7.681523e+04,8.890652e-01,9.479187e-01,9.479467e-01,7.471606e-04,1.084927e-08,3.795993e+01,8.029241e+00,2.993069e+01,3.960441e+01,1.694292e+02
1.225945e+06,1.418918e+01,7.682523e+04,8.891809e-01,9.479004e-01,9.479468e-01,7.472691e-04,1.084927e-08,3.795993e+01,8.029241e+00,2.993069e+01,3.960502e+01,1.694212e+02
1.225955e+06,1.418930e+01,7.683523e+04,8.892967e-01,9.478820e-01,9.479469e-01,7.473776e-04,1.084927e-08,3.795993e+01,8.029241e+00,2.993069e+01,3.960563e+01,1.694133e+02
1.225965e+06,1.418941e+01,7.684523e+04,8.894124e-01,9.478678e-01,9.479470e-01,7.474861e-04,1.084927e-08,3.795993e+01,8.029241e+00,2.993069e+01,3.960610e+01,1.694053e+02
1.225975e+06,1.418953e+01,7.685523e+04,8.895282e-01,9.478679e-01,9.479471e-01,7.475946e-04,1.084927e-08,3.796038e+01,8.029354e+00,2.993103e+01,3.960657e+01,1.694026e+02
1.225985e+06,1.418964e+01,7.686523e+04,8.896439e-01,9.478798e-01,9.479472e-01,7.477031e-04,1.084927e-08,3.796176e+01,8.029695e+00,2.993206e+01,3.960761e+01,1.694107e+02
1.225995e+06,1.418976e+01,7.687523e+04,8.897597e-01,9.478916e-01,9.479473e-01,7.478116e-04,1.084926e-08,3.796313e+01,8.030036e+00,2.993310e+01,3.960865e+01,1.694187e+02
1.226005e+06,1.418988e+01,7.688523e+04,8.898754e-01,9.479034e-01,9.479474e-01,7.479201e-04,1.084926e-08,3.796451e+01,8.030377e+00,2.993413e+01,3.960968e+01,1.694268e+02
1.226015e+06,1.418999e+01,7.689524e+04,8.899911e-01,9.479152e-01,9.479475e-01,7.480286e-04,1.084926e-08,3.796588e+01,8.030717e+00,2.993517e+01,3.961072e+01,1.694348e+02
1.226025e+06,1.419011e+01,7.690524e+04,8.901069e-01,9.479270e-01,9.479476e-01,7.481371e-04,1.084926e-08,3.796726e+01,8.031058e+00,2.993620e+01,3.961176e+01,1.694428e+02
1.226035e+06,1.419022e+01,7.691524e+04,8.902226e-01,9.479389e-01,9.479477e-01,7.482456e-04,1.084926e-08,3.796863e+01,8.031399e+00,2.993723e+01,3.961280e+01,1.694509e+02
1.226045e+06,1.419034e+01,7.692524e+04,8.903384e-01,9.479507e-01,9.479479e-01,7.483541e-04,1.084926e-08,3.797001e+01,8.031740e+00,2.993827e+01,3.961383e+01,1.694589e+02
1.226055e+06,1.419045e+01,7.693524e+04,8.904541e-01,9.479625e-01,9.479480e-01,7.484626e-04,1.084926e-08,3.797138e+01,8.032081e+00,2.993930e+01,3.961487e+01,1.694670e+02
1.226065e+06,1.419057e+01,7.694524e+04,8.905699e-01,9.479743e-01,9.479481e-01,7.485711e-04,1.084926e-08,3.797276e+01,8.032422e+00,2.994034e+01,3.961591e+01,1.694750e+02
1.226075e+06,1.419069e+01,7.695524e+04,8.906856e-01,9.479861e-01,9.479482e-01,7.486796e-04,1.084926e-08,3.797413e+01,8.032763e+00,2.994137e+01,3.961695e+01,1.694830e+02
1.226085e+06,1.419080e+01,7.696524e+04,8.908014e-01,9.479980e-01,9.479483e-01,7.487881e-04,1.084925e-08,3.797551e+01,8.033104e+00,2.994240e+01,3.961799e+01,1.694911e+02
1.226095e+06,1.419092e+01,7.697524e+04,8.909171e-01,9.480098e-01,9.479484e-01,7.488966e-04,1.084925e-08,3.797688e+01,8.033445e+00,2.994344e+01,3.961902e+01,1.694991e+02
1.226105e+06,1.419103e+01,7.698524e+04,8.910329e-01,9.480216e-01,9.479485e-01,7.490051e-04,1.084925e-08,3.797826e+01,8.033786e+00,2.994447e+01,3.962006e+01,1.695071e+02
1.226115e+06,1.419115e+01,7.699524e+04,8.911486e-01,9.480334e-01,9.479486e-01,7.491136e-04,1.084925e-08,3.797963e+01,8.034127e+00,2.994550e+01,3.962110e+01,1.695152e+02
1.226125e+06,1.419126e+01,7.700524e+04,8.912644e-01,9.480452e-01,9.479487e-01,7.492221e-04,1.084925e-08,3.798101e+01,8.034468e+00,2.994654e+01,3.962214e+01,1.695232e+02
1.226135e+06,1.419138e+01,7.701524e+04,8.913801e-01,9.480571e-01,9.479488e-01,7.493306e-04,1.084925e-08,3.798238e+01,8.034809e+00,2.994757e+01,3.962317e+01,1.695313e+02
1.226145e+06,1.419150e+01,7.702524e+04,8.914959e-01,9.480689e-01,9.479489e-01,7.494391e-04,1.084925e-08,3.798376e+01,8.035150e+00,2.994861e+01,3.962421e+01,1.695393e+02
1.226155e+06,1.419161e+01,7.703524e+04,8.916116e-01,9.480807e-01,9.479490e-01,7.495476e-04,1.084925e-08,3.798513e+01,8.035490e+00,2.994964e+01,3.962525e+01,1.695473e+02
1.226165e+06,1.419173e+01,7.704525e+04,8.917274e-01,9.480925e-01,9.479491e-01,7.496561e-04,1.084924e-08,3.798651e+01,8.035831e+00,2.995067e+01,3.962629e+01,1.695554e+02
1.226175e+06,1.419184e+01,7.705525e+04,8.918431e-01,9.481043e-01,9.479492e-01,7.497646e-04,1.084924e-08,3.798788e+01,8.036172e+00,2.995171e+01,3.962732e+01,1.695634e+02
1.226185e+06,1.419196e+01,7.706525e+04,8.919589e-01,9.481162e-01,9.479493e-01,7.498731e-04,1.084924e-08,3.798925e+01,8.036513e+00,2.995274e+01,3.962836e+01,1.695714e+02
1.226195e+06,1.419207e+01,7.707525e+04,8.920746e-01,9.481280e-01,9.479494e-01,7.499816e-04,1.084924e-08,3.799063e+01,8.036854e+00,2.995378e+01,3.962940e+01,1.695795e+02
1.226205e+06,1.419219e+01,7.708525e+04,8.921904e-01,9.481398e-01,9.479495e-01,7.500901e-04,1.084924e-08,3.799200e+01,8.037195e+00,2.995481e+01,3.963044e+01,1.695875e+02
1.226215e+06,1.419231e+01,7.709525e+04,8.923061e-01,9.481487e-01,9.479496e-01,7.501986e-04,1.084924e-08,3.799338e+01,8.037536e+00,2.995584e+01,3.963157e+01,1.695956e+02
1.226225e+06,1.419242e+01,7.710525e+04,8.924219e-01,9.481480e-01,9.479497e-01,7.503071e-04,1.084924e-08,3.799402e+01,8.037724e+00,2.995630e+01,3.963226e+01,1.696000e+02
1.226235e+06,1.419254e+01,7.711525e+04,8.925376e-01,9.481398e-01,9.479498e-01,7.504156e-04,1.084924e-08,3.799377e+01,8.037724e+00,2.995604e+01,3.963227e+01,1.696000e+02
1.226245e+06,1.419265e+01,7.712525e+04,8.926534e-01,9.481316e-01,9.479499e-01,7.505241e-04,1.084924e-08,3.799351e+01,8.037724e+00,2.995579e+01,3.963227e+01,1.696000e+02
1.226255e+06,1.419277e+01,7.713525e+04,8.927691e-01,9.481233e-01,9.479500e-01,7.506326e-04,1.084923e-08,3.799326e+01,8.037724e+00,2.995553e+01,3.963228e+01,1.696000e+02
1.226265e+06,1.419288e+01,7.714525e+04,8.928849e-01,9.481151e-01,9.479501e-01,7.507411e-04,1.084923e-08,3.799300e+01,8.037724e+00,2.995528e+01,3.963228e+01,1.696000e+02
1.226275e+06,1.419300e+01,7.715525e+04,8.930006e-01,9.481069e-01,9.479502e-01,7.508496e-04,1.084923e-08,3.799275e+01,8.037724e+00,2.995502e+01,3.963229e+01,1.696000e+02
1.226285e+06,1.419312e+01,7.716525e+04,8.931164e-01,9.480986e-01,9.479503e-01,7.509581e-04,1.084923e-08,3.799249e+01,8.037724e+00,2.995477e+01,3.963229e+01,1.696000e+02
1.226295e+06,1.419323e+01,7.717525e+04,8.932321e-01,9.480904e-01,9.479504e-01,7.510666e-04,1.084923e-08,3.799224e+01,8.037724e+00,2.995451e+01,3.963230e+01,1.696000e+02
1.226305e+06,1.419335e+01,7.718525e+04,8.933479e-01,9.480822e-01,9.479505e-01,7.511751e-04,1.084923e-08,3.799198e+01,8.037724e+00,2.995426e+01,3.963230e+01,1.696000e+02
1.226315e+06,1.419346e+01,7.719526e+04,8.934636e-01,9.480740e-01,9.479506e-01,7.512836e-04,1.084923e-08,3.799173e+01,8.037724e+00,2.995400e+01,3.963231e+01,1.696000e+02
1.226325e+06,1.419358e+01,7.720526e+04,8.935794e-01,9.480657e-01,9.479507e-01,7.513921e-04,1.084923e-08,3.799147e+01,8.037724e+00,2.995375e+01,3.963231e+01,1.696000e+02
1.226335e+06,1.419370e+01,7.721526e+04,8.936951e-01,9.480575e-01,9.479508e-01,7.515006e-04,1.084922e-08,3.799122e+01,8.037724e+00,2.995349e+01,3.963232e+01,1.696000e+02
1.226345e+06,1.419381e+01,7.722526e+04,8.938109e-01,9.480493e-01,9.479509e-01,7.516091e-04,1.084922e-08,3.799096e+01,8.037724e+00,2.995324e+01,3.963232e+01,1.696000e+02
1.226355e+06,1.419393e+01,7.723526e+04,8.939266e-01,9.480410e-01,9.479510e-01,7.517176e-04,1.084922e-08,3.799071e+01,8.037724e+00,2.995298e+01,3.963233e+01,1.696000e+02
1.226365e+06,1.419404e+01,7.724526e+04,8.940424e-01,9.480328e-01,9.479511e-01,7.518261e-04,1.084922e-08,3.799045e+01,8.037724e+00,2.995273e+01,3.963234e+01,1.696000e+02
1.226375e+06,1.419416e+01,7.725526e+04,8.941581e-01,9.480246e-01,9.479512e-01,7.519346e-04,1.084922e-08,3.799020e+01,8.037724e+00,2.995247e+01,3.963234e+01,1.696000e+02
1.226385e+06,1.419427e+01,7.726526e+04,8.942738e-01,9.480163e-01,9.479513e-01,7.520431e-04,1.084922e-08,3.798994e+01,8.037724e+00,2.995222e+01,3.963235e+01,1.696000e+02
1.226395e+06,1.419439e+01,7.727526e+04,8.943896e-01,9.480081e-01,9.479515e-01,7.521516e-04,1.084922e-08,3.798969e+01,8.037724e+00,2.995196e+01,3.963235e+01,1.696000e+02
1.226405e+06,1.419451e+01,7.728526e+04,8.945053e-01,9.479999e-01,9.479516e-01,7.522601e-04,1.084922e-08,3.798943e+01,8.037724e+00,2.995171e+01,3.963236e+01,1.696000e+02
1.226415e+06,1.419462e+01,7.729526e+04,8.946211e-01,9.479917e-01,9.479517e-01,7.523686e-04,1.084922e-08,3.798918e+01,8.037724e+00,2.995145e+01,3.963236e+01,1.696000e+02
1.226425e+06,1.419474e+01,7.730526e+04,8.947368e-01,9.479834e-01,9.479518e-01,7.524771e-04,1.084921e-08,3.798892e+01,8.037724e+00,2.995120e+01,3.963237e+01,1.696000e+02
1.226435e+06,1.419485e+01,7.731526e+04,8.948526e-01,9.479752e-01,9.479519e-01,7.525856e-04,1.084921e-08,3.798867e+01,8.037724e+00,2.995094e+01,3.963237e+01,1.696000e+02
1.226445e+06,1.419497e+01,7.732526e+04,8.949683e-01,9.479670e-01,9.479520e-01,7.526941e-04,1.084921e-08,3.798841e+01,8.037724e+00,2.995069e+01,3.963238e+01,1.696000e+02
1.226455e+06,1.419508e+01,7.733527e+04,8.950841e-01,9.479587e-01,9.479521e-01,7.528026e-04,1.084921e-08,3.798816e+01,8.037724e+00,2.995043e+01,3.963238e+01,1.696000e+02
1.226465e+06,1.419520e+01,7.734527e+04,8.951998e-01,9.479505e-01,9.479522e-01,7.529111e-04,1.084921e-08,3.798790e+01,8.037724e+00,2.995018e+01,3.963239e+01,1.696000e+02
1.226475e+06,1.419532e+01,7.735527e+04,8.953156e-01,9.479463e-01,9.479523e-01,7.530196e-04,1.084921e-08,3.798804e+01,8.037724e+00,2.995032e+01,3.963267e+01,1.696000e+02
1.226485e+06,1.419543e+01,7.736527e+04,8.954313e-01,9.479512e-01,9.479524e-01,7.531281e-04,1.084921e-08,3.798907e+01,8.037724e+00,2.995135e+01,3.963360e+01,1.696000e+02
1.226495e+06,1.419555e+01,7.737527e+04,8.955471e-01,9.479561e-01,9.479525e-01,7.532366e-04,1.084921e-08,3.799010e+01,8.037724e+00,2.995238e+01,3.963452e+01,1.696000e+02
1.226505e+06,1.419566e+01,7.738527e+04,8.956628e-01,9.479610e-01,9.479526e-01,7.533451e-04,1.084920e-08,3.799113e+01,8.037724e+00,2.995341e+01,3.963545e+01,1.696000e+02
1.226515e+06,1.419578e+01,7.739527e+04,8.957786e-01,9.479659e-01,9.479527e-01,7.534536e-04,1.084920e-08,3.799217e+01,8.037724e+00,2.995444e+01,3.963637e+01,1.696000e+02
1.226525e+06,1.419589e+01,7.740527e+04,8.958943e-01,9.479707e-01,9.479528e-01,7.535621e-04,1.084920e-08,3.799320e+01,8.037724e+00,2.995547e+01,3.963730e+01,1.696000e+02
1.226535e+06,1.419601e+01,7.741527e+04,8.960101e-01,9.479756e-01,9.479529e-01,7.536706e-04,1.084920e-08,3.799423e+01,8.037724e+00,2.995650e+01,3.963822e+01,1.696000e+02
1.226545e+06,1.419613e+01,7.742527e+04,8.961258e-01,9.479805e-01,9.479530e-01,7.537791e-04,1.084920e-08,3.799526e+01,8.037724e+00,2.995753e+01,3.963915e+01,1.696000e+02
1.226555e+06,1.419624e+01,7.743527e+04,8.962416e-01,9.479854e-01,9.479531e-01,7.538876e-04,1.084920e-08,3.799629e+01,8.037724e+00,2.995857e+01,3.964007e+01,1.696000e+02
1.226565e+06,1.419636e+01,7.744527e+04,8.963573e-01,9.479903e-01,9.479532e-01,7.539961e-04,1.084920e-08,3.799732e+01,8.037724e+00,2.995960e+01,3.964100e+01,1.696000e+02
1.226575e+06,1.419647e+01,7.745527e+04,8.964731e-01,9.479952e-01,9.479533e-01,7.541046e-04,1.084920e-08,3.799835e+01,8.037724e+00,2.996063e+01,3.964192e+01,1.696000e+02
1.226585e+06,1.419659e+01,7.746527e+04,8.965888e-01,9.480001e-01,9.479534e-01,7.542131e-04,1.084920e-08,3.799938e+01,8.037724e+00,2.996166e+01,3.964285e+01,1.696000e+02
1.226595e+06,1.419670e+01,7.747527e+04,8.967046e-01,9.480049e-01,9.479535e-01,7.543216e-04,1.084919e-08,3.800041e+01,8.037724e+00,2.996269e+01,3.964377e+01,1.696000e+02
1.226605e+06,1.419682e+01,7.748528e+04,8.968203e-01,9.480098e-01,9.479536e-01,7.544301e-04,1.084919e-08,3.800145e+01,8.037724e+00,2.996372e+01,3.964470e+01,1.696000e+02
1.226615e+06,1.419694e+01,7.749528e+04,8.969361e-01,9.480147e-01,9.479537e-01,7.545386e-04,1.084919e-08,3.800248e+01,8.037724e+00,2.996475e+01,3.964562e+01,1.696000e+02
1.226625e+06,1.419705e+01,7.750528e+04,8.970518e-01,9.480196e-01,9.479538e-01,7.546471e-04,1.084919e-08,3.800351e+01,8.037724e+00,2.996578e+01,3.964655e+01,1.696000e+02
1.226635e+06,1.419717e+01,7.751528e+04,8.971676e-01,9.480245e-01,9.479539e-01,7.547556e-04,1.084919e-08,3.800454e+01,8.037724e+00,2.996681e+01,3.964747e+01,1.696000e+02
1.226645e+06,1.419728e+01,7.752528e+04,8.972833e-01,9.480294e-01,9.479540e-01,7.548641e-04,1.084919e-08,3.800557e+01,8.037724e+00,2.996785e+01,3.964840e+01,1.696000e+02
1.226655e+06,1.419740e+01,7.753528e+04,8.973991e-01,9.480343e-01,9.479541e-01,7.549726e-04,1.084919e-08,3.800660e+01,8.037724e+00,2.996888e+01,3.964932e+01,1.696000e+02
1.226665e+06,1.419751e+01,7.754528e+04,8.975148e-01,9.480391e-01,9.479542e-01,7.550811e-04,1.084919e-08,3.800763e+01,8.037724e+00,2.996991e+01,3.965025e+01,1.696000e+02
1.226675e+06,1.419763e+01,7.755528e+04,8.976306e-01,9.480440e-01,9.479543e-01,7.551896e-04,1.084918e-08,3.800866e+01,8.037724e+00,2.997094e+01,3.965117e+01,1.696000e+02
1.226685e+06,1.419775e+01,7.756528e+04,8.977463e-01,9.480489e-01,9.479544e-01,7.552981e-04,1.084918e-08,3.800969e+01,8.037724e+00,2.997197e+01,3.965210e+01,1.696000e+02
1.226695e+06,1.419786e+01,7.757528e+04,8.978621e-01,9.480538e-01,9.479545e-01,7.554066e-04,1.084918e-08,3.801073e+01,8.037724e+00,2.997300e+01,3.965302e+01,1.696000e+02
1.226705e+06,1.419798e+01,7.758528e+04,8.979778e-01,9.480587e-01,9.479546e-01,7.555151e-04,1.084918e-08,3.801176e+01,8.037724e+00,2.997403e+01,3.965394e+01,1.696000e+02
1.226715e+06,1.419809e+01,7.759528e+04,8.980936e-01,9.480636e-01,9.479547e-01,7.556236e-04,1.084918e-08,3.801279e+01,8.037724e+00,2.997506e+01,3.965487e+01,1.696000e+02
1.226725e+06,1.419821e+01,7.760528e+04,8.982093e-01,9.480678e-01,9.479548e-01,7.557321e-04,1.084918e-08,3.801338e+01,8.037724e+00,2.997566e+01,3.965535e+01,1.696000e+02
1.226735e+06,1.419833e+01,7.761528e+04,8.983250e-01,9.480712e-01,9.479549e-01,7.558406e-04,1.084918e-08,3.801338e+01,8.037724e+00,2.997566e+01,3.965524e+01,1.696000e+02
1.226745e+06,1.419844e+01,7.762528e+04,8.984408e-01,9.480746e-01,9.479550e-01,7.559491e-04,1.084918e-08,3.801338e+01,8.037724e+00,2.997566e+01,3.965512e+01,1.696000e+02
1.226755e+06,1.419856e+01,7.763529e+04,8.985565e-01,9.480780e-01,9.479552e-01,7.560576e-04,1.084918e-08,3.801338e+01,8.037724e+00,2.997566e+01,3.965501e+01,1.696000e+02
1.226765e+06,1.419867e+01,7.764529e+04,8.986723e-01,9.480814e-01,9.479553e-01,7.561661e-04,1.084917e-08,3.801338e+01,8.037724e+00,2.997566e+01,3.965490e+01,1.696000e+02
1.226775e+06,1.419879e+01,7.765529e+04,8.987880e-01,9.480849e-01,9.479554e-01,7.562746e-04,1.084917e-08,3.801338e+01,8.037724e+00,2.997566e+01,3.965478e+01,1.696000e+02
1.226785e+06,1.419890e+01,7.766529e+04,8.989038e-01,9.480883e-01,9.479555e-01,7.563831e-04,1.084917e-08,3.801338e+01,8.037724e+00,2.997566e+01,3.965467e+01,1.696000e+02
1.226795e+06,1.419902e+01,7.767529e+04,8.990195e-01,9.480917e-01,9.479556e-01,7.564916e-04,1.084917e-08,3.801338e+01,8.037724e+00,2.997566e+01,3.965456e+01,1.696000e+02
1.226805e+06,1.419914e+01,7.768529e+04,8.991353e-01,9.480951e-01,9.479557e-01,7.566001e-04,1.084917e-08,3.801338e+01,8.037724e+00,2.997566e+01,3.965444e+01,1.696000e+02
1.226815e+06,1.419925e+01,7.769529e+04,8.992510e-01,9.480985e-01,9.479558e-01,7.567086e-04,1.084917e-08,3.801338e+01,8.037724e+00,2.997566e+01,3.965433e+01,1.696000e+02
1.226825e+06,1.419937e+01,7.770529e+04,8.993668e-01,9.481019e-01,9.479559e-01,7.568171e-04,1.084917e-08,3.801338e+01,8.037724e+00,2.997566e+01,3.965422e+01,1.696000e+02
1.226835e+06,1.419948e+01,7.771529e+04,8.994825e-01,9.481053e-01,9.479560e-01,7.569256e-04,1.084917e-08,3.801338e+01,8.037724e+00,2.997566e+01,3.965410e+01,1.696000e+02
1.226845e+06,1.419960e+01,7.772529e+04,8.995983e-01,9.481087e-01,9.479561e-01,7.570341e-04,1.084916e-08,3.801338e+01,8.037724e+00,2.997566e+01,3.965399e+01,1.696000e+02
1.226855e+06,1.419971e+01,7.773529e+04,8.997140e-01,9.481121e-01,9.479562e-01,7.571426e-04,1.084916e-08,3.801338e+01,8.037724e+00,2.997566e+01,3.965388e+01,1.696000e+02
1.226865e+06,1.419983e+01,7.774529e+04,8.998298e-01,9.481155e-01,9.479563e-01,7.572511e-04,1.084916e-08,3.801338e+01,8.037724e+00,2.997566e+01,3.965376e+01,1.696000e+02
1.226875e+06,1.419995e+01,7.775529e+04,8.999455e-01,9.481189e-01,9.479564e-01,7.573596e-04,1.084916e-08,3.801338e+01,8.037724e+00,2.997566e+01,3.965365e+01,1.696000e+02
1.226885e+06,1.420006e+01,7.776529e+04,9.000613e-01,9.481223e-01,9.479565e-01,7.574681e-04,1.084916e-08,3.801338e+01,8.037724e+00,2.997566e+01,3.965353e+01,1.696000e+02
1.226895e+06,1.420018e+01,7.777530e+04,9.001770e-01,9.481257e-01,9.479566e-01,7.575766e-04,1.084916e-08,3.801338e+01,8.037724e+00,2.997566e+01,3.965342e+01,1.696000e+02
1.226905e+06,1.420029e+01,7.778530e+04,9.002928e-01,9.481291e-01,9.479567e-01,7.576851e-04,1.084916e-08,3.801338e+01,8.037724e+00,2.997566e+01,3.965331e+01,1.696000e+02
1.226915e+06,1.420041e+01,7.779530e+04,9.004085e-01,9.481325e-01,9.479568e-01,7.577936e-04,1.084916e-08,3.801338e+01,8.037724e+00,2.997566e+01,3.965319e+01,1.696000e+02
1.226925e+06,1.420052e+01,7.780530e+04,9.005243e-01,9.481359e-01,9.479569e-01,7.579020e-04,1.084916e-08,3.801338e+01,8.037724e+00,2.997566e+01,3.965308e+01,1.696000e+02
1.226935e+06,1.420064e+01,7.781530e+04,9.006400e-01,9.481393e-01,9.479570e-01,7.580105e-04,1.084915e-08,3.801338e+01,8.037724e+00,2.997566e+01,3.965297e+01,1.696000e+02
1.226945e+06,1.420076e+01,7.782530e+04,9.007558e-01,9.481428e-01,9.479571e-01,7.581190e-04,1.084915e-08,3.801338e+01,8.037724e+00,2.997566e+01,3.965285e+01,1.696000e+02
1.226955e+06,1.420087e+01,7.783530e+04,9.008715e-01,9.481462e-01,9.479572e-01,7.582275e-04,1.084915e-08,3.801338e+01,8.037724e+00,2.997566e+01,3.965274e+01,1.696000e+02
1.226965e+06,1.420099e+01,7.784530e+04,9.009873e-01,9.481496e-01,9.479573e-01,7.583360e-04,1.084915e-08,3.801338e+01,8.037724e+00,2.997566e+01,3.965263e+01,1.696000e+02
1.226975e+06,1.420110e+01,7.785530e+04,9.011030e-01,9.481527e-01,9.479574e-01,7.584445e-04,1.084915e-08,3.801271e+01,8.037724e+00,2.997499e+01,3.965182e+01,1.696000e+02
1.226985e+06,1.420122e+01,7.786530e+04,9.012188e-01,9.481553e-01,9.479575e-01,7.585530e-04,1.084915e-08,3.801091e+01,8.037724e+00,2.997319e+01,3.964983e+01,1.696000e+02
1.226995e+06,1.420133e+01,7.787530e+04,9.013345e-01,9.481578e-01,9.479576e-01,7.586615e-04,1.084915e-08,3.800911e+01,8.037724e+00,2.997139e+01,3.964785e+01,1.696000e+02
1.227005e+06,1.420145e+01,7.788530e+04,9.014503e-01,9.481604e-01,9.479577e-01,7.587700e-04,1.084915e-08,3.800732e+01,8.037724e+00,2.996959e+01,3.964587e+01,1.696000e+02
1.227015e+06,1.420157e+01,7.789530e+04,9.015660e-01,9.481630e-01,9.479578e-01,7.588785e-04,1.084914e-08,3.800552e+01,8.037724e+00,2.996779e+01,3.964389e+01,1.696000e+02
1.227025e+06,1.420168e+01,7.790530e+04,9.016818e-01,9.481656e-01,9.479579e-01,7.589870e-04,1.084914e-08,3.800372e+01,8.037724e+00,2.996600e+01,3.964190e+01,1.696000e+02
1.227035e+06,1.420180e+01,7.791530e+04,9.017975e-01,9.481682e-01,9.479580e-01,7.590955e-04,1.084914e-08,3.800192e+01,8.037724e+00,2.996420e+01,3.963992e+01,1.696000e+02
1.227045e+06,1.420191e+01,7.792531e+04,9.019133e-01,9.481708e-01,9.479581e-01,7.592040e-04,1.084914e-08,3.800012e+01,8.037724e+00,2.996240e+01,3.963794e+01,1.696000e+02
1.227055e+06,1.420203e+01,7.793531e+04,9.020290e-01,9.481734e-01,9.479582e-01,7.593125e-04,1.084914e-08,3.799833e+01,8.037724e+00,2.996060e+01,3.963596e+01,1.696000e+02
1.227065e+06,1.420214e+01,7.794531e+04,9.021448e-01,9.481760e-01,9.479583e-01,7.594210e-04,1.084914e-08,3.799653e+01,8.037724e+00,2.995880e+01,3.963397e+01,1.696000e+02
1.227075e+06,1.420226e+01,7.795531e+04,9.022605e-01,9.481786e-01,9.479584e-01,7.595295e-04,1.084914e-08,3.799473e+01,8.037724e+00,2.995701e+01,3.963199e+01,1.696000e+02
1.227085e+06,1.420238e+01,7.796531e+04,9.023763e-01,9.481812e-01,9.479585e-01,7.596380e-04,1.084914e-08,3.799293e+01,8.037724e+00,2.995521e+01,3.963001e+01,1.696000e+02
1.227095e+06,1.420249e+01,7.797531e+04,9.024920e-01,9.481837e-01,9.479586e-01,7.597465e-04,1.084914e-08,3.799113e+01,8.037724e+00,2.995341e+01,3.962802e+01,1.696000e+02
1.227105e+06,1.420261e+01,7.798531e+04,9.026077e-01,9.481863e-01,9.479588e-01,7.598550e-04,1.084913e-08,3.798933e+01,8.037724e+00,2.995161e+01,3.962604e+01,1.696000e+02
1.227115e+06,1.420272e+01,7.799531e+04,9.027235e-01,9.481889e-01,9.479589e-01,7.599635e-04,1.084913e-08,3.798754e+01,8.037724e+00,2.994981e+01,3.962406e+01,1.696000e+02
1.227125e+06,1.420284e+01,7.800531e+04,9.028392e-01,9.481915e-01,9.479590e-01,7.600720e-04,1.084913e-08,3.798574e+01,8.037724e+00,2.994801e+01,3.962208e+01,1.696000e+02
1.227135e+06,1.420295e+01,7.801531e+04,9.029550e-01,9.481941e-01,9.479591e-01,7.601805e-04,1.084913e-08,3.798394e+01,8.037724e+00,2.994622e+01,3.962009e+01,1.696000e+02
1.227145e+06,1.420307e+01,7.802531e+04,9.030707e-01,9.481967e-01,9.479592e-01,7.602890e-04,1.084913e-08,3.798214e+01,8.037724e+00,2.994442e+01,3.961811e+01,1.696000e+02
1.227155e+06,1.420319e+01,7.803531e+04,9.031865e-01,9.481993e-01,9.479593e-01,7.603975e-04,1.084913e-08,3.798034e+01,8.037724e+00,2.994262e+01,3.961613e+01,1.696000e+02
1.227165e+06,1.420330e+01,7.804531e+04,9.033022e-01,9.482019e-01,9.479594e-01,7.605060e-04,1.084913e-08,3.797855e+01,8.037724e+00,2.994082e+01,3.961415e+01,1.696000e+02
1.227175e+06,1.420342e+01,7.805531e+04,9.034180e-01,9.482045e-01,9.479595e-01,7.606145e-04,1.084913e-08,3.797675e+01,8.037724e+00,2.993902e+01,3.961216e+01,1.696000e+02
1.227185e+06,1.420353e+01,7.806531e+04,9.035337e-01,9.482071e-01,9.479596e-01,7.607230e-04,1.084912e-08,3.797495e+01,8.037724e+00,2.993723e+01,3.961018e+01,1.696000e+02
1.227195e+06,1.420365e+01,7.807532e+04,9.036495e-01,9.482096e-01,9.479597e-01,7.608315e-04,1.084912e-08,3.797315e+01,8.037724e+00,2.993543e+01,3.960820e+01,1.696000e+02
1.227205e+06,1.420377e+01,7.808532e+04,9.037652e-01,9.482122e-01,9.479598e-01,7.609400e-04,1.084912e-08,3.797135e+01,8.037724e+00,2.993363e+01,3.960621e+01,1.696000e+02
1.227215e+06,1.420388e+01,7.809532e+04,9.038810e-01,9.482148e-01,9.479599e-01,7.610485e-04,1.084912e-08,3.796955e+01,8.037724e+00,2.993183e+01,3.960423e+01,1.696000e+02
1.227225e+06,1.420400e+01,7.810532e+04,9.039967e-01,9.482120e-01,9.479600e-01,7.611570e-04,1.084912e-08,3.796834e+01,8.037724e+00,2.993062e+01,3.960305e+01,1.696000e+02
1.227235e+06,1.420411e+01,7.811532e+04,9.041125e-01,9.482012e-01,9.479601e-01,7.612655e-04,1.084912e-08,3.796800e+01,8.037724e+00,2.993028e+01,3.960305e+01,1.696000e+02
1.227245e+06,1.420423e+01,7.812532e+04,9.042282e-01,9.481903e-01,9.479602e-01,7.613740e-04,1.084912e-08,3.796766e+01,8.037724e+00,2.992994e+01,3.960305e+01,1.696000e+02
1.227255e+06,1.420434e+01,7.813532e+04,9.043440e-01,9.481795e-01,9.479603e-01,7.614825e-04,1.084912e-08,3.796732e+01,8.037724e+00,2.992960e+01,3.960305e+01,1.696000e+02
1.227265e+06,1.420446e+01,7.814532e+04,9.044597e-01,9.481686e-01,9.479604e-01,7.615910e-04,1.084912e-08,3.796698e+01,8.037724e+00,2.992926e+01,3.960305e+01,1.696000e+02
1.227275e+06,1.420458e+01,7.815532e+04,9.045755e-01,9.481578e-01,9.479605e-01,7.616995e-04,1.084911e-08,3.796664e+01,8.037724e+00,2.992891e+01,3.960305e+01,1.696000e+02
1.227285e+06,1.420469e+01,7.816532e+04,9.046912e-01,9.481470e-01,9.479606e-01,7.618080e-04,1.084911e-08,3.796630e+01,8.037724e+00,2.992857e+01,3.960306e+01,1.696000e+02
1.227295e+06,1.420481e+01,7.817532e+04,9.048070e-01,9.481361e-01,9.479607e-01,7.619165e-04,1.084911e-08,3.796596e+01,8.037724e+00,2.992823e+01,3.960306e+01,1.696000e+02
1.227305e+06,1.420492e+01,7.818532e+04,9.049227e-01,9.481253e-01,9.479608e-01,7.620250e-04,1.084911e-08,3.796561e+01,8.037724e+00,2.992789e+01,3.960306e+01,1.696000e+02
1.227315e+06,1.420504e+01,7.819532e+04,9.050385e-01,9.481144e-01,9.479609e-01,7.621335e-04,1.084911e-08,3.796527e+01,8.037724e+00,2.992755e+01,3.960306e+01,1.696000e+02
1.227325e+06,1.420515e+01,7.820532e+04,9.051542e-01,9.481036e-01,9.479610e-01,7.622420e-04,1.084911e-08,3.796493e+01,8.037724e+00,2.992721e+01,3.960306e+01,1.696000e+02
1.227335e+06,1.420527e+01,7.821533e+04,9.052700e-01,9.480928e-01,9.479611e-01,7.623505e-04,1.084911e-08,3.796459e+01,8.037724e+00,2.992687e+01,3.960306e+01,1.696000e+02
1.227345e+06,1.420539e+01,7.822533e+04,9.053857e-01,9.480819e-01,9.479612e-01,7.624590e-04,1.084911e-08,3.796425e+01,8.037724e+00,2.992652e+01,3.960306e+01,1.696000e+02
1.227355e+06,1.420550e+01,7.823533e+04,9.055015e-01,9.480711e-01,9.479613e-01,7.625675e-04,1.084910e-08,3.796391e+01,8.037724e+00,2.992618e+01,3.960306e+01,1.696000e+02
1.227365e+06,1.420562e+01,7.824533e+04,9.056172e-01,9.480603e-01,9.479614e-01,7.626760e-04,1.084910e-08,3.796357e+01,8.037724e+00,2.992584e+01,3.960306e+01,1.696000e+02
1.227375e+06,1.420573e+01,7.825533e+04,9.057330e-01,9.480494e-01,9.479615e-01,7.627845e-04,1.084910e-08,3.796323e+01,8.037724e+00,2.992550e+01,3.960306e+01,1.696000e+02
1.227385e+06,1.420585e+01,7.826533e+04,9.058487e-01,9.480386e-01,9.479616e-01,7.628930e-04,1.084910e-08,3.796288e+01,8.037724e+00,2.992516e+01,3.960306e+01,1.696000e+02
1.227395e+06,1.420596e+01,7.827533e+04,9.059645e-01,9.480277e-01,9.479617e-01,7.630015e-04,1.084910e-08,3.796254e+01,8.037724e+00,2.992482e+01,3.960306e+01,1.696000e+02
1.227405e+06,1.420608e+01,7.828533e+04,9.060802e-01,9.480169e-01,9.479618e-01,7.631100e-04,1.084910e-08,3.796220e+01,8.037724e+00,2.992448e+01,3.960307e+01,1.696000e+02
1.227415e+06,1.420620e+01,7.829533e+04,9.061960e-01,9.480061e-01,9.479619e-01,7.632185e-04,1.084910e-08,3.796186e+01,8.037724e+00,2.992414e+01,3.960307e+01,1.696000e+02
1.227425e+06,1.420631e+01,7.830533e+04,9.063117e-01,9.479952e-01,9.479620e-01,7.633270e-04,1.084910e-08,3.796152e+01,8.037724e+00,2.992379e+01,3.960307e+01,1.696000e+02
1.227435e+06,1.420643e+01,7.831533e+04,9.064275e-01,9.479844e-01,9.479621e-01,7.634355e-04,1.084910e-08,3.796118e+01,8.037724e+00,2.992345e+01,3.960307e+01,1.696000e+02
1.227445e+06,1.420654e+01,7.832533e+04,9.065432e-01,9.479735e-01,9.479622e-01,7.635440e-04,1.084909e-08,3.796084e+01,8.037724e+00,2.992311e+01,3.960307e+01,1.696000e+02
1.227455e+06,1.420666e+01,7.833533e+04,9.066590e-01,9.479627e-01,9.479624e-01,7.636525e-04,1.084909e-08,3.796049e+01,8.037724e+00,2.992277e+01,3.960307e+01,1.696000e+02
1.227465e+06,1.420677e+01,7.834533e+04,9.067747e-01,9.479496e-01,9.479625e-01,7.637610e-04,1.084909e-08,3.796015e+01,8.037724e+00,2.992243e+01,3.960315e+01,1.696000e+02
1.227475e+06,1.420689e+01,7.835533e+04,9.068904e-01,9.479347e-01,9.479626e-01,7.638695e-04,1.084909e-08,3.796050e+01,8.037724e+00,2.992278e+01,3.960401e+01,1.695972e+02
1.227485e+06,1.420701e+01,7.836534e+04,9.070062e-01,9.479243e-01,9.479627e-01,7.639780e-04,1.084909e-08,3.796213e+01,8.037724e+00,2.992441e+01,3.960608e+01,1.695892e+02
1.227495e+06,1.420712e+01,7.837534e+04,9.071219e-01,9.479138e-01,9.479628e-01,7.640865e-04,1.084909e-08,3.796377e+01,8.037724e+00,2.992604e+01,3.960815e+01,1.695811e+02
1.227505e+06,1.420724e+01,7.838534e+04,9.072377e-01,9.479033e-01,9.479629e-01,7.641950e-04,1.084909e-08,3.796540e+01,8.037724e+00,2.992768e+01,3.961022e+01,1.695731e+02
1.227515e+06,1.420735e+01,7.839534e+04,9.073534e-01,9.478928e-01,9.479630e-01,7.643035e-04,1.084909e-08,3.796703e+01,8.037724e+00,2.992931e+01,3.961229e+01,1.695650e+02
1.227525e+06,1.420747e+01,7.840534e+04,9.074692e-01,9.478824e-01,9.479631e-01,7.644120e-04,1.084908e-08,3.796866e+01,8.037724e+00,2.993094e+01,3.961436e+01,1.695570e+02
1.227535e+06,1.420758e+01,7.841534e+04,9.075849e-01,9.478719e-01,9.479632e-01,7.645205e-04,1.084908e-08,3.797030e+01,8.037724e+00,2.993257e+01,3.961644e+01,1.695490e+02
1.227545e+06,1.420770e+01,7.842534e+04,9.077007e-01,9.478614e-01,9.479633e-01,7.646290e-04,1.084908e-08,3.797193e+01,8.037724e+00,2.993421e+01,3.961851e+01,1.695409e+02
1.227555e+06,1.420782e+01,7.843534e+04,9.078164e-01,9.478509e-01,9.479634e-01,7.647375e-04,1.084908e-08,3.797356e+01,8.037724e+00,2.993584e+01,3.962058e+01,1.695329e+02
1.227565e+06,1.420793e+01,7.844534e+04,9.079322e-01,9.478405e-01,9.479635e-01,7.648460e-04,1.084908e-08,3.797519e+01,8.037724e+00,2.993747e+01,3.962265e+01,1.695248e+02
1.227575e+06,1.420805e+01,7.845534e+04,9.080479e-01,9.478300e-01,9.479636e-01,7.649545e-04,1.084908e-08,3.797683e+01,8.037724e+00,2.993910e+01,3.962472e+01,1.695168e+02
1.227585e+06,1.420816e+01,7.846534e+04,9.081637e-01,9.478195e-01,9.479637e-01,7.650630e-04,1.084908e-08,3.797846e+01,8.037724e+00,2.994074e+01,3.962679e+01,1.695088e+02
1.227595e+06,1.420828e+01,7.847534e+04,9.082794e-01,9.478090e-01,9.479638e-01,7.651715e-04,1.084908e-08,3.798009e+01,8.037724e+00,2.994237e+01,3.962886e+01,1.695007e+02
1.227605e+06,1.420840e+01,7.848534e+04,9.083952e-01,9.477986e-01,9.479639e-01,7.652800e-04,1.084908e-08,3.798172e+01,8.037724e+00,2.994400e+01,3.963094e+01,1.694927e+02
1.227615e+06,1.420851e+01,7.849534e+04,9.085109e-01,9.477881e-01,9.479640e-01,7.653884e-04,1.084907e-08,3.798336e+01,8.037724e+00,2.994563e+01,3.963301e+01,1.694847e+02
1.227625e+06,1.420863e+01,7.850534e+04,9.086267e-01,9.477776e-01,9.479641e-01,7.654969e-04,1.084907e-08,3.798499e+01,8.037724e+00,2.994727e+01,3.963508e+01,1.694766e+02
1.227635e+06,1.420874e+01,7.851535e+04,9.087424e-01,9.477671e-01,9.479642e-01,7.656054e-04,1.084907e-08,3.798662e+01,8.037724e+00,2.994890e+01,3.963715e+01,1.694686e+02
1.227645e+06,1.420886e+01,7.852535e+04,9.088582e-01,9.477567e-01,9.479643e-01,7.657139e-04,1.084907e-08,3.798826e+01,8.037724e+00,2.995053e+01,3.963922e+01,1.694605e+02
1.227655e+06,1.420897e+01,7.853535e+04,9.089739e-01,9.477462e-01,9.479644e-01,7.658224e-04,1.084907e-08,3.798989e+01,8.037724e+00,2.995216e+01,3.964129e+01,1.694525e+02
1.227665e+06,1.420909e+01,7.854535e+04,9.090897e-01,9.477357e-01,9.479645e-01,7.659309e-04,1.084907e-08,3.799152e+01,8.037724e+00,2.995380e+01,3.964337e+01,1.694445e+02
1.227675e+06,1.420921e+01,7.855535e+04,9.092054e-01,9.477253e-01,9.479646e-01,7.660394e-04,1.084907e-08,3.799315e+01,8.037724e+00,2.995543e+01,3.964544e+01,1.694364e+02
1.227685e+06,1.420932e+01,7.856535e+04,9.093212e-01,9.477148e-01,9.479647e-01,7.661479e-04,1.084907e-08,3.799479e+01,8.037724e+00,2.995706e+01,3.964751e+01,1.694284e+02
1.227695e+06,1.420944e+01,7.857535e+04,9.094369e-01,9.477043e-01,9.479648e-01,7.662564e-04,1.084906e-08,3.799642e+01,8.037724e+00,2.995869e+01,3.964958e+01,1.694204e+02
1.227705e+06,1.420955e+01,7.858535e+04,9.095527e-01,9.476938e-01,9.479649e-01,7.663649e-04,1.084906e-08,3.799805e+01,8.037724e+00,2.996033e+01,3.965165e+01,1.694123e+02
1.227715e+06,1.420967e+01,7.859535e+04,9.096684e-01,9.476864e-01,9.479650e-01,7.664734e-04,1.084906e-08,3.799968e+01,8.037724e+00,2.996196e+01,3.965363e+01,1.694043e+02
1.227725e+06,1.420978e+01,7.860535e+04,9.097842e-01,9.476912e-01,9.479651e-01,7.665819e-04,1.084906e-08,3.800031e+01,8.037724e+00,2.996259e+01,3.965413e+01,1.694000e+02
1.227735e+06,1.420990e+01,7.861535e+04,9.098999e-01,9.477061e-01,9.479652e-01,7.666904e-04,1.084906e-08,3.799980e+01,8.037724e+00,2.996208e+01,3.965309e+01,1.694000e+02
1.227745e+06,1.421002e+01,7.862535e+04,9.100157e-01,9.477209e-01,9.479653e-01,7.667989e-04,1.084906e-08,3.799929e+01,8.037724e+00,2.996156e+01,3.965206e+01,1.694000e+02
1.227755e+06,1.421013e+01,7.863535e+04,9.101314e-01,9.477358e-01,9.479654e-01,7.669074e-04,1.084906e-08,3.799878e+01,8.037724e+00,2.996105e+01,3.965102e+01,1.694000e+02
1.227765e+06,1.421025e+01,7.864535e+04,9.102472e-01,9.477507e-01,9.479655e-01,7.670159e-04,1.084906e-08,3.799826e+01,8.037724e+00,2.996054e+01,3.964998e+01,1.694000e+02
1.227775e+06,1.421036e+01,7.865536e+04,9.103629e-01,9.477655e-01,9.479656e-01,7.671244e-04,1.084906e-08,3.799775e+01,8.037724e+00,2.996003e+01,3.964895e+01,1.694000e+02
1.227785e+06,1.421048e+01,7.866536e+04,9.104787e-01,9.477804e-01,9.479657e-01,7.672329e-04,1.084905e-08,3.799724e+01,8.037724e+00,2.995952e+01,3.964791e+01,1.694000e+02
1.227795e+06,1.421059e+01,7.867536e+04,9.105944e-01,9.477953e-01,9.479658e-01,7.673414e-04,1.084905e-08,3.799673e+01,8.037724e+00,2.995900e+01,3.964687e+01,1.694000e+02
1.227805e+06,1.421071e+01,7.868536e+04,9.107102e-01,9.478102e-01,9.479660e-01,7.674499e-04,1.084905e-08,3.799622e+01,8.037724e+00,2.995849e+01,3.964584e+01,1.694000e+02
1.227815e+06,1.421083e+01,7.869536e+04,9.108259e-01,9.478250e-01,9.479661e-01,7.675584e-04,1.084905e-08,3.799570e+01,8.037724e+00,2.995798e+01,3.964480e+01,1.694000e+02
1.227825e+06,1.421094e+01,7.870536e+04,9.109416e-01,9.478399e-01,9.479662e-01,7.676669e-04,1.084905e-08,3.799519e+01,8.037724e+00,2.995747e+01,3.964377e+01,1.694000e+02
1.227835e+06,1.421106e+01,7.871536e+04,9.110574e-01,9.478548e-01,9.479663e-01,7.677754e-04,1.084905e-08,3.799468e+01,8.037724e+00,2.995696e+01,3.964273e+01,1.694000e+02
1.227845e+06,1.421117e+01,7.872536e+04,9.111731e-01,9.478697e-01,9.479664e-01,7.678839e-04,1.084905e-08,3.799417e+01,8.037724e+00,2.995644e+01,3.964169e+01,1.694000e+02
1.227855e+06,1.421129e+01,7.873536e+04,9.112889e-01,9.478845e-01,9.479665e-01,7.679924e-04,1.084905e-08,3.799366e+01,8.037724e+00,2.995593e+01,3.964066e+01,1.694000e+02
1.227865e+06,1.421140e+01,7.874536e+04,9.114046e-01,9.478994e-01,9.479666e-01,7.681009e-04,1.084904e-08,3.799314e+01,8.037724e+00,2.995542e+01,3.963962e+01,1.694000e+02
1.227875e+06,1.421152e+01,7.875536e+04,9.115204e-01,9.479143e-01,9.479667e-01,7.682094e-04,1.084904e-08,3.799263e+01,8.037724e+00,2.995491e+01,3.963859e+01,1.694000e+02
1.227885e+06,1.421164e+01,7.876536e+04,9.116361e-01,9.479292e-01,9.479668e-01,7.683179e-04,1.084904e-08,3.799212e+01,8.037724e+00,2.995440e+01,3.963755e+01,1.694000e+02
1.227895e+06,1.421175e+01,7.877536e+04,9.117519e-01,9.479440e-01,9.479669e-01,7.684264e-04,1.084904e-08,3.799161e+01,8.037724e+00,2.995388e+01,3.963651e+01,1.694000e+02
1.227905e+06,1.421187e+01,7.878536e+04,9.118676e-01,9.479589e-01,9.479670e-01,7.685349e-04,1.084904e-08,3.799110e+01,8.037724e+00,2.995337e+01,3.963548e+01,1.694000e+02
1.227915e+06,1.421198e+01,7.879536e+04,9.119834e-01,9.479738e-01,9.479671e-01,7.686434e-04,1.084904e-08,3.799058e+01,8.037724e+00,2.995286e+01,3.963444e+01,1.694000e+02
1.227925e+06,1.421210e+01,7.880537e+04,9.120991e-01,9.479887e-01,9.479672e-01,7.687519e-04,1.084904e-08,3.799007e+01,8.037724e+00,2.995235e+01,3.963341e+01,1.694000e+02
1.227935e+06,1.421221e+01,7.881537e+04,9.122149e-01,9.480035e-01,9.479673e-01,7.688604e-04,1.084904e-08,3.798956e+01,8.037724e+00,2.995184e+01,3.963237e+01,1.694000e+02
1.227945e+06,1.421233e+01,7.882537e+04,9.123306e-01,9.480184e-01,9.479674e-01,7.689689e-04,1.084904e-08,3.798905e+01,8.037724e+00,2.995132e+01,3.963133e+01,1.694000e+02
1.227955e+06,1.421245e+01,7.883537e+04,9.124464e-01,9.480333e-01,9.479675e-01,7.690774e-04,1.084903e-08,3.798854e+01,8.037724e+00,2.995081e+01,3.963030e+01,1.694000e+02
1.227965e+06,1.421256e+01,7.884537e+04,9.125621e-01,9.480482e-01,9.479676e-01,7.691859e-04,1.084903e-08,3.798802e+01,8.037724e+00,2.995030e+01,3.962926e+01,1.694000e+02
1.227975e+06,1.421268e+01,7.885537e+04,9.126779e-01,9.480582e-01,9.479677e-01,7.692944e-04,1.084903e-08,3.798783e+01,8.037724e+00,2.995011e+01,3.962872e+01,1.694000e+02
1.227985e+06,1.421279e+01,7.886537e+04,9.127936e-01,9.480615e-01,9.479678e-01,7.694029e-04,1.084903e-08,3.798809e+01,8.037724e+00,2.995036e+01,3.962888e+01,1.694000e+02
1.227995e+06,1.421291e+01,7.887537e+04,9.129094e-01,9.480649e-01,9.479679e-01,7.695114e-04,1.084903e-08,3.798834e+01,8.037724e+00,2.995062e+01,3.962904e+01,1.694000e+02
1.228005e+06,1.421303e+01,7.888537e+04,9.130251e-01,9.480682e-01,9.479680e-01,7.696199e-04,1.084903e-08,3.798860e+01,8.037724e+00,2.995087e+01,3.962920e+01,1.694000e+02
1.228015e+06,1.421314e+01,7.889537e+04,9.131409e-01,9.480715e-01,9.479681e-01,7.697284e-04,1.084903e-08,3.798885e+01,8.037724e+00,2.995113e+01,3.962936e+01,1.694000e+02
1.228025e+06,1.421326e+01,7.890537e+04,9.132566e-01,9.480748e-01,9.479682e-01,7.698369e-04,1.084903e-08,3.798911e+01,8.037724e+00,2.995139e+01,3.962952e+01,1.694000e+02
1.228035e+06,1.421337e+01,7.891537e+04,9.133724e-01,9.480781e-01,9.479683e-01,7.699454e-04,1.084902e-08,3.798937e+01,8.037724e+00,2.995164e+01,3.962968e+01,1.694000e+02
1.228045e+06,1.421349e+01,7.892537e+04,9.134881e-01,9.480814e-01,9.479684e-01,7.700539e-04,1.084902e-08,3.798962e+01,8.037724e+00,2.995190e+01,3.962984e+01,1.694000e+02
1.228055e+06,1.421360e+01,7.893537e+04,9.136039e-01,9.480847e-01,9.479685e-01,7.701624e-04,1.084902e-08,3.798988e+01,8.037724e+00,2.995215e+01,3.963000e+01,1.694000e+02
1.228065e+06,1.421372e+01,7.894537e+04,9.137196e-01,9.480880e-01,9.479686e-01,7.702709e-04,1.084902e-08,3.799013e+01,8.037724e+00,2.995241e+01,3.963016e+01,1.694000e+02
1.228075e+06,1.421384e+01,7.895538e+04,9.138354e-01,9.480913e-01,9.479687e-01,7.703794e-04,1.084902e-08,3.799039e+01,8.037724e+00,2.995267e+01,3.963032e+01,1.694000e+02
1.228085e+06,1.421395e+01,7.896538e+04,9.139511e-01,9.480946e-01,9.479688e-01,7.704878e-04,1.084902e-08,3.799065e+01,8.037724e+00,2.995292e+01,3.963048e+01,1.694000e+02
1.228095e+06,1.421407e+01,7.897538e+04,9.140669e-01,9.480979e-01,9.479689e-01,7.705963e-04,1.084902e-08,3.799090e+01,8.037724e+00,2.995318e+01,3.963064e+01,1.694000e+02
1.228105e+06,1.421418e+01,7.898538e+04,9.141826e-01,9.481012e-01,9.479690e-01,7.707048e-04,1.084902e-08,3.799116e+01,8.037724e+00,2.995343e+01,3.963080e+01,1.694000e+02
1.228115e+06,1.421430e+01,7.899538e+04,9.142984e-01,9.481045e-01,9.479691e-01,7.708133e-04,1.084902e-08,3.799141e+01,8.037724e+00,2.995369e+01,3.963096e+01,1.694000e+02
1.228125e+06,1.421441e+01,7.900538e+04,9.144141e-01,9.481078e-01,9.479692e-01,7.709218e-04,1.084901e-08,3.799167e+01,8.037724e+00,2.995395e+01,3.963112e+01,1.694000e+02
1.228135e+06,1.421453e+01,7.901538e+04,9.145299e-01,9.481111e-01,9.479693e-01,7.710303e-04,1.084901e-08,3.799193e+01,8.037724e+00,2.995420e+01,3.963128e+01,1.694000e+02
1.228145e+06,1.421465e+01,7.902538e+04,9.146456e-01,9.481144e-01,9.479694e-01,7.711388e-04,1.084901e-08,3.799218e+01,8.037724e+00,2.995446e+01,3.963144e+01,1.694000e+02
1.228155e+06,1.421476e+01,7.903538e+04,9.147614e-01,9.481177e-01,9.479696e-01,7.712473e-04,1.084901e-08,3.799244e+01,8.037724e+00,2.995471e+01,3.963160e+01,1.694000e+02
1.228165e+06,1.421488e+01,7.904538e+04,9.148771e-01,9.481210e-01,9.479697e-01,7.713558e-04,1.084901e-08,3.799269e+01,8.037724e+00,2.995497e+01,3.963176e+01,1.694000e+02
1.228175e+06,1.421499e+01,7.905538e+04,9.149929e-01,9.481243e-01,9.479698e-01,7.714643e-04,1.084901e-08,3.799295e+01,8.037724e+00,2.995523e+01,3.963192e+01,1.694000e+02
1.228185e+06,1.421511e+01,7.906538e+04,9.151086e-01,9.481276e-01,9.479699e-01,7.715728e-04,1.084901e-08,3.799321e+01,8.037724e+00,2.995548e+01,3.963208e+01,1.694000e+02
1.228195e+06,1.421522e+01,7.907538e+04,9.152243e-01,9.481309e-01,9.479700e-01,7.716813e-04,1.084901e-08,3.799346e+01,8.037724e+00,2.995574e+01,3.963224e+01,1.694000e+02
1.228205e+06,1.421534e+01,7.908538e+04,9.153401e-01,9.481342e-01,9.479701e-01,7.717898e-04,1.084900e-08,3.799372e+01,8.037724e+00,2.995599e+01,3.963240e+01,1.694000e+02
1.228215e+06,1.421546e+01,7.909539e+04,9.154558e-01,9.481398e-01,9.479702e-01,7.718983e-04,1.084900e-08,3.799397e+01,8.037724e+00,2.995625e+01,3.963248e+01,1.694000e+02
1.228225e+06,1.421557e+01,7.910539e+04,9.155716e-01,9.481519e-01,9.479703e-01,7.720068e-04,1.084900e-08,3.799395e+01,8.037724e+00,2.995623e+01,3.963206e+01,1.694029e+02
1.228235e+06,1.421569e+01,7.911539e+04,9.156873e-01,9.481682e-01,9.479704e-01,7.721153e-04,1.084900e-08,3.799344e+01,8.037724e+00,2.995571e+01,3.963097e+01,1.694109e+02
1.228245e+06,1.421580e+01,7.912539e+04,9.158031e-01,9.481845e-01,9.479705e-01,7.722238e-04,1.084900e-08,3.799292e+01,8.037724e+00,2.995520e+01,3.962988e+01,1.694190e+02
1.228255e+06,1.421592e+01,7.913539e+04,9.159188e-01,9.482008e-01,9.479706e-01,7.723323e-04,1.084900e-08,3.799241e+01,8.037724e+00,2.995468e+01,3.962880e+01,1.694270e+02
1.228265e+06,1.421603e+01,7.914539e+04,9.160346e-01,9.482171e-01,9.479707e-01,7.724408e-04,1.084900e-08,3.799189e+01,8.037724e+00,2.995417e+01,3.962771e+01,1.694350e+02
1.228275e+06,1.421615e+01,7.915539e+04,9.161503e-01,9.482334e-01,9.479708e-01,7.725493e-04,1.084900e-08,3.799137e+01,8.037724e+00,2.995365e+01,3.962662e+01,1.694431e+02
1.228285e+06,1.421627e+01,7.916539e+04,9.162661e-01,9.482497e-01,9.479709e-01,7.726578e-04,1.084900e-08,3.799086e+01,8.037724e+00,2.995314e+01,3.962554e+01,1.694511e+02
1.228295e+06,1.421638e+01,7.917539e+04,9.163818e-01,9.482660e-01,9.479710e-01,7.727663e-04,1.084899e-08,3.799034e+01,8.037724e+00,2.995262e+01,3.962445e+01,1.694592e+02
1.228305e+06,1.421650e+01,7.918539e+04,9.164976e-01,9.482823e-01,9.479711e-01,7.728748e-04,1.084899e-08,3.798983e+01,8.037724e+00,2.995210e+01,3.962337e+01,1.694672e+02
1.228315e+06,1.421661e+01,7.919539e+04,9.166133e-01,9.482986e-01,9.479712e-01,7.729833e-04,1.084899e-08,3.798931e+01,8.037724e+00,2.995159e+01,3.962228e+01,1.694752e+02
1.228325e+06,1.421673e+01,7.920539e+04,9.167291e-01,9.483149e-01,9.479713e-01,7.730918e-04,1.084899e-08,3.798880e+01,8.037724e+00,2.995107e+01,3.962119e+01,1.694833e+02
1.228335e+06,1.421684e+01,7.921539e+04,9.168448e-01,9.483312e-01,9.479714e-01,7.732003e-04,1.084899e-08,3.798828e+01,8.037724e+00,2.995056e+01,3.962011e+01,1.694913e+02
1.228345e+06,1.421696e+01,7.922539e+04,9.169606e-01,9.483475e-01,9.479715e-01,7.733088e-04,1.084899e-08,3.798777e+01,8.037724e+00,2.995004e+01,3.961902e+01,1.694993e+02
1.228355e+06,1.421708e+01,7.923539e+04,9.170763e-01,9.483637e-01,9.479716e-01,7.734173e-04,1.084899e-08,3.798725e+01,8.037724e+00,2.994953e+01,3.961793e+01,1.695074e+02
1.228365e+06,1.421719e+01,7.924540e+04,9.171921e-01,9.483800e-01,9.479717e-01,7.735258e-04,1.084899e-08,3.798674e+01,8.037724e+00,2.994901e+01,3.961685e+01,1.695154e+02
1.228375e+06,1.421731e+01,7.925540e+04,9.173078e-01,9.483963e-01,9.479718e-01,7.736343e-04,1.084898e-08,3.798622e+01,8.037724e+00,2.994850e+01,3.961576e+01,1.695235e+02
1.228385e+06,1.421742e+01,7.926540e+04,9.174236e-01,9.484126e-01,9.479719e-01,7.737428e-04,1.084898e-08,3.798570e+01,8.037724e+00,2.994798e+01,3.961468e+01,1.695315e+02
1.228395e+06,1.421754e+01,7.927540e+04,9.175393e-01,9.484289e-01,9.479720e-01,7.738513e-04,1.084898e-08,3.798519e+01,8.037724e+00,2.994746e+01,3.961359e+01,1.695395e+02
1.228405e+06,1.421766e+01,7.928540e+04,9.176551e-01,9.484452e-01,9.479721e-01,7.739598e-04,1.084898e-08,3.798467e+01,8.037724e+00,2.994695e+01,3.961250e+01,1.695476e+02
1.228415e+06,1.421777e+01,7.929540e+04,9.177708e-01,9.484615e-01,9.479722e-01,7.740683e-04,1.084898e-08,3.798416e+01,8.037724e+00,2.994643e+01,3.961142e+01,1.695556e+02
1.228425e+06,1.421789e+01,7.930540e+04,9.178866e-01,9.484778e-01,9.479723e-01,7.741768e-04,1.084898e-08,3.798364e+01,8.037724e+00,2.994592e+01,3.961033e+01,1.695637e+02
1.228435e+06,1.421800e+01,7.931540e+04,9.180023e-01,9.484941e-01,9.479724e-01,7.742853e-04,1.084898e-08,3.798313e+01,8.037724e+00,2.994540e+01,3.960925e+01,1.695717e+02
1.228445e+06,1.421812e+01,7.932540e+04,9.181181e-01,9.485104e-01,9.479725e-01,7.743938e-04,1.084898e-08,3.798261e+01,8.037724e+00,2.994489e+01,3.960816e+01,1.695797e+02
1.228455e+06,1.421823e+01,7.933540e+04,9.182338e-01,9.485267e-01,9.479726e-01,7.745022e-04,1.084898e-08,3.798210e+01,8.037724e+00,2.994437e+01,3.960707e+01,1.695878e+02
1.228465e+06,1.421835e+01,7.934540e+04,9.183496e-01,9.485369e-01,9.479727e-01,7.746107e-04,1.084897e-08,3.798158e+01,8.037724e+00,2.994386e+01,3.960619e+01,1.695958e+02
1.228475e+06,1.421847e+01,7.935540e+04,9.184653e-01,9.485256e-01,9.479728e-01,7.747192e-04,1.084897e-08,3.798180e+01,8.037724e+00,2.994407e+01,3.960680e+01,1.695962e+02
1.228485e+06,1.421858e+01,7.936540e+04,9.185811e-01,9.484983e-01,9.479729e-01,7.748277e-04,1.084897e-08,3.798282e+01,8.037724e+00,2.994509e+01,3.960878e+01,1.695882e+02
1.228495e+06,1.421870e+01,7.937540e+04,9.186968e-01,9.484709e-01,9.479730e-01,7.749362e-04,1.084897e-08,3.798384e+01,8.037724e+00,2.994611e+01,3.961077e+01,1.695803e+02
1.228505e+06,1.421881e+01,7.938540e+04,9.188126e-01,9.484436e-01,9.479732e-01,7.750447e-04,1.084897e-08,3.798486e+01,8.037724e+00,2.994714e+01,3.961275e+01,1.695723e+02
1.228515e+06,1.421893e+01,7.939541e+04,9.189283e-01,9.484162e-01,9.479733e-01,7.751532e-04,1.084897e-08,3.798588e+01,8.037724e+00,2.994816e+01,3.961474e+01,1.695644e+02
1.228525e+06,1.421904e+01,7.940541e+04,9.190441e-01,9.483889e-01,9.479734e-01,7.752617e-04,1.084897e-08,3.798690e+01,8.037724e+00,2.994918e+01,3.961673e+01,1.695564e+02
1.228535e+06,1.421916e+01,7.941541e+04,9.191598e-01,9.483616e-01,9.479735e-01,7.753702e-04,1.084897e-08,3.798792e+01,8.037724e+00,2.995020e+01,3.961871e+01,1.695485e+02
1.228545e+06,1.421928e+01,7.942541e+04,9.192755e-01,9.483342e-01,9.479736e-01,7.754787e-04,1.084896e-08,3.798894e+01,8.037724e+00,2.995122e+01,3.962070e+01,1.695405e+02
1.228555e+06,1.421939e+01,7.943541e+04,9.193913e-01,9.483069e-01,9.479737e-01,7.755872e-04,1.084896e-08,3.798996e+01,8.037724e+00,2.995224e+01,3.962269e+01,1.695326e+02
1.228565e+06,1.421951e+01,7.944541e+04,9.195070e-01,9.482795e-01,9.479738e-01,7.756957e-04,1.084896e-08,3.799098e+01,8.037724e+00,2.995326e+01,3.962467e+01,1.695246e+02
1.228575e+06,1.421962e+01,7.945541e+04,9.196228e-01,9.482522e-01,9.479739e-01,7.758042e-04,1.084896e-08,3.799200e+01,8.037724e+00,2.995428e+01,3.962666e+01,1.695166e+02
1.228585e+06,1.421974e+01,7.946541e+04,9.197385e-01,9.482248e-01,9.479740e-01,7.759127e-04,1.084896e-08,3.799302e+01,8.037724e+00,2.995530e+01,3.962865e+01,1.695087e+02
1.228595e+06,1.421985e+01,7.947541e+04,9.198543e-01,9.481975e-01,9.479741e-01,7.760212e-04,1.084896e-08,3.799404e+01,8.037724e+00,2.995632e+01,3.963064e+01,1.695007e+02
1.228605e+06,1.421997e+01,7.948541e+04,9.199700e-01,9.481702e-01,9.479742e-01,7.761297e-04,1.084896e-08,3.799506e+01,8.037724e+00,2.995734e+01,3.963262e+01,1.694928e+02
1.228615e+06,1.422009e+01,7.949541e+04,9.200858e-01,9.481428e-01,9.479743e-01,7.762382e-04,1.084896e-08,3.799608e+01,8.037724e+00,2.995836e+01,3.963461e+01,1.694848e+02
1.228625e+06,1.422020e+01,7.950541e+04,9.202015e-01,9.481155e-01,9.479744e-01,7.763467e-04,1.084896e-08,3.799710e+01,8.037724e+00,2.995938e+01,3.963660e+01,1.694769e+02
1.228635e+06,1.422032e+01,7.951541e+04,9.203173e-01,9.480881e-01,9.479745e-01,7.764552e-04,1.084895e-08,3.799813e+01,8.037724e+00,2.996040e+01,3.963859e+01,1.694689e+02
1.228645e+06,1.422043e+01,7.952541e+04,9.204330e-01,9.480608e-01,9.479746e-01,7.765637e-04,1.084895e-08,3.799915e+01,8.037724e+00,2.996142e+01,3.964057e+01,1.694610e+02
1.228655e+06,1.422055e+01,7.953541e+04,9.205488e-01,9.480334e-01,9.479747e-01,7.766722e-04,1.084895e-08,3.800017e+01,8.037724e+00,2.996244e+01,3.964256e+01,1.694530e+02
1.228665e+06,1.422066e+01,7.954542e+04,9.206645e-01,9.480061e-01,9.479748e-01,7.767807e-04,1.084895e-08,3.800119e+01,8.037724e+00,2.996346e+01,3.964455e+01,1.694450e+02
1.228675e+06,1.422078e+01,7.955542e+04,9.207803e-01,9.479788e-01,9.479749e-01,7.768892e-04,1.084895e-08,3.800221e+01,8.037724e+00,2.996448e+01,3.964654e+01,1.694371e+02
1.228685e+06,1.422090e+01,7.956542e+04,9.208960e-01,9.479514e-01,9.479750e-01,7.769977e-04,1.084895e-08,3.800323e+01,8.037724e+00,2.996550e+01,3.964853e+01,1.694291e+02
1.228695e+06,1.422101e+01,7.957542e+04,9.210118e-01,9.479241e-01,9.479751e-01,7.771062e-04,1.084895e-08,3.800425e+01,8.037724e+00,2.996652e+01,3.965051e+01,1.694212e+02
1.228705e+06,1.422113e+01,7.958542e+04,9.211275e-01,9.478967e-01,9.479752e-01,7.772147e-04,1.084895e-08,3.800527e+01,8.037724e+00,2.996754e+01,3.965250e+01,1.694132e+02
1.228715e+06,1.422124e+01,7.959542e+04,9.212433e-01,9.478715e-01,9.479753e-01,7.773232e-04,1.084894e-08,3.800629e+01,8.037724e+00,2.996856e+01,3.965442e+01,1.694053e+02
1.228725e+06,1.422136e+01,7.960542e+04,9.213590e-01,9.478579e-01,9.479754e-01,7.774317e-04,1.084894e-08,3.800679e+01,8.037724e+00,2.996907e+01,3.965541e+01,1.694000e+02
1.228735e+06,1.422147e+01,7.961542e+04,9.214748e-01,9.478586e-01,9.479755e-01,7.775402e-04,1.084894e-08,3.800628e+01,8.037724e+00,2.996855e+01,3.965484e+01,1.694000e+02
1.228745e+06,1.422159e+01,7.962542e+04,9.215905e-01,9.478593e-01,9.479756e-01,7.776487e-04,1.084894e-08,3.800576e+01,8.037724e+00,2.996804e+01,3.965427e+01,1.694000e+02
1.228755e+06,1.422171e+01,7.963542e+04,9.217063e-01,9.478600e-01,9.479757e-01,7.777572e-04,1.084894e-08,3.800525e+01,8.037724e+00,2.996752e+01,3.965370e+01,1.694000e+02
1.228765e+06,1.422182e+01,7.964542e+04,9.218220e-01,9.478608e-01,9.479758e-01,7.778657e-04,1.084894e-08,3.800473e+01,8.037724e+00,2.996701e+01,3.965313e+01,1.694000e+02
1.228775e+06,1.422194e+01,7.965542e+04,9.219378e-01,9.478615e-01,9.479759e-01,7.779742e-04,1.084894e-08,3.800421e+01,8.037724e+00,2.996649e+01,3.965256e+01,1.694000e+02
1.228785e+06,1.422205e+01,7.966542e+04,9.220535e-01,9.478622e-01,9.479760e-01,7.780826e-04,1.084894e-08,3.800370e+01,8.037724e+00,2.996597e+01,3.965200e+01,1.694000e+02
1.228795e+06,1.422217e+01,7.967542e+04,9.221693e-01,9.478629e-01,9.479761e-01,7.781911e-04,1.084894e-08,3.800318e+01,8.037724e+00,2.996546e+01,3.965143e+01,1.694000e+02
1.228805e+06,1.422229e+01,7.968543e+04,9.222850e-01,9.478637e-01,9.479762e-01,7.782996e-04,1.084893e-08,3.800267e+01,8.037724e+00,2.996494e+01,3.965086e+01,1.694000e+02
1.228815e+06,1.422240e+01,7.969543e+04,9.224008e-01,9.478644e-01,9.479763e-01,7.784081e-04,1.084893e-08,3.800215e+01,8.037724e+00,2.996443e+01,3.965029e+01,1.694000e+02
1.228825e+06,1.422252e+01,7.970543e+04,9.225165e-01,9.478651e-01,9.479764e-01,7.785166e-04,1.084893e-08,3.800164e+01,8.037724e+00,2.996391e+01,3.964972e+01,1.694000e+02
1.228835e+06,1.422263e+01,7.971543e+04,9.226323e-01,9.478658e-01,9.479765e-01,7.786251e-04,1.084893e-08,3.800112e+01,8.037724e+00,2.996340e+01,3.964916e+01,1.694000e+02
1.228845e+06,1.422275e+01,7.972543e+04,9.227480e-01,9.478666e-01,9.479766e-01,7.787336e-04,1.084893e-08,3.800061e+01,8.037724e+00,2.996288e+01,3.964859e+01,1.694000e+02
1.228855e+06,1.422286e+01,7.973543e+04,9.228638e-01,9.478673e-01,9.479768e-01,7.788421e-04,1.084893e-08,3.800009e+01,8.037724e+00,2.996237e+01,3.964802e+01,1.694000e+02
1.228865e+06,1.422298e+01,7.974543e+04,9.229795e-01,9.478680e-01,9.479769e-01,7.789506e-04,1.084893e-08,3.799957e+01,8.037724e+00,2.996185e+01,3.964745e+01,1.694000e+02
1.228875e+06,1.422310e+01,7.975543e+04,9.230953e-01,9.478688e-01,9.479770e-01,7.790591e-04,1.084893e-08,3.799906e+01,8.037724e+00,2.996133e+01,3.964688e+01,1.694000e+02
1.228885e+06,1.422321e+01,7.976543e+04,9.232110e-01,9.478695e-01,9.479771e-01,7.791676e-04,1.084892e-08,3.799854e+01,8.037724e+00,2.996082e+01,3.964632e+01,1.694000e+02
1.228895e+06,1.422333e+01,7.977543e+04,9.233268e-01,9.478702e-01,9.479772e-01,7.792761e-04,1.084892e-08,3.799803e+01,8.037724e+00,2.996030e+01,3.964575e+01,1.694000e+02
1.228905e+06,1.422344e+01,7.978543e+04,9.234425e-01,9.478709e-01,9.479773e-01,7.793846e-04,1.084892e-08,3.799751e+01,8.037724e+00,2.995979e+01,3.964518e+01,1.694000e+02
1.228915e+06,1.422356e+01,7.979543e+04,9.235582e-01,9.478717e-01,9.479774e-01,7.794931e-04,1.084892e-08,3.799700e+01,8.037724e+00,2.995927e+01,3.964461e+01,1.694000e+02
1.228925e+06,1.422367e+01,7.980543e+04,9.236740e-01,9.478724e-01,9.479775e-01,7.796016e-04,1.084892e-08,3.799648e+01,8.037724e+00,2.995876e+01,3.964404e+01,1.694000e+02
1.228935e+06,1.422379e+01,7.981543e+04,9.237897e-01,9.478731e-01,9.479776e-01,7.797101e-04,1.084892e-08,3.799597e+01,8.037724e+00,2.995824e+01,3.964347e+01,1.694000e+02
1.228945e+06,1.422391e+01,7.982543e+04,9.239055e-01,9.478738e-01,9.479777e-01,7.798186e-04,1.084892e-08,3.799545e+01,8.037724e+00,2.995773e+01,3.964291e+01,1.694000e+02
1.228955e+06,1.422402e+01,7.983544e+04,9.240212e-01,9.478746e-01,9.479778e-01,7.799271e-04,1.084892e-08,3.799493e+01,8.037724e+00,2.995721e+01,3.964234e+01,1.694000e+02
1.228965e+06,1.422414e+01,7.984544e+04,9.241370e-01,9.478738e-01,9.479779e-01,7.800356e-04,1.084892e-08,3.799442e+01,8.037724e+00,2.995669e+01,3.964182e+01,1.694000e+02
1.228975e+06,1.422425e+01,7.985544e+04,9.242527e-01,9.478696e-01,9.479780e-01,7.801441e-04,1.084891e-08,3.799352e+01,8.037724e+00,2.995579e+01,3.964101e+01,1.693982e+02
1.228985e+06,1.422437e+01,7.986544e+04,9.243685e-01,9.478632e-01,9.479781e-01,7.802526e-04,1.084891e-08,3.799216e+01,8.037724e+00,2.995443e+01,3.963979e+01,1.693942e+02
1.228995e+06,1.422448e+01,7.987544e+04,9.244842e-01,9.478569e-01,9.479782e-01,7.803611e-04,1.084891e-08,3.799080e+01,8.037724e+00,2.995307e+01,3.963856e+01,1.693902e+02
1.229005e+06,1.422460e+01,7.988544e+04,9.246000e-01,9.478505e-01,9.479783e-01,7.804696e-04,1.084891e-08,3.798944e+01,8.037724e+00,2.995171e+01,3.963734e+01,1.693863e+02
1.229015e+06,1.422472e+01,7.989544e+04,9.247157e-01,9.478441e-01,9.479784e-01,7.805781e-04,1.084891e-08,3.798808e+01,8.037724e+00,2.995035e+01,3.963612e+01,1.693823e+02
1.229025e+06,1.422483e+01,7.990544e+04,9.248315e-01,9.478378e-01,9.479785e-01,7.806866e-04,1.084891e-08,3.798671e+01,8.037724e+00,2.994899e+01,3.963489e+01,1.693783e+02
1.229035e+06,1.422495e+01,7.991544e+04,9.249472e-01,9.478314e-01,9.479786e-01,7.807951e-04,1.084891e-08,3.798535e+01,8.037724e+00,2.994763e+01,3.963367e+01,1.693743e+02
1.229045e+06,1.422506e+01,7.992544e+04,9.250630e-01,9.478251e-01,9.479787e-01,7.809036e-04,1.084891e-08,3.798399e+01,8.037724e+00,2.994627e+01,3.963245e+01,1.693703e+02
1.229055e+06,1.422518e+01,7.993544e+04,9.251787e-01,9.478187e-01,9.479788e-01,7.810121e-04,1.084890e-08,3.798263e+01,8.037724e+00,2.994491e+01,3.963122e+01,1.693664e+02
1.229065e+06,1.422529e+01,7.994544e+04,9.252945e-01,9.478123e-01,9.479789e-01,7.811206e-04,1.084890e-08,3.798127e+01,8.037724e+00,2.994355e+01,3.963000e+01,1.693624e+02
1.229075e+06,1.422541e+01,7.995544e+04,9.254102e-01,9.478060e-01,9.479790e-01,7.812290e-04,1.084890e-08,3.797991e+01,8.037724e+00,2.994219e+01,3.962878e+01,1.693584e+02
1.229085e+06,1.422553e+01,7.996544e+04,9.255260e-01,9.477996e-01,9.479791e-01,7.813375e-04,1.084890e-08,3.797855e+01,8.037724e+00,2.994083e+01,3.962755e+01,1.693544e+02
1.229095e+06,1.422564e+01,7.997544e+04,9.256417e-01,9.477932e-01,9.479792e-01,7.814460e-04,1.084890e-08,3.797719e+01,8.037724e+00,2.993947e+01,3.962633e+01,1.693505e+02
1.229105e+06,1.422576e+01,7.998545e+04,9.257575e-01,9.477869e-01,9.479793e-01,7.815545e-04,1.084890e-08,3.797583e+01,8.037724e+00,2.993811e+01,3.962511e+01,1.693465e+02
1.229115e+06,1.422587e+01,7.999545e+04,9.258732e-01,9.477805e-01,9.479794e-01,7.816630e-04,1.084890e-08,3.797447e+01,8.037724e+00,2.993675e+01,3.962388e+01,1.693425e+02
1.229125e+06,1.422599e+01,8.000545e+04,9.259890e-01,9.477741e-01,9.479795e-01,7.817715e-04,1.084890e-08,3.797311e+01,8.037724e+00,2.993538e+01,3.962266e+01,1.693385e+02
1.229135e+06,1.422610e+01,8.001545e+04,9.261047e-01,9.477678e-01,9.479796e-01,7.818800e-04,1.084890e-08,3.797175e+01,8.037724e+00,2.993402e+01,3.962144e+01,1.693345e+02
1.229145e+06,1.422622e+01,8.002545e+04,9.262205e-01,9.477614e-01,9.479797e-01,7.819885e-04,1.084889e-08,3.797039e+01,8.037724e+00,2.993266e+01,3.962021e+01,1.693306e+02
1.229155e+06,1.422634e+01,8.003545e+04,9.263362e-01,9.477550e-01,9.479798e-01,7.820970e-04,1.084889e-08,3.796903e+01,8.037724e+00,2.993130e+01,3.961899e+01,1.693266e+02
1.229165e+06,1.422645e+01,8.004545e+04,9.264520e-01,9.477487e-01,9.479799e-01,7.822055e-04,1.084889e-08,3.796767e+01,8.037724e+00,2.992994e+01,3.961776e+01,1.693226e+02
1.229175e+06,1.422657e+01,8.005545e+04,9.265677e-01,9.477423e-01,9.479800e-01,7.823140e-04,1.084889e-08,3.796631e+01,8.037724e+00,2.992858e+01,3.961654e+01,1.693186e+02
1.229185e+06,1.422668e+01,8.006545e+04,9.266835e-01,9.477360e-01,9.479801e-01,7.824225e-04,1.084889e-08,3.796494e+01,8.037724e+00,2.992722e+01,3.961532e+01,1.693147e+02
1.229195e+06,1.422680e+01,8.007545e+04,9.267992e-01,9.477296e-01,9.479802e-01,7.825310e-04,1.084889e-08,3.796358e+01,8.037724e+00,2.992586e+01,3.961409e+01,1.693107e+02
1.229205e+06,1.422691e+01,8.008545e+04,9.269150e-01,9.477232e-01,9.479804e-01,7.826395e-04,1.084889e-08,3.796222e+01,8.037724e+00,2.992450e+01,3.961287e+01,1.693067e+02
1.229215e+06,1.422703e+01,8.009545e+04,9.270307e-01,9.477179e-01,9.479805e-01,7.827480e-04,1.084889e-08,3.796086e+01,8.037724e+00,2.992314e+01,3.961161e+01,1.693027e+02
1.229225e+06,1.422715e+01,8.010545e+04,9.271465e-01,9.477193e-01,9.479806e-01,7.828565e-04,1.084888e-08,3.796053e+01,8.037724e+00,2.992280e+01,3.961121e+01,1.693000e+02
1.229235e+06,1.422726e+01,8.011545e+04,9.272622e-01,9.477307e-01,9.479807e-01,7.829650e-04,1.084888e-08,3.796242e+01,8.037724e+00,2.992469e+01,3.961282e+01,1.693000e+02
1.229245e+06,1.422738e+01,8.012546e+04,9.273780e-01,9.477422e-01,9.479808e-01,7.830735e-04,1.084888e-08,3.796431e+01,8.037724e+00,2.992658e+01,3.961444e+01,1.693000e+02
1.229255e+06,1.422749e+01,8.013546e+04,9.274937e-01,9.477536e-01,9.479809e-01,7.831820e-04,1.084888e-08,3.796620e+01,8.037724e+00,2.992847e+01,3.961605e+01,1.693000e+02
1.229265e+06,1.422761e+01,8.014546e+04,9.276095e-01,9.477650e-01,9.479810e-01,7.832905e-04,1.084888e-08,3.796809e+01,8.037724e+00,2.993036e+01,3.961766e+01,1.693000e+02
1.229275e+06,1.422773e+01,8.015546e+04,9.277252e-01,9.477765e-01,9.479811e-01,7.833990e-04,1.084888e-08,3.796998e+01,8.037724e+00,2.993225e+01,3.961928e+01,1.693000e+02
1.229285e+06,1.422784e+01,8.016546e+04,9.278409e-01,9.477879e-01,9.479812e-01,7.835075e-04,1.084888e-08,3.797187e+01,8.037724e+00,2.993414e+01,3.962089e+01,1.693000e+02
1.229295e+06,1.422796e+01,8.017546e+04,9.279567e-01,9.477994e-01,9.479813e-01,7.836160e-04,1.084888e-08,3.797376e+01,8.037724e+00,2.993603e+01,3.962250e+01,1.693000e+02
1.229305e+06,1.422807e+01,8.018546e+04,9.280724e-01,9.478108e-01,9.479814e-01,7.837245e-04,1.084888e-08,3.797565e+01,8.037724e+00,2.993792e+01,3.962412e+01,1.693000e+02
1.229315e+06,1.422819e+01,8.019546e+04,9.281882e-01,9.478223e-01,9.479815e-01,7.838330e-04,1.084887e-08,3.797754e+01,8.037724e+00,2.993982e+01,3.962573e+01,1.693000e+02
1.229325e+06,1.422830e+01,8.020546e+04,9.283039e-01,9.478337e-01,9.479816e-01,7.839415e-04,1.084887e-08,3.797943e+01,8.037724e+00,2.994171e+01,3.962734e+01,1.693000e+02
1.229335e+06,1.422842e+01,8.021546e+04,9.284197e-01,9.478451e-01,9.479817e-01,7.840500e-04,1.084887e-08,3.798132e+01,8.037724e+00,2.994360e+01,3.962896e+01,1.693000e+02
1.229345e+06,1.422854e+01,8.022546e+04,9.285354e-01,9.478566e-01,9.479818e-01,7.841584e-04,1.084887e-08,3.798321e+01,8.037724e+00,2.994549e+01,3.963057e+01,1.693000e+02
1.229355e+06,1.422865e+01,8.023546e+04,9.286512e-01,9.478680e-01,9.479819e-01,7.842669e-04,1.084887e-08,3.798510e+01,8.037724e+00,2.994738e+01,3.963218e+01,1.693000e+02
1.229365e+06,1.422877e+01,8.024546e+04,9.287669e-01,9.478795e-01,9.479820e-01,7.843754e-04,1.084887e-08,3.798699e+01,8.037724e+00,2.994927e+01,3.963380e+01,1.693000e+02
1.229375e+06,1.422888e+01,8.025546e+04,9.288827e-01,9.478909e-01,9.479821e-01,7.844839e-04,1.084887e-08,3.798888e+01,8.037724e+00,2.995116e+01,3.963541e+01,1.693000e+02
1.229385e+06,1.422900e+01,8.026546e+04,9.289984e-01,9.479023e-01,9.479822e-01,7.845924e-04,1.084887e-08,3.799077e+01,8.037724e+00,2.995305e+01,3.963702e+01,1.693000e+02
1.229395e+06,1.422911e+01,8.027547e+04,9.291142e-01,9.479138e-01,9.479823e-01,7.847009e-04,1.084886e-08,3.799266e+01,8.037724e+00,2.995494e+01,3.963863e+01,1.693000e+02
1.229405e+06,1.422923e+01,8.028547e+04,9.292299e-01,9.479252e-01,9.479824e-01,7.848094e-04,1.084886e-08,3.799455e+01,8.037724e+00,2.995683e+01,3.964025e+01,1.693000e+02
1.229415e+06,1.422935e+01,8.029547e+04,9.293457e-01,9.479367e-01,9.479825e-01,7.849179e-04,1.084886e-08,3.799644e+01,8.037724e+00,2.995872e+01,3.964186e+01,1.693000e+02
1.229425e+06,1.422946e+01,8.030547e+04,9.294614e-01,9.479481e-01,9.479826e-01,7.850264e-04,1.084886e-08,3.799833e+01,8.037724e+00,2.996061e+01,3.964347e+01,1.693000e+02
1.229435e+06,1.422958e+01,8.031547e+04,9.295772e-01,9.479595e-01,9.479827e-01,7.851349e-04,1.084886e-08,3.800022e+01,8.037724e+00,2.996250e+01,3.964509e+01,1.693000e+02
1.229445e+06,1.422969e+01,8.032547e+04,9.296929e-01,9.479710e-01,9.479828e-01,7.852434e-04,1.084886e-08,3.800211e+01,8.037724e+00,2.996439e+01,3.964670e+01,1.693000e+02
1.229455e+06,1.422981e+01,8.033547e+04,9.298087e-01,9.479824e-01,9.479829e-01,7.853519e-04,1.084886e-08,3.800400e+01,8.037724e+00,2.996628e+01,3.964831e+01,1.693000e+02
1.229465e+06,1.422992e+01,8.034547e+04,9.299244e-01,9.479939e-01,9.479830e-01,7.854604e-04,1.084886e-08,3.800589e+01,8.037724e+00,2.996817e+01,3.964992e+01,1.693000e+02
1.229475e+06,1.423004e+01,8.035547e+04,9.300402e-01,9.480015e-01,9.479831e-01,7.855689e-04,1.084886e-08,3.800641e+01,8.037724e+00,2.996869e+01,3.965021e+01,1.693000e+02
1.229485e+06,1.423016e+01,8.036547e+04,9.301559e-01,9.480040e-01,9.479832e-01,7.856774e-04,1.084885e-08,3.800513e+01,8.037724e+00,2.996741e+01,3.964878e+01,1.693000e+02
1.229495e+06,1.423027e+01,8.037547e+04,9.302717e-01,9.480066e-01,9.479833e-01,7.857859e-04,1.084885e-08,3.800385e+01,8.037724e+00,2.996613e+01,3.964734e+01,1.693000e+02
1.229505e+06,1.423039e+01,8.038547e+04,9.303874e-01,9.480092e-01,9.479834e-01,7.858944e-04,1.084885e-08,3.800257e+01,8.037724e+00,2.996485e+01,3.964591e+01,1.693000e+02
1.229515e+06,1.423050e+01,8.039547e+04,9.305032e-01,9.480118e-01,9.479835e-01,7.860029e-04,1.084885e-08,3.800129e+01,8.037724e+00,2.996357e+01,3.964447e+01,1.693000e+02
1.229525e+06,1.423062e+01,8.040547e+04,9.306189e-01,9.480144e-01,9.479836e-01,7.861114e-04,1.084885e-08,3.800001e+01,8.037724e+00,2.996229e+01,3.964303e+01,1.693000e+02
1.229535e+06,1.423073e+01,8.041547e+04,9.307347e-01,9.480170e-01,9.479837e-01,7.862199e-04,1.084885e-08,3.799873e+01,8.037724e+00,2.996101e+01,3.964160e+01,1.693000e+02
1.229545e+06,1.423085e+01,8.042548e+04,9.308504e-01,9.480195e-01,9.479838e-01,7.863284e-04,1.084885e-08,3.799745e+01,8.037724e+00,2.995973e+01,3.964016e+01,1.693000e+02
1.229555e+06,1.423097e+01,8.043548e+04,9.309662e-01,9.480221e-01,9.479840e-01,7.864369e-04,1.084885e-08,3.799617e+01,8.037724e+00,2.995845e+01,3.963872e+01,1.693000e+02
1.229565e+06,1.423108e+01,8.044548e+04,9.310819e-01,9.480247e-01,9.479841e-01,7.865454e-04,1.084884e-08,3.799489e+01,8.037724e+00,2.995717e+01,3.963729e+01,1.693000e+02
1.229575e+06,1.423120e+01,8.045548e+04,9.311977e-01,9.480273e-01,9.479842e-01,7.866539e-04,1.084884e-08,3.799361e+01,8.037724e+00,2.995589e+01,3.963585e+01,1.693000e+02
1.229585e+06,1.423131e+01,8.046548e+04,9.313134e-01,9.480299e-01,9.479843e-01,7.867624e-04,1.084884e-08,3.799233e+01,8.037724e+00,2.995461e+01,3.963441e+01,1.693000e+02
1.229595e+06,1.423143e+01,8.047548e+04,9.314292e-01,9.480325e-01,9.479844e-01,7.868708e-04,1.084884e-08,3.799105e+01,8.037724e+00,2.995333e+01,3.963298e+01,1.693000e+02
1.229605e+06,1.423154e+01,8.048548e+04,9.315449e-01,9.480350e-01,9.479845e-01,7.869793e-04,1.084884e-08,3.798977e+01,8.037724e+00,2.995205e+01,3.963154e+01,1.693000e+02
1.229615e+06,1.423166e+01,8.049548e+04,9.316607e-01,9.480376e-01,9.479846e-01,7.870878e-04,1.084884e-08,3.798849e+01,8.037724e+00,2.995077e+01,3.963011e+01,1.693000e+02
1.229625e+06,1.423178e+01,8.050548e+04,9.317764e-01,9.480402e-01,9.479847e-01,7.871963e-04,1.084884e-08,3.798721e+01,8.037724e+00,2.994949e+01,3.962867e+01,1.693000e+02
1.229635e+06,1.423189e+01,8.051548e+04,9.318921e-01,9.480428e-01,9.479848e-01,7.873048e-04,1.084884e-08,3.798593e+01,8.037724e+00,2.994821e+01,3.962723e+01,1.693000e+02
1.229645e+06,1.423201e+01,8.052548e+04,9.320079e-01,9.480454e-01,9.479849e-01,7.874133e-04,1.084884e-08,3.798465e+01,8.037724e+00,2.994693e+01,3.962580e+01,1.693000e+02
1.229655e+06,1.423212e+01,8.053548e+04,9.321236e-01,9.480480e-01,9.479850e-01,7.875218e-04,1.084883e-08,3.798337e+01,8.037724e+00,2.994565e+01,3.962436e+01,1.693000e+02
1.229665e+06,1.423224e+01,8.054548e+04,9.322394e-01,9.480505e-01,9.479851e-01,7.876303e-04,1.084883e-08,3.798209e+01,8.037724e+00,2.994437e+01,3.962293e+01,1.693000e+02
1.229675e+06,1.423236e+01,8.055548e+04,9.323551e-01,9.480531e-01,9.479852e-01,7.877388e-04,1.084883e-08,3.798081e+01,8.037724e+00,2.994309e+01,3.962149e+01,1.693000e+02
1.229685e+06,1.423247e+01,8.056549e+04,9.324709e-01,9.480557e-01,9.479853e-01,7.878473e-04,1.084883e-08,3.797953e+01,8.037724e+00,2.994181e+01,3.962005e+01,1.693000e+02
1.229695e+06,1.423259e+01,8.057549e+04,9.325866e-01,9.480583e-01,9.479854e-01,7.879558e-04,1.084883e-08,3.797825e+01,8.037724e+00,2.994053e+01,3.961862e+01,1.693000e+02
1.229705e+06,1.423270e+01,8.058549e+04,9.327024e-01,9.480609e-01,9.479855e-01,7.880643e-04,1.084883e-08,3.797697e+01,8.037724e+00,2.993925e+01,3.961718e+01,1.693000e+02
1.229715e+06,1.423282e+01,8.059549e+04,9.328181e-01,9.480634e-01,9.479856e-01,7.881728e-04,1.084883e-08,3.797569e+01,8.037724e+00,2.993797e+01,3.961574e+01,1.693000e+02
1.229725e+06,1.423293e+01,8.060549e+04,9.329339e-01,9.480609e-01,9.479857e-01,7.882813e-04,1.084883e-08,3.797529e+01,8.037724e+00,2.993756e+01,3.961540e+01,1.693000e+02
1.229735e+06,1.423305e+01,8.061549e+04,9.330496e-01,9.480500e-01,9.479858e-01,7.883898e-04,1.084882e-08,3.797632e+01,8.037724e+00,2.993859e+01,3.961685e+01,1.693000e+02
1.229745e+06,1.423317e+01,8.062549e+04,9.331654e-01,9.480391e-01,9.479859e-01,7.884983e-04,1.084882e-08,3.797735e+01,8.037724e+00,2.993963e+01,3.961831e+01,1.693000e+02
1.229755e+06,1.423328e+01,8.063549e+04,9.332811e-01,9.480281e-01,9.479860e-01,7.886068e-04,1.084882e-08,3.797838e+01,8.037724e+00,2.994066e+01,3.961976e+01,1.693000e+02
1.229765e+06,1.423340e+01,8.064549e+04,9.333969e-01,9.480172e-01,9.479861e-01,7.887153e-04,1.084882e-08,3.797941e+01,8.037724e+00,2.994169e+01,3.962121e+01,1.693000e+02
1.229775e+06,1.423351e+01,8.065549e+04,9.335126e-01,9.480063e-01,9.479862e-01,7.888238e-04,1.084882e-08,3.798044e+01,8.037724e+00,2.994272e+01,3.962266e+01,1.693000e+02
1.229785e+06,1.423363e+01,8.066549e+04,9.336284e-01,9.479954e-01,9.479863e-01,7.889323e-04,1.084882e-08,3.798147e+01,8.037724e+00,2.994375e+01,3.962411e+01,1.693000e+02
1.229795e+06,1.423374e+01,8.067549e+04,9.337441e-01,9.479845e-01,9.479864e-01,7.890408e-04,1.084882e-08,3.798251e+01,8.037724e+00,2.994478e+01,3.962556e+01,1.693000e+02
1.229805e+06,1.423386e+01,8.068549e+04,9.338599e-01,9.479735e-01,9.479865e-01,7.891493e-04,1.084882e-08,3.798354e+01,8.037724e+00,2.994581e+01,3.962702e+01,1.693000e+02
1.229815e+06,1.423398e+01,8.069549e+04,9.339756e-01,9.479626e-01,9.479866e-01,7.892578e-04,1.084882e-08,3.798457e+01,8.037724e+00,2.994684e+01,3.962847e+01,1.693000e+02
1.229825e+06,1.423409e+01,8.070549e+04,9.340914e-01,9.479517e-01,9.479867e-01,7.893662e-04,1.084881e-08,3.798560e+01,8.037724e+00,2.994787e+01,3.962992e+01,1.693000e+02
1.229835e+06,1.423421e+01,8.071550e+04,9.342071e-01,9.479408e-01,9.479868e-01,7.894747e-04,1.084881e-08,3.798663e+01,8.037724e+00,2.994891e+01,3.963137e+01,1.693000e+02
1.229845e+06,1.423432e+01,8.072550e+04,9.343229e-01,9.479299e-01,9.479869e-01,7.895832e-04,1.084881e-08,3.798766e+01,8.037724e+00,2.994994e+01,3.963282e+01,1.693000e+02
1.229855e+06,1.423444e+01,8.073550e+04,9.344386e-01,9.479189e-01,9.479870e-01,7.896917e-04,1.084881e-08,3.798869e+01,8.037724e+00,2.995097e+01,3.963427e+01,1.693000e+02
1.229865e+06,1.423455e+01,8.074550e+04,9.345544e-01,9.479080e-01,9.479871e-01,7.898002e-04,1.084881e-08,3.798972e+01,8.037724e+00,2.995200e+01,3.963573e+01,1.693000e+02
1.229875e+06,1.423467e+01,8.075550e+04,9.346701e-01,9.478971e-01,9.479872e-01,7.899087e-04,1.084881e-08,3.799075e+01,8.037724e+00,2.995303e+01,3.963718e+01,1.693000e+02
1.229885e+06,1.423479e+01,8.076550e+04,9.347859e-01,9.478862e-01,9.479873e-01,7.900172e-04,1.084881e-08,3.799179e+01,8.037724e+00,2.995406e+01,3.963863e+01,1.693000e+02
1.229895e+06,1.423490e+01,8.077550e+04,9.349016e-01,9.478752e-01,9.479874e-01,7.901257e-04,1.084881e-08,3.799282e+01,8.037724e+00,2.995509e+01,3.964008e+01,1.693000e+02
1.229906e+06,1.423502e+01,8.078550e+04,9.350174e-01,9.478643e-01,9.479876e-01,7.902342e-04,1.084880e-08,3.799385e+01,8.037724e+00,2.995612e+01,3.964153e+01,1.693000e+02
1.229916e+06,1.423513e+01,8.079550e+04,9.351331e-01,9.478534e-01,9.479877e-01,7.903427e-04,1.084880e-08,3.799488e+01,8.037724e+00,2.995715e+01,3.964299e+01,1.693000e+02
1.229926e+06,1.423525e+01,8.080550e+04,9.352489e-01,9.478425e-01,9.479878e-01,7.904512e-04,1.084880e-08,3.799591e+01,8.037724e+00,2.995819e+01,3.964444e+01,1.693000e+02
1.229936e+06,1.423536e+01,8.081550e+04,9.353646e-01,9.478316e-01,9.479879e-01,7.905597e-04,1.084880e-08,3.799694e+01,8.037724e+00,2.995922e+01,3.964589e+01,1.693000e+02
1.229946e+06,1.423548e+01,8.082550e+04,9.354804e-01,9.478206e-01,9.479880e-01,7.906682e-04,1.084880e-08,3.799797e+01,8.037724e+00,2.996025e+01,3.964734e+01,1.693000e+02
1.229956e+06,1.423560e+01,8.083550e+04,9.355961e-01,9.478097e-01,9.479881e-01,7.907767e-04,1.084880e-08,3.799900e+01,8.037724e+00,2.996128e+01,3.964879e+01,1.693000e+02
1.229966e+06,1.423571e+01,8.084550e+04,9.357119e-01,9.477972e-01,9.479882e-01,7.908852e-04,1.084880e-08,3.800003e+01,8.037724e+00,2.996231e+01,3.965030e+01,1.693000e+02
1.229976e+06,1.423583e+01,8.085550e+04,9.358276e-01,9.477944e-01,9.479883e-01,7.909937e-04,1.084880e-08,3.800017e+01,8.037724e+00,2.996245e+01,3.965054e+01,1.692980e+02
1.229986e+06,1.423594e+01,8.086551e+04,9.359434e-01,9.478030e-01,9.479884e-01,7.911022e-04,1.084880e-08,3.799940e+01,8.037724e+00,2.996168e+01,3.964944e+01,1.692940e+02
1.229996e+06,1.423606e+01,8.087551e+04,9.360591e-01,9.478116e-01,9.479885e-01,7.912107e-04,1.084879e-08,3.799863e+01,8.037724e+00,2.996091e+01,3.964834e+01,1.692900e+02
1.230006e+06,1.423617e+01,8.088551e+04,9.361748e-01,9.478202e-01,9.479886e-01,7.913192e-04,1.084879e-08,3.799787e+01,8.037724e+00,2.996014e+01,3.964724e+01,1.692860e+02
1.230016e+06,1.423629e+01,8.089551e+04,9.362906e-01,9.478288e-01,9.479887e-01,7.914277e-04,1.084879e-08,3.799710e+01,8.037724e+00,2.995937e+01,3.964615e+01,1.692820e+02
1.230026e+06,1.423641e+01,8.090551e+04,9.364063e-01,9.478374e-01,9.479888e-01,7.915362e-04,1.084879e-08,3.799633e+01,8.037724e+00,2.995861e+01,3.964505e+01,1.692781e+02
1.230036e+06,1.423652e+01,8.091551e+04,9.365221e-01,9.478460e-01,9.479889e-01,7.916447e-04,1.084879e-08,3.799556e+01,8.037724e+00,2.995784e+01,3.964395e+01,1.692741e+02
1.230046e+06,1.423664e+01,8.092551e+04,9.366378e-01,9.478546e-01,9.479890e-01,7.917531e-04,1.084879e-08,3.799479e+01,8.037724e+00,2.995707e+01,3.964286e+01,1.692701e+02
1.230056e+06,1.423675e+01,8.093551e+04,9.367536e-01,9.478632e-01,9.479891e-01,7.918616e-04,1.084879e-08,3.799403e+01,8.037724e+00,2.995630e+01,3.964176e+01,1.692661e+02
1.230066e+06,1.423687e+01,8.094551e+04,9.368693e-01,9.478718e-01,9.479892e-01,7.919701e-04,1.084879e-08,3.799326e+01,8.037724e+00,2.995553e+01,3.964066e+01,1.692621e+02
1.230076e+06,1.423699e+01,8.095551e+04,9.369851e-01,9.478804e-01,9.479893e-01,7.920786e-04,1.084878e-08,3.799249e+01,8.037724e+00,2.995477e+01,3.963957e+01,1.692581e+02
1.230086e+06,1.423710e+01,8.096551e+04,9.371008e-01,9.478890e-01,9.479894e-01,7.921871e-04,1.084878e-08,3.799172e+01,8.037724e+00,2.995400e+01,3.963847e+01,1.692541e+02
1.230096e+06,1.423722e+01,8.097551e+04,9.372166e-01,9.478975e-01,9.479895e-01,7.922956e-04,1.084878e-08,3.799095e+01,8.037724e+00,2.995323e+01,3.963737e+01,1.692501e+02
1.230106e+06,1.423733e+01,8.098551e+04,9.373323e-01,9.479061e-01,9.479896e-01,7.924041e-04,1.084878e-08,3.799019e+01,8.037724e+00,2.995246e+01,3.963628e+01,1.692461e+02
1.230116e+06,1.423745e+01,8.099551e+04,9.374481e-01,9.479147e-01,9.479897e-01,7.925126e-04,1.084878e-08,3.798942e+01,8.037724e+00,2.995169e+01,3.963518e+01,1.692421e+02
1.230126e+06,1.423756e+01,8.100552e+04,9.375638e-01,9.479233e-01,9.479898e-01,7.926211e-04,1.084878e-08,3.798865e+01,8.037724e+00,2.995093e+01,3.963408e+01,1.692381e+02
1.230136e+06,1.423768e+01,8.101552e+04,9.376796e-01,9.479319e-01,9.479899e-01,7.927296e-04,1.084878e-08,3.798788e+01,8.037724e+00,2.995016e+01,3.963299e+01,1.692342e+02
1.230146e+06,1.423780e+01,8.102552e+04,9.377953e-01,9.479405e-01,9.479900e-01,7.928381e-04,1.084878e-08,3.798711e+01,8.037724e+00,2.994939e+01,3.963189e+01,1.692302e+02
1.230156e+06,1.423791e+01,8.103552e+04,9.379111e-01,9.479491e-01,9.479901e-01,7.929466e-04,1.084878e-08,3.798635e+01,8.037724e+00,2.994862e+01,3.963079e+01,1.692262e+02
1.230166e+06,1.423803e+01,8.104552e+04,9.380268e-01,9.479577e-01,9.479902e-01,7.930551e-04,1.084877e-08,3.798558e+01,8.037724e+00,2.994785e+01,3.962970e+01,1.692222e+02
1.230176e+06,1.423814e+01,8.105552e+04,9.381426e-01,9.479663e-01,9.479903e-01,7.931636e-04,1.084877e-08,3.798481e+01,8.037724e+00,2.994709e+01,3.962860e+01,1.692182e+02
1.230186e+06,1.423826e+01,8.106552e+04,9.382583e-01,9.479749e-01,9.479904e-01,7.932721e-04,1.084877e-08,3.798404e+01,8.037724e+00,2.994632e+01,3.962750e+01,1.692142e+02
1.230196e+06,1.423837e+01,8.107552e+04,9.383741e-01,9.479835e-01,9.479905e-01,7.933806e-04,1.084877e-08,3.798327e+01,8.037724e+00,2.994555e+01,3.962641e+01,1.692102e+02
1.230206e+06,1.423849e+01,8.108552e+04,9.384898e-01,9.479921e-01,9.479906e-01,7.934891e-04,1.084877e-08,3.798251e+01,8.037724e+00,2.994478e+01,3.962531e+01,1.692062e+02
1.230216e+06,1.423861e+01,8.109552e+04,9.386056e-01,9.480035e-01,9.479907e-01,7.935976e-04,1.084877e-08,3.798174e+01,8.037724e+00,2.994401e+01,3.962412e+01,1.692022e+02
1.230226e+06,1.423872e+01,8.110552e+04,9.387213e-01,9.480162e-01,9.479908e-01,7.937061e-04,1.084877e-08,3.798165e+01,8.037724e+00,2.994393e+01,3.962361e+01,1.692018e+02
1.230236e+06,1.423884e+01,8.111552e+04,9.388371e-01,9.480259e-01,9.479909e-01,7.938146e-04,1.084877e-08,3.798242e+01,8.037724e+00,2.994469e+01,3.962409e+01,1.692058e+02
1.230246e+06,1.423895e+01,8.112552e+04,9.389528e-01,9.480356e-01,9.479910e-01,7.939230e-04,1.084876e-08,3.798319e+01,8.037724e+00,2.994546e+01,3.962458e+01,1.692098e+02
1.230256e+06,1.423907e+01,8.113552e+04,9.390686e-01,9.480452e-01,9.479912e-01,7.940315e-04,1.084876e-08,3.798395e+01,8.037724e+00,2.994623e+01,3.962507e+01,1.692137e+02
1.230266e+06,1.423918e+01,8.114552e+04,9.391843e-01,9.480549e-01,9.479913e-01,7.941400e-04,1.084876e-08,3.798472e+01,8.037724e+00,2.994700e+01,3.962555e+01,1.692177e+02
1.230276e+06,1.423930e+01,8.115553e+04,9.393001e-01,9.480646e-01,9.479914e-01,7.942485e-04,1.084876e-08,3.798549e+01,8.037724e+00,2.994777e+01,3.962604e+01,1.692217e+02
1.230286e+06,1.423942e+01,8.116553e+04,9.394158e-01,9.480743e-01,9.479915e-01,7.943570e-04,1.084876e-08,3.798626e+01,8.037724e+00,2.994853e+01,3.962653e+01,1.692257e+02
1.230296e+06,1.423953e+01,8.117553e+04,9.395316e-01,9.480840e-01,9.479916e-01,7.944655e-04,1.084876e-08,3.798703e+01,8.037724e+00,2.994930e+01,3.962702e+01,1.692297e+02
1.230306e+06,1.423965e+01,8.118553e+04,9.396473e-01,9.480937e-01,9.479917e-01,7.945740e-04,1.084876e-08,3.798779e+01,8.037724e+00,2.995007e+01,3.962750e+01,1.692337e+02
1.230316e+06,1.423976e+01,8.119553e+04,9.397631e-01,9.481034e-01,9.479918e-01,7.946825e-04,1.084876e-08,3.798856e+01,8.037724e+00,2.995084e+01,3.962799e+01,1.692377e+02
1.230326e+06,1.423988e+01,8.120553e+04,9.398788e-01,9.481131e-01,9.479919e-01,7.947910e-04,1.084876e-08,3.798933e+01,8.037724e+00,2.995161e+01,3.962848e+01,1.692417e+02
1.230336e+06,1.423999e+01,8.121553e+04,9.399946e-01,9.481228e-01,9.479920e-01,7.948995e-04,1.084875e-08,3.799010e+01,8.037724e+00,2.995237e+01,3.962896e+01,1.692457e+02
1.230346e+06,1.424011e+01,8.122553e+04,9.401103e-01,9.481325e-01,9.479921e-01,7.950080e-04,1.084875e-08,3.799087e+01,8.037724e+00,2.995314e+01,3.962945e+01,1.692497e+02
1.230356e+06,1.424023e+01,8.123553e+04,9.402261e-01,9.481422e-01,9.479922e-01,7.951165e-04,1.084875e-08,3.799163e+01,8.037724e+00,2.995391e+01,3.962994e+01,1.692537e+02
1.230366e+06,1.424034e+01,8.124553e+04,9.403418e-01,9.481519e-01,9.479923e-01,7.952250e-04,1.084875e-08,3.799240e+01,8.037724e+00,2.995468e+01,3.963043e+01,1.692576e+02
1.230376e+06,1.424046e+01,8.125553e+04,9.404575e-01,9.481615e-01,9.479924e-01,7.953335e-04,1.084875e-08,3.799317e+01,8.037724e+00,2.995545e+01,3.963091e+01,1.692616e+02
1.230386e+06,1.424057e+01,8.126553e+04,9.405733e-01,9.481712e-01,9.479925e-01,7.954420e-04,1.084875e-08,3.799394e+01,8.037724e+00,2.995621e+01,3.963140e+01,1.692656e+02
1.230396e+06,1.424069e+01,8.127553e+04,9.406890e-01,9.481809e-01,9.479926e-01,7.955505e-04,1.084875e-08,3.799471e+01,8.037724e+00,2.995698e+01,3.963189e+01,1.692696e+02
1.230406e+06,1.424080e+01,8.128553e+04,9.408048e-01,9.481906e-01,9.479927e-01,7.956590e-04,1.084875e-08,3.799547e+01,8.037724e+00,2.995775e+01,3.963237e+01,1.692736e+02
1.230416e+06,1.424092e+01,8.129553e+04,9.409205e-01,9.482003e-01,9.479928e-01,7.957675e-04,1.084874e-08,3.799624e+01,8.037724e+00,2.995852e+01,3.963286e+01,1.692776e+02
1.230426e+06,1.424104e+01,8.130554e+04,9.410363e-01,9.482100e-01,9.479929e-01,7.958760e-04,1.084874e-08,3.799701e+01,8.037724e+00,2.995929e+01,3.963335e+01,1.692816e+02
1.230436e+06,1.424115e+01,8.131554e+04,9.411520e-01,9.482197e-01,9.479930e-01,7.959845e-04,1.084874e-08,3.799778e+01,8.037724e+00,2.996005e+01,3.963383e+01,1.692856e+02
1.230446e+06,1.424127e+01,8.132554e+04,9.412678e-01,9.482294e-01,9.479931e-01,7.960929e-04,1.084874e-08,3.799855e+01,8.037724e+00,2.996082e+01,3.963432e+01,1.692896e+02
1.230456e+06,1.424138e+01,8.133554e+04,9.413835e-01,9.482391e-01,9.479932e-01,7.962014e-04,1.084874e-08,3.799931e+01,8.037724e+00,2.996159e+01,3.963481e+01,1.692936e+02
1.230466e+06,1.424150e+01,8.134554e+04,9.414993e-01,9.482463e-01,9.479933e-01,7.963099e-04,1.084874e-08,3.800008e+01,8.037724e+00,2.996236e+01,3.963538e+01,1.692976e+02
1.230476e+06,1.424162e+01,8.135554e+04,9.416150e-01,9.482407e-01,9.479934e-01,7.964184e-04,1.084874e-08,3.800015e+01,8.037724e+00,2.996243e+01,3.963564e+01,1.692984e+02
1.230486e+06,1.424173e+01,8.136554e+04,9.417308e-01,9.482213e-01,9.479935e-01,7.965269e-04,1.084874e-08,3.799912e+01,8.037724e+00,2.996140e+01,3.963520e+01,1.692944e+02
1.230496e+06,1.424185e+01,8.137554e+04,9.418465e-01,9.482018e-01,9.479936e-01,7.966354e-04,1.084874e-08,3.799809e+01,8.037724e+00,2.996036e+01,3.963476e+01,1.692904e+02
1.230506e+06,1.424196e+01,8.138554e+04,9.419623e-01,9.481824e-01,9.479937e-01,7.967439e-04,1.084873e-08,3.799706e+01,8.037724e+00,2.995933e+01,3.963432e+01,1.692864e+02
1.230516e+06,1.424208e+01,8.139554e+04,9.420780e-01,9.481630e-01,9.479938e-01,7.968524e-04,1.084873e-08,3.799603e+01,8.037724e+00,2.995830e+01,3.963388e+01,1.692824e+02
1.230526e+06,1.424219e+01,8.140554e+04,9.421938e-01,9.481435e-01,9.479939e-01,7.969609e-04,1.084873e-08,3.799500e+01,8.037724e+00,2.995727e+01,3.963344e+01,1.692783e+02
1.230536e+06,1.424231e+01,8.141554e+04,9.423095e-01,9.481241e-01,9.479940e-01,7.970694e-04,1.084873e-08,3.799396e+01,8.037724e+00,2.995624e+01,3.963300e+01,1.692743e+02
1.230546e+06,1.424243e+01,8.142554e+04,9.424253e-01,9.481047e-01,9.479941e-01,7.971779e-04,1.084873e-08,3.799293e+01,8.037724e+00,2.995521e+01,3.963256e+01,1.692703e+02
1.230556e+06,1.424254e+01,8.143554e+04,9.425410e-01,9.480852e-01,9.479942e-01,7.972864e-04,1.084873e-08,3.799190e+01,8.037724e+00,2.995418e+01,3.963212e+01,1.692663e+02
1.230566e+06,1.424266e+01,8.144555e+04,9.426568e-01,9.480658e-01,9.479943e-01,7.973949e-04,1.084873e-08,3.799087e+01,8.037724e+00,2.995315e+01,3.963168e+01,1.692623e+02
1.230576e+06,1.424277e+01,8.145555e+04,9.427725e-01,9.480464e-01,9.479944e-01,7.975034e-04,1.084873e-08,3.798984e+01,8.037724e+00,2.995212e+01,3.963124e+01,1.692582e+02
1.230586e+06,1.424289e+01,8.146555e+04,9.428883e-01,9.480269e-01,9.479945e-01,7.976119e-04,1.084872e-08,3.798881e+01,8.037724e+00,2.995108e+01,3.963080e+01,1.692542e+02
1.230596e+06,1.424300e+01,8.147555e+04,9.430040e-01,9.480075e-01,9.479946e-01,7.977204e-04,1.084872e-08,3.798778e+01,8.037724e+00,2.995005e+01,3.963036e+01,1.692502e+02
1.230606e+06,1.424312e+01,8.148555e+04,9.431198e-01,9.479881e-01,9.479948e-01,7.978289e-04,1.084872e-08,3.798675e+01,8.037724e+00,2.994902e+01,3.962992e+01,1.692462e+02
1.230616e+06,1.424324e+01,8.149555e+04,9.432355e-01,9.479686e-01,9.479949e-01,7.979374e-04,1.084872e-08,3.798572e+01,8.037724e+00,2.994799e+01,3.962948e+01,1.692422e+02
1.230626e+06,1.424335e+01,8.150555e+04,9.433513e-01,9.479492e-01,9.479950e-01,7.980459e-04,1.084872e-08,3.798468e+01,8.037724e+00,2.994696e+01,3.962904e+01,1.692382e+02
1.230636e+06,1.424347e+01,8.151555e+04,9.434670e-01,9.479298e-01,9.479951e-01,7.981543e-04,1.084872e-08,3.798365e+01,8.037724e+00,2.994593e+01,3.962860e+01,1.692341e+02
1.230646e+06,1.424358e+01,8.152555e+04,9.435828e-01,9.479103e-01,9.479952e-01,7.982628e-04,1.084872e-08,3.798262e+01,8.037724e+00,2.994490e+01,3.962816e+01,1.692301e+02
1.230656e+06,1.424370e+01,8.153555e+04,9.436985e-01,9.478909e-01,9.479953e-01,7.983713e-04,1.084872e-08,3.798159e+01,8.037724e+00,2.994387e+01,3.962772e+01,1.692261e+02
1.230666e+06,1.424381e+01,8.154555e+04,9.438143e-01,9.478714e-01,9.479954e-01,7.984798e-04,1.084872e-08,3.798056e+01,8.037724e+00,2.994284e+01,3.962728e+01,1.692221e+02
1.230676e+06,1.424393e+01,8.155555e+04,9.439300e-01,9.478520e-01,9.479955e-01,7.985883e-04,1.084871e-08,3.797953e+01,8.037724e+00,2.994180e+01,3.962684e+01,1.692181e+02
1.230686e+06,1.424405e+01,8.156555e+04,9.440458e-01,9.478326e-01,9.479956e-01,7.986968e-04,1.084871e-08,3.797850e+01,8.037724e+00,2.994077e+01,3.962640e+01,1.692140e+02
1.230696e+06,1.424416e+01,8.157555e+04,9.441615e-01,9.478131e-01,9.479957e-01,7.988053e-04,1.084871e-08,3.797747e+01,8.037724e+00,2.993974e+01,3.962596e+01,1.692100e+02
1.230706e+06,1.424428e+01,8.158555e+04,9.442773e-01,9.477937e-01,9.479958e-01,7.989138e-04,1.084871e-08,3.797644e+01,8.037724e+00,2.993871e+01,3.962552e+01,1.692060e+02
1.230716e+06,1.424439e+01,8.159556e+04,9.443930e-01,9.477759e-01,9.479959e-01,7.990223e-04,1.084871e-08,3.797540e+01,8.037724e+00,2.993768e+01,3.962502e+01,1.692020e+02
1.230726e+06,1.424451e+01,8.160556e+04,9.445087e-01,9.477753e-01,9.479960e-01,7.991308e-04,1.084871e-08,3.797503e+01,8.037724e+00,2.993730e+01,3.962464e+01,1.692000e+02
1.230736e+06,1.424462e+01,8.161556e+04,9.446245e-01,9.477900e-01,9.479961e-01,7.992393e-04,1.084871e-08,3.797528e+01,8.037724e+00,2.993756e+01,3.962442e+01,1.692000e+02
1.230746e+06,1.424474e+01,8.162556e+04,9.447402e-01,9.478046e-01,9.479962e-01,7.993478e-04,1.084871e-08,3.797554e+01,8.037724e+00,2.993781e+01,3.962421e+01,1.692000e+02
1.230756e+06,1.424486e+01,8.163556e+04,9.448560e-01,9.478192e-01,9.479963e-01,7.994563e-04,1.084870e-08,3.797579e+01,8.037724e+00,2.993807e+01,3.962399e+01,1.692000e+02
1.230766e+06,1.424497e+01,8.164556e+04,9.449717e-01,9.478338e-01,9.479964e-01,7.995648e-04,1.084870e-08,3.797605e+01,8.037724e+00,2.993832e+01,3.962377e+01,1.692000e+02
1.230776e+06,1.424509e+01,8.165556e+04,9.450875e-01,9.478484e-01,9.479965e-01,7.996733e-04,1.084870e-08,3.797630e+01,8.037724e+00,2.993858e+01,3.962355e+01,1.692000e+02
1.230786e+06,1.424520e+01,8.166556e+04,9.452032e-01,9.478631e-01,9.479966e-01,7.997818e-04,1.084870e-08,3.797656e+01,8.037724e+00,2.993883e+01,3.962333e+01,1.692000e+02
1.230796e+06,1.424532e+01,8.167556e+04,9.453190e-01,9.478777e-01,9.479967e-01,7.998903e-04,1.084870e-08,3.797681e+01,8.037724e+00,2.993909e+01,3.962312e+01,1.692000e+02
1.230806e+06,1.424543e+01,8.168556e+04,9.454347e-01,9.478923e-01,9.479968e-01,7.999988e-04,1.084870e-08,3.797707e+01,8.037724e+00,2.993934e+01,3.962290e+01,1.692000e+02
1.230816e+06,1.424555e+01,8.169556e+04,9.455505e-01,9.479069e-01,9.479969e-01,8.001072e-04,1.084870e-08,3.797732e+01,8.037724e+00,2.993960e+01,3.962268e+01,1.692000e+02
1.230826e+06,1.424567e+01,8.170556e+04,9.456662e-01,9.479216e-01,9.479970e-01,8.002157e-04,1.084870e-08,3.797758e+01,8.037724e+00,2.993985e+01,3.962246e+01,1.692000e+02
1.230836e+06,1.424578e+01,8.171556e+04,9.457820e-01,9.479362e-01,9.479971e-01,8.003242e-04,1.084870e-08,3.797783e+01,8.037724e+00,2.994011e+01,3.962224e+01,1.692000e+02
1.230846e+06,1.424590e+01,8.172556e+04,9.458977e-01,9.479508e-01,9.479972e-01,8.004327e-04,1.084869e-08,3.797809e+01,8.037724e+00,2.994036e+01,3.962202e+01,1.692000e+02
1.230856e+06,1.424601e+01,8.173556e+04,9.460135e-01,9.479654e-01,9.479973e-01,8.005412e-04,1.084869e-08,3.797834e+01,8.037724e+00,2.994062e+01,3.962181e+01,1.692000e+02
1.230866e+06,1.424613e+01,8.174557e+04,9.461292e-01,9.479800e-01,9.479974e-01,8.006497e-04,1.084869e-08,3.797860e+01,8.037724e+00,2.994087e+01,3.962159e+01,1.692000e+02
1.230876e+06,1.424624e+01,8.175557e+04,9.462450e-01,9.479947e-01,9.479975e-01,8.007582e-04,1.084869e-08,3.797885e+01,8.037724e+00,2.994113e+01,3.962137e+01,1.692000e+02
1.230886e+06,1.424636e+01,8.176557e+04,9.463607e-01,9.480093e-01,9.479976e-01,8.008667e-04,1.084869e-08,3.797911e+01,8.037724e+00,2.994138e+01,3.962115e+01,1.692000e+02
1.230896e+06,1.424648e+01,8.177557e+04,9.464765e-01,9.480239e-01,9.479977e-01,8.009752e-04,1.084869e-08,3.797936e+01,8.037724e+00,2.994164e+01,3.962093e+01,1.692000e+02
1.230906e+06,1.424659e+01,8.178557e+04,9.465922e-01,9.480385e-01,9.479978e-01,8.010837e-04,1.084869e-08,3.797962e+01,8.037724e+00,2.994189e+01,3.962072e+01,1.692000e+02
1.230916e+06,1.424671e+01,8.179557e+04,9.467080e-01,9.480532e-01,9.479979e-01,8.011922e-04,1.084869e-08,3.797987e+01,8.037724e+00,2.994215e+01,3.962050e+01,1.692000e+02
1.230926e+06,1.424682e+01,8.180557e+04,9.468237e-01,9.480678e-01,9.479980e-01,8.013007e-04,1.084868e-08,3.798013e+01,8.037724e+00,2.994240e+01,3.962028e+01,1.692000e+02
1.230936e+06,1.424694e+01,8.181557e+04,9.469395e-01,9.480824e-01,9.479981e-01,8.014092e-04,1.084868e-08,3.798038e+01,8.037724e+00,2.994266e+01,3.962006e+01,1.692000e+02
1.230946e+06,1.424706e+01,8.182557e+04,9.470552e-01,9.480970e-01,9.479982e-01,8.015177e-04,1.084868e-08,3.798064e+01,8.037724e+00,2.994291e+01,3.961984e+01,1.692000e+02
1.230956e+06,1.424717e+01,8.183557e+04,9.471710e-01,9.481116e-01,9.479984e-01,8.016262e-04,1.084868e-08,3.798089e+01,8.037724e+00,2.994317e+01,3.961963e+01,1.692000e+02
1.230966e+06,1.424729e+01,8.184557e+04,9.472867e-01,9.481275e-01,9.479985e-01,8.017347e-04,1.084868e-08,3.798115e+01,8.037724e+00,2.994342e+01,3.961937e+01,1.692000e+02
1.230976e+06,1.424740e+01,8.185557e+04,9.474025e-01,9.481374e-01,9.479986e-01,8.018432e-04,1.084868e-08,3.798169e+01,8.037724e+00,2.994396e+01,3.961961e+01,1.692015e+02
1.230986e+06,1.424752e+01,8.186557e+04,9.475182e-01,9.481337e-01,9.479987e-01,8.019516e-04,1.084868e-08,3.798272e+01,8.037724e+00,2.994500e+01,3.962082e+01,1.692055e+02
1.230996e+06,1.424763e+01,8.187557e+04,9.476340e-01,9.481301e-01,9.479988e-01,8.020601e-04,1.084868e-08,3.798375e+01,8.037724e+00,2.994603e+01,3.962203e+01,1.692095e+02
1.231006e+06,1.424775e+01,8.188557e+04,9.477497e-01,9.481264e-01,9.479989e-01,8.021686e-04,1.084868e-08,3.798478e+01,8.037724e+00,2.994706e+01,3.962324e+01,1.692135e+02
1.231016e+06,1.424787e+01,8.189558e+04,9.478655e-01,9.481227e-01,9.479990e-01,8.022771e-04,1.084867e-08,3.798581e+01,8.037724e+00,2.994809e+01,3.962445e+01,1.692176e+02
1.231026e+06,1.424798e+01,8.190558e+04,9.479812e-01,9.481191e-01,9.479991e-01,8.023856e-04,1.084867e-08,3.798684e+01,8.037724e+00,2.994912e+01,3.962566e+01,1.692216e+02
1.231036e+06,1.424810e+01,8.191558e+04,9.480970e-01,9.481154e-01,9.479992e-01,8.024941e-04,1.084867e-08,3.798788e+01,8.037724e+00,2.995015e+01,3.962686e+01,1.692256e+02
1.231046e+06,1.424821e+01,8.192558e+04,9.482127e-01,9.481118e-01,9.479993e-01,8.026026e-04,1.084867e-08,3.798891e+01,8.037724e+00,2.995118e+01,3.962807e+01,1.692296e+02
1.231056e+06,1.424833e+01,8.193558e+04,9.483285e-01,9.481081e-01,9.479994e-01,8.027111e-04,1.084867e-08,3.798994e+01,8.037724e+00,2.995221e+01,3.962928e+01,1.692336e+02
1.231066e+06,1.424844e+01,8.194558e+04,9.484442e-01,9.481044e-01,9.479995e-01,8.028196e-04,1.084867e-08,3.799097e+01,8.037724e+00,2.995324e+01,3.963049e+01,1.692376e+02
1.231076e+06,1.424856e+01,8.195558e+04,9.485600e-01,9.481008e-01,9.479996e-01,8.029281e-04,1.084867e-08,3.799200e+01,8.037724e+00,2.995428e+01,3.963170e+01,1.692417e+02
1.231086e+06,1.424868e+01,8.196558e+04,9.486757e-01,9.480971e-01,9.479997e-01,8.030366e-04,1.084867e-08,3.799303e+01,8.037724e+00,2.995531e+01,3.963291e+01,1.692457e+02
1.231096e+06,1.424879e+01,8.197558e+04,9.487914e-01,9.480934e-01,9.479998e-01,8.031451e-04,1.084866e-08,3.799406e+01,8.037724e+00,2.995634e+01,3.963412e+01,1.692497e+02
1.231106e+06,1.424891e+01,8.198558e+04,9.489072e-01,9.480898e-01,9.479999e-01,8.032536e-04,1.084866e-08,3.799509e+01,8.037724e+00,2.995737e+01,3.963533e+01,1.692537e+02
1.231116e+06,1.424902e+01,8.199558e+04,9.490229e-01,9.480861e-01,9.480000e-01,8.033621e-04,1.084866e-08,3.799612e+01,8.037724e+00,2.995840e+01,3.963654e+01,1.692577e+02
1.231126e+06,1.424914e+01,8.200558e+04,9.491387e-01,9.480824e-01,9.480001e-01,8.034706e-04,1.084866e-08,3.799716e+01,8.037724e+00,2.995943e+01,3.963775e+01,1.692618e+02
1.231136e+06,1.424925e+01,8.201558e+04,9.492544e-01,9.480788e-01,9.480002e-01,8.035791e-04,1.084866e-08,3.799819e+01,8.037724e+00,2.996046e+01,3.963896e+01,1.692658e+02
1.231146e+06,1.424937e+01,8.202558e+04,9.493702e-01,9.480751e-01,9.480003e-01,8.036876e-04,1.084866e-08,3.799922e+01,8.037724e+00,2.996149e+01,3.964017e+01,1.692698e+02
1.231156e+06,1.424949e+01,8.203559e+04,9.494859e-01,9.480714e-01,9.480004e-01,8.037960e-04,1.084866e-08,3.800025e+01,8.037724e+00,2.996252e+01,3.964138e+01,1.692738e+02
1.231166e+06,1.424960e+01,8.204559e+04,9.496017e-01,9.480678e-01,9.480005e-01,8.039045e-04,1.084866e-08,3.800128e+01,8.037724e+00,2.996356e+01,3.964259e+01,1.692778e+02
1.231176e+06,1.424972e+01,8.205559e+04,9.497174e-01,9.480641e-01,9.480006e-01,8.040130e-04,1.084866e-08,3.800231e+01,8.037724e+00,2.996459e+01,3.964380e+01,1.692819e+02
1.231186e+06,1.424983e+01,8.206559e+04,9.498332e-01,9.480604e-01,9.480007e-01,8.041215e-04,1.084865e-08,3.800334e+01,8.037724e+00,2.996562e+01,3.964501e+01,1.692859e+02
1.231196e+06,1.424995e+01,8.207559e+04,9.499489e-01,9.480568e-01,9.480008e-01,8.042300e-04,1.084865e-08,3.800437e+01,8.037724e+00,2.996665e+01,3.964622e+01,1.692899e+02
1.231206e+06,1.425006e+01,8.208559e+04,9.500647e-01,9.480531e-01,9.480009e-01,8.043385e-04,1.084865e-08,3.800540e+01,8.037724e+00,2.996768e+01,3.964743e+01,1.692939e+02
1.231216e+06,1.425018e+01,8.209559e+04,9.501804e-01,9.480464e-01,9.480010e-01,8.044470e-04,1.084865e-08,3.800643e+01,8.037724e+00,2.996871e+01,3.964874e+01,1.692979e+02
1.231226e+06,1.425030e+01,8.210559e+04,9.502962e-01,9.480388e-01,9.480011e-01,8.045555e-04,1.084865e-08,3.800659e+01,8.037724e+00,2.996887e+01,3.964916e+01,1.692981e+02
1.231236e+06,1.425041e+01,8.211559e+04,9.504119e-01,9.480340e-01,9.480012e-01,8.046640e-04,1.084865e-08,3.800583e+01,8.037724e+00,2.996810e+01,3.964851e+01,1.692941e+02
1.231246e+06,1.425053e+01,8.212559e+04,9.505277e-01,9.480292e-01,9.480013e-01,8.047725e-04,1.084865e-08,3.800506e+01,8.037724e+00,2.996734e+01,3.964787e+01,1.692901e+02
1.231256e+06,1.425064e+01,8.213559e+04,9.506434e-01,9.480244e-01,9.480014e-01,8.048810e-04,1.084865e-08,3.800430e+01,8.037724e+00,2.996657e+01,3.964722e+01,1.692861e+02
1.231266e+06,1.425076e+01,8.214559e+04,9.507592e-01,9.480196e-01,9.480015e-01,8.049895e-04,1.084864e-08,3.800353e+01,8.037724e+00,2.996581e+01,3.964657e+01,1.692822e+02
1.231276e+06,1.425087e+01,8.215559e+04,9.508749e-01,9.480148e-01,9.480016e-01,8.050980e-04,1.084864e-08,3.800277e+01,8.037724e+00,2.996504e+01,3.964593e+01,1.692782e+02
1.231286e+06,1.425099e+01,8.216559e+04,9.509907e-01,9.480099e-01,9.480017e-01,8.052065e-04,1.084864e-08,3.800200e+01,8.037724e+00,2.996428e+01,3.964528e+01,1.692742e+02
1.231296e+06,1.425111e+01,8.217559e+04,9.511064e-01,9.480051e-01,9.480018e-01,8.053150e-04,1.084864e-08,3.800124e+01,8.037724e+00,2.996351e+01,3.964463e+01,1.692702e+02
1.231306e+06,1.425122e+01,8.218560e+04,9.512222e-01,9.480003e-01,9.480020e-01,8.054235e-04,1.084864e-08,3.800047e+01,8.037724e+00,2.996275e+01,3.964399e+01,1.692662e+02
1.231316e+06,1.425134e+01,8.219560e+04,9.513379e-01,9.479955e-01,9.480021e-01,8.055320e-04,1.084864e-08,3.799971e+01,8.037724e+00,2.996198e+01,3.964334e+01,1.692623e+02
1.231326e+06,1.425145e+01,8.220560e+04,9.514537e-01,9.479907e-01,9.480022e-01,8.056404e-04,1.084864e-08,3.799894e+01,8.037724e+00,2.996122e+01,3.964269e+01,1.692583e+02
1.231336e+06,1.425157e+01,8.221560e+04,9.515694e-01,9.479859e-01,9.480023e-01,8.057489e-04,1.084864e-08,3.799818e+01,8.037724e+00,2.996045e+01,3.964205e+01,1.692543e+02
1.231346e+06,1.425169e+01,8.222560e+04,9.516852e-01,9.479810e-01,9.480024e-01,8.058574e-04,1.084864e-08,3.799741e+01,8.037724e+00,2.995969e+01,3.964140e+01,1.692503e+02
1.231356e+06,1.425180e+01,8.223560e+04,9.518009e-01,9.479762e-01,9.480025e-01,8.059659e-04,1.084863e-08,3.799664e+01,8.037724e+00,2.995892e+01,3.964075e+01,1.692464e+02
1.231366e+06,1.425192e+01,8.224560e+04,9.519167e-01,9.479714e-01,9.480026e-01,8.060744e-04,1.084863e-08,3.799588e+01,8.037724e+00,2.995816e+01,3.964011e+01,1.692424e+02
1.231376e+06,1.425203e+01,8.225560e+04,9.520324e-01,9.479666e-01,9.480027e-01,8.061829e-04,1.084863e-08,3.799511e+01,8.037724e+00,2.995739e+01,3.963946e+01,1.692384e+02
1.231386e+06,1.425215e+01,8.226560e+04,9.521482e-01,9.479618e-01,9.480028e-01,8.062914e-04,1.084863e-08,3.799435e+01,8.037724e+00,2.995662e+01,3.963881e+01,1.692344e+02
1.231396e+06,1.425226e+01,8.227560e+04,9.522639e-01,9.479569e-01,9.480029e-01,8.063999e-04,1.084863e-08,3.799358e+01,8.037724e+00,2.995586e+01,3.963817e+01,1.692304e+02
1.231406e+06,1.425238e+01,8.228560e+04,9.523797e-01,9.479521e-01,9.480030e-01,8.065084e-04,1.084863e-08,3.799282e+01,8.037724e+00,2.995509e+01,3.963752e+01,1.692265e+02
1.231416e+06,1.425250e+01,8.229560e+04,9.524954e-01,9.479473e-01,9.480031e-01,8.066169e-04,1.084863e-08,3.799205e+01,8.037724e+00,2.995433e+01,3.963687e+01,1.692225e+02
1.231426e+06,1.425261e+01,8.230560e+04,9.526112e-01,9.479425e-01,9.480032e-01,8.067254e-04,1.084863e-08,3.799129e+01,8.037724e+00,2.995356e+01,3.963623e+01,1.692185e+02
1.231436e+06,1.425273e+01,8.231560e+04,9.527269e-01,9.479377e-01,9.480033e-01,8.068339e-04,1.084862e-08,3.799052e+01,8.037724e+00,2.995280e+01,3.963558e+01,1.692145e+02
1.231446e+06,1.425284e+01,8.232560e+04,9.528426e-01,9.479329e-01,9.480034e-01,8.069424e-04,1.084862e-08,3.798976e+01,8.037724e+00,2.995203e+01,3.963493e+01,1.692106e+02
1.231456e+06,1.425296e+01,8.233561e+04,9.529584e-01,9.479280e-01,9.480035e-01,8.070509e-04,1.084862e-08,3.798899e+01,8.037724e+00,2.995127e+01,3.963429e+01,1.692066e+02
1.231466e+06,1.425307e+01,8.234561e+04,9.530741e-01,9.479243e-01,9.480036e-01,8.071594e-04,1.084862e-08,3.798823e+01,8.037724e+00,2.995050e+01,3.963360e+01,1.692026e+02
1.231476e+06,1.425319e+01,8.235561e+04,9.531899e-01,9.479227e-01,9.480037e-01,8.072678e-04,1.084862e-08,3.798781e+01,8.037724e+00,2.995009e+01,3.963322e+01,1.692000e+02
1.231486e+06,1.425331e+01,8.236561e+04,9.533056e-01,9.479212e-01,9.480038e-01,8.073763e-04,1.084862e-08,3.798807e+01,8.037724e+00,2.995035e+01,3.963354e+01,1.692000e+02
1.231496e+06,1.425342e+01,8.237561e+04,9.534214e-01,9.479196e-01,9.480039e-01,8.074848e-04,1.084862e-08,3.798833e+01,8.037724e+00,2.995060e+01,3.963387e+01,1.692000e+02
1.231506e+06,1.425354e+01,8.238561e+04,9.535371e-01,9.479180e-01,9.480040e-01,8.075933e-04,1.084862e-08,3.798859e+01,8.037724e+00,2.995086e+01,3.963419e+01,1.692000e+02
1.231516e+06,1.425365e+01,8.239561e+04,9.536529e-01,9.479165e-01,9.480041e-01,8.077018e-04,1.084862e-08,3.798884e+01,8.037724e+00,2.995112e+01,3.963452e+01,1.692000e+02
1.231526e+06,1.425377e+01,8.240561e+04,9.537686e-01,9.479149e-01,9.480042e-01,8.078103e-04,1.084861e-08,3.798910e+01,8.037724e+00,2.995138e+01,3.963484e+01,1.692000e+02
1.231536e+06,1.425388e+01,8.241561e+04,9.538844e-01,9.479133e-01,9.480043e-01,8.079188e-04,1.084861e-08,3.798936e+01,8.037724e+00,2.995164e+01,3.963516e+01,1.692000e+02
1.231546e+06,1.425400e+01,8.242561e+04,9.540001e-01,9.479118e-01,9.480044e-01,8.080273e-04,1.084861e-08,3.798962e+01,8.037724e+00,2.995189e+01,3.963549e+01,1.692000e+02
1.231556e+06,1.425412e+01,8.243561e+04,9.541159e-01,9.479102e-01,9.480045e-01,8.081358e-04,1.084861e-08,3.798988e+01,8.037724e+00,2.995215e+01,3.963581e+01,1.692000e+02
1.231566e+06,1.425423e+01,8.244561e+04,9.542316e-01,9.479086e-01,9.480046e-01,8.082443e-04,1.084861e-08,3.799013e+01,8.037724e+00,2.995241e+01,3.963614e+01,1.692000e+02
1.231576e+06,1.425435e+01,8.245561e+04,9.543474e-01,9.479071e-01,9.480047e-01,8.083528e-04,1.084861e-08,3.799039e+01,8.037724e+00,2.995267e+01,3.963646e+01,1.692000e+02
1.231586e+06,1.425446e+01,8.246561e+04,9.544631e-01,9.479055e-01,9.480048e-01,8.084613e-04,1.084861e-08,3.799065e+01,8.037724e+00,2.995292e+01,3.963679e+01,1.692000e+02
1.231596e+06,1.425458e+01,8.247562e+04,9.545789e-01,9.479040e-01,9.480049e-01,8.085698e-04,1.084861e-08,3.799091e+01,8.037724e+00,2.995318e+01,3.963711e+01,1.692000e+02
1.231606e+06,1.425469e+01,8.248562e+04,9.546946e-01,9.479024e-01,9.480050e-01,8.086783e-04,1.084860e-08,3.799116e+01,8.037724e+00,2.995344e+01,3.963743e+01,1.692000e+02
1.231616e+06,1.425481e+01,8.249562e+04,9.548104e-01,9.479008e-01,9.480051e-01,8.087868e-04,1.084860e-08,3.799142e+01,8.037724e+00,2.995370e+01,3.963776e+01,1.692000e+02
1.231626e+06,1.425493e+01,8.250562e+04,9.549261e-01,9.478993e-01,9.480052e-01,8.088953e-04,1.084860e-08,3.799168e+01,8.037724e+00,2.995396e+01,3.963808e+01,1.692000e+02
1.231636e+06,1.425504e+01,8.251562e+04,9.550419e-01,9.478977e-01,9.480053e-01,8.090037e-04,1.084860e-08,3.799194e+01,8.037724e+00,2.995421e+01,3.963841e+01,1.692000e+02
1.231646e+06,1.425516e+01,8.252562e+04,9.551576e-01,9.478961e-01,9.480054e-01,8.091122e-04,1.084860e-08,3.799220e+01,8.037724e+00,2.995447e+01,3.963873e+01,1.692000e+02
1.231656e+06,1.425527e+01,8.253562e+04,9.552734e-01,9.478946e-01,9.480056e-01,8.092207e-04,1.084860e-08,3.799245e+01,8.037724e+00,2.995473e+01,3.963905e+01,1.692000e+02
1.231666e+06,1.425539e+01,8.254562e+04,9.553891e-01,9.478930e-01,9.480057e-01,8.093292e-04,1.084860e-08,3.799271e+01,8.037724e+00,2.995499e+01,3.963938e+01,1.692000e+02
1.231676e+06,1.425550e+01,8.255562e+04,9.555049e-01,9.478914e-01,9.480058e-01,8.094377e-04,1.084860e-08,3.799297e+01,8.037724e+00,2.995524e+01,3.963970e+01,1.692000e+02
1.231686e+06,1.425562e+01,8.256562e+04,9.556206e-01,9.478899e-01,9.480059e-01,8.095462e-04,1.084860e-08,3.799323e+01,8.037724e+00,2.995550e+01,3.964003e+01,1.692000e+02
1.231696e+06,1.425574e+01,8.257562e+04,9.557364e-01,9.478883e-01,9.480060e-01,8.096547e-04,1.084859e-08,3.799348e+01,8.037724e+00,2.995576e+01,3.964035e+01,1.692000e+02
1.231706e+06,1.425585e+01,8.258562e+04,9.558521e-01,9.478868e-01,9.480061e-01,8.097632e-04,1.084859e-08,3.799374e+01,8.037724e+00,2.995602e+01,3.964067e+01,1.692000e+02
1.231716e+06,1.425597e+01,8.259562e+04,9.559679e-01,9.478837e-01,9.480062e-01,8.098717e-04,1.084859e-08,3.799400e+01,8.037724e+00,2.995628e+01,3.964105e+01,1.692000e+02
1.231726e+06,1.425608e+01,8.260562e+04,9.560836e-01,9.478798e-01,9.480063e-01,8.099802e-04,1.084859e-08,3.799339e+01,8.037724e+00,2.995566e+01,3.964053e+01,1.691982e+02
1.231736e+06,1.425620e+01,8.261562e+04,9.561994e-01,9.478768e-01,9.480064e-01,8.100887e-04,1.084859e-08,3.799177e+01,8.037724e+00,2.995404e+01,3.963892e+01,1.691942e+02
1.231746e+06,1.425632e+01,8.262563e+04,9.563151e-01,9.478738e-01,9.480065e-01,8.101972e-04,1.084859e-08,3.799014e+01,8.037724e+00,2.995242e+01,3.963731e+01,1.691902e+02
1.231756e+06,1.425643e+01,8.263563e+04,9.564309e-01,9.478709e-01,9.480066e-01,8.103057e-04,1.084859e-08,3.798852e+01,8.037724e+00,2.995080e+01,3.963570e+01,1.691862e+02
1.231766e+06,1.425655e+01,8.264563e+04,9.565466e-01,9.478679e-01,9.480067e-01,8.104142e-04,1.084859e-08,3.798690e+01,8.037724e+00,2.994918e+01,3.963409e+01,1.691822e+02
1.231776e+06,1.425666e+01,8.265563e+04,9.566624e-01,9.478649e-01,9.480068e-01,8.105227e-04,1.084858e-08,3.798528e+01,8.037724e+00,2.994756e+01,3.963248e+01,1.691782e+02
1.231786e+06,1.425678e+01,8.266563e+04,9.567781e-01,9.478619e-01,9.480069e-01,8.106311e-04,1.084858e-08,3.798366e+01,8.037724e+00,2.994594e+01,3.963086e+01,1.691742e+02
1.231796e+06,1.425689e+01,8.267563e+04,9.568939e-01,9.478589e-01,9.480070e-01,8.107396e-04,1.084858e-08,3.798204e+01,8.037724e+00,2.994431e+01,3.962925e+01,1.691702e+02
1.231806e+06,1.425701e+01,8.268563e+04,9.570096e-01,9.478560e-01,9.480071e-01,8.108481e-04,1.084858e-08,3.798042e+01,8.037724e+00,2.994269e+01,3.962764e+01,1.691662e+02
1.231816e+06,1.425713e+01,8.269563e+04,9.571253e-01,9.478530e-01,9.480072e-01,8.109566e-04,1.084858e-08,3.797880e+01,8.037724e+00,2.994107e+01,3.962603e+01,1.691622e+02
1.231826e+06,1.425724e+01,8.270563e+04,9.572411e-01,9.478500e-01,9.480073e-01,8.110651e-04,1.084858e-08,3.797717e+01,8.037724e+00,2.993945e+01,3.962442e+01,1.691582e+02
1.231836e+06,1.425736e+01,8.271563e+04,9.573568e-01,9.478470e-01,9.480074e-01,8.111736e-04,1.084858e-08,3.797555e+01,8.037724e+00,2.993783e+01,3.962281e+01,1.691542e+02
1.231846e+06,1.425747e+01,8.272563e+04,9.574726e-01,9.478441e-01,9.480075e-01,8.112821e-04,1.084858e-08,3.797393e+01,8.037724e+00,2.993621e+01,3.962120e+01,1.691503e+02
1.231856e+06,1.425759e+01,8.273563e+04,9.575883e-01,9.478411e-01,9.480076e-01,8.113906e-04,1.084858e-08,3.797231e+01,8.037724e+00,2.993459e+01,3.961959e+01,1.691463e+02
1.231866e+06,1.425770e+01,8.274563e+04,9.577041e-01,9.478381e-01,9.480077e-01,8.114991e-04,1.084857e-08,3.797069e+01,8.037724e+00,2.993296e+01,3.961797e+01,1.691423e+02
1.231876e+06,1.425782e+01,8.275563e+04,9.578198e-01,9.478351e-01,9.480078e-01,8.116076e-04,1.084857e-08,3.796907e+01,8.037724e+00,2.993134e+01,3.961636e+01,1.691383e+02
1.231886e+06,1.425794e+01,8.276563e+04,9.579356e-01,9.478322e-01,9.480079e-01,8.117161e-04,1.084857e-08,3.796745e+01,8.037724e+00,2.992972e+01,3.961475e+01,1.691343e+02
1.231896e+06,1.425805e+01,8.277564e+04,9.580513e-01,9.478292e-01,9.480080e-01,8.118246e-04,1.084857e-08,3.796582e+01,8.037724e+00,2.992810e+01,3.961314e+01,1.691303e+02
1.231906e+06,1.425817e+01,8.278564e+04,9.581671e-01,9.478262e-01,9.480081e-01,8.119331e-04,1.084857e-08,3.796420e+01,8.037724e+00,2.992648e+01,3.961153e+01,1.691263e+02
1.231916e+06,1.425828e+01,8.279564e+04,9.582828e-01,9.478232e-01,9.480082e-01,8.120416e-04,1.084857e-08,3.796258e+01,8.037724e+00,2.992486e+01,3.960992e+01,1.691223e+02
1.231926e+06,1.425840e+01,8.280564e+04,9.583986e-01,9.478202e-01,9.480083e-01,8.121500e-04,1.084857e-08,3.796096e+01,8.037724e+00,2.992324e+01,3.960831e+01,1.691183e+02
1.231936e+06,1.425851e+01,8.281564e+04,9.585143e-01,9.478173e-01,9.480084e-01,8.122585e-04,1.084857e-08,3.795934e+01,8.037724e+00,2.992162e+01,3.960669e+01,1.691143e+02
1.231946e+06,1.425863e+01,8.282564e+04,9.586301e-01,9.478143e-01,9.480085e-01,8.123670e-04,1.084856e-08,3.795772e+01,8.037724e+00,2.991999e+01,3.960508e+01,1.691103e+02
1.231956e+06,1.425875e+01,8.283564e+04,9.587458e-01,9.478113e-01,9.480086e-01,8.124755e-04,1.084856e-08,3.795610e+01,8.037724e+00,2.991837e+01,3.960347e+01,1.691064e+02
1.231966e+06,1.425886e+01,8.284564e+04,9.588616e-01,9.478096e-01,9.480087e-01,8.125840e-04,1.084856e-08,3.795448e+01,8.037724e+00,2.991675e+01,3.960182e+01,1.691024e+02
1.231976e+06,1.425898e+01,8.285564e+04,9.589773e-01,9.478118e-01,9.480088e-01,8.126925e-04,1.084856e-08,3.795429e+01,8.037724e+00,2.991656e+01,3.960155e+01,1.691000e+02
1.231986e+06,1.425909e+01,8.286564e+04,9.590931e-01,9.478166e-01,9.480089e-01,8.128010e-04,1.084856e-08,3.795617e+01,8.037724e+00,2.991845e+01,3.960337e+01,1.691000e+02
1.231996e+06,1.425921e+01,8.287564e+04,9.592088e-01,9.478215e-01,9.480090e-01,8.129095e-04,1.084856e-08,3.795806e+01,8.037724e+00,2.992033e+01,3.960520e+01,1.691000e+02
1.232006e+06,1.425932e+01,8.288564e+04,9.593246e-01,9.478264e-01,9.480092e-01,8.130180e-04,1.084856e-08,3.795994e+01,8.037724e+00,2.992221e+01,3.960702e+01,1.691000e+02
1.232016e+06,1.425944e+01,8.289564e+04,9.594403e-01,9.478313e-01,9.480093e-01,8.131265e-04,1.084856e-08,3.796182e+01,8.037724e+00,2.992410e+01,3.960885e+01,1.691000e+02
1.232026e+06,1.425956e+01,8.290564e+04,9.595561e-01,9.478361e-01,9.480094e-01,8.132350e-04,1.084856e-08,3.796371e+01,8.037724e+00,2.992598e+01,3.961067e+01,1.691000e+02
1.232036e+06,1.425967e+01,8.291565e+04,9.596718e-01,9.478410e-01,9.480095e-01,8.133435e-04,1.084855e-08,3.796559e+01,8.037724e+00,2.992787e+01,3.961250e+01,1.691000e+02
1.232046e+06,1.425979e+01,8.292565e+04,9.597876e-01,9.478459e-01,9.480096e-01,8.134520e-04,1.084855e-08,3.796747e+01,8.037724e+00,2.992975e+01,3.961432e+01,1.691000e+02
1.232056e+06,1.425990e+01,8.293565e+04,9.599033e-01,9.478508e-01,9.480097e-01,8.135605e-04,1.084855e-08,3.796936e+01,8.037724e+00,2.993163e+01,3.961615e+01,1.691000e+02
1.232066e+06,1.426002e+01,8.294565e+04,9.600191e-01,9.478556e-01,9.480098e-01,8.136690e-04,1.084855e-08,3.797124e+01,8.037724e+00,2.993352e+01,3.961797e+01,1.691000e+02
1.232076e+06,1.426013e+01,8.295565e+04,9.601348e-01,9.478605e-01,9.480099e-01,8.137774e-04,1.084855e-08,3.797313e+01,8.037724e+00,2.993540e+01,3.961980e+01,1.691000e+02
1.232086e+06,1.426025e+01,8.296565e+04,9.602506e-01,9.478654e-01,9.480100e-01,8.138859e-04,1.084855e-08,3.797501e+01,8.037724e+00,2.993729e+01,3.962162e+01,1.691000e+02
1.232096e+06,1.426037e+01,8.297565e+04,9.603663e-01,9.478703e-01,9.480101e-01,8.139944e-04,1.084855e-08,3.797689e+01,8.037724e+00,2.993917e+01,3.962345e+01,1.691000e+02
1.232106e+06,1.426048e+01,8.298565e+04,9.604821e-01,9.478751e-01,9.480102e-01,8.141029e-04,1.084855e-08,3.797878e+01,8.037724e+00,2.994105e+01,3.962527e+01,1.691000e+02
1.232116e+06,1.426060e+01,8.299565e+04,9.605978e-01,9.478800e-01,9.480103e-01,8.142114e-04,1.084854e-08,3.798066e+01,8.037724e+00,2.994294e+01,3.962710e+01,1.691000e+02
1.232126e+06,1.426071e+01,8.300565e+04,9.607136e-01,9.478849e-01,9.480104e-01,8.143199e-04,1.084854e-08,3.798254e+01,8.037724e+00,2.994482e+01,3.962892e+01,1.691000e+02
1.232136e+06,1.426083e+01,8.301565e+04,9.608293e-01,9.478898e-01,9.480105e-01,8.144284e-04,1.084854e-08,3.798443e+01,8.037724e+00,2.994670e+01,3.963075e+01,1.691000e+02
1.232146e+06,1.426095e+01,8.302565e+04,9.609451e-01,9.478946e-01,9.480106e-01,8.145369e-04,1.084854e-08,3.798631e+01,8.037724e+00,2.994859e+01,3.963257e+01,1.691000e+02
1.232156e+06,1.426106e+01,8.303565e+04,9.610608e-01,9.478995e-01,9.480107e-01,8.146454e-04,1.084854e-08,3.798820e+01,8.037724e+00,2.995047e+01,3.963440e+01,1.691000e+02
1.232166e+06,1.426118e+01,8.304565e+04,9.611766e-01,9.479044e-01,9.480108e-01,8.147539e-04,1.084854e-08,3.799008e+01,8.037724e+00,2.995236e+01,3.963622e+01,1.691000e+02
1.232176e+06,1.426129e+01,8.305565e+04,9.612923e-01,9.479093e-01,9.480109e-01,8.148624e-04,1.084854e-08,3.799196e+01,8.037724e+00,2.995424e+01,3.963805e+01,1.691000e+02
1.232186e+06,1.426141e+01,8.306566e+04,9.614080e-01,9.479141e-01,9.480110e-01,8.149709e-04,1.084854e-08,3.799385e+01,8.037724e+00,2.995612e+01,3.963987e+01,1.691000e+02
1.232196e+06,1.426152e+01,8.307566e+04,9.615238e-01,9.479190e-01,9.480111e-01,8.150794e-04,1.084854e-08,3.799573e+01,8.037724e+00,2.995801e+01,3.964170e+01,1.691000e+02
1.232206e+06,1.426164e+01,8.308566e+04,9.616395e-01,9.479239e-01,9.480112e-01,8.151878e-04,1.084853e-08,3.799761e+01,8.037724e+00,2.995989e+01,3.964352e+01,1.691000e+02
1.232216e+06,1.426176e+01,8.309566e+04,9.617553e-01,9.479288e-01,9.480113e-01,8.152963e-04,1.084853e-08,3.799950e+01,8.037724e+00,2.996177e+01,3.964535e+01,1.691000e+02
1.232226e+06,1.426187e+01,8.310566e+04,9.618710e-01,9.479341e-01,9.480114e-01,8.154048e-04,1.084853e-08,3.800044e+01,8.037724e+00,2.996271e+01,3.964616e+01,1.691000e+02
1.232236e+06,1.426199e+01,8.311566e+04,9.619868e-01,9.479400e-01,9.480115e-01,8.155133e-04,1.084853e-08,3.800018e+01,8.037724e+00,2.996246e+01,3.964569e+01,1.691000e+02
1.232246e+06,1.426210e+01,8.312566e+04,9.621025e-01,9.479459e-01,9.480116e-01,8.156218e-04,1.084853e-08,3.799993e+01,8.037724e+00,2.996220e+01,3.964523e+01,1.691000e+02
1.232256e+06,1.426222e+01,8.313566e+04,9.622183e-01,9.479518e-01,9.480117e-01,8.157303e-04,1.084853e-08,3.799967e+01,8.037724e+00,2.996195e+01,3.964476e+01,1.691000e+02
1.232266e+06,1.426233e+01,8.314566e+04,9.623340e-01,9.479577e-01,9.480118e-01,8.158388e-04,1.084853e-08,3.799941e+01,8.037724e+00,2.996169e+01,3.964429e+01,1.691000e+02
1.232276e+06,1.426245e+01,8.315566e+04,9.624498e-01,9.479636e-01,9.480119e-01,8.159473e-04,1.084853e-08,3.799916e+01,8.037724e+00,2.996143e+01,3.964383e+01,1.691000e+02
1.232286e+06,1.426257e+01,8.316566e+04,9.625655e-01,9.479695e-01,9.480120e-01,8.160558e-04,1.084852e-08,3.799890e+01,8.037724e+00,2.996118e+01,3.964336e+01,1.691000e+02
1.232296e+06,1.426268e+01,8.317566e+04,9.626813e-01,9.479754e-01,9.480121e-01,8.161643e-04,1.084852e-08,3.799865e+01,8.037724e+00,2.996092e+01,3.964289e+01,1.691000e+02
1.232306e+06,1.426280e+01,8.318566e+04,9.627970e-01,9.479813e-01,9.480122e-01,8.162728e-04,1.084852e-08,3.799839e+01,8.037724e+00,2.996067e+01,3.964243e+01,1.691000e+02
1.232316e+06,1.426291e+01,8.319566e+04,9.629128e-01,9.479872e-01,9.480123e-01,8.163813e-04,1.084852e-08,3.799813e+01,8.037724e+00,2.996041e+01,3.964196e+01,1.691000e+02
1.232326e+06,1.426303e+01,8.320566e+04,9.630285e-01,9.479931e-01,9.480124e-01,8.164898e-04,1.084852e-08,3.799788e+01,8.037724e+00,2.996015e+01,3.964149e+01,1.691000e+02
1.232336e+06,1.426314e+01,8.321567e+04,9.631443e-01,9.479989e-01,9.480125e-01,8.165983e-04,1.084852e-08,3.799762e+01,8.037724e+00,2.995990e+01,3.964103e+01,1.691000e+02
1.232346e+06,1.426326e+01,8.322567e+04,9.632600e-01,9.480048e-01,9.480126e-01,8.167067e-04,1.084852e-08,3.799737e+01,8.037724e+00,2.995964e+01,3.964056e+01,1.691000e+02
1.232356e+06,1.426338e+01,8.323567e+04,9.633758e-01,9.480107e-01,9.480128e-01,8.168152e-04,1.084852e-08,3.799711e+01,8.037724e+00,2.995939e+01,3.964009e+01,1.691000e+02
1.232366e+06,1.426349e+01,8.324567e+04,9.634915e-01,9.480166e-01,9.480129e-01,8.169237e-04,1.084852e-08,3.799685e+01,8.037724e+00,2.995913e+01,3.963963e+01,1.691000e+02
1.232376e+06,1.426361e+01,8.325567e+04,9.636073e-01,9.480225e-01,9.480130e-01,8.170322e-04,1.084851e-08,3.799660e+01,8.037724e+00,2.995887e+01,3.963916e+01,1.691000e+02
1.232386e+06,1.426372e+01,8.326567e+04,9.637230e-01,9.480284e-01,9.480131e-01,8.171407e-04,1.084851e-08,3.799634e+01,8.037724e+00,2.995862e+01,3.963870e+01,1.691000e+02
1.232396e+06,1.426384e+01,8.327567e+04,9.638388e-01,9.480343e-01,9.480132e-01,8.172492e-04,1.084851e-08,3.799609e+01,8.037724e+00,2.995836e+01,3.963823e+01,1.691000e+02
1.232406e+06,1.426395e+01,8.328567e+04,9.639545e-01,9.480402e-01,9.480133e-01,8.173577e-04,1.084851e-08,3.799583e+01,8.037724e+00,2.995811e+01,3.963776e+01,1.691000e+02
1.232416e+06,1.426407e+01,8.329567e+04,9.640703e-01,9.480461e-01,9.480134e-01,8.174662e-04,1.084851e-08,3.799557e+01,8.037724e+00,2.995785e+01,3.963730e+01,1.691000e+02
1.232426e+06,1.426419e+01,8.330567e+04,9.641860e-01,9.480520e-01,9.480135e-01,8.175747e-04,1.084851e-08,3.799532e+01,8.037724e+00,2.995759e+01,3.963683e+01,1.691000e+02
1.232436e+06,1.426430e+01,8.331567e+04,9.643018e-01,9.480579e-01,9.480136e-01,8.176832e-04,1.084851e-08,3.799506e+01,8.037724e+00,2.995734e+01,3.963636e+01,1.691000e+02
1.232446e+06,1.426442e+01,8.332567e+04,9.644175e-01,9.480638e-01,9.480137e-01,8.177917e-04,1.084851e-08,3.799481e+01,8.037724e+00,2.995708e+01,3.963590e+01,1.691000e+02
1.232456e+06,1.426453e+01,8.333567e+04,9.645333e-01,9.480697e-01,9.480138e-01,8.179002e-04,1.084850e-08,3.799455e+01,8.037724e+00,2.995683e+01,3.963543e+01,1.691000e+02
1.232466e+06,1.426465e+01,8.334567e+04,9.646490e-01,9.480756e-01,9.480139e-01,8.180087e-04,1.084850e-08,3.799429e+01,8.037724e+00,2.995657e+01,3.963496e+01,1.691000e+02
1.232476e+06,1.426476e+01,8.335568e+04,9.647648e-01,9.480769e-01,9.480140e-01,8.181171e-04,1.084850e-08,3.799444e+01,8.037724e+00,2.995671e+01,3.963507e+01,1.691000e+02
1.232486e+06,1.426488e+01,8.336568e+04,9.648805e-01,9.480710e-01,9.480141e-01,8.182256e-04,1.084850e-08,3.799521e+01,8.037724e+00,2.995749e+01,3.963608e+01,1.691000e+02
1.232496e+06,1.426500e+01,8.337568e+04,9.649963e-01,9.480650e-01,9.480142e-01,8.183341e-04,1.084850e-08,3.799598e+01,8.037724e+00,2.995826e+01,3.963710e+01,1.691000e+02
1.232506e+06,1.426511e+01,8.338568e+04,9.651120e-01,9.480591e-01,9.480143e-01,8.184426e-04,1.084850e-08,3.799676e+01,8.037724e+00,2.995903e+01,3.963811e+01,1.691000e+02
1.232516e+06,1.426523e+01,8.339568e+04,9.652278e-01,9.480532e-01,9.480144e-01,8.185511e-04,1.084850e-08,3.799753e+01,8.037724e+00,2.995981e+01,3.963912e+01,1.691000e+02
1.232526e+06,1.426534e+01,8.340568e+04,9.653435e-01,9.480472e-01,9.480145e-01,8.186596e-04,1.084850e-08,3.799830e+01,8.037724e+00,2.996058e+01,3.964014e+01,1.691000e+02
1.232536e+06,1.426546e+01,8.341568e+04,9.654592e-01,9.480413e-01,9.480146e-01,8.187681e-04,1.084850e-08,3.799908e+01,8.037724e+00,2.996135e+01,3.964115e+01,1.691000e+02
1.232546e+06,1.426557e+01,8.342568e+04,9.655750e-01,9.480354e-01,9.480147e-01,8.188766e-04,1.084849e-08,3.799985e+01,8.037724e+00,2.996213e+01,3.964216e+01,1.691000e+02
1.232556e+06,1.426569e+01,8.343568e+04,9.656907e-01,9.480294e-01,9.480148e-01,8.189851e-04,1.084849e-08,3.800062e+01,8.037724e+00,2.996290e+01,3.964318e+01,1.691000e+02
1.232566e+06,1.426581e+01,8.344568e+04,9.658065e-01,9.480235e-01,9.480149e-01,8.190936e-04,1.084849e-08,3.800140e+01,8.037724e+00,2.996367e+01,3.964419e+01,1.691000e+02
1.232576e+06,1.426592e+01,8.345568e+04,9.659222e-01,9.480175e-01,9.480150e-01,8.192021e-04,1.084849e-08,3.800217e+01,8.037724e+00,2.996445e+01,3.964520e+01,1.691000e+02
1.232586e+06,1.426604e+01,8.346568e+04,9.660380e-01,9.480116e-01,9.480151e-01,8.193106e-04,1.084849e-08,3.800294e+01,8.037724e+00,2.996522e+01,3.964622e+01,1.691000e+02
1.232596e+06,1.426615e+01,8.347568e+04,9.661537e-01,9.480057e-01,9.480152e-01,8.194191e-04,1.084849e-08,3.800372e+01,8.037724e+00,2.996599e+01,3.964723e+01,1.691000e+02
1.232606e+06,1.426627e+01,8.348568e+04,9.662695e-01,9.479997e-01,9.480153e-01,8.195275e-04,1.084849e-08,3.800449e+01,8.037724e+00,2.996677e+01,3.964825e+01,1.691000e+02
1.232616e+06,1.426639e+01,8.349568e+04,9.663852e-01,9.479938e-01,9.480154e-01,8.196360e-04,1.084849e-08,3.800526e+01,8.037724e+00,2.996754e+01,3.964926e+01,1.691000e+02
1.232626e+06,1.426650e+01,8.350569e+04,9.665010e-01,9.479879e-01,9.480155e-01,8.197445e-04,1.084848e-08,3.800604e+01,8.037724e+00,2.996831e+01,3.965027e+01,1.691000e+02
1.232636e+06,1.426662e+01,8.351569e+04,9.666167e-01,9.479819e-01,9.480156e-01,8.198530e-04,1.084848e-08,3.800681e+01,8.037724e+00,2.996909e+01,3.965129e+01,1.691000e+02
1.232646e+06,1.426673e+01,8.352569e+04,9.667325e-01,9.479760e-01,9.480157e-01,8.199615e-04,1.084848e-08,3.800758e+01,8.037724e+00,2.996986e+01,3.965230e+01,1.691000e+02
1.232656e+06,1.426685e+01,8.353569e+04,9.668482e-01,9.479701e-01,9.480158e-01,8.200700e-04,1.084848e-08,3.800836e+01,8.037724e+00,2.997063e+01,3.965331e+01,1.691000e+02
1.232666e+06,1.426696e+01,8.354569e+04,9.669640e-01,9.479641e-01,9.480159e-01,8.201785e-04,1.084848e-08,3.800913e+01,8.037724e+00,2.997141e+01,3.965433e+01,1.691000e+02
1.232676e+06,1.426708e+01,8.355569e+04,9.670797e-01,9.479582e-01,9.480160e-01,8.202870e-04,1.084848e-08,3.800990e+01,8.037724e+00,2.997218e+01,3.965534e+01,1.691000e+02
1.232686e+06,1.426720e+01,8.356569e+04,9.671955e-01,9.479522e-01,9.480161e-01,8.203955e-04,1.084848e-08,3.801068e+01,8.037724e+00,2.997295e+01,3.965636e+01,1.691000e+02
1.232696e+06,1.426731e+01,8.357569e+04,9.673112e-01,9.479463e-01,9.480162e-01,8.205040e-04,1.084848e-08,3.801145e+01,8.037724e+00,2.997373e+01,3.965737e+01,1.691000e+02
1.232706e+06,1.426743e+01,8.358569e+04,9.674270e-01,9.479404e-01,9.480163e-01,8.206125e-04,1.084847e-08,3.801222e+01,8.037724e+00,2.997450e+01,3.965838e+01,1.691000e+02
1.232716e+06,1.426754e+01,8.359569e+04,9.675427e-01,9.479344e-01,9.480165e-01,8.207210e-04,1.084847e-08,3.801300e+01,8.037724e+00,2.997527e+01,3.965940e+01,1.691000e+02
1.232726e+06,1.426766e+01,8.360569e+04,9.676585e-01,9.479353e-01,9.480166e-01,8.208295e-04,1.084847e-08,3.801260e+01,8.037724e+00,2.997488e+01,3.965895e+01,1.691000e+02
1.232736e+06,1.426777e+01,8.361569e+04,9.677742e-01,9.479427e-01,9.480167e-01,8.209379e-04,1.084847e-08,3.801107e+01,8.037724e+00,2.997334e+01,3.965709e+01,1.691000e+02
1.232746e+06,1.426789e+01,8.362569e+04,9.678900e-01,9.479501e-01,9.480168e-01,8.210464e-04,1.084847e-08,3.800953e+01,8.037724e+00,2.997181e+01,3.965522e+01,1.691000e+02
1.232756e+06,1.426801e+01,8.363569e+04,9.680057e-01,9.479576e-01,9.480169e-01,8.211549e-04,1.084847e-08,3.800800e+01,8.037724e+00,2.997027e+01,3.965335e+01,1.691000e+02
1.232766e+06,1.426812e+01,8.364569e+04,9.681215e-01,9.479650e-01,9.480170e-01,8.212634e-04,1.084847e-08,3.800646e+01,8.037724e+00,2.996874e+01,3.965148e+01,1.691000e+02
1.232776e+06,1.426824e+01,8.365570e+04,9.682372e-01,9.479725e-01,9.480171e-01,8.213719e-04,1.084847e-08,3.800492e+01,8.037724e+00,2.996720e+01,3.964961e+01,1.691000e+02
1.232786e+06,1.426835e+01,8.366570e+04,9.683530e-01,9.479799e-01,9.480172e-01,8.214804e-04,1.084847e-08,3.800339e+01,8.037724e+00,2.996566e+01,3.964774e+01,1.691000e+02
1.232796e+06,1.426847e+01,8.367570e+04,9.684687e-01,9.479874e-01,9.480173e-01,8.215889e-04,1.084846e-08,3.800185e+01,8.037724e+00,2.996413e+01,3.964587e+01,1.691000e+02
1.232806e+06,1.426858e+01,8.368570e+04,9.685845e-01,9.479948e-01,9.480174e-01,8.216974e-04,1.084846e-08,3.800032e+01,8.037724e+00,2.996259e+01,3.964401e+01,1.691000e+02
1.232816e+06,1.426870e+01,8.369570e+04,9.687002e-01,9.480023e-01,9.480175e-01,8.218059e-04,1.084846e-08,3.799878e+01,8.037724e+00,2.996106e+01,3.964214e+01,1.691000e+02
1.232826e+06,1.426882e+01,8.370570e+04,9.688160e-01,9.480097e-01,9.480176e-01,8.219144e-04,1.084846e-08,3.799724e+01,8.037724e+00,2.995952e+01,3.964027e+01,1.691000e+02
1.232836e+06,1.426893e+01,8.371570e+04,9.689317e-01,9.480171e-01,9.480177e-01,8.220229e-04,1.084846e-08,3.799571e+01,8.037724e+00,2.995798e+01,3.963840e+01,1.691000e+02
1.232846e+06,1.426905e+01,8.372570e+04,9.690475e-01,9.480246e-01,9.480178e-01,8.221314e-04,1.084846e-08,3.799417e+01,8.037724e+00,2.995645e+01,3.963653e+01,1.691000e+02
1.232856e+06,1.426916e+01,8.373570e+04,9.691632e-01,9.480320e-01,9.480179e-01,8.222399e-04,1.084846e-08,3.799264e+01,8.037724e+00,2.995491e+01,3.963466e+01,1.691000e+02
1.232866e+06,1.426928e+01,8.374570e+04,9.692790e-01,9.480395e-01,9.480180e-01,8.223483e-04,1.084846e-08,3.799110e+01,8.037724e+00,2.995338e+01,3.963280e+01,1.691000e+02
1.232876e+06,1.426939e+01,8.375570e+04,9.693947e-01,9.480469e-01,9.480181e-01,8.224568e-04,1.084845e-08,3.798956e+01,8.037724e+00,2.995184e+01,3.963093e+01,1.691000e+02
1.232886e+06,1.426951e+01,8.376570e+04,9.695105e-01,9.480544e-01,9.480182e-01,8.225653e-04,1.084845e-08,3.798803e+01,8.037724e+00,2.995030e+01,3.962906e+01,1.691000e+02
1.232896e+06,1.426963e+01,8.377570e+04,9.696262e-01,9.480618e-01,9.480183e-01,8.226738e-04,1.084845e-08,3.798649e+01,8.037724e+00,2.994877e+01,3.962719e+01,1.691000e+02
1.232906e+06,1.426974e+01,8.378570e+04,9.697419e-01,9.480693e-01,9.480184e-01,8.227823e-04,1.084845e-08,3.798496e+01,8.037724e+00,2.994723e+01,3.962532e+01,1.691000e+02
1.232916e+06,1.426986e+01,8.379571e+04,9.698577e-01,9.480767e-01,9.480185e-01,8.228908e-04,1.084845e-08,3.798342e+01,8.037724e+00,2.994570e+01,3.962346e+01,1.691000e+02
1.232926e+06,1.426997e+01,8.380571e+04,9.699734e-01,9.480841e-01,9.480186e-01,8.229993e-04,1.084845e-08,3.798188e+01,8.037724e+00,2.994416e+01,3.962159e+01,1.691000e+02
1.232936e+06,1.427009e+01,8.381571e+04,9.700892e-01,9.480916e-01,9.480187e-01,8.231078e-04,1.084845e-08,3.798035e+01,8.037724e+00,2.994262e+01,3.961972e+01,1.691000e+02
1.232946e+06,1.427020e+01,8.382571e+04,9.702049e-01,9.480990e-01,9.480188e-01,8.232163e-04,1.084845e-08,3.797881e+01,8.037724e+00,2.994109e+01,3.961785e+01,1.691000e+02
1.232956e+06,1.427032e+01,8.383571e+04,9.703207e-01,9.481065e-01,9.480189e-01,8.233248e-04,1.084845e-08,3.797728e+01,8.037724e+00,2.993955e+01,3.961598e+01,1.691000e+02
1.232966e+06,1.427044e+01,8.384571e+04,9.704364e-01,9.481168e-01,9.480190e-01,8.234333e-04,1.084844e-08,3.797574e+01,8.037724e+00,2.993802e+01,3.961402e+01,1.691000e+02
1.232976e+06,1.427055e+01,8.385571e+04,9.705522e-01,9.481276e-01,9.480191e-01,8.235418e-04,1.084844e-08,3.797490e+01,8.037724e+00,2.993717e+01,3.961277e+01,1.691036e+02
1.232986e+06,1.427067e+01,8.386571e+04,9.706679e-01,9.481347e-01,9.480192e-01,8.236502e-04,1.084844e-08,3.797490e+01,8.037724e+00,2.993717e+01,3.961253e+01,1.691116e+02
1.232996e+06,1.427078e+01,8.387571e+04,9.707837e-01,9.481418e-01,9.480193e-01,8.237587e-04,1.084844e-08,3.797490e+01,8.037724e+00,2.993717e+01,3.961230e+01,1.691196e+02
1.233006e+06,1.427090e+01,8.388571e+04,9.708994e-01,9.481488e-01,9.480194e-01,8.238672e-04,1.084844e-08,3.797490e+01,8.037724e+00,2.993717e+01,3.961206e+01,1.691275e+02
1.233016e+06,1.427102e+01,8.389571e+04,9.710152e-01,9.481559e-01,9.480195e-01,8.239757e-04,1.084844e-08,3.797490e+01,8.037724e+00,2.993717e+01,3.961183e+01,1.691355e+02
1.233026e+06,1.427113e+01,8.390571e+04,9.711309e-01,9.481630e-01,9.480196e-01,8.240842e-04,1.084844e-08,3.797490e+01,8.037724e+00,2.993717e+01,3.961159e+01,1.691435e+02
1.233036e+06,1.427125e+01,8.391571e+04,9.712467e-01,9.481701e-01,9.480197e-01,8.241927e-04,1.084844e-08,3.797490e+01,8.037724e+00,2.993717e+01,3.961135e+01,1.691515e+02
1.233046e+06,1.427136e+01,8.392571e+04,9.713624e-01,9.481772e-01,9.480198e-01,8.243012e-04,1.084843e-08,3.797490e+01,8.037724e+00,2.993717e+01,3.961112e+01,1.691595e+02
1.233056e+06,1.427148e+01,8.393571e+04,9.714782e-01,9.481843e-01,9.480199e-01,8.244097e-04,1.084843e-08,3.797490e+01,8.037724e+00,2.993717e+01,3.961088e+01,1.691675e+02
1.233066e+06,1.427159e+01,8.394572e+04,9.715939e-01,9.481914e-01,9.480201e-01,8.245182e-04,1.084843e-08,3.797490e+01,8.037724e+00,2.993717e+01,3.961065e+01,1.691754e+02
1.233076e+06,1.427171e+01,8.395572e+04,9.717097e-01,9.481984e-01,9.480202e-01,8.246267e-04,1.084843e-08,3.797490e+01,8.037724e+00,2.993717e+01,3.961041e+01,1.691834e+02
1.233086e+06,1.427183e+01,8.396572e+04,9.718254e-01,9.482055e-01,9.480203e-01,8.247352e-04,1.084843e-08,3.797490e+01,8.037724e+00,2.993717e+01,3.961017e+01,1.691914e+02
1.233096e+06,1.427194e+01,8.397572e+04,9.719412e-01,9.482126e-01,9.480204e-01,8.248437e-04,1.084843e-08,3.797490e+01,8.037724e+00,2.993717e+01,3.960994e+01,1.691994e+02
1.233106e+06,1.427206e+01,8.398572e+04,9.720569e-01,9.482197e-01,9.480205e-01,8.249521e-04,1.084843e-08,3.797490e+01,8.037724e+00,2.993717e+01,3.960970e+01,1.692074e+02
1.233116e+06,1.427217e+01,8.399572e+04,9.721727e-01,9.482268e-01,9.480206e-01,8.250606e-04,1.084843e-08,3.797490e+01,8.037724e+00,2.993717e+01,3.960947e+01,1.692154e+02
1.233126e+06,1.427229e+01,8.400572e+04,9.722884e-01,9.482339e-01,9.480207e-01,8.251691e-04,1.084843e-08,3.797490e+01,8.037724e+00,2.993717e+01,3.960923e+01,1.692233e+02
1.233136e+06,1.427240e+01,8.401572e+04,9.724042e-01,9.482410e-01,9.480208e-01,8.252776e-04,1.084842e-08,3.797490e+01,8.037724e+00,2.993717e+01,3.960900e+01,1.692313e+02
1.233146e+06,1.427252e+01,8.402572e+04,9.725199e-01,9.482480e-01,9.480209e-01,8.253861e-04,1.084842e-08,3.797490e+01,8.037724e+00,2.993717e+01,3.960876e+01,1.692393e+02
1.233156e+06,1.427264e+01,8.403572e+04,9.726357e-01,9.482551e-01,9.480210e-01,8.254946e-04,1.084842e-08,3.797490e+01,8.037724e+00,2.993717e+01,3.960852e+01,1.692473e+02
1.233166e+06,1.427275e+01,8.404572e+04,9.727514e-01,9.482622e-01,9.480211e-01,8.256031e-04,1.084842e-08,3.797490e+01,8.037724e+00,2.993717e+01,3.960829e+01,1.692553e+02
1.233176e+06,1.427287e+01,8.405572e+04,9.728672e-01,9.482693e-01,9.480212e-01,8.257116e-04,1.084842e-08,3.797490e+01,8.037724e+00,2.993717e+01,3.960805e+01,1.692633e+02
1.233186e+06,1.427298e+01,8.406572e+04,9.729829e-01,9.482764e-01,9.480213e-01,8.258201e-04,1.084842e-08,3.797490e+01,8.037724e+00,2.993717e+01,3.960782e+01,1.692712e+02
1.233196e+06,1.427310e+01,8.407572e+04,9.730987e-01,9.482835e-01,9.480214e-01,8.259286e-04,1.084842e-08,3.797490e+01,8.037724e+00,2.993717e+01,3.960758e+01,1.692792e+02
1.233206e+06,1.427321e+01,8.408572e+04,9.732144e-01,9.482906e-01,9.480215e-01,8.260371e-04,1.084842e-08,3.797490e+01,8.037724e+00,2.993717e+01,3.960734e+01,1.692872e+02
1.233216e+06,1.427333e+01,8.409573e+04,9.733302e-01,9.482938e-01,9.480216e-01,8.261456e-04,1.084841e-08,3.797490e+01,8.037724e+00,2.993717e+01,3.960723e+01,1.692952e+02
1.233226e+06,1.427345e+01,8.410573e+04,9.734459e-01,9.482917e-01,9.480217e-01,8.262540e-04,1.084841e-08,3.797531e+01,8.037826e+00,2.993748e+01,3.960773e+01,1.692984e+02
1.233236e+06,1.427356e+01,8.411573e+04,9.735617e-01,9.482903e-01,9.480218e-01,8.263625e-04,1.084841e-08,3.797634e+01,8.038084e+00,2.993825e+01,3.960885e+01,1.692944e+02
1.233246e+06,1.427368e+01,8.412573e+04,9.736774e-01,9.482889e-01,9.480219e-01,8.264710e-04,1.084841e-08,3.797737e+01,8.038342e+00,2.993903e+01,3.960997e+01,1.692904e+02
1.233256e+06,1.427379e+01,8.413573e+04,9.737932e-01,9.482875e-01,9.480220e-01,8.265795e-04,1.084841e-08,3.797840e+01,8.038600e+00,2.993980e+01,3.961109e+01,1.692863e+02
1.233266e+06,1.427391e+01,8.414573e+04,9.739089e-01,9.482860e-01,9.480221e-01,8.266880e-04,1.084841e-08,3.797943e+01,8.038857e+00,2.994057e+01,3.961221e+01,1.692823e+02
1.233276e+06,1.427402e+01,8.415573e+04,9.740246e-01,9.482846e-01,9.480222e-01,8.267965e-04,1.084841e-08,3.798046e+01,8.039115e+00,2.994135e+01,3.961333e+01,1.692783e+02
1.233286e+06,1.427414e+01,8.416573e+04,9.741404e-01,9.482832e-01,9.480223e-01,8.269050e-04,1.084841e-08,3.798149e+01,8.039373e+00,2.994212e+01,3.961446e+01,1.692743e+02
1.233296e+06,1.427426e+01,8.417573e+04,9.742561e-01,9.482817e-01,9.480224e-01,8.270135e-04,1.084841e-08,3.798252e+01,8.039631e+00,2.994289e+01,3.961558e+01,1.692703e+02
1.233306e+06,1.427437e+01,8.418573e+04,9.743719e-01,9.482803e-01,9.480225e-01,8.271220e-04,1.084840e-08,3.798355e+01,8.039889e+00,2.994367e+01,3.961670e+01,1.692663e+02
1.233316e+06,1.427449e+01,8.419573e+04,9.744876e-01,9.482789e-01,9.480226e-01,8.272305e-04,1.084840e-08,3.798459e+01,8.040146e+00,2.994444e+01,3.961782e+01,1.692622e+02
1.233326e+06,1.427460e+01,8.420573e+04,9.746034e-01,9.482774e-01,9.480227e-01,8.273390e-04,1.084840e-08,3.798562e+01,8.040404e+00,2.994521e+01,3.961894e+01,1.692582e+02
1.233336e+06,1.427472e+01,8.421573e+04,9.747191e-01,9.482760e-01,9.480228e-01,8.274475e-04,1.084840e-08,3.798665e+01,8.040662e+00,2.994599e+01,3.962006e+01,1.692542e+02
1.233346e+06,1.427483e+01,8.422573e+04,9.748349e-01,9.482746e-01,9.480229e-01,8.275559e-04,1.084840e-08,3.798768e+01,8.040920e+00,2.994676e+01,3.962118e+01,1.692502e+02
1.233356e+06,1.427495e+01,8.423574e+04,9.749506e-01,9.482731e-01,9.480230e-01,8.276644e-04,1.084840e-08,3.798871e+01,8.041177e+00,2.994753e+01,3.962230e+01,1.692462e+02
1.233366e+06,1.427507e+01,8.424574e+04,9.750664e-01,9.482717e-01,9.480231e-01,8.277729e-04,1.084840e-08,3.798974e+01,8.041435e+00,2.994831e+01,3.962342e+01,1.692421e+02
1.233376e+06,1.427518e+01,8.425574e+04,9.751821e-01,9.482703e-01,9.480232e-01,8.278814e-04,1.084840e-08,3.799077e+01,8.041693e+00,2.994908e+01,3.962454e+01,1.692381e+02
1.233386e+06,1.427530e+01,8.426574e+04,9.752979e-01,9.482688e-01,9.480233e-01,8.279899e-04,1.084839e-08,3.799180e+01,8.041951e+00,2.994985e+01,3.962566e+01,1.692341e+02
1.233396e+06,1.427541e+01,8.427574e+04,9.754136e-01,9.482674e-01,9.480234e-01,8.280984e-04,1.084839e-08,3.799283e+01,8.042209e+00,2.995063e+01,3.962679e+01,1.692301e+02
1.233406e+06,1.427553e+01,8.428574e+04,9.755294e-01,9.482660e-01,9.480235e-01,8.282069e-04,1.084839e-08,3.799387e+01,8.042466e+00,2.995140e+01,3.962791e+01,1.692261e+02
1.233416e+06,1.427565e+01,8.429574e+04,9.756451e-01,9.482646e-01,9.480237e-01,8.283154e-04,1.084839e-08,3.799490e+01,8.042724e+00,2.995217e+01,3.962903e+01,1.692220e+02
1.233426e+06,1.427576e+01,8.430574e+04,9.757609e-01,9.482631e-01,9.480238e-01,8.284239e-04,1.084839e-08,3.799593e+01,8.042982e+00,2.995295e+01,3.963015e+01,1.692180e+02
1.233436e+06,1.427588e+01,8.431574e+04,9.758766e-01,9.482617e-01,9.480239e-01,8.285324e-04,1.084839e-08,3.799696e+01,8.043240e+00,2.995372e+01,3.963127e+01,1.692140e+02
1.233446e+06,1.427599e+01,8.432574e+04,9.759924e-01,9.482603e-01,9.480240e-01,8.286409e-04,1.084839e-08,3.799799e+01,8.043497e+00,2.995449e+01,3.963239e+01,1.692100e+02
1.233456e+06,1.427611e+01,8.433574e+04,9.761081e-01,9.482588e-01,9.480241e-01,8.287493e-04,1.084839e-08,3.799902e+01,8.043755e+00,2.995527e+01,3.963351e+01,1.692060e+02
1.233466e+06,1.427622e+01,8.434574e+04,9.762239e-01,9.482591e-01,9.480242e-01,8.288578e-04,1.084839e-08,3.800005e+01,8.044013e+00,2.995604e+01,3.963458e+01,1.692019e+02
1.233476e+06,1.427634e+01,8.435574e+04,9.763396e-01,9.482536e-01,9.480243e-01,8.289663e-04,1.084838e-08,3.800055e+01,8.044007e+00,2.995655e+01,3.963529e+01,1.692000e+02
1.233486e+06,1.427646e+01,8.436574e+04,9.764554e-01,9.482412e-01,9.480244e-01,8.290748e-04,1.084838e-08,3.800055e+01,8.043751e+00,2.995680e+01,3.963571e+01,1.692000e+02
1.233496e+06,1.427657e+01,8.437574e+04,9.765711e-01,9.482288e-01,9.480245e-01,8.291833e-04,1.084838e-08,3.800055e+01,8.043496e+00,2.995706e+01,3.963614e+01,1.692000e+02
1.233506e+06,1.427669e+01,8.438575e+04,9.766869e-01,9.482165e-01,9.480246e-01,8.292918e-04,1.084838e-08,3.800055e+01,8.043241e+00,2.995731e+01,3.963657e+01,1.692000e+02
1.233516e+06,1.427680e+01,8.439575e+04,9.768026e-01,9.482041e-01,9.480247e-01,8.294003e-04,1.084838e-08,3.800055e+01,8.042986e+00,2.995757e+01,3.963699e+01,1.692000e+02
1.233526e+06,1.427692e+01,8.440575e+04,9.769184e-01,9.481917e-01,9.480248e-01,8.295088e-04,1.084838e-08,3.800055e+01,8.042731e+00,2.995782e+01,3.963742e+01,1.692000e+02
1.233536e+06,1.427703e+01,8.441575e+04,9.770341e-01,9.481794e-01,9.480249e-01,8.296173e-04,1.084838e-08,3.800055e+01,8.042476e+00,2.995808e+01,3.963784e+01,1.692000e+02
1.233546e+06,1.427715e+01,8.442575e+04,9.771499e-01,9.481670e-01,9.480250e-01,8.297258e-04,1.084838e-08,3.800055e+01,8.042221e+00,2.995833e+01,3.963827e+01,1.692000e+02
1.233556e+06,1.427727e+01,8.443575e+04,9.772656e-01,9.481546e-01,9.480251e-01,8.298343e-04,1.084837e-08,3.800055e+01,8.041966e+00,2.995859e+01,3.963870e+01,1.692000e+02
1.233566e+06,1.427738e+01,8.444575e+04,9.773814e-01,9.481423e-01,9.480252e-01,8.299428e-04,1.084837e-08,3.800055e+01,8.041710e+00,2.995884e+01,3.963912e+01,1.692000e+02
1.233576e+06,1.427750e+01,8.445575e+04,9.774971e-01,9.481299e-01,9.480253e-01,8.300512e-04,1.084837e-08,3.800055e+01,8.041455e+00,2.995910e+01,3.963955e+01,1.692000e+02
1.233586e+06,1.427761e+01,8.446575e+04,9.776129e-01,9.481175e-01,9.480254e-01,8.301597e-04,1.084837e-08,3.800055e+01,8.041200e+00,2.995935e+01,3.963997e+01,1.692000e+02
1.233596e+06,1.427773e+01,8.447575e+04,9.777286e-01,9.481052e-01,9.480255e-01,8.302682e-04,1.084837e-08,3.800055e+01,8.040945e+00,2.995961e+01,3.964040e+01,1.692000e+02
1.233606e+06,1.427784e+01,8.448575e+04,9.778444e-01,9.480928e-01,9.480256e-01,8.303767e-04,1.084837e-08,3.800055e+01,8.040690e+00,2.995986e+01,3.964083e+01,1.692000e+02
1.233616e+06,1.427796e+01,8.449575e+04,9.779601e-01,9.480804e-01,9.480257e-01,8.304852e-04,1.084837e-08,3.800055e+01,8.040435e+00,2.996012e+01,3.964125e+01,1.692000e+02
1.233626e+06,1.427808e+01,8.450575e+04,9.780758e-01,9.480681e-01,9.480258e-01,8.305937e-04,1.084837e-08,3.800055e+01,8.040180e+00,2.996037e+01,3.964168e+01,1.692000e+02
1.233636e+06,1.427819e+01,8.451575e+04,9.781916e-01,9.480557e-01,9.480259e-01,8.307022e-04,1.084837e-08,3.800055e+01,8.039925e+00,2.996063e+01,3.964210e+01,1.692000e+02
1.233646e+06,1.427831e+01,8.452575e+04,9.783073e-01,9.480434e-01,9.480260e-01,8.308107e-04,1.084836e-08,3.800055e+01,8.039670e+00,2.996088e+01,3.964253e+01,1.692000e+02
1.233656e+06,1.427842e+01,8.453576e+04,9.784231e-01,9.480310e-01,9.480261e-01,8.309192e-04,1.084836e-08,3.800055e+01,8.039414e+00,2.996114e+01,3.964296e+01,1.692000e+02
1.233666e+06,1.427854e+01,8.454576e+04,9.785388e-01,9.480186e-01,9.480262e-01,8.310277e-04,1.084836e-08,3.800055e+01,8.039159e+00,2.996139e+01,3.964338e+01,1.692000e+02
1.233676e+06,1.427865e+01,8.455576e+04,9.786546e-01,9.480063e-01,9.480263e-01,8.311362e-04,1.084836e-08,3.800055e+01,8.038904e+00,2.996165e+01,3.964381e+01,1.692000e+02
1.233686e+06,1.427877e+01,8.456576e+04,9.787703e-01,9.479939e-01,9.480264e-01,8.312446e-04,1.084836e-08,3.800055e+01,8.038649e+00,2.996190e+01,3.964424e+01,1.692000e+02
1.233696e+06,1.427889e+01,8.457576e+04,9.788861e-01,9.479815e-01,9.480265e-01,8.313531e-04,1.084836e-08,3.800055e+01,8.038394e+00,2.996216e+01,3.964466e+01,1.692000e+02
1.233706e+06,1.427900e+01,8.458576e+04,9.790018e-01,9.479692e-01,9.480266e-01,8.314616e-04,1.084836e-08,3.800055e+01,8.038139e+00,2.996241e+01,3.964509e+01,1.692000e+02
1.233716e+06,1.427912e+01,8.459576e+04,9.791176e-01,9.479568e-01,9.480267e-01,8.315701e-04,1.084836e-08,3.800055e+01,8.037884e+00,2.996267e+01,3.964551e+01,1.692000e+02
1.233726e+06,1.427923e+01,8.460576e+04,9.792333e-01,9.479497e-01,9.480268e-01,8.316786e-04,1.084835e-08,3.800046e+01,8.037724e+00,2.996273e+01,3.964566e+01,1.692000e+02
1.233736e+06,1.427935e+01,8.461576e+04,9.793491e-01,9.479512e-01,9.480269e-01,8.317871e-04,1.084835e-08,3.800020e+01,8.037724e+00,2.996247e+01,3.964534e+01,1.692000e+02
1.233746e+06,1.427946e+01,8.462576e+04,9.794648e-01,9.479528e-01,9.480270e-01,8.318956e-04,1.084835e-08,3.799994e+01,8.037724e+00,2.996222e+01,3.964501e+01,1.692000e+02
1.233756e+06,1.427958e+01,8.463576e+04,9.795806e-01,9.479543e-01,9.480271e-01,8.320041e-04,1.084835e-08,3.799968e+01,8.037724e+00,2.996196e+01,3.964469e+01,1.692000e+02
1.233766e+06,1.427970e+01,8.464576e+04,9.796963e-01,9.479559e-01,9.480273e-01,8.321126e-04,1.084835e-08,3.799942e+01,8.037724e+00,2.996170e+01,3.964436e+01,1.692000e+02
1.233776e+06,1.427981e+01,8.465576e+04,9.798121e-01,9.479575e-01,9.480274e-01,8.322211e-04,1.084835e-08,3.799917e+01,8.037724e+00,2.996144e+01,3.964404e+01,1.692000e+02
1.233786e+06,1.427993e+01,8.466576e+04,9.799278e-01,9.479590e-01,9.480275e-01,8.323296e-04,1.084835e-08,3.799891e+01,8.037724e+00,2.996118e+01,3.964371e+01,1.692000e+02
1.233796e+06,1.428004e+01,8.467576e+04,9.800436e-01,9.479606e-01,9.480276e-01,8.324380e-04,1.084835e-08,3.799865e+01,8.037724e+00,2.996093e+01,3.964339e+01,1.692000e+02
1.233806e+06,1.428016e+01,8.468577e+04,9.801593e-01,9.479622e-01,9.480277e-01,8.325465e-04,1.084835e-08,3.799839e+01,8.037724e+00,2.996067e+01,3.964307e+01,1.692000e+02
1.233816e+06,1.428028e+01,8.469577e+04,9.802751e-01,9.479637e-01,9.480278e-01,8.326550e-04,1.084834e-08,3.799814e+01,8.037724e+00,2.996041e+01,3.964274e+01,1.692000e+02
1.233826e+06,1.428039e+01,8.470577e+04,9.803908e-01,9.479653e-01,9.480279e-01,8.327635e-04,1.084834e-08,3.799788e+01,8.037724e+00,2.996015e+01,3.964242e+01,1.692000e+02
1.233836e+06,1.428051e+01,8.471577e+04,9.805066e-01,9.479669e-01,9.480280e-01,8.328720e-04,1.084834e-08,3.799762e+01,8.037724e+00,2.995990e+01,3.964209e+01,1.692000e+02
1.233846e+06,1.428062e+01,8.472577e+04,9.806223e-01,9.479684e-01,9.480281e-01,8.329805e-04,1.084834e-08,3.799736e+01,8.037724e+00,2.995964e+01,3.964177e+01,1.692000e+02
1.233856e+06,1.428074e+01,8.473577e+04,9.807381e-01,9.479700e-01,9.480282e-01,8.330890e-04,1.084834e-08,3.799710e+01,8.037724e+00,2.995938e+01,3.964145e+01,1.692000e+02
1.233866e+06,1.428085e+01,8.474577e+04,9.808538e-01,9.479715e-01,9.480283e-01,8.331975e-04,1.084834e-08,3.799685e+01,8.037724e+00,2.995912e+01,3.964112e+01,1.692000e+02
1.233876e+06,1.428097e+01,8.475577e+04,9.809696e-01,9.479731e-01,9.480284e-01,8.333060e-04,1.084834e-08,3.799659e+01,8.037724e+00,2.995886e+01,3.964080e+01,1.692000e+02
1.233886e+06,1.428109e+01,8.476577e+04,9.810853e-01,9.479747e-01,9.480285e-01,8.334145e-04,1.084834e-08,3.799633e+01,8.037724e+00,2.995861e+01,3.964047e+01,1.692000e+02
1.233896e+06,1.428120e+01,8.477577e+04,9.812011e-01,9.479762e-01,9.480286e-01,8.335230e-04,1.084833e-08,3.799607e+01,8.037724e+00,2.995835e+01,3.964015e+01,1.692000e+02
1.233906e+06,1.428132e+01,8.478577e+04,9.813168e-01,9.479778e-01,9.480287e-01,8.336314e-04,1.084833e-08,3.799582e+01,8.037724e+00,2.995809e+01,3.963983e+01,1.692000e+02
1.233916e+06,1.428143e+01,8.479577e+04,9.814326e-01,9.479794e-01,9.480288e-01,8.337399e-04,1.084833e-08,3.799556e+01,8.037724e+00,2.995783e+01,3.963950e+01,1.692000e+02
1.233926e+06,1.428155e+01,8.480577e+04,9.815483e-01,9.479809e-01,9.480289e-01,8.338484e-04,1.084833e-08,3.799530e+01,8.037724e+00,2.995758e+01,3.963918e+01,1.692000e+02
1.233936e+06,1.428166e+01,8.481577e+04,9.816641e-01,9.479825e-01,9.480290e-01,8.339569e-04,1.084833e-08,3.799504e+01,8.037724e+00,2.995732e+01,3.963885e+01,1.692000e+02
1.233946e+06,1.428178e+01,8.482578e+04,9.817798e-01,9.479841e-01,9.480291e-01,8.340654e-04,1.084833e-08,3.799478e+01,8.037724e+00,2.995706e+01,3.963853e+01,1.692000e+02
1.233956e+06,1.428190e+01,8.483578e+04,9.818956e-01,9.479856e-01,9.480292e-01,8.341739e-04,1.084833e-08,3.799453e+01,8.037724e+00,2.995680e+01,3.963821e+01,1.692000e+02
1.233966e+06,1.428201e+01,8.484578e+04,9.820113e-01,9.479856e-01,9.480293e-01,8.342824e-04,1.084833e-08,3.799427e+01,8.037724e+00,2.995654e+01,3.963793e+01,1.692000e+02
1.233976e+06,1.428213e+01,8.485578e+04,9.821271e-01,9.479837e-01,9.480294e-01,8.343909e-04,1.084833e-08,3.799389e+01,8.037724e+00,2.995616e+01,3.963760e+01,1.691980e+02
1.233986e+06,1.428224e+01,8.486578e+04,9.822428e-01,9.479814e-01,9.480295e-01,8.344994e-04,1.084832e-08,3.799338e+01,8.037724e+00,2.995565e+01,3.963713e+01,1.691941e+02
1.233996e+06,1.428236e+01,8.487578e+04,9.823585e-01,9.479792e-01,9.480296e-01,8.346079e-04,1.084832e-08,3.799287e+01,8.037724e+00,2.995514e+01,3.963667e+01,1.691901e+02
1.234006e+06,1.428247e+01,8.488578e+04,9.824743e-01,9.479769e-01,9.480297e-01,8.347163e-04,1.084832e-08,3.799236e+01,8.037724e+00,2.995463e+01,3.963621e+01,1.691861e+02
1.234016e+06,1.428259e+01,8.489578e+04,9.825900e-01,9.479747e-01,9.480298e-01,8.348248e-04,1.084832e-08,3.799185e+01,8.037724e+00,2.995412e+01,3.963574e+01,1.691821e+02
1.234026e+06,1.428271e+01,8.490578e+04,9.827058e-01,9.479725e-01,9.480299e-01,8.349333e-04,1.084832e-08,3.799134e+01,8.037724e+00,2.995361e+01,3.963528e+01,1.691782e+02
1.234036e+06,1.428282e+01,8.491578e+04,9.828215e-01,9.479702e-01,9.480300e-01,8.350418e-04,1.084832e-08,3.799083e+01,8.037724e+00,2.995310e+01,3.963482e+01,1.691742e+02
1.234046e+06,1.428294e+01,8.492578e+04,9.829373e-01,9.479680e-01,9.480301e-01,8.351503e-04,1.084832e-08,3.799031e+01,8.037724e+00,2.995259e+01,3.963435e+01,1.691702e+02
1.234056e+06,1.428305e+01,8.493578e+04,9.830530e-01,9.479657e-01,9.480302e-01,8.352588e-04,1.084832e-08,3.798980e+01,8.037724e+00,2.995208e+01,3.963389e+01,1.691662e+02
1.234066e+06,1.428317e+01,8.494578e+04,9.831688e-01,9.479635e-01,9.480303e-01,8.353673e-04,1.084831e-08,3.798929e+01,8.037724e+00,2.995157e+01,3.963343e+01,1.691622e+02
1.234076e+06,1.428328e+01,8.495578e+04,9.832845e-01,9.479612e-01,9.480304e-01,8.354758e-04,1.084831e-08,3.798878e+01,8.037724e+00,2.995106e+01,3.963296e+01,1.691583e+02
1.234086e+06,1.428340e+01,8.496578e+04,9.834003e-01,9.479590e-01,9.480305e-01,8.355843e-04,1.084831e-08,3.798827e+01,8.037724e+00,2.995055e+01,3.963250e+01,1.691543e+02
1.234096e+06,1.428352e+01,8.497579e+04,9.835160e-01,9.479567e-01,9.480306e-01,8.356928e-04,1.084831e-08,3.798776e+01,8.037724e+00,2.995004e+01,3.963203e+01,1.691503e+02
1.234106e+06,1.428363e+01,8.498579e+04,9.836318e-01,9.479545e-01,9.480307e-01,8.358013e-04,1.084831e-08,3.798725e+01,8.037724e+00,2.994953e+01,3.963157e+01,1.691463e+02
1.234116e+06,1.428375e+01,8.499579e+04,9.837475e-01,9.479522e-01,9.480309e-01,8.359097e-04,1.084831e-08,3.798674e+01,8.037724e+00,2.994902e+01,3.963111e+01,1.691424e+02
1.234126e+06,1.428386e+01,8.500579e+04,9.838633e-01,9.479500e-01,9.480310e-01,8.360182e-04,1.084831e-08,3.798623e+01,8.037724e+00,2.994851e+01,3.963064e+01,1.691384e+02
1.234136e+06,1.428398e+01,8.501579e+04,9.839790e-01,9.479477e-01,9.480311e-01,8.361267e-04,1.084831e-08,3.798572e+01,8.037724e+00,2.994800e+01,3.963018e+01,1.691344e+02
1.234146e+06,1.428409e+01,8.502579e+04,9.840948e-01,9.479455e-01,9.480312e-01,8.362352e-04,1.084831e-08,3.798521e+01,8.037724e+00,2.994749e+01,3.962972e+01,1.691304e+02
1.234156e+06,1.428421e+01,8.503579e+04,9.842105e-01,9.479432e-01,9.480313e-01,8.363437e-04,1.084830e-08,3.798470e+01,8.037724e+00,2.994698e+01,3.962925e+01,1.691264e+02
1.234166e+06,1.428433e+01,8.504579e+04,9.843263e-01,9.479410e-01,9.480314e-01,8.364522e-04,1.084830e-08,3.798419e+01,8.037724e+00,2.994647e+01,3.962879e+01,1.691225e+02
1.234176e+06,1.428444e+01,8.505579e+04,9.844420e-01,9.479388e-01,9.480315e-01,8.365607e-04,1.084830e-08,3.798368e+01,8.037724e+00,2.994596e+01,3.962833e+01,1.691185e+02
1.234186e+06,1.428456e+01,8.506579e+04,9.845578e-01,9.479365e-01,9.480316e-01,8.366692e-04,1.084830e-08,3.798317e+01,8.037724e+00,2.994545e+01,3.962786e+01,1.691145e+02
1.234196e+06,1.428467e+01,8.507579e+04,9.846735e-01,9.479343e-01,9.480317e-01,8.367777e-04,1.084830e-08,3.798266e+01,8.037724e+00,2.994494e+01,3.962740e+01,1.691105e+02
1.234206e+06,1.428479e+01,8.508579e+04,9.847893e-01,9.479320e-01,9.480318e-01,8.368862e-04,1.084830e-08,3.798215e+01,8.037724e+00,2.994443e+01,3.962694e+01,1.691066e+02
1.234216e+06,1.428491e+01,8.509579e+04,9.849050e-01,9.479332e-01,9.480319e-01,8.369946e-04,1.084830e-08,3.798164e+01,8.037724e+00,2.994392e+01,3.962636e+01,1.691026e+02
1.234226e+06,1.428502e+01,8.510579e+04,9.850208e-01,9.479434e-01,9.480320e-01,8.371031e-04,1.084830e-08,3.798122e+01,8.037724e+00,2.994350e+01,3.962558e+01,1.691028e+02
1.234236e+06,1.428514e+01,8.511579e+04,9.851365e-01,9.479588e-01,9.480321e-01,8.372116e-04,1.084829e-08,3.798096e+01,8.037724e+00,2.994324e+01,3.962479e+01,1.691109e+02
1.234246e+06,1.428525e+01,8.512580e+04,9.852523e-01,9.479743e-01,9.480322e-01,8.373201e-04,1.084829e-08,3.798070e+01,8.037724e+00,2.994298e+01,3.962400e+01,1.691189e+02
1.234256e+06,1.428537e+01,8.513580e+04,9.853680e-01,9.479898e-01,9.480323e-01,8.374286e-04,1.084829e-08,3.798045e+01,8.037724e+00,2.994272e+01,3.962322e+01,1.691269e+02
1.234266e+06,1.428548e+01,8.514580e+04,9.854838e-01,9.480052e-01,9.480324e-01,8.375371e-04,1.084829e-08,3.798019e+01,8.037724e+00,2.994246e+01,3.962243e+01,1.691350e+02
1.234276e+06,1.428560e+01,8.515580e+04,9.855995e-01,9.480207e-01,9.480325e-01,8.376456e-04,1.084829e-08,3.797993e+01,8.037724e+00,2.994221e+01,3.962164e+01,1.691430e+02
1.234286e+06,1.428572e+01,8.516580e+04,9.857153e-01,9.480362e-01,9.480326e-01,8.377541e-04,1.084829e-08,3.797967e+01,8.037724e+00,2.994195e+01,3.962085e+01,1.691511e+02
1.234296e+06,1.428583e+01,8.517580e+04,9.858310e-01,9.480516e-01,9.480327e-01,8.378626e-04,1.084829e-08,3.797942e+01,8.037724e+00,2.994169e+01,3.962007e+01,1.691591e+02
1.234306e+06,1.428595e+01,8.518580e+04,9.859468e-01,9.480671e-01,9.480328e-01,8.379711e-04,1.084829e-08,3.797916e+01,8.037724e+00,2.994143e+01,3.961928e+01,1.691671e+02
1.234316e+06,1.428606e+01,8.519580e+04,9.860625e-01,9.480825e-01,9.480329e-01,8.380796e-04,1.084829e-08,3.797890e+01,8.037724e+00,2.994118e+01,3.961849e+01,1.691752e+02
1.234326e+06,1.428618e+01,8.520580e+04,9.861783e-01,9.480980e-01,9.480330e-01,8.381880e-04,1.084828e-08,3.797864e+01,8.037724e+00,2.994092e+01,3.961771e+01,1.691832e+02
1.234336e+06,1.428629e+01,8.521580e+04,9.862940e-01,9.481135e-01,9.480331e-01,8.382965e-04,1.084828e-08,3.797838e+01,8.037724e+00,2.994066e+01,3.961692e+01,1.691913e+02
1.234346e+06,1.428641e+01,8.522580e+04,9.864098e-01,9.481289e-01,9.480332e-01,8.384050e-04,1.084828e-08,3.797813e+01,8.037724e+00,2.994040e+01,3.961613e+01,1.691993e+02
1.234356e+06,1.428653e+01,8.523580e+04,9.865255e-01,9.481444e-01,9.480333e-01,8.385135e-04,1.084828e-08,3.797787e+01,8.037724e+00,2.994014e+01,3.961535e+01,1.692073e+02
1.234366e+06,1.428664e+01,8.524580e+04,9.866412e-01,9.481599e-01,9.480334e-01,8.386220e-04,1.084828e-08,3.797761e+01,8.037724e+00,2.993989e+01,3.961456e+01,1.692154e+02
1.234376e+06,1.428676e+01,8.525580e+04,9.867570e-01,9.481753e-01,9.480335e-01,8.387305e-04,1.084828e-08,3.797735e+01,8.037724e+00,2.993963e+01,3.961377e+01,1.692234e+02
1.234386e+06,1.428687e+01,8.526581e+04,9.868727e-01,9.481908e-01,9.480336e-01,8.388390e-04,1.084828e-08,3.797710e+01,8.037724e+00,2.993937e+01,3.961298e+01,1.692314e+02
1.234396e+06,1.428699e+01,8.527581e+04,9.869885e-01,9.482062e-01,9.480337e-01,8.389475e-04,1.084828e-08,3.797684e+01,8.037724e+00,2.993911e+01,3.961220e+01,1.692395e+02
1.234406e+06,1.428710e+01,8.528581e+04,9.871042e-01,9.482217e-01,9.480338e-01,8.390560e-04,1.084827e-08,3.797658e+01,8.037724e+00,2.993886e+01,3.961141e+01,1.692475e+02
1.234416e+06,1.428722e+01,8.529581e+04,9.872200e-01,9.482372e-01,9.480339e-01,8.391645e-04,1.084827e-08,3.797632e+01,8.037724e+00,2.993860e+01,3.961062e+01,1.692556e+02
1.234426e+06,1.428734e+01,8.530581e+04,9.873357e-01,9.482526e-01,9.480340e-01,8.392729e-04,1.084827e-08,3.797606e+01,8.037724e+00,2.993834e+01,3.960984e+01,1.692636e+02
1.234436e+06,1.428745e+01,8.531581e+04,9.874515e-01,9.482681e-01,9.480341e-01,8.393814e-04,1.084827e-08,3.797581e+01,8.037724e+00,2.993808e+01,3.960905e+01,1.692716e+02
1.234446e+06,1.428757e+01,8.532581e+04,9.875672e-01,9.482836e-01,9.480342e-01,8.394899e-04,1.084827e-08,3.797555e+01,8.037724e+00,2.993782e+01,3.960826e+01,1.692797e+02
1.234456e+06,1.428768e+01,8.533581e+04,9.876830e-01,9.482990e-01,9.480343e-01,8.395984e-04,1.084827e-08,3.797529e+01,8.037724e+00,2.993757e+01,3.960748e+01,1.692877e+02
1.234466e+06,1.428780e+01,8.534581e+04,9.877987e-01,9.483085e-01,9.480345e-01,8.397069e-04,1.084827e-08,3.797503e+01,8.037724e+00,2.993731e+01,3.960689e+01,1.692957e+02
1.234476e+06,1.428791e+01,8.535581e+04,9.879145e-01,9.483042e-01,9.480346e-01,8.398154e-04,1.084827e-08,3.797449e+01,8.037724e+00,2.993677e+01,3.960647e+01,1.692962e+02
1.234486e+06,1.428803e+01,8.536581e+04,9.880302e-01,9.482921e-01,9.480347e-01,8.399239e-04,1.084827e-08,3.797364e+01,8.037724e+00,2.993592e+01,3.960597e+01,1.692883e+02
1.234496e+06,1.428815e+01,8.537581e+04,9.881460e-01,9.482801e-01,9.480348e-01,8.400324e-04,1.084826e-08,3.797279e+01,8.037724e+00,2.993506e+01,3.960547e+01,1.692803e+02
1.234506e+06,1.428826e+01,8.538581e+04,9.882617e-01,9.482680e-01,9.480349e-01,8.401409e-04,1.084826e-08,3.797193e+01,8.037724e+00,2.993421e+01,3.960497e+01,1.692723e+02
1.234516e+06,1.428838e+01,8.539581e+04,9.883775e-01,9.482560e-01,9.480350e-01,8.402494e-04,1.084826e-08,3.797108e+01,8.037724e+00,2.993336e+01,3.960447e+01,1.692643e+02
1.234526e+06,1.428849e+01,8.540581e+04,9.884932e-01,9.482440e-01,9.480351e-01,8.403578e-04,1.084826e-08,3.797023e+01,8.037724e+00,2.993250e+01,3.960397e+01,1.692563e+02
1.234536e+06,1.428861e+01,8.541582e+04,9.886090e-01,9.482319e-01,9.480352e-01,8.404663e-04,1.084826e-08,3.796937e+01,8.037724e+00,2.993165e+01,3.960347e+01,1.692483e+02
1.234546e+06,1.428872e+01,8.542582e+04,9.887247e-01,9.482199e-01,9.480353e-01,8.405748e-04,1.084826e-08,3.796852e+01,8.037724e+00,2.993080e+01,3.960297e+01,1.692404e+02
1.234556e+06,1.428884e+01,8.543582e+04,9.888405e-01,9.482078e-01,9.480354e-01,8.406833e-04,1.084826e-08,3.796767e+01,8.037724e+00,2.992994e+01,3.960248e+01,1.692324e+02
1.234566e+06,1.428896e+01,8.544582e+04,9.889562e-01,9.481958e-01,9.480355e-01,8.407918e-04,1.084826e-08,3.796682e+01,8.037724e+00,2.992909e+01,3.960198e+01,1.692244e+02
1.234576e+06,1.428907e+01,8.545582e+04,9.890720e-01,9.481837e-01,9.480356e-01,8.409003e-04,1.084825e-08,3.796596e+01,8.037724e+00,2.992824e+01,3.960148e+01,1.692164e+02
1.234586e+06,1.428919e+01,8.546582e+04,9.891877e-01,9.481717e-01,9.480357e-01,8.410088e-04,1.084825e-08,3.796511e+01,8.037724e+00,2.992738e+01,3.960098e+01,1.692084e+02
1.234596e+06,1.428930e+01,8.547582e+04,9.893035e-01,9.481596e-01,9.480358e-01,8.411173e-04,1.084825e-08,3.796426e+01,8.037724e+00,2.992653e+01,3.960048e+01,1.692005e+02
1.234606e+06,1.428942e+01,8.548582e+04,9.894192e-01,9.481476e-01,9.480359e-01,8.412258e-04,1.084825e-08,3.796340e+01,8.037724e+00,2.992568e+01,3.959998e+01,1.691925e+02
1.234616e+06,1.428953e+01,8.549582e+04,9.895350e-01,9.481355e-01,9.480360e-01,8.413343e-04,1.084825e-08,3.796255e+01,8.037724e+00,2.992482e+01,3.959948e+01,1.691845e+02
1.234626e+06,1.428965e+01,8.550582e+04,9.896507e-01,9.481235e-01,9.480361e-01,8.414427e-04,1.084825e-08,3.796170e+01,8.037724e+00,2.992397e+01,3.959898e+01,1.691765e+02
1.234636e+06,1.428977e+01,8.551582e+04,9.897665e-01,9.481115e-01,9.480362e-01,8.415512e-04,1.084825e-08,3.796084e+01,8.037724e+00,2.992312e+01,3.959848e+01,1.691685e+02
1.234646e+06,1.428988e+01,8.552582e+04,9.898822e-01,9.480994e-01,9.480363e-01,8.416597e-04,1.084825e-08,3.795999e+01,8.037724e+00,2.992226e+01,3.959798e+01,1.691605e+02
1.234656e+06,1.429000e+01,8.553582e+04,9.899980e-01,9.480874e-01,9.480364e-01,8.417682e-04,1.084825e-08,3.795914e+01,8.037724e+00,2.992141e+01,3.959749e+01,1.691526e+02
1.234666e+06,1.429011e+01,8.554582e+04,9.901137e-01,9.480753e-01,9.480365e-01,8.418767e-04,1.084824e-08,3.795828e+01,8.037724e+00,2.992056e+01,3.959699e+01,1.691446e+02
1.234676e+06,1.429023e+01,8.555582e+04,9.902295e-01,9.480633e-01,9.480366e-01,8.419852e-04,1.084824e-08,3.795743e+01,8.037724e+00,2.991970e+01,3.959649e+01,1.691366e+02
1.234686e+06,1.429035e+01,8.556583e+04,9.903452e-01,9.480512e-01,9.480367e-01,8.420937e-04,1.084824e-08,3.795658e+01,8.037724e+00,2.991885e+01,3.959599e+01,1.691286e+02
1.234696e+06,1.429046e+01,8.557583e+04,9.904610e-01,9.480392e-01,9.480368e-01,8.422022e-04,1.084824e-08,3.795572e+01,8.037724e+00,2.991800e+01,3.959549e+01,1.691206e+02
1.234706e+06,1.429058e+01,8.558583e+04,9.905767e-01,9.480271e-01,9.480369e-01,8.423107e-04,1.084824e-08,3.795487e+01,8.037724e+00,2.991714e+01,3.959499e+01,1.691126e+02
1.234716e+06,1.429069e+01,8.559583e+04,9.906924e-01,9.480204e-01,9.480370e-01,8.424192e-04,1.084824e-08,3.795402e+01,8.037724e+00,2.991629e+01,3.959431e+01,1.691047e+02
1.234726e+06,1.429081e+01,8.560583e+04,9.908082e-01,9.480280e-01,9.480371e-01,8.425276e-04,1.084824e-08,3.795463e+01,8.037724e+00,2.991690e+01,3.959471e+01,1.691033e+02
1.234736e+06,1.429092e+01,8.561583e+04,9.909239e-01,9.480450e-01,9.480372e-01,8.426361e-04,1.084824e-08,3.795729e+01,8.037724e+00,2.991957e+01,3.959695e+01,1.691114e+02
1.234746e+06,1.429104e+01,8.562583e+04,9.910397e-01,9.480620e-01,9.480373e-01,8.427446e-04,1.084823e-08,3.795995e+01,8.037724e+00,2.992223e+01,3.959919e+01,1.691194e+02
1.234756e+06,1.429116e+01,8.563583e+04,9.911554e-01,9.480790e-01,9.480374e-01,8.428531e-04,1.084823e-08,3.796262e+01,8.037724e+00,2.992489e+01,3.960144e+01,1.691275e+02
1.234766e+06,1.429127e+01,8.564583e+04,9.912712e-01,9.480961e-01,9.480375e-01,8.429616e-04,1.084823e-08,3.796528e+01,8.037724e+00,2.992756e+01,3.960368e+01,1.691355e+02
1.234776e+06,1.429139e+01,8.565583e+04,9.913869e-01,9.481131e-01,9.480376e-01,8.430701e-04,1.084823e-08,3.796794e+01,8.037724e+00,2.993022e+01,3.960592e+01,1.691435e+02
1.234786e+06,1.429150e+01,8.566583e+04,9.915027e-01,9.481301e-01,9.480377e-01,8.431786e-04,1.084823e-08,3.797061e+01,8.037724e+00,2.993288e+01,3.960816e+01,1.691516e+02
1.234796e+06,1.429162e+01,8.567583e+04,9.916184e-01,9.481471e-01,9.480378e-01,8.432871e-04,1.084823e-08,3.797327e+01,8.037724e+00,2.993555e+01,3.961041e+01,1.691596e+02
1.234806e+06,1.429173e+01,8.568583e+04,9.917342e-01,9.481642e-01,9.480379e-01,8.433956e-04,1.084823e-08,3.797594e+01,8.037724e+00,2.993821e+01,3.961265e+01,1.691677e+02
1.234816e+06,1.429185e+01,8.569583e+04,9.918499e-01,9.481812e-01,9.480381e-01,8.435040e-04,1.084823e-08,3.797860e+01,8.037724e+00,2.994088e+01,3.961489e+01,1.691757e+02
1.234826e+06,1.429197e+01,8.570584e+04,9.919657e-01,9.481982e-01,9.480382e-01,8.436125e-04,1.084823e-08,3.798126e+01,8.037724e+00,2.994354e+01,3.961713e+01,1.691837e+02
1.234836e+06,1.429208e+01,8.571584e+04,9.920814e-01,9.482152e-01,9.480383e-01,8.437210e-04,1.084822e-08,3.798393e+01,8.037724e+00,2.994620e+01,3.961938e+01,1.691918e+02
1.234846e+06,1.429220e+01,8.572584e+04,9.921972e-01,9.482322e-01,9.480384e-01,8.438295e-04,1.084822e-08,3.798659e+01,8.037724e+00,2.994887e+01,3.962162e+01,1.691998e+02
1.234856e+06,1.429231e+01,8.573584e+04,9.923129e-01,9.482493e-01,9.480385e-01,8.439380e-04,1.084822e-08,3.798925e+01,8.037724e+00,2.995153e+01,3.962386e+01,1.692078e+02
1.234866e+06,1.429243e+01,8.574584e+04,9.924287e-01,9.482663e-01,9.480386e-01,8.440465e-04,1.084822e-08,3.799192e+01,8.037724e+00,2.995419e+01,3.962610e+01,1.692159e+02
1.234876e+06,1.429254e+01,8.575584e+04,9.925444e-01,9.482833e-01,9.480387e-01,8.441550e-04,1.084822e-08,3.799458e+01,8.037724e+00,2.995686e+01,3.962834e+01,1.692239e+02
1.234886e+06,1.429266e+01,8.576584e+04,9.926602e-01,9.483003e-01,9.480388e-01,8.442635e-04,1.084822e-08,3.799724e+01,8.037724e+00,2.995952e+01,3.963059e+01,1.692320e+02
1.234896e+06,1.429278e+01,8.577584e+04,9.927759e-01,9.483174e-01,9.480389e-01,8.443720e-04,1.084822e-08,3.799991e+01,8.037724e+00,2.996218e+01,3.963283e+01,1.692400e+02
1.234906e+06,1.429289e+01,8.578584e+04,9.928917e-01,9.483344e-01,9.480390e-01,8.444805e-04,1.084822e-08,3.800257e+01,8.037724e+00,2.996485e+01,3.963507e+01,1.692480e+02
1.234916e+06,1.429301e+01,8.579584e+04,9.930074e-01,9.483514e-01,9.480391e-01,8.445889e-04,1.084821e-08,3.800524e+01,8.037724e+00,2.996751e+01,3.963731e+01,1.692561e+02
1.234926e+06,1.429312e+01,8.580584e+04,9.931232e-01,9.483684e-01,9.480392e-01,8.446974e-04,1.084821e-08,3.800790e+01,8.037724e+00,2.997018e+01,3.963955e+01,1.692641e+02
1.234936e+06,1.429324e+01,8.581584e+04,9.932389e-01,9.483855e-01,9.480393e-01,8.448059e-04,1.084821e-08,3.801056e+01,8.037724e+00,2.997284e+01,3.964179e+01,1.692721e+02
1.234946e+06,1.429335e+01,8.582584e+04,9.933547e-01,9.484025e-01,9.480394e-01,8.449144e-04,1.084821e-08,3.801323e+01,8.037724e+00,2.997550e+01,3.964403e+01,1.692802e+02
1.234956e+06,1.429347e+01,8.583584e+04,9.934704e-01,9.484195e-01,9.480395e-01,8.450229e-04,1.084821e-08,3.801589e+01,8.037724e+00,2.997817e+01,3.964628e+01,1.692882e+02
1.234966e+06,1.429359e+01,8.584584e+04,9.935862e-01,9.484331e-01,9.480396e-01,8.451314e-04,1.084821e-08,3.801855e+01,8.037724e+00,2.998083e+01,3.964863e+01,1.692963e+02
1.234976e+06,1.429370e+01,8.585585e+04,9.937019e-01,9.484349e-01,9.480397e-01,8.452399e-04,1.084821e-08,3.801952e+01,8.037861e+00,2.998166e+01,3.964958e+01,1.693000e+02
1.234986e+06,1.429382e+01,8.586585e+04,9.938177e-01,9.484290e-01,9.480398e-01,8.453484e-04,1.084821e-08,3.801901e+01,8.038116e+00,2.998089e+01,3.964923e+01,1.693000e+02
1.234996e+06,1.429393e+01,8.587585e+04,9.939334e-01,9.484231e-01,9.480399e-01,8.454569e-04,1.084821e-08,3.801850e+01,8.038371e+00,2.998013e+01,3.964887e+01,1.693000e+02
1.235006e+06,1.429405e+01,8.588585e+04,9.940492e-01,9.484173e-01,9.480400e-01,8.455654e-04,1.084820e-08,3.801799e+01,8.038626e+00,2.997936e+01,3.964851e+01,1.693000e+02
1.235016e+06,1.429416e+01,8.589585e+04,9.941649e-01,9.484114e-01,9.480401e-01,8.456738e-04,1.084820e-08,3.801748e+01,8.038881e+00,2.997860e+01,3.964816e+01,1.693000e+02
1.235026e+06,1.429428e+01,8.590585e+04,9.942807e-01,9.484055e-01,9.480402e-01,8.457823e-04,1.084820e-08,3.801697e+01,8.039136e+00,2.997783e+01,3.964780e+01,1.693000e+02
1.235036e+06,1.429440e+01,8.591585e+04,9.943964e-01,9.483996e-01,9.480403e-01,8.458908e-04,1.084820e-08,3.801646e+01,8.039391e+00,2.997707e+01,3.964745e+01,1.693000e+02
1.235046e+06,1.429451e+01,8.592585e+04,9.945122e-01,9.483938e-01,9.480404e-01,8.459993e-04,1.084820e-08,3.801595e+01,8.039646e+00,2.997630e+01,3.964709e+01,1.693000e+02
1.235056e+06,1.429463e+01,8.593585e+04,9.946279e-01,9.483879e-01,9.480405e-01,8.461078e-04,1.084820e-08,3.801544e+01,8.039902e+00,2.997554e+01,3.964673e+01,1.693000e+02
1.235066e+06,1.429474e+01,8.594585e+04,9.947437e-01,9.483820e-01,9.480406e-01,8.462163e-04,1.084820e-08,3.801493e+01,8.040157e+00,2.997477e+01,3.964638e+01,1.693000e+02
1.235076e+06,1.429486e+01,8.595585e+04,9.948594e-01,9.483762e-01,9.480407e-01,8.463248e-04,1.084820e-08,3.801442e+01,8.040412e+00,2.997401e+01,3.964602e+01,1.693000e+02
1.235086e+06,1.429498e+01,8.596585e+04,9.949751e-01,9.483703e-01,9.480408e-01,8.464333e-04,1.084819e-08,3.801391e+01,8.040667e+00,2.997324e+01,3.964566e+01,1.693000e+02
1.235096e+06,1.429509e+01,8.597585e+04,9.950909e-01,9.483644e-01,9.480409e-01,8.465418e-04,1.084819e-08,3.801340e+01,8.040922e+00,2.997248e+01,3.964531e+01,1.693000e+02
1.235106e+06,1.429521e+01,8.598585e+04,9.952066e-01,9.483586e-01,9.480410e-01,8.466502e-04,1.084819e-08,3.801289e+01,8.041177e+00,2.997171e+01,3.964495e+01,1.693000e+02
1.235116e+06,1.429532e+01,8.599585e+04,9.953224e-01,9.483527e-01,9.480411e-01,8.467587e-04,1.084819e-08,3.801238e+01,8.041432e+00,2.997094e+01,3.964460e+01,1.693000e+02
1.235126e+06,1.429544e+01,8.600586e+04,9.954381e-01,9.483468e-01,9.480412e-01,8.468672e-04,1.084819e-08,3.801187e+01,8.041687e+00,2.997018e+01,3.964424e+01,1.693000e+02
1.235136e+06,1.429555e+01,8.601586e+04,9.955539e-01,9.483409e-01,9.480413e-01,8.469757e-04,1.084819e-08,3.801136e+01,8.041942e+00,2.996941e+01,3.964388e+01,1.693000e+02
1.235146e+06,1.429567e+01,8.602586e+04,9.956696e-01,9.483351e-01,9.480414e-01,8.470842e-04,1.084819e-08,3.801085e+01,8.042198e+00,2.996865e+01,3.964353e+01,1.693000e+02
1.235156e+06,1.429579e+01,8.603586e+04,9.957854e-01,9.483292e-01,9.480415e-01,8.471927e-04,1.084819e-08,3.801034e+01,8.042453e+00,2.996788e+01,3.964317e+01,1.693000e+02
1.235166e+06,1.429590e+01,8.604586e+04,9.959011e-01,9.483233e-01,9.480417e-01,8.473012e-04,1.084819e-08,3.800983e+01,8.042708e+00,2.996712e+01,3.964281e+01,1.693000e+02
1.235176e+06,1.429602e+01,8.605586e+04,9.960169e-01,9.483175e-01,9.480418e-01,8.474097e-04,1.084818e-08,3.800932e+01,8.042963e+00,2.996635e+01,3.964246e+01,1.693000e+02
1.235186e+06,1.429613e+01,8.606586e+04,9.961326e-01,9.483116e-01,9.480419e-01,8.475182e-04,1.084818e-08,3.800881e+01,8.043218e+00,2.996559e+01,3.964210e+01,1.693000e+02
1.235196e+06,1.429625e+01,8.607586e+04,9.962484e-01,9.483057e-01,9.480420e-01,8.476266e-04,1.084818e-08,3.800830e+01,8.043473e+00,2.996482e+01,3.964175e+01,1.693000e+02
1.235206e+06,1.429636e+01,8.608586e+04,9.963641e-01,9.482998e-01,9.480421e-01,8.477351e-04,1.084818e-08,3.800778e+01,8.043728e+00,2.996406e+01,3.964139e+01,1.693000e+02
1.235216e+06,1.429648e+01,8.609586e+04,9.964799e-01,9.482927e-01,9.480422e-01,8.478436e-04,1.084818e-08,3.800727e+01,8.043983e+00,2.996329e+01,3.964107e+01,1.693000e+02
1.235226e+06,1.429660e+01,8.610586e+04,9.965956e-01,9.482857e-01,9.480423e-01,8.479521e-04,1.084818e-08,3.800666e+01,8.044138e+00,2.996252e+01,3.964065e+01,1.692984e+02
1.235236e+06,1.429671e+01,8.611586e+04,9.967114e-01,9.482819e-01,9.480424e-01,8.480606e-04,1.084818e-08,3.800589e+01,8.044138e+00,2.996175e+01,3.963997e+01,1.692944e+02
1.235246e+06,1.429683e+01,8.612586e+04,9.968271e-01,9.482781e-01,9.480425e-01,8.481691e-04,1.084818e-08,3.800512e+01,8.044138e+00,2.996098e+01,3.963928e+01,1.692904e+02
1.235256e+06,1.429694e+01,8.613586e+04,9.969429e-01,9.482743e-01,9.480426e-01,8.482776e-04,1.084817e-08,3.800435e+01,8.044138e+00,2.996021e+01,3.963860e+01,1.692864e+02
1.235266e+06,1.429706e+01,8.614587e+04,9.970586e-01,9.482704e-01,9.480427e-01,8.483861e-04,1.084817e-08,3.800358e+01,8.044138e+00,2.995944e+01,3.963791e+01,1.692824e+02
1.235276e+06,1.429717e+01,8.615587e+04,9.971744e-01,9.482666e-01,9.480428e-01,8.484946e-04,1.084817e-08,3.800281e+01,8.044138e+00,2.995867e+01,3.963723e+01,1.692784e+02
1.235286e+06,1.429729e+01,8.616587e+04,9.972901e-01,9.482628e-01,9.480429e-01,8.486031e-04,1.084817e-08,3.800204e+01,8.044138e+00,2.995790e+01,3.963654e+01,1.692744e+02
1.235296e+06,1.429741e+01,8.617587e+04,9.974059e-01,9.482590e-01,9.480430e-01,8.487115e-04,1.084817e-08,3.800127e+01,8.044138e+00,2.995713e+01,3.963585e+01,1.692704e+02
1.235306e+06,1.429752e+01,8.618587e+04,9.975216e-01,9.482552e-01,9.480431e-01,8.488200e-04,1.084817e-08,3.800050e+01,8.044138e+00,2.995636e+01,3.963517e+01,1.692664e+02
1.235316e+06,1.429764e+01,8.619587e+04,9.976374e-01,9.482514e-01,9.480432e-01,8.489285e-04,1.084817e-08,3.799973e+01,8.044138e+00,2.995559e+01,3.963448e+01,1.692624e+02
1.235326e+06,1.429775e+01,8.620587e+04,9.977531e-01,9.482476e-01,9.480433e-01,8.490370e-04,1.084817e-08,3.799896e+01,8.044138e+00,2.995482e+01,3.963380e+01,1.692584e+02
1.235336e+06,1.429787e+01,8.621587e+04,9.978689e-01,9.482437e-01,9.480434e-01,8.491455e-04,1.084817e-08,3.799818e+01,8.044138e+00,2.995405e+01,3.963311e+01,1.692544e+02
1.235346e+06,1.429798e+01,8.622587e+04,9.979846e-01,9.482399e-01,9.480435e-01,8.492540e-04,1.084816e-08,3.799741e+01,8.044138e+00,2.995328e+01,3.963243e+01,1.692504e+02
1.235356e+06,1.429810e+01,8.623587e+04,9.981004e-01,9.482361e-01,9.480436e-01,8.493625e-04,1.084816e-08,3.799664e+01,8.044138e+00,2.995251e+01,3.963174e+01,1.692464e+02
1.235366e+06,1.429822e+01,8.624587e+04,9.982161e-01,9.482323e-01,9.480437e-01,8.494710e-04,1.084816e-08,3.799587e+01,8.044138e+00,2.995173e+01,3.963105e+01,1.692423e+02
1.235376e+06,1.429833e+01,8.625587e+04,9.983319e-01,9.482285e-01,9.480438e-01,8.495795e-04,1.084816e-08,3.799510e+01,8.044138e+00,2.995096e+01,3.963037e+01,1.692383e+02
1.235386e+06,1.429845e+01,8.626587e+04,9.984476e-01,9.482247e-01,9.480439e-01,8.496879e-04,1.084816e-08,3.799433e+01,8.044138e+00,2.995019e+01,3.962968e+01,1.692343e+02
1.235396e+06,1.429856e+01,8.627587e+04,9.985634e-01,9.482209e-01,9.480440e-01,8.497964e-04,1.084816e-08,3.799356e+01,8.044138e+00,2.994942e+01,3.962900e+01,1.692303e+02
1.235406e+06,1.429868e+01,8.628587e+04,9.986791e-01,9.482170e-01,9.480441e-01,8.499049e-04,1.084816e-08,3.799279e+01,8.044138e+00,2.994865e+01,3.962831e+01,1.692263e+02
1.235416e+06,1.429879e+01,8.629588e+04,9.987949e-01,9.482132e-01,9.480442e-01,8.500134e-04,1.084816e-08,3.799202e+01,8.044138e+00,2.994788e+01,3.962763e+01,1.692223e+02
1.235426e+06,1.429891e+01,8.630588e+04,9.989106e-01,9.482094e-01,9.480443e-01,8.501219e-04,1.084815e-08,3.799125e+01,8.044138e+00,2.994711e+01,3.962694e+01,1.692183e+02
1.235436e+06,1.429903e+01,8.631588e+04,9.990263e-01,9.482056e-01,9.480444e-01,8.502304e-04,1.084815e-08,3.799048e+01,8.044138e+00,2.994634e+01,3.962626e+01,1.692143e+02
1.235446e+06,1.429914e+01,8.632588e+04,9.991421e-01,9.482018e-01,9.480445e-01,8.503389e-04,1.084815e-08,3.798971e+01,8.044138e+00,2.994557e+01,3.962557e+01,1.692103e+02
1.235456e+06,1.429926e+01,8.633588e+04,9.992578e-01,9.481980e-01,9.480446e-01,8.504474e-04,1.084815e-08,3.798894e+01,8.044138e+00,2.994480e+01,3.962488e+01,1.692063e+02
1.235466e+06,1.429937e+01,8.634588e+04,9.993736e-01,9.481969e-01,9.480447e-01,8.505559e-04,1.084815e-08,3.798817e+01,8.044138e+00,2.994403e+01,3.962411e+01,1.692023e+02
1.235476e+06,1.429949e+01,8.635588e+04,9.994893e-01,9.482029e-01,9.480448e-01,8.506643e-04,1.084815e-08,3.798794e+01,8.044138e+00,2.994381e+01,3.962367e+01,1.692017e+02
1.235486e+06,1.429961e+01,8.636588e+04,9.996051e-01,9.482134e-01,9.480449e-01,8.507728e-04,1.084815e-08,3.798846e+01,8.044138e+00,2.994432e+01,3.962386e+01,1.692057e+02
1.235496e+06,1.429972e+01,8.637588e+04,9.997208e-01,9.482240e-01,9.480450e-01,8.508813e-04,1.084815e-08,3.798897e+01,8.044138e+00,2.994483e+01,3.962405e+01,1.692097e+02
1.235506e+06,1.429984e+01,8.638588e+04,9.998366e-01,9.482345e-01,9.480451e-01,8.509898e-04,1.084815e-08,3.798948e+01,8.044138e+00,2.994535e+01,3.962424e+01,1.692137e+02
1.235516e+06,1.429995e+01,8.639588e+04,9.999523e-01,9.482451e-01,9.480453e-01,8.510983e-04,1.084814e-08,3.799000e+01,8.044138e+00,2.994586e+01,3.962443e+01,1.692177e+02
1.235526e+06,1.430007e+01,8.640588e+04,1.000068e+00,9.482556e-01,9.480454e-01,8.512068e-04,1.084814e-08,3.799051e+01,8.044138e+00,2.994637e+01,3.962462e+01,1.692217e+02
1.235536e+06,1.430018e+01,8.641588e+04,1.000184e+00,9.482662e-01,9.480455e-01,8.513153e-04,1.084814e-08,3.799103e+01,8.044138e+00,2.994689e+01,3.962481e+01,1.692257e+02
1.235546e+06,1.430030e+01,8.642588e+04,1.000300e+00,9.482768e-01,9.480456e-01,8.514238e-04,1.084814e-08,3.799154e+01,8.044138e+00,2.994740e+01,3.962500e+01,1.692297e+02
1.235556e+06,1.430042e+01,8.643588e+04,1.000415e+00,9.482873e-01,9.480457e-01,8.515323e-04,1.084814e-08,3.799205e+01,8.044138e+00,2.994792e+01,3.962519e+01,1.692337e+02
1.235566e+06,1.430053e+01,8.644589e+04,1.000531e+00,9.482979e-01,9.480458e-01,8.516407e-04,1.084814e-08,3.799257e+01,8.044138e+00,2.994843e+01,3.962538e+01,1.692378e+02
1.235576e+06,1.430065e+01,8.645589e+04,1.000647e+00,9.483084e-01,9.480459e-01,8.517492e-04,1.084814e-08,3.799308e+01,8.044138e+00,2.994894e+01,3.962557e+01,1.692418e+02
1.235586e+06,1.430076e+01,8.646589e+04,1.000763e+00,9.483190e-01,9.480460e-01,8.518577e-04,1.084814e-08,3.799359e+01,8.044138e+00,2.994946e+01,3.962577e+01,1.692458e+02
1.235596e+06,1.430088e+01,8.647589e+04,1.000878e+00,9.483295e-01,9.480461e-01,8.519662e-04,1.084813e-08,3.799411e+01,8.044138e+00,2.994997e+01,3.962596e+01,1.692498e+02
1.235606e+06,1.430099e+01,8.648589e+04,1.000994e+00,9.483401e-01,9.480462e-01,8.520747e-04,1.084813e-08,3.799462e+01,8.044138e+00,2.995048e+01,3.962615e+01,1.692538e+02
1.235616e+06,1.430111e+01,8.649589e+04,1.001110e+00,9.483507e-01,9.480463e-01,8.521832e-04,1.084813e-08,3.799514e+01,8.044138e+00,2.995100e+01,3.962634e+01,1.692578e+02
1.235626e+06,1.430123e+01,8.650589e+04,1.001226e+00,9.483612e-01,9.480464e-01,8.522917e-04,1.084813e-08,3.799565e+01,8.044138e+00,2.995151e+01,3.962653e+01,1.692618e+02
1.235636e+06,1.430134e+01,8.651589e+04,1.001341e+00,9.483718e-01,9.480465e-01,8.524002e-04,1.084813e-08,3.799616e+01,8.044138e+00,2.995203e+01,3.962672e+01,1.692658e+02
1.235646e+06,1.430146e+01,8.652589e+04,1.001457e+00,9.483823e-01,9.480466e-01,8.525087e-04,1.084813e-08,3.799668e+01,8.044138e+00,2.995254e+01,3.962691e+01,1.692698e+02
1.235656e+06,1.430157e+01,8.653589e+04,1.001573e+00,9.483929e-01,9.480467e-01,8.526171e-04,1.084813e-08,3.799719e+01,8.044138e+00,2.995305e+01,3.962710e+01,1.692738e+02
1.235666e+06,1.430169e+01,8.654589e+04,1.001689e+00,9.484034e-01,9.480468e-01,8.527256e-04,1.084813e-08,3.799770e+01,8.044138e+00,2.995357e+01,3.962729e+01,1.692778e+02
1.235676e+06,1.430180e+01,8.655589e+04,1.001804e+00,9.484140e-01,9.480469e-01,8.528341e-04,1.084813e-08,3.799822e+01,8.044138e+00,2.995408e+01,3.962748e+01,1.692818e+02
1.235686e+06,1.430192e+01,8.656589e+04,1.001920e+00,9.484245e-01,9.480470e-01,8.529426e-04,1.084812e-08,3.799873e+01,8.044138e+00,2.995459e+01,3.962767e+01,1.692858e+02
1.235696e+06,1.430204e+01,8.657589e+04,1.002036e+00,9.484351e-01,9.480471e-01,8.530511e-04,1.084812e-08,3.799925e+01,8.044138e+00,2.995511e+01,3.962786e+01,1.692898e+02
1.235706e+06,1.430215e+01,8.658590e+04,1.002152e+00,9.484457e-01,9.480472e-01,8.531596e-04,1.084812e-08,3.799976e+01,8.044138e+00,2.995562e+01,3.962805e+01,1.692938e+02
1.235716e+06,1.430227e+01,8.659590e+04,1.002267e+00,9.484547e-01,9.480473e-01,8.532681e-04,1.084812e-08,3.800027e+01,8.044138e+00,2.995614e+01,3.962829e+01,1.692978e+02
1.235726e+06,1.430238e+01,8.660590e+04,1.002383e+00,9.484523e-01,9.480474e-01,8.533766e-04,1.084812e-08,3.800055e+01,8.044138e+00,2.995641e+01,3.962866e+01,1.693000e+02
1.235736e+06,1.430250e+01,8.661590e+04,1.002499e+00,9.484384e-01,9.480475e-01,8.534850e-04,1.084812e-08,3.800055e+01,8.044138e+00,2.995641e+01,3.962913e+01,1.693000e+02
1.235746e+06,1.430261e+01,8.662590e+04,1.002615e+00,9.484244e-01,9.480476e-01,8.535935e-04,1.084812e-08,3.800055e+01,8.044138e+00,2.995641e+01,3.962959e+01,1.693000e+02
1.235756e+06,1.430273e+01,8.663590e+04,1.002730e+00,9.484105e-01,9.480477e-01,8.537020e-04,1.084812e-08,3.800055e+01,8.044138e+00,2.995641e+01,3.963005e+01,1.693000e+02
1.235766e+06,1.430285e+01,8.664590e+04,1.002846e+00,9.483965e-01,9.480478e-01,8.538105e-04,1.084811e-08,3.800055e+01,8.044138e+00,2.995641e+01,3.963052e+01,1.693000e+02
1.235776e+06,1.430296e+01,8.665590e+04,1.002962e+00,9.483826e-01,9.480479e-01,8.539190e-04,1.084811e-08,3.800055e+01,8.044138e+00,2.995641e+01,3.963098e+01,1.693000e+02
1.235786e+06,1.430308e+01,8.666590e+04,1.003078e+00,9.483686e-01,9.480480e-01,8.540275e-04,1.084811e-08,3.800055e+01,8.044138e+00,2.995641e+01,3.963145e+01,1.693000e+02
1.235796e+06,1.430319e+01,8.667590e+04,1.003193e+00,9.483546e-01,9.480481e-01,8.541360e-04,1.084811e-08,3.800055e+01,8.044138e+00,2.995641e+01,3.963191e+01,1.693000e+02
1.235806e+06,1.430331e+01,8.668590e+04,1.003309e+00,9.483407e-01,9.480482e-01,8.542445e-04,1.084811e-08,3.800055e+01,8.044138e+00,2.995641e+01,3.963238e+01,1.693000e+02
1.235816e+06,1.430342e+01,8.669590e+04,1.003425e+00,9.483267e-01,9.480483e-01,8.543530e-04,1.084811e-08,3.800055e+01,8.044138e+00,2.995641e+01,3.963284e+01,1.693000e+02
1.235826e+06,1.430354e+01,8.670590e+04,1.003541e+00,9.483128e-01,9.480484e-01,8.544614e-04,1.084811e-08,3.800055e+01,8.044138e+00,2.995641e+01,3.963331e+01,1.693000e+02
1.235836e+06,1.430366e+01,8.671590e+04,1.003656e+00,9.482988e-01,9.480485e-01,8.545699e-04,1.084811e-08,3.800055e+01,8.044138e+00,2.995641e+01,3.963377e+01,1.693000e+02
1.235846e+06,1.430377e+01,8.672590e+04,1.003772e+00,9.482849e-01,9.480486e-01,8.546784e-04,1.084811e-08,3.800055e+01,8.044138e+00,2.995641e+01,3.963424e+01,1.693000e+02
1.235856e+06,1.430389e+01,8.673591e+04,1.003888e+00,9.482709e-01,9.480487e-01,8.547869e-04,1.084810e-08,3.800055e+01,8.044138e+00,2.995641e+01,3.963470e+01,1.693000e+02
1.235866e+06,1.430400e+01,8.674591e+04,1.004004e+00,9.482569e-01,9.480489e-01,8.548954e-04,1.084810e-08,3.800055e+01,8.044138e+00,2.995641e+01,3.963517e+01,1.693000e+02
1.235876e+06,1.430412e+01,8.675591e+04,1.004119e+00,9.482430e-01,9.480490e-01,8.550039e-04,1.084810e-08,3.800055e+01,8.044138e+00,2.995641e+01,3.963563e+01,1.693000e+02
1.235886e+06,1.430424e+01,8.676591e+04,1.004235e+00,9.482290e-01,9.480491e-01,8.551124e-04,1.084810e-08,3.800055e+01,8.044138e+00,2.995641e+01,3.963610e+01,1.693000e+02
1.235896e+06,1.430435e+01,8.677591e+04,1.004351e+00,9.482151e-01,9.480492e-01,8.552209e-04,1.084810e-08,3.800055e+01,8.044138e+00,2.995641e+01,3.963656e+01,1.693000e+02
1.235906e+06,1.430447e+01,8.678591e+04,1.004467e+00,9.482011e-01,9.480493e-01,8.553294e-04,1.084810e-08,3.800055e+01,8.044138e+00,2.995641e+01,3.963703e+01,1.693000e+02
1.235916e+06,1.430458e+01,8.679591e+04,1.004582e+00,9.481872e-01,9.480494e-01,8.554378e-04,1.084810e-08,3.800055e+01,8.044138e+00,2.995641e+01,3.963749e+01,1.693000e+02
1.235926e+06,1.430470e+01,8.680591e+04,1.004698e+00,9.481732e-01,9.480495e-01,8.555463e-04,1.084810e-08,3.800055e+01,8.044138e+00,2.995641e+01,3.963796e+01,1.693000e+02
1.235936e+06,1.430481e+01,8.681591e+04,1.004814e+00,9.481593e-01,9.480496e-01,8.556548e-04,1.084809e-08,3.800055e+01,8.044138e+00,2.995641e+01,3.963842e+01,1.693000e+02
1.235946e+06,1.430493e+01,8.682591e+04,1.004930e+00,9.481453e-01,9.480497e-01,8.557633e-04,1.084809e-08,3.800055e+01,8.044138e+00,2.995641e+01,3.963889e+01,1.693000e+02
1.235956e+06,1.430505e+01,8.683591e+04,1.005045e+00,9.481313e-01,9.480498e-01,8.558718e-04,1.084809e-08,3.800055e+01,8.044138e+00,2.995641e+01,3.963935e+01,1.693000e+02
1.235966e+06,1.430516e+01,8.684591e+04,1.005161e+00,9.481174e-01,9.480499e-01,8.559803e-04,1.084809e-08,3.800055e+01,8.044138e+00,2.995641e+01,3.963982e+01,1.693000e+02
1.235976e+06,1.430528e+01,8.685591e+04,1.005277e+00,9.481110e-01,9.480500e-01,8.560888e-04,1.084809e-08,3.799989e+01,8.044138e+00,2.995575e+01,3.963933e+01,1.693000e+02
1.235986e+06,1.430539e+01,8.686591e+04,1.005393e+00,9.481159e-01,9.480501e-01,8.561973e-04,1.084809e-08,3.799826e+01,8.044138e+00,2.995412e+01,3.963745e+01,1.693000e+02
1.235996e+06,1.430551e+01,8.687591e+04,1.005508e+00,9.481208e-01,9.480502e-01,8.563057e-04,1.084809e-08,3.799663e+01,8.044138e+00,2.995249e+01,3.963556e+01,1.693000e+02
1.236006e+06,1.430562e+01,8.688592e+04,1.005624e+00,9.481257e-01,9.480503e-01,8.564142e-04,1.084809e-08,3.799499e+01,8.044138e+00,2.995086e+01,3.963368e+01,1.693000e+02
1.236016e+06,1.430574e+01,8.689592e+04,1.005740e+00,9.481306e-01,9.480504e-01,8.565227e-04,1.084809e-08,3.799336e+01,8.044138e+00,2.994922e+01,3.963179e+01,1.693000e+02
1.236026e+06,1.430586e+01,8.690592e+04,1.005856e+00,9.481355e-01,9.480505e-01,8.566312e-04,1.084808e-08,3.799173e+01,8.044138e+00,2.994759e+01,3.962991e+01,1.693000e+02
1.236036e+06,1.430597e+01,8.691592e+04,1.005971e+00,9.481404e-01,9.480506e-01,8.567397e-04,1.084808e-08,3.799010e+01,8.044138e+00,2.994596e+01,3.962802e+01,1.693000e+02
1.236046e+06,1.430609e+01,8.692592e+04,1.006087e+00,9.481453e-01,9.480507e-01,8.568482e-04,1.084808e-08,3.798846e+01,8.044138e+00,2.994433e+01,3.962614e+01,1.693000e+02
1.236056e+06,1.430620e+01,8.693592e+04,1.006203e+00,9.481502e-01,9.480508e-01,8.569567e-04,1.084808e-08,3.798683e+01,8.044138e+00,2.994269e+01,3.962425e+01,1.693000e+02
1.236066e+06,1.430632e+01,8.694592e+04,1.006319e+00,9.481551e-01,9.480509e-01,8.570652e-04,1.084808e-08,3.798520e+01,8.044138e+00,2.994106e+01,3.962237e+01,1.693000e+02
1.236076e+06,1.430643e+01,8.695592e+04,1.006434e+00,9.481600e-01,9.480510e-01,8.571737e-04,1.084808e-08,3.798357e+01,8.044138e+00,2.993943e+01,3.962049e+01,1.693000e+02
1.236086e+06,1.430655e+01,8.696592e+04,1.006550e+00,9.481649e-01,9.480511e-01,8.572821e-04,1.084808e-08,3.798193e+01,8.044138e+00,2.993780e+01,3.961860e+01,1.693000e+02
1.236096e+06,1.430667e+01,8.697592e+04,1.006666e+00,9.481698e-01,9.480512e-01,8.573906e-04,1.084808e-08,3.798030e+01,8.044138e+00,2.993616e+01,3.961672e+01,1.693000e+02
1.236106e+06,1.430678e+01,8.698592e+04,1.006782e+00,9.481746e-01,9.480513e-01,8.574991e-04,1.084807e-08,3.797867e+01,8.044138e+00,2.993453e+01,3.961483e+01,1.693000e+02
1.236116e+06,1.430690e+01,8.699592e+04,1.006897e+00,9.481795e-01,9.480514e-01,8.576076e-04,1.084807e-08,3.797704e+01,8.044138e+00,2.993290e+01,3.961295e+01,1.693000e+02
1.236126e+06,1.430701e+01,8.700592e+04,1.007013e+00,9.481844e-01,9.480515e-01,8.577161e-04,1.084807e-08,3.797540e+01,8.044138e+00,2.993127e+01,3.961106e+01,1.693000e+02
1.236136e+06,1.430713e+01,8.701592e+04,1.007129e+00,9.481893e-01,9.480516e-01,8.578246e-04,1.084807e-08,3.797377e+01,8.044138e+00,2.992963e+01,3.960918e+01,1.693000e+02
1.236146e+06,1.430724e+01,8.702592e+04,1.007245e+00,9.481942e-01,9.480517e-01,8.579331e-04,1.084807e-08,3.797214e+01,8.044138e+00,2.992800e+01,3.960729e+01,1.693000e+02
1.236156e+06,1.430736e+01,8.703593e+04,1.007360e+00,9.481991e-01,9.480518e-01,8.580416e-04,1.084807e-08,3.797051e+01,8.044138e+00,2.992637e+01,3.960541e+01,1.693000e+02
1.236166e+06,1.430748e+01,8.704593e+04,1.007476e+00,9.482040e-01,9.480519e-01,8.581500e-04,1.084807e-08,3.796887e+01,8.044138e+00,2.992474e+01,3.960352e+01,1.693000e+02
1.236176e+06,1.430759e+01,8.705593e+04,1.007592e+00,9.482089e-01,9.480520e-01,8.582585e-04,1.084807e-08,3.796724e+01,8.044138e+00,2.992310e+01,3.960164e+01,1.693000e+02
1.236186e+06,1.430771e+01,8.706593e+04,1.007707e+00,9.482138e-01,9.480521e-01,8.583670e-04,1.084807e-08,3.796561e+01,8.044138e+00,2.992147e+01,3.959975e+01,1.693000e+02
1.236196e+06,1.430782e+01,8.707593e+04,1.007823e+00,9.482187e-01,9.480522e-01,8.584755e-04,1.084806e-08,3.796398e+01,8.044138e+00,2.991984e+01,3.959787e+01,1.693000e+02
1.236206e+06,1.430794e+01,8.708593e+04,1.007939e+00,9.482236e-01,9.480523e-01,8.585840e-04,1.084806e-08,3.796234e+01,8.044138e+00,2.991821e+01,3.959599e+01,1.693000e+02
1.236216e+06,1.430805e+01,8.709593e+04,1.008055e+00,9.482268e-01,9.480525e-01,8.586925e-04,1.084806e-08,3.796071e+01,8.044138e+00,2.991657e+01,3.959416e+01,1.693000e+02
1.236226e+06,1.430817e+01,8.710593e+04,1.008170e+00,9.482204e-01,9.480526e-01,8.588010e-04,1.084806e-08,3.796038e+01,8.044005e+00,2.991637e+01,3.959402e+01,1.692979e+02
1.236236e+06,1.430829e+01,8.711593e+04,1.008286e+00,9.482066e-01,9.480527e-01,8.589095e-04,1.084806e-08,3.796123e+01,8.043749e+00,2.991748e+01,3.959539e+01,1.692939e+02
1.236246e+06,1.430840e+01,8.712593e+04,1.008402e+00,9.481928e-01,9.480528e-01,8.590179e-04,1.084806e-08,3.796208e+01,8.043494e+00,2.991858e+01,3.959676e+01,1.692900e+02
1.236256e+06,1.430852e+01,8.713593e+04,1.008518e+00,9.481791e-01,9.480529e-01,8.591264e-04,1.084806e-08,3.796293e+01,8.043239e+00,2.991969e+01,3.959813e+01,1.692860e+02
1.236266e+06,1.430863e+01,8.714593e+04,1.008633e+00,9.481653e-01,9.480530e-01,8.592349e-04,1.084806e-08,3.796378e+01,8.042984e+00,2.992079e+01,3.959950e+01,1.692820e+02
1.236276e+06,1.430875e+01,8.715593e+04,1.008749e+00,9.481515e-01,9.480531e-01,8.593434e-04,1.084805e-08,3.796463e+01,8.042729e+00,2.992190e+01,3.960087e+01,1.692780e+02
1.236286e+06,1.430886e+01,8.716593e+04,1.008865e+00,9.481377e-01,9.480532e-01,8.594519e-04,1.084805e-08,3.796548e+01,8.042474e+00,2.992300e+01,3.960224e+01,1.692741e+02
1.236296e+06,1.430898e+01,8.717594e+04,1.008981e+00,9.481239e-01,9.480533e-01,8.595604e-04,1.084805e-08,3.796633e+01,8.042219e+00,2.992411e+01,3.960361e+01,1.692701e+02
1.236306e+06,1.430910e+01,8.718594e+04,1.009096e+00,9.481102e-01,9.480534e-01,8.596689e-04,1.084805e-08,3.796718e+01,8.041964e+00,2.992521e+01,3.960498e+01,1.692661e+02
1.236316e+06,1.430921e+01,8.719594e+04,1.009212e+00,9.480964e-01,9.480535e-01,8.597774e-04,1.084805e-08,3.796803e+01,8.041709e+00,2.992632e+01,3.960635e+01,1.692621e+02
1.236326e+06,1.430933e+01,8.720594e+04,1.009328e+00,9.480826e-01,9.480536e-01,8.598859e-04,1.084805e-08,3.796888e+01,8.041453e+00,2.992743e+01,3.960772e+01,1.692581e+02
1.236336e+06,1.430944e+01,8.721594e+04,1.009444e+00,9.480688e-01,9.480537e-01,8.599943e-04,1.084805e-08,3.796973e+01,8.041198e+00,2.992853e+01,3.960909e+01,1.692542e+02
1.236346e+06,1.430956e+01,8.722594e+04,1.009559e+00,9.480550e-01,9.480538e-01,8.601028e-04,1.084805e-08,3.797058e+01,8.040943e+00,2.992964e+01,3.961046e+01,1.692502e+02
1.236356e+06,1.430968e+01,8.723594e+04,1.009675e+00,9.480413e-01,9.480539e-01,8.602113e-04,1.084805e-08,3.797143e+01,8.040688e+00,2.993074e+01,3.961183e+01,1.692462e+02
1.236366e+06,1.430979e+01,8.724594e+04,1.009791e+00,9.480275e-01,9.480540e-01,8.603198e-04,1.084804e-08,3.797228e+01,8.040433e+00,2.993185e+01,3.961320e+01,1.692422e+02
1.236376e+06,1.430991e+01,8.725594e+04,1.009907e+00,9.480137e-01,9.480541e-01,8.604283e-04,1.084804e-08,3.797313e+01,8.040178e+00,2.993295e+01,3.961457e+01,1.692383e+02
1.236386e+06,1.431002e+01,8.726594e+04,1.010022e+00,9.479999e-01,9.480542e-01,8.605368e-04,1.084804e-08,3.797398e+01,8.039923e+00,2.993406e+01,3.961594e+01,1.692343e+02
1.236396e+06,1.431014e+01,8.727594e+04,1.010138e+00,9.479861e-01,9.480543e-01,8.606453e-04,1.084804e-08,3.797483e+01,8.039668e+00,2.993516e+01,3.961731e+01,1.692303e+02
1.236406e+06,1.431025e+01,8.728594e+04,1.010254e+00,9.479724e-01,9.480544e-01,8.607538e-04,1.084804e-08,3.797568e+01,8.039413e+00,2.993627e+01,3.961868e+01,1.692263e+02
1.236416e+06,1.431037e+01,8.729594e+04,1.010370e+00,9.479586e-01,9.480545e-01,8.608622e-04,1.084804e-08,3.797653e+01,8.039157e+00,2.993738e+01,3.962005e+01,1.692223e+02
1.236426e+06,1.431049e+01,8.730594e+04,1.010485e+00,9.479448e-01,9.480546e-01,8.609707e-04,1.084804e-08,3.797738e+01,8.038902e+00,2.993848e+01,3.962142e+01,1.692184e+02
1.236436e+06,1.431060e+01,8.731594e+04,1.010601e+00,9.479310e-01,9.480547e-01,8.610792e-04,1.084804e-08,3.797823e+01,8.038647e+00,2.993959e+01,3.962279e+01,1.692144e+02
1.236446e+06,1.431072e+01,8.732595e+04,1.010717e+00,9.479172e-01,9.480548e-01,8.611877e-04,1.084803e-08,3.797908e+01,8.038392e+00,2.994069e+01,3.962416e+01,1.692104e+02
1.236456e+06,1.431083e+01,8.733595e+04,1.010833e+00,9.479035e-01,9.480549e-01,8.612962e-04,1.084803e-08,3.797993e+01,8.038137e+00,2.994180e+01,3.962553e+01,1.692064e+02
1.236466e+06,1.431095e+01,8.734595e+04,1.010948e+00,9.478872e-01,9.480550e-01,8.614047e-04,1.084803e-08,3.798078e+01,8.037882e+00,2.994290e+01,3.962698e+01,1.692025e+02
1.236476e+06,1.431106e+01,8.735595e+04,1.011064e+00,9.478715e-01,9.480551e-01,8.615132e-04,1.084803e-08,3.798151e+01,8.037724e+00,2.994378e+01,3.962827e+01,1.691954e+02
1.236486e+06,1.431118e+01,8.736595e+04,1.011180e+00,9.478632e-01,9.480552e-01,8.616217e-04,1.084803e-08,3.798202e+01,8.037724e+00,2.994430e+01,3.962910e+01,1.691833e+02
1.236496e+06,1.431130e+01,8.737595e+04,1.011296e+00,9.478548e-01,9.480553e-01,8.617301e-04,1.084803e-08,3.798254e+01,8.037724e+00,2.994481e+01,3.962992e+01,1.691713e+02
1.236506e+06,1.431141e+01,8.738595e+04,1.011411e+00,9.478464e-01,9.480554e-01,8.618386e-04,1.084803e-08,3.798305e+01,8.037724e+00,2.994533e+01,3.963074e+01,1.691592e+02
1.236516e+06,1.431153e+01,8.739595e+04,1.011527e+00,9.478381e-01,9.480555e-01,8.619471e-04,1.084803e-08,3.798357e+01,8.037724e+00,2.994585e+01,3.963157e+01,1.691472e+02
1.236526e+06,1.431164e+01,8.740595e+04,1.011643e+00,9.478297e-01,9.480556e-01,8.620556e-04,1.084803e-08,3.798408e+01,8.037724e+00,2.994636e+01,3.963239e+01,1.691351e+02
1.236536e+06,1.431176e+01,8.741595e+04,1.011759e+00,9.478213e-01,9.480557e-01,8.621641e-04,1.084802e-08,3.798460e+01,8.037724e+00,2.994688e+01,3.963321e+01,1.691231e+02
1.236546e+06,1.431187e+01,8.742595e+04,1.011874e+00,9.478130e-01,9.480558e-01,8.622726e-04,1.084802e-08,3.798512e+01,8.037724e+00,2.994739e+01,3.963403e+01,1.691110e+02
1.236556e+06,1.431199e+01,8.743595e+04,1.011990e+00,9.478046e-01,9.480559e-01,8.623811e-04,1.084802e-08,3.798563e+01,8.037724e+00,2.994791e+01,3.963486e+01,1.690989e+02
1.236566e+06,1.431211e+01,8.744595e+04,1.012106e+00,9.477962e-01,9.480561e-01,8.624896e-04,1.084802e-08,3.798615e+01,8.037724e+00,2.994842e+01,3.963568e+01,1.690869e+02
1.236576e+06,1.431222e+01,8.745595e+04,1.012222e+00,9.477879e-01,9.480562e-01,8.625980e-04,1.084802e-08,3.798666e+01,8.037724e+00,2.994894e+01,3.963650e+01,1.690748e+02
1.236586e+06,1.431234e+01,8.746595e+04,1.012337e+00,9.477795e-01,9.480563e-01,8.627065e-04,1.084802e-08,3.798718e+01,8.037724e+00,2.994945e+01,3.963732e+01,1.690628e+02
1.236596e+06,1.431245e+01,8.747596e+04,1.012453e+00,9.477711e-01,9.480564e-01,8.628150e-04,1.084802e-08,3.798769e+01,8.037724e+00,2.994997e+01,3.963815e+01,1.690507e+02
1.236606e+06,1.431257e+01,8.748596e+04,1.012569e+00,9.477628e-01,9.480565e-01,8.629235e-04,1.084802e-08,3.798821e+01,8.037724e+00,2.995049e+01,3.963897e+01,1.690387e+02
1.236616e+06,1.431268e+01,8.749596e+04,1.012685e+00,9.477544e-01,9.480566e-01,8.630320e-04,1.084801e-08,3.798872e+01,8.037724e+00,2.995100e+01,3.963979e+01,1.690266e+02
1.236626e+06,1.431280e+01,8.750596e+04,1.012800e+00,9.477460e-01,9.480567e-01,8.631405e-04,1.084801e-08,3.798924e+01,8.037724e+00,2.995152e+01,3.964062e+01,1.690145e+02
1.236636e+06,1.431292e+01,8.751596e+04,1.012916e+00,9.477377e-01,9.480568e-01,8.632490e-04,1.084801e-08,3.798976e+01,8.037724e+00,2.995203e+01,3.964144e+01,1.690025e+02
1.236646e+06,1.431303e+01,8.752596e+04,1.013032e+00,9.477293e-01,9.480569e-01,8.633575e-04,1.084801e-08,3.799027e+01,8.037724e+00,2.995255e+01,3.964226e+01,1.689904e+02
1.236656e+06,1.431315e+01,8.753596e+04,1.013148e+00,9.477210e-01,9.480570e-01,8.634659e-04,1.084801e-08,3.799079e+01,8.037724e+00,2.995306e+01,3.964309e+01,1.689784e+02
1.236666e+06,1.431326e+01,8.754596e+04,1.013263e+00,9.477126e-01,9.480571e-01,8.635744e-04,1.084801e-08,3.799130e+01,8.037724e+00,2.995358e+01,3.964391e+01,1.689663e+02
1.236676e+06,1.431338e+01,8.755596e+04,1.013379e+00,9.477042e-01,9.480572e-01,8.636829e-04,1.084801e-08,3.799182e+01,8.037724e+00,2.995409e+01,3.964473e+01,1.689543e+02
1.236686e+06,1.431349e+01,8.756596e+04,1.013495e+00,9.476959e-01,9.480573e-01,8.637914e-04,1.084801e-08,3.799233e+01,8.037724e+00,2.995461e+01,3.964555e+01,1.689422e+02
1.236696e+06,1.431361e+01,8.757596e+04,1.013611e+00,9.476875e-01,9.480574e-01,8.638999e-04,1.084801e-08,3.799285e+01,8.037724e+00,2.995513e+01,3.964638e+01,1.689301e+02
1.236706e+06,1.431373e+01,8.758596e+04,1.013726e+00,9.476791e-01,9.480575e-01,8.640084e-04,1.084800e-08,3.799336e+01,8.037724e+00,2.995564e+01,3.964720e+01,1.689181e+02
1.236716e+06,1.431384e+01,8.759596e+04,1.013842e+00,9.476756e-01,9.480576e-01,8.641169e-04,1.084800e-08,3.799388e+01,8.037724e+00,2.995616e+01,3.964786e+01,1.689060e+02
1.236726e+06,1.431396e+01,8.760596e+04,1.013958e+00,9.476820e-01,9.480577e-01,8.642254e-04,1.084800e-08,3.799388e+01,8.037724e+00,2.995616e+01,3.964765e+01,1.689000e+02
1.236736e+06,1.431407e+01,8.761597e+04,1.014074e+00,9.476936e-01,9.480578e-01,8.643338e-04,1.084800e-08,3.799337e+01,8.037724e+00,2.995565e+01,3.964672e+01,1.689000e+02
1.236746e+06,1.431419e+01,8.762597e+04,1.014189e+00,9.477052e-01,9.480579e-01,8.644423e-04,1.084800e-08,3.799286e+01,8.037724e+00,2.995513e+01,3.964580e+01,1.689000e+02
1.236756e+06,1.431431e+01,8.763597e+04,1.014305e+00,9.477168e-01,9.480580e-01,8.645508e-04,1.084800e-08,3.799235e+01,8.037724e+00,2.995462e+01,3.964487e+01,1.689000e+02
1.236766e+06,1.431442e+01,8.764597e+04,1.014421e+00,9.477284e-01,9.480581e-01,8.646593e-04,1.084800e-08,3.799183e+01,8.037724e+00,2.995411e+01,3.964394e+01,1.689000e+02
1.236776e+06,1.431454e+01,8.765597e+04,1.014537e+00,9.477400e-01,9.480582e-01,8.647678e-04,1.084800e-08,3.799132e+01,8.037724e+00,2.995360e+01,3.964302e+01,1.689000e+02
1.236786e+06,1.431465e+01,8.766597e+04,1.014652e+00,9.477515e-01,9.480583e-01,8.648763e-04,1.084799e-08,3.799081e+01,8.037724e+00,2.995309e+01,3.964209e+01,1.689000e+02
1.236796e+06,1.431477e+01,8.767597e+04,1.014768e+00,9.477631e-01,9.480584e-01,8.649848e-04,1.084799e-08,3.799030e+01,8.037724e+00,2.995257e+01,3.964116e+01,1.689000e+02
1.236806e+06,1.431488e+01,8.768597e+04,1.014884e+00,9.477747e-01,9.480585e-01,8.650933e-04,1.084799e-08,3.798979e+01,8.037724e+00,2.995206e+01,3.964024e+01,1.689000e+02
1.236816e+06,1.431500e+01,8.769597e+04,1.015000e+00,9.477863e-01,9.480586e-01,8.652017e-04,1.084799e-08,3.798927e+01,8.037724e+00,2.995155e+01,3.963931e+01,1.689000e+02
1.236826e+06,1.431512e+01,8.770597e+04,1.015115e+00,9.477979e-01,9.480587e-01,8.653102e-04,1.084799e-08,3.798876e+01,8.037724e+00,2.995104e+01,3.963838e+01,1.689000e+02
1.236836e+06,1.431523e+01,8.771597e+04,1.015231e+00,9.478095e-01,9.480588e-01,8.654187e-04,1.084799e-08,3.798825e+01,8.037724e+00,2.995053e+01,3.963746e+01,1.689000e+02
1.236846e+06,1.431535e+01,8.772597e+04,1.015347e+00,9.478211e-01,9.480589e-01,8.655272e-04,1.084799e-08,3.798774e+01,8.037724e+00,2.995001e+01,3.963653e+01,1.689000e+02
1.236856e+06,1.431546e+01,8.773597e+04,1.015463e+00,9.478326e-01,9.480590e-01,8.656357e-04,1.084799e-08,3.798723e+01,8.037724e+00,2.994950e+01,3.963560e+01,1.689000e+02
1.236866e+06,1.431558e+01,8.774597e+04,1.015578e+00,9.478442e-01,9.480591e-01,8.657442e-04,1.084799e-08,3.798671e+01,8.037724e+00,2.994899e+01,3.963468e+01,1.689000e+02
1.236876e+06,1.431569e+01,8.775597e+04,1.015694e+00,9.478558e-01,9.480592e-01,8.658527e-04,1.084798e-08,3.798620e+01,8.037724e+00,2.994848e+01,3.963375e+01,1.689000e+02
1.236886e+06,1.431581e+01,8.776598e+04,1.015810e+00,9.478674e-01,9.480593e-01,8.659612e-04,1.084798e-08,3.798569e+01,8.037724e+00,2.994797e+01,3.963282e+01,1.689000e+02
1.236896e+06,1.431593e+01,8.777598e+04,1.015926e+00,9.478790e-01,9.480594e-01,8.660696e-04,1.084798e-08,3.798518e+01,8.037724e+00,2.994745e+01,3.963190e+01,1.689000e+02
1.236906e+06,1.431604e+01,8.778598e+04,1.016041e+00,9.478906e-01,9.480595e-01,8.661781e-04,1.084798e-08,3.798467e+01,8.037724e+00,2.994694e+01,3.963097e+01,1.689000e+02
1.236916e+06,1.431616e+01,8.779598e+04,1.016157e+00,9.479022e-01,9.480597e-01,8.662866e-04,1.084798e-08,3.798415e+01,8.037724e+00,2.994643e+01,3.963005e+01,1.689000e+02
1.236926e+06,1.431627e+01,8.780598e+04,1.016273e+00,9.479137e-01,9.480598e-01,8.663951e-04,1.084798e-08,3.798364e+01,8.037724e+00,2.994592e+01,3.962912e+01,1.689000e+02
1.236936e+06,1.431639e+01,8.781598e+04,1.016389e+00,9.479253e-01,9.480599e-01,8.665036e-04,1.084798e-08,3.798313e+01,8.037724e+00,2.994541e+01,3.962819e+01,1.689000e+02
1.236946e+06,1.431650e+01,8.782598e+04,1.016504e+00,9.479369e-01,9.480600e-01,8.666121e-04,1.084798e-08,3.798262e+01,8.037724e+00,2.994489e+01,3.962727e+01,1.689000e+02
1.236956e+06,1.431662e+01,8.783598e+04,1.016620e+00,9.479485e-01,9.480601e-01,8.667206e-04,1.084797e-08,3.798211e+01,8.037724e+00,2.994438e+01,3.962634e+01,1.689000e+02
1.236966e+06,1.431674e+01,8.784598e+04,1.016736e+00,9.479601e-01,9.480602e-01,8.668291e-04,1.084797e-08,3.798159e+01,8.037724e+00,2.994387e+01,3.962541e+01,1.689000e+02
1.236976e+06,1.431685e+01,8.785598e+04,1.016852e+00,9.479668e-01,9.480603e-01,8.669375e-04,1.084797e-08,3.798142e+01,8.037724e+00,2.994370e+01,3.962501e+01,1.689000e+02
1.236986e+06,1.431697e+01,8.786598e+04,1.016967e+00,9.479676e-01,9.480604e-01,8.670460e-04,1.084797e-08,3.798168e+01,8.037724e+00,2.994396e+01,3.962526e+01,1.689000e+02
1.236996e+06,1.431708e+01,8.787598e+04,1.017083e+00,9.479683e-01,9.480605e-01,8.671545e-04,1.084797e-08,3.798194e+01,8.037724e+00,2.994421e+01,3.962551e+01,1.689000e+02
1.237006e+06,1.431720e+01,8.788598e+04,1.017199e+00,9.479690e-01,9.480606e-01,8.672630e-04,1.084797e-08,3.798220e+01,8.037724e+00,2.994447e+01,3.962575e+01,1.689000e+02
1.237016e+06,1.431731e+01,8.789598e+04,1.017315e+00,9.479697e-01,9.480607e-01,8.673715e-04,1.084797e-08,3.798245e+01,8.037724e+00,2.994473e+01,3.962600e+01,1.689000e+02
1.237026e+06,1.431743e+01,8.790598e+04,1.017430e+00,9.479705e-01,9.480608e-01,8.674800e-04,1.084797e-08,3.798271e+01,8.037724e+00,2.994499e+01,3.962625e+01,1.689000e+02
1.237036e+06,1.431755e+01,8.791599e+04,1.017546e+00,9.479712e-01,9.480609e-01,8.675885e-04,1.084797e-08,3.798297e+01,8.037724e+00,2.994524e+01,3.962649e+01,1.689000e+02
1.237046e+06,1.431766e+01,8.792599e+04,1.017662e+00,9.479719e-01,9.480610e-01,8.676969e-04,1.084796e-08,3.798322e+01,8.037724e+00,2.994550e+01,3.962674e+01,1.689000e+02
1.237056e+06,1.431778e+01,8.793599e+04,1.017778e+00,9.479726e-01,9.480611e-01,8.678054e-04,1.084796e-08,3.798348e+01,8.037724e+00,2.994576e+01,3.962699e+01,1.689000e+02
1.237066e+06,1.431789e+01,8.794599e+04,1.017893e+00,9.479734e-01,9.480612e-01,8.679139e-04,1.084796e-08,3.798374e+01,8.037724e+00,2.994601e+01,3.962723e+01,1.689000e+02
1.237076e+06,1.431801e+01,8.795599e+04,1.018009e+00,9.479741e-01,9.480613e-01,8.680224e-04,1.084796e-08,3.798399e+01,8.037724e+00,2.994627e+01,3.962748e+01,1.689000e+02
1.237086e+06,1.431812e+01,8.796599e+04,1.018125e+00,9.479748e-01,9.480614e-01,8.681309e-04,1.084796e-08,3.798425e+01,8.037724e+00,2.994653e+01,3.962773e+01,1.689000e+02
1.237096e+06,1.431824e+01,8.797599e+04,1.018241e+00,9.479755e-01,9.480615e-01,8.682394e-04,1.084796e-08,3.798451e+01,8.037724e+00,2.994678e+01,3.962797e+01,1.689000e+02
1.237106e+06,1.431836e+01,8.798599e+04,1.018356e+00,9.479763e-01,9.480616e-01,8.683479e-04,1.084796e-08,3.798476e+01,8.037724e+00,2.994704e+01,3.962822e+01,1.689000e+02
1.237116e+06,1.431847e+01,8.799599e+04,1.018472e+00,9.479770e-01,9.480617e-01,8.684564e-04,1.084796e-08,3.798502e+01,8.037724e+00,2.994730e+01,3.962847e+01,1.689000e+02
1.237126e+06,1.431859e+01,8.800599e+04,1.018588e+00,9.479777e-01,9.480618e-01,8.685648e-04,1.084795e-08,3.798528e+01,8.037724e+00,2.994755e+01,3.962871e+01,1.689000e+02
1.237136e+06,1.431870e+01,8.801599e+04,1.018704e+00,9.479784e-01,9.480619e-01,8.686733e-04,1.084795e-08,3.798554e+01,8.037724e+00,2.994781e+01,3.962896e+01,1.689000e+02
1.237146e+06,1.431882e+01,8.802599e+04,1.018819e+00,9.479791e-01,9.480620e-01,8.687818e-04,1.084795e-08,3.798579e+01,8.037724e+00,2.994807e+01,3.962921e+01,1.689000e+02
1.237156e+06,1.431894e+01,8.803599e+04,1.018935e+00,9.479799e-01,9.480621e-01,8.688903e-04,1.084795e-08,3.798605e+01,8.037724e+00,2.994832e+01,3.962945e+01,1.689000e+02
1.237166e+06,1.431905e+01,8.804599e+04,1.019051e+00,9.479806e-01,9.480622e-01,8.689988e-04,1.084795e-08,3.798631e+01,8.037724e+00,2.994858e+01,3.962970e+01,1.689000e+02
1.237176e+06,1.431917e+01,8.805600e+04,1.019167e+00,9.479813e-01,9.480623e-01,8.691073e-04,1.084795e-08,3.798656e+01,8.037724e+00,2.994884e+01,3.962995e+01,1.689000e+02
1.237186e+06,1.431928e+01,8.806600e+04,1.019282e+00,9.479820e-01,9.480624e-01,8.692158e-04,1.084795e-08,3.798682e+01,8.037724e+00,2.994910e+01,3.963020e+01,1.689000e+02
1.237196e+06,1.431940e+01,8.807600e+04,1.019398e+00,9.479828e-01,9.480625e-01,8.693243e-04,1.084795e-08,3.798708e+01,8.037724e+00,2.994935e+01,3.963044e+01,1.689000e+02
1.237206e+06,1.431951e+01,8.808600e+04,1.019514e+00,9.479835e-01,9.480626e-01,8.694327e-04,1.084795e-08,3.798733e+01,8.037724e+00,2.994961e+01,3.963069e+01,1.689000e+02
1.237216e+06,1.431963e+01,8.809600e+04,1.019630e+00,9.479842e-01,9.480627e-01,8.695412e-04,1.084794e-08,3.798759e+01,8.037724e+00,2.994987e+01,3.963094e+01,1.689000e+02
1.237226e+06,1.431975e+01,8.810600e+04,1.019745e+00,9.479839e-01,9.480628e-01,8.696497e-04,1.084794e-08,3.798736e+01,8.037724e+00,2.994963e+01,3.963070e+01,1.689000e+02
1.237236e+06,1.431986e+01,8.811600e+04,1.019861e+00,9.479823e-01,9.480629e-01,8.697582e-04,1.084794e-08,3.798659e+01,8.037724e+00,2.994886e+01,3.962994e+01,1.689000e+02
1.237246e+06,1.431998e+01,8.812600e+04,1.019977e+00,9.479808e-01,9.480630e-01,8.698667e-04,1.084794e-08,3.798582e+01,8.037724e+00,2.994810e+01,3.962918e+01,1.689000e+02
1.237256e+06,1.432009e+01,8.813600e+04,1.020093e+00,9.479792e-01,9.480631e-01,8.699752e-04,1.084794e-08,3.798505e+01,8.037724e+00,2.994733e+01,3.962843e+01,1.689000e+02
1.237266e+06,1.432021e+01,8.814600e+04,1.020208e+00,9.479777e-01,9.480633e-01,8.700837e-04,1.084794e-08,3.798428e+01,8.037724e+00,2.994656e+01,3.962767e+01,1.689000e+02
1.237276e+06,1.432032e+01,8.815600e+04,1.020324e+00,9.479761e-01,9.480634e-01,8.701921e-04,1.084794e-08,3.798352e+01,8.037724e+00,2.994579e+01,3.962691e+01,1.689000e+02
1.237286e+06,1.432044e+01,8.816600e+04,1.020440e+00,9.479746e-01,9.480635e-01,8.703006e-04,1.084794e-08,3.798275e+01,8.037724e+00,2.994502e+01,3.962615e+01,1.689000e+02
1.237296e+06,1.432056e+01,8.817600e+04,1.020556e+00,9.479730e-01,9.480636e-01,8.704091e-04,1.084793e-08,3.798198e+01,8.037724e+00,2.994426e+01,3.962539e+01,1.689000e+02
1.237306e+06,1.432067e+01,8.818600e+04,1.020671e+00,9.479715e-01,9.480637e-01,8.705176e-04,1.084793e-08,3.798121e+01,8.037724e+00,2.994349e+01,3.962463e+01,1.689000e+02
1.237316e+06,1.432079e+01,8.819600e+04,1.020787e+00,9.479699e-01,9.480638e-01,8.706261e-04,1.084793e-08,3.798044e+01,8.037724e+00,2.994272e+01,3.962388e+01,1.689000e+02
1.237326e+06,1.432090e+01,8.820601e+04,1.020903e+00,9.479684e-01,9.480639e-01,8.707346e-04,1.084793e-08,3.797968e+01,8.037724e+00,2.994195e+01,3.962312e+01,1.689000e+02
1.237336e+06,1.432102e+01,8.821601e+04,1.021019e+00,9.479668e-01,9.480640e-01,8.708431e-04,1.084793e-08,3.797891e+01,8.037724e+00,2.994118e+01,3.962236e+01,1.689000e+02
1.237346e+06,1.432113e+01,8.822601e+04,1.021134e+00,9.479653e-01,9.480641e-01,8.709516e-04,1.084793e-08,3.797814e+01,8.037724e+00,2.994042e+01,3.962160e+01,1.689000e+02
1.237356e+06,1.432125e+01,8.823601e+04,1.021250e+00,9.479637e-01,9.480642e-01,8.710600e-04,1.084793e-08,3.797737e+01,8.037724e+00,2.993965e+01,3.962084e+01,1.689000e+02
1.237366e+06,1.432137e+01,8.824601e+04,1.021366e+00,9.479622e-01,9.480643e-01,8.711685e-04,1.084793e-08,3.797661e+01,8.037724e+00,2.993888e+01,3.962008e+01,1.689000e+02
1.237376e+06,1.432148e+01,8.825601e+04,1.021482e+00,9.479606e-01,9.480644e-01,8.712770e-04,1.084793e-08,3.797584e+01,8.037724e+00,2.993811e+01,3.961932e+01,1.689000e+02
1.237386e+06,1.432160e+01,8.826601e+04,1.021597e+00,9.479591e-01,9.480645e-01,8.713855e-04,1.084792e-08,3.797507e+01,8.037724e+00,2.993734e+01,3.961857e+01,1.689000e+02
1.237396e+06,1.432171e+01,8.827601e+04,1.021713e+00,9.479575e-01,9.480646e-01,8.714940e-04,1.084792e-08,3.797430e+01,8.037724e+00,2.993658e+01,3.961781e+01,1.689000e+02
1.237406e+06,1.432183e+01,8.828601e+04,1.021829e+00,9.479560e-01,9.480647e-01,8.716025e-04,1.084792e-08,3.797353e+01,8.037724e+00,2.993581e+01,3.961705e+01,1.689000e+02
1.237416e+06,1.432194e+01,8.829601e+04,1.021945e+00,9.479544e-01,9.480648e-01,8.717110e-04,1.084792e-08,3.797277e+01,8.037724e+00,2.993504e+01,3.961629e+01,1.689000e+02
1.237426e+06,1.432206e+01,8.830601e+04,1.022060e+00,9.479529e-01,9.480649e-01,8.718194e-04,1.084792e-08,3.797200e+01,8.037724e+00,2.993427e+01,3.961553e+01,1.689000e+02
1.237436e+06,1.432218e+01,8.831601e+04,1.022176e+00,9.479513e-01,9.480650e-01,8.719279e-04,1.084792e-08,3.797123e+01,8.037724e+00,2.993351e+01,3.961477e+01,1.689000e+02
1.237446e+06,1.432229e+01,8.832601e+04,1.022292e+00,9.479498e-01,9.480651e-01,8.720364e-04,1.084792e-08,3.797046e+01,8.037724e+00,2.993274e+01,3.961401e+01,1.689000e+02
1.237456e+06,1.432241e+01,8.833601e+04,1.022408e+00,9.479482e-01,9.480652e-01,8.721449e-04,1.084792e-08,3.796969e+01,8.037724e+00,2.993197e+01,3.961326e+01,1.689000e+02
1.237466e+06,1.432252e+01,8.834601e+04,1.022523e+00,9.479453e-01,9.480653e-01,8.722534e-04,1.084791e-08,3.796893e+01,8.037724e+00,2.993120e+01,3.961254e+01,1.689000e+02
1.237476e+06,1.432264e+01,8.835602e+04,1.022639e+00,9.479426e-01,9.480654e-01,8.723619e-04,1.084791e-08,3.796881e+01,8.037724e+00,2.993109e+01,3.961251e+01,1.688983e+02
1.237486e+06,1.432275e+01,8.836602e+04,1.022755e+00,9.479428e-01,9.480655e-01,8.724704e-04,1.084791e-08,3.796958e+01,8.037724e+00,2.993186e+01,3.961332e+01,1.688943e+02
1.237496e+06,1.432287e+01,8.837602e+04,1.022871e+00,9.479429e-01,9.480656e-01,8.725789e-04,1.084791e-08,3.797035e+01,8.037724e+00,2.993263e+01,3.961413e+01,1.688903e+02
1.237506e+06,1.432299e+01,8.838602e+04,1.022986e+00,9.479430e-01,9.480657e-01,8.726873e-04,1.084791e-08,3.797112e+01,8.037724e+00,2.993340e+01,3.961494e+01,1.688863e+02
1.237516e+06,1.432310e+01,8.839602e+04,1.023102e+00,9.479432e-01,9.480658e-01,8.727958e-04,1.084791e-08,3.797189e+01,8.037724e+00,2.993417e+01,3.961574e+01,1.688823e+02
1.237526e+06,1.432322e+01,8.840602e+04,1.023218e+00,9.479433e-01,9.480659e-01,8.729043e-04,1.084791e-08,3.797266e+01,8.037724e+00,2.993494e+01,3.961655e+01,1.688783e+02
1.237536e+06,1.432333e+01,8.841602e+04,1.023334e+00,9.479434e-01,9.480660e-01,8.730128e-04,1.084791e-08,3.797343e+01,8.037724e+00,2.993571e+01,3.961736e+01,1.688743e+02
1.237546e+06,1.432345e+01,8.842602e+04,1.023449e+00,9.479436e-01,9.480661e-01,8.731213e-04,1.084791e-08,3.797420e+01,8.037724e+00,2.993648e+01,3.961817e+01,1.688703e+02
1.237556e+06,1.432357e+01,8.843602e+04,1.023565e+00,9.479437e-01,9.480662e-01,8.732298e-04,1.084790e-08,3.797497e+01,8.037724e+00,2.993725e+01,3.961898e+01,1.688663e+02
1.237566e+06,1.432368e+01,8.844602e+04,1.023681e+00,9.479438e-01,9.480663e-01,8.733383e-04,1.084790e-08,3.797575e+01,8.037724e+00,2.993802e+01,3.961979e+01,1.688623e+02
1.237576e+06,1.432380e+01,8.845602e+04,1.023797e+00,9.479440e-01,9.480664e-01,8.734467e-04,1.084790e-08,3.797652e+01,8.037724e+00,2.993879e+01,3.962060e+01,1.688583e+02
1.237586e+06,1.432391e+01,8.846602e+04,1.023912e+00,9.479441e-01,9.480665e-01,8.735552e-04,1.084790e-08,3.797729e+01,8.037724e+00,2.993956e+01,3.962140e+01,1.688542e+02
1.237596e+06,1.432403e+01,8.847602e+04,1.024028e+00,9.479442e-01,9.480666e-01,8.736637e-04,1.084790e-08,3.797806e+01,8.037724e+00,2.994033e+01,3.962221e+01,1.688502e+02
1.237606e+06,1.432414e+01,8.848602e+04,1.024144e+00,9.479444e-01,9.480667e-01,8.737722e-04,1.084790e-08,3.797883e+01,8.037724e+00,2.994110e+01,3.962302e+01,1.688462e+02
1.237616e+06,1.432426e+01,8.849603e+04,1.024260e+00,9.479445e-01,9.480669e-01,8.738807e-04,1.084790e-08,3.797960e+01,8.037724e+00,2.994187e+01,3.962383e+01,1.688422e+02
1.237626e+06,1.432438e+01,8.850603e+04,1.024375e+00,9.479446e-01,9.480670e-01,8.739892e-04,1.084790e-08,3.798037e+01,8.037724e+00,2.994264e+01,3.962464e+01,1.688382e+02
1.237636e+06,1.432449e+01,8.851603e+04,1.024491e+00,9.479447e-01,9.480671e-01,8.740977e-04,1.084789e-08,3.798114e+01,8.037724e+00,2.994342e+01,3.962545e+01,1.688342e+02
1.237646e+06,1.432461e+01,8.852603e+04,1.024607e+00,9.479449e-01,9.480672e-01,8.742062e-04,1.084789e-08,3.798191e+01,8.037724e+00,2.994419e+01,3.962626e+01,1.688302e+02
1.237656e+06,1.432472e+01,8.853603e+04,1.024723e+00,9.479450e-01,9.480673e-01,8.743146e-04,1.084789e-08,3.798268e+01,8.037724e+00,2.994496e+01,3.962706e+01,1.688262e+02
1.237666e+06,1.432484e+01,8.854603e+04,1.024838e+00,9.479451e-01,9.480674e-01,8.744231e-04,1.084789e-08,3.798345e+01,8.037724e+00,2.994573e+01,3.962787e+01,1.688222e+02
1.237676e+06,1.432495e+01,8.855603e+04,1.024954e+00,9.479453e-01,9.480675e-01,8.745316e-04,1.084789e-08,3.798422e+01,8.037724e+00,2.994650e+01,3.962868e+01,1.688182e+02
1.237686e+06,1.432507e+01,8.856603e+04,1.025070e+00,9.479454e-01,9.480676e-01,8.746401e-04,1.084789e-08,3.798499e+01,8.037724e+00,2.994727e+01,3.962949e+01,1.688142e+02
1.237696e+06,1.432519e+01,8.857603e+04,1.025186e+00,9.479455e-01,9.480677e-01,8.747486e-04,1.084789e-08,3.798576e+01,8.037724e+00,2.994804e+01,3.963030e+01,1.688102e+02
1.237706e+06,1.432530e+01,8.858603e+04,1.025301e+00,9.479457e-01,9.480678e-01,8.748571e-04,1.084789e-08,3.798653e+01,8.037724e+00,2.994881e+01,3.963111e+01,1.688062e+02
1.237716e+06,1.432542e+01,8.859603e+04,1.025417e+00,9.479473e-01,9.480679e-01,8.749656e-04,1.084789e-08,3.798730e+01,8.037724e+00,2.994958e+01,3.963187e+01,1.688022e+02
1.237726e+06,1.432553e+01,8.860603e+04,1.025533e+00,9.479525e-01,9.480680e-01,8.750740e-04,1.084788e-08,3.798710e+01,8.037841e+00,2.994926e+01,3.963147e+01,1.688000e+02
1.237736e+06,1.432565e+01,8.861603e+04,1.025649e+00,9.479599e-01,9.480681e-01,8.751825e-04,1.084788e-08,3.798574e+01,8.038097e+00,2.994764e+01,3.962977e+01,1.688000e+02
1.237746e+06,1.432576e+01,8.862603e+04,1.025764e+00,9.479674e-01,9.480682e-01,8.752910e-04,1.084788e-08,3.798437e+01,8.038353e+00,2.994602e+01,3.962807e+01,1.688000e+02
1.237756e+06,1.432588e+01,8.863603e+04,1.025880e+00,9.479748e-01,9.480683e-01,8.753995e-04,1.084788e-08,3.798301e+01,8.038609e+00,2.994440e+01,3.962636e+01,1.688000e+02
1.237766e+06,1.432600e+01,8.864604e+04,1.025996e+00,9.479823e-01,9.480684e-01,8.755080e-04,1.084788e-08,3.798164e+01,8.038865e+00,2.994278e+01,3.962466e+01,1.688000e+02
1.237776e+06,1.432611e+01,8.865604e+04,1.026112e+00,9.479897e-01,9.480685e-01,8.756165e-04,1.084788e-08,3.798027e+01,8.039121e+00,2.994115e+01,3.962296e+01,1.688000e+02
1.237786e+06,1.432623e+01,8.866604e+04,1.026227e+00,9.479972e-01,9.480686e-01,8.757250e-04,1.084788e-08,3.797891e+01,8.039377e+00,2.993953e+01,3.962126e+01,1.688000e+02
1.237796e+06,1.432634e+01,8.867604e+04,1.026343e+00,9.480046e-01,9.480687e-01,8.758334e-04,1.084788e-08,3.797754e+01,8.039633e+00,2.993791e+01,3.961955e+01,1.688000e+02
1.237806e+06,1.432646e+01,8.868604e+04,1.026459e+00,9.480121e-01,9.480688e-01,8.759419e-04,1.084787e-08,3.797618e+01,8.039889e+00,2.993629e+01,3.961785e+01,1.688000e+02
1.237816e+06,1.432657e+01,8.869604e+04,1.026575e+00,9.480195e-01,9.480689e-01,8.760504e-04,1.084787e-08,3.797481e+01,8.040145e+00,2.993467e+01,3.961615e+01,1.688000e+02
1.237826e+06,1.432669e+01,8.870604e+04,1.026690e+00,9.480270e-01,9.480690e-01,8.761589e-04,1.084787e-08,3.797345e+01,8.040401e+00,2.993305e+01,3.961445e+01,1.688000e+02
1.237836e+06,1.432681e+01,8.871604e+04,1.026806e+00,9.480345e-01,9.480691e-01,8.762674e-04,1.084787e-08,3.797208e+01,8.040657e+00,2.993143e+01,3.961274e+01,1.688000e+02
1.237846e+06,1.432692e+01,8.872604e+04,1.026922e+00,9.480419e-01,9.480692e-01,8.763759e-04,1.084787e-08,3.797072e+01,8.040913e+00,2.992980e+01,3.961104e+01,1.688000e+02
1.237856e+06,1.432704e+01,8.873604e+04,1.027038e+00,9.480494e-01,9.480693e-01,8.764844e-04,1.084787e-08,3.796935e+01,8.041169e+00,2.992818e+01,3.960934e+01,1.688000e+02
1.237866e+06,1.432715e+01,8.874604e+04,1.027153e+00,9.480568e-01,9.480694e-01,8.765928e-04,1.084787e-08,3.796799e+01,8.041425e+00,2.992656e+01,3.960764e+01,1.688000e+02
1.237876e+06,1.432727e+01,8.875604e+04,1.027269e+00,9.480643e-01,9.480695e-01,8.767013e-04,1.084787e-08,3.796662e+01,8.041681e+00,2.992494e+01,3.960593e+01,1.688000e+02
1.237886e+06,1.432738e+01,8.876604e+04,1.027385e+00,9.480717e-01,9.480696e-01,8.768098e-04,1.084787e-08,3.796526e+01,8.041937e+00,2.992332e+01,3.960423e+01,1.688000e+02
1.237896e+06,1.432750e+01,8.877604e+04,1.027501e+00,9.480792e-01,9.480697e-01,8.769183e-04,1.084786e-08,3.796389e+01,8.042193e+00,2.992170e+01,3.960253e+01,1.688000e+02
1.237906e+06,1.432762e+01,8.878604e+04,1.027616e+00,9.480866e-01,9.480698e-01,8.770268e-04,1.084786e-08,3.796253e+01,8.042449e+00,2.992008e+01,3.960083e+01,1.688000e+02
1.237916e+06,1.432773e+01,8.879605e+04,1.027732e+00,9.480941e-01,9.480699e-01,8.771353e-04,1.084786e-08,3.796116e+01,8.042705e+00,2.991846e+01,3.959913e+01,1.688000e+02
1.237926e+06,1.432785e+01,8.880605e+04,1.027848e+00,9.481015e-01,9.480700e-01,8.772438e-04,1.084786e-08,3.795980e+01,8.042961e+00,2.991683e+01,3.959742e+01,1.688000e+02
1.237936e+06,1.432796e+01,8.881605e+04,1.027964e+00,9.481090e-01,9.480701e-01,8.773522e-04,1.084786e-08,3.795843e+01,8.043217e+00,2.991521e+01,3.959572e+01,1.688000e+02
1.237946e+06,1.432808e+01,8.882605e+04,1.028079e+00,9.481164e-01,9.480702e-01,8.774607e-04,1.084786e-08,3.795706e+01,8.043473e+00,2.991359e+01,3.959402e+01,1.688000e+02
1.237956e+06,1.432820e+01,8.883605e+04,1.028195e+00,9.481239e-01,9.480703e-01,8.775692e-04,1.084786e-08,3.795570e+01,8.043729e+00,2.991197e+01,3.959232e+01,1.688000e+02
1.237966e+06,1.432831e+01,8.884605e+04,1.028311e+00,9.481326e-01,9.480705e-01,8.776777e-04,1.084786e-08,3.795433e+01,8.043985e+00,2.991035e+01,3.959057e+01,1.688000e+02
1.237976e+06,1.432843e+01,8.885605e+04,1.028426e+00,9.481402e-01,9.480706e-01,8.777862e-04,1.084785e-08,3.795362e+01,8.044035e+00,2.990959e+01,3.958957e+01,1.688016e+02
1.237986e+06,1.432854e+01,8.886605e+04,1.028542e+00,9.481432e-01,9.480707e-01,8.778947e-04,1.084785e-08,3.795388e+01,8.043778e+00,2.991010e+01,3.958975e+01,1.688056e+02
1.237996e+06,1.432866e+01,8.887605e+04,1.028658e+00,9.481462e-01,9.480708e-01,8.780032e-04,1.084785e-08,3.795413e+01,8.043521e+00,2.991061e+01,3.958994e+01,1.688096e+02
1.238006e+06,1.432877e+01,8.888605e+04,1.028774e+00,9.481491e-01,9.480709e-01,8.781117e-04,1.084785e-08,3.795439e+01,8.043264e+00,2.991113e+01,3.959012e+01,1.688136e+02
1.238016e+06,1.432889e+01,8.889605e+04,1.028889e+00,9.481521e-01,9.480710e-01,8.782201e-04,1.084785e-08,3.795465e+01,8.043007e+00,2.991164e+01,3.959031e+01,1.688176e+02
1.238026e+06,1.432901e+01,8.890605e+04,1.029005e+00,9.481551e-01,9.480711e-01,8.783286e-04,1.084785e-08,3.795490e+01,8.042750e+00,2.991215e+01,3.959049e+01,1.688216e+02
1.238036e+06,1.432912e+01,8.891605e+04,1.029121e+00,9.481581e-01,9.480712e-01,8.784371e-04,1.084785e-08,3.795516e+01,8.042493e+00,2.991267e+01,3.959068e+01,1.688256e+02
1.238046e+06,1.432924e+01,8.892605e+04,1.029237e+00,9.481611e-01,9.480713e-01,8.785456e-04,1.084785e-08,3.795542e+01,8.042237e+00,2.991318e+01,3.959087e+01,1.688296e+02
1.238056e+06,1.432935e+01,8.893606e+04,1.029352e+00,9.481640e-01,9.480714e-01,8.786541e-04,1.084785e-08,3.795568e+01,8.041980e+00,2.991370e+01,3.959105e+01,1.688337e+02
1.238066e+06,1.432947e+01,8.894606e+04,1.029468e+00,9.481670e-01,9.480715e-01,8.787626e-04,1.084784e-08,3.795593e+01,8.041723e+00,2.991421e+01,3.959124e+01,1.688377e+02
1.238076e+06,1.432958e+01,8.895606e+04,1.029584e+00,9.481700e-01,9.480716e-01,8.788711e-04,1.084784e-08,3.795619e+01,8.041466e+00,2.991472e+01,3.959142e+01,1.688417e+02
1.238086e+06,1.432970e+01,8.896606e+04,1.029700e+00,9.481730e-01,9.480717e-01,8.789795e-04,1.084784e-08,3.795645e+01,8.041209e+00,2.991524e+01,3.959161e+01,1.688457e+02
1.238096e+06,1.432982e+01,8.897606e+04,1.029815e+00,9.481760e-01,9.480718e-01,8.790880e-04,1.084784e-08,3.795670e+01,8.040952e+00,2.991575e+01,3.959179e+01,1.688497e+02
1.238106e+06,1.432993e+01,8.898606e+04,1.029931e+00,9.481790e-01,9.480719e-01,8.791965e-04,1.084784e-08,3.795696e+01,8.040695e+00,2.991626e+01,3.959198e+01,1.688537e+02
1.238116e+06,1.433005e+01,8.899606e+04,1.030047e+00,9.481819e-01,9.480720e-01,8.793050e-04,1.084784e-08,3.795722e+01,8.040438e+00,2.991678e+01,3.959217e+01,1.688577e+02
1.238126e+06,1.433016e+01,8.900606e+04,1.030163e+00,9.481849e-01,9.480721e-01,8.794135e-04,1.084784e-08,3.795747e+01,8.040182e+00,2.991729e+01,3.959235e+01,1.688617e+02
1.238136e+06,1.433028e+01,8.901606e+04,1.030278e+00,9.481879e-01,9.480722e-01,8.795220e-04,1.084784e-08,3.795773e+01,8.039925e+00,2.991781e+01,3.959254e+01,1.688657e+02
1.238146e+06,1.433039e+01,8.902606e+04,1.030394e+00,9.481909e-01,9.480723e-01,8.796305e-04,1.084783e-08,3.795799e+01,8.039668e+00,2.991832e+01,3.959272e+01,1.688697e+02
1.238156e+06,1.433051e+01,8.903606e+04,1.030510e+00,9.481939e-01,9.480724e-01,8.797389e-04,1.084783e-08,3.795824e+01,8.039411e+00,2.991883e+01,3.959291e+01,1.688737e+02
1.238166e+06,1.433063e+01,8.904606e+04,1.030626e+00,9.481968e-01,9.480725e-01,8.798474e-04,1.084783e-08,3.795850e+01,8.039154e+00,2.991935e+01,3.959310e+01,1.688777e+02
1.238176e+06,1.433074e+01,8.905606e+04,1.030741e+00,9.481998e-01,9.480726e-01,8.799559e-04,1.084783e-08,3.795876e+01,8.038897e+00,2.991986e+01,3.959328e+01,1.688817e+02
1.238186e+06,1.433086e+01,8.906606e+04,1.030857e+00,9.482028e-01,9.480727e-01,8.800644e-04,1.084783e-08,3.795901e+01,8.038640e+00,2.992037e+01,3.959347e+01,1.688857e+02
1.238196e+06,1.433097e+01,8.907606e+04,1.030973e+00,9.482058e-01,9.480728e-01,8.801729e-04,1.084783e-08,3.795927e+01,8.038383e+00,2.992089e+01,3.959365e+01,1.688897e+02
1.238206e+06,1.433109e+01,8.908607e+04,1.031089e+00,9.482088e-01,9.480729e-01,8.802814e-04,1.084783e-08,3.795953e+01,8.038126e+00,2.992140e+01,3.959384e+01,1.688937e+02
1.238216e+06,1.433120e+01,8.909607e+04,1.031204e+00,9.482131e-01,9.480730e-01,8.803899e-04,1.084783e-08,3.795979e+01,8.037870e+00,2.992192e+01,3.959398e+01,1.688977e+02
1.238226e+06,1.433132e+01,8.910607e+04,1.031320e+00,9.482222e-01,9.480731e-01,8.804983e-04,1.084783e-08,3.796075e+01,8.037836e+00,2.992292e+01,3.959469e+01,1.689035e+02
1.238236e+06,1.433144e+01,8.911607e+04,1.031436e+00,9.482351e-01,9.480732e-01,8.806068e-04,1.084782e-08,3.796264e+01,8.038094e+00,2.992455e+01,3.959625e+01,1.689115e+02
1.238246e+06,1.433155e+01,8.912607e+04,1.031552e+00,9.482480e-01,9.480733e-01,8.807153e-04,1.084782e-08,3.796453e+01,8.038352e+00,2.992618e+01,3.959780e+01,1.689196e+02
1.238256e+06,1.433167e+01,8.913607e+04,1.031667e+00,9.482608e-01,9.480734e-01,8.808238e-04,1.084782e-08,3.796642e+01,8.038609e+00,2.992781e+01,3.959935e+01,1.689276e+02
1.238266e+06,1.433178e+01,8.914607e+04,1.031783e+00,9.482737e-01,9.480735e-01,8.809323e-04,1.084782e-08,3.796831e+01,8.038867e+00,2.992945e+01,3.960090e+01,1.689356e+02
1.238276e+06,1.433190e+01,8.915607e+04,1.031899e+00,9.482865e-01,9.480736e-01,8.810408e-04,1.084782e-08,3.797020e+01,8.039125e+00,2.993108e+01,3.960245e+01,1.689437e+02
1.238286e+06,1.433201e+01,8.916607e+04,1.032015e+00,9.482994e-01,9.480737e-01,8.811493e-04,1.084782e-08,3.797209e+01,8.039383e+00,2.993271e+01,3.960400e+01,1.689517e+02
1.238296e+06,1.433213e+01,8.917607e+04,1.032130e+00,9.483123e-01,9.480738e-01,8.812577e-04,1.084782e-08,3.797398e+01,8.039640e+00,2.993434e+01,3.960555e+01,1.689598e+02
1.238306e+06,1.433225e+01,8.918607e+04,1.032246e+00,9.483251e-01,9.480739e-01,8.813662e-04,1.084782e-08,3.797587e+01,8.039898e+00,2.993598e+01,3.960711e+01,1.689678e+02
1.238316e+06,1.433236e+01,8.919607e+04,1.032362e+00,9.483380e-01,9.480741e-01,8.814747e-04,1.084781e-08,3.797776e+01,8.040156e+00,2.993761e+01,3.960866e+01,1.689758e+02
1.238326e+06,1.433248e+01,8.920607e+04,1.032478e+00,9.483509e-01,9.480742e-01,8.815832e-04,1.084781e-08,3.797965e+01,8.040414e+00,2.993924e+01,3.961021e+01,1.689839e+02
1.238336e+06,1.433259e+01,8.921607e+04,1.032593e+00,9.483637e-01,9.480743e-01,8.816917e-04,1.084781e-08,3.798154e+01,8.040671e+00,2.994087e+01,3.961176e+01,1.689919e+02
1.238346e+06,1.433271e+01,8.922607e+04,1.032709e+00,9.483766e-01,9.480744e-01,8.818002e-04,1.084781e-08,3.798344e+01,8.040929e+00,2.994251e+01,3.961331e+01,1.689999e+02
1.238356e+06,1.433282e+01,8.923608e+04,1.032825e+00,9.483894e-01,9.480745e-01,8.819086e-04,1.084781e-08,3.798533e+01,8.041187e+00,2.994414e+01,3.961486e+01,1.690080e+02
1.238366e+06,1.433294e+01,8.924608e+04,1.032941e+00,9.484023e-01,9.480746e-01,8.820171e-04,1.084781e-08,3.798722e+01,8.041445e+00,2.994577e+01,3.961641e+01,1.690160e+02
1.238376e+06,1.433306e+01,8.925608e+04,1.033056e+00,9.484152e-01,9.480747e-01,8.821256e-04,1.084781e-08,3.798911e+01,8.041703e+00,2.994740e+01,3.961796e+01,1.690241e+02
1.238386e+06,1.433317e+01,8.926608e+04,1.033172e+00,9.484280e-01,9.480748e-01,8.822341e-04,1.084781e-08,3.799100e+01,8.041960e+00,2.994904e+01,3.961951e+01,1.690321e+02
1.238396e+06,1.433329e+01,8.927608e+04,1.033288e+00,9.484409e-01,9.480749e-01,8.823426e-04,1.084781e-08,3.799289e+01,8.042218e+00,2.995067e+01,3.962106e+01,1.690401e+02
1.238406e+06,1.433340e+01,8.928608e+04,1.033404e+00,9.484537e-01,9.480750e-01,8.824511e-04,1.084780e-08,3.799478e+01,8.042476e+00,2.995230e+01,3.962262e+01,1.690482e+02
1.238416e+06,1.433352e+01,8.929608e+04,1.033519e+00,9.484666e-01,9.480751e-01,8.825596e-04,1.084780e-08,3.799667e+01,8.042734e+00,2.995393e+01,3.962417e+01,1.690562e+02
1.238426e+06,1.433364e+01,8.930608e+04,1.033635e+00,9.484795e-01,9.480752e-01,8.826680e-04,1.084780e-08,3.799856e+01,8.042991e+00,2.995557e+01,3.962572e+01,1.690642e+02
1.238436e+06,1.433375e+01,8.931608e+04,1.033751e+00,9.484923e-01,9.480753e-01,8.827765e-04,1.084780e-08,3.800045e+01,8.043249e+00,2.995720e+01,3.962727e+01,1.690723e+02
1.238446e+06,1.433387e+01,8.932608e+04,1.033867e+00,9.485052e-01,9.480754e-01,8.828850e-04,1.084780e-08,3.800234e+01,8.043507e+00,2.995883e+01,3.962882e+01,1.690803e+02
1.238456e+06,1.433398e+01,8.933608e+04,1.033982e+00,9.485180e-01,9.480755e-01,8.829935e-04,1.084780e-08,3.800423e+01,8.043765e+00,2.996046e+01,3.963037e+01,1.690884e+02
1.238466e+06,1.433410e+01,8.934608e+04,1.034098e+00,9.485274e-01,9.480756e-01,8.831020e-04,1.084780e-08,3.800612e+01,8.044023e+00,2.996210e+01,3.963204e+01,1.690964e+02
1.238476e+06,1.433421e+01,8.935608e+04,1.034214e+00,9.485230e-01,9.480757e-01,8.832105e-04,1.084780e-08,3.800668e+01,8.044138e+00,2.996255e+01,3.963277e+01,1.691000e+02
1.238486e+06,1.433433e+01,8.936608e+04,1.034330e+00,9.485099e-01,9.480758e-01,8.833190e-04,1.084779e-08,3.800617e+01,8.044138e+00,2.996204e+01,3.963267e+01,1.691000e+02
1.238496e+06,1.433445e+01,8.937608e+04,1.034445e+00,9.484968e-01,9.480759e-01,8.834274e-04,1.084779e-08,3.800566e+01,8.044138e+00,2.996153e+01,3.963257e+01,1.691000e+02
1.238506e+06,1.433456e+01,8.938609e+04,1.034561e+00,9.484837e-01,9.480760e-01,8.835359e-04,1.084779e-08,3.800515e+01,8.044138e+00,2.996102e+01,3.963247e+01,1.691000e+02
1.238516e+06,1.433468e+01,8.939609e+04,1.034677e+00,9.484706e-01,9.480761e-01,8.836444e-04,1.084779e-08,3.800464e+01,8.044138e+00,2.996050e+01,3.963236e+01,1.691000e+02
1.238526e+06,1.433479e+01,8.940609e+04,1.034793e+00,9.484575e-01,9.480762e-01,8.837529e-04,1.084779e-08,3.800413e+01,8.044138e+00,2.995999e+01,3.963226e+01,1.691000e+02
1.238536e+06,1.433491e+01,8.941609e+04,1.034908e+00,9.484444e-01,9.480763e-01,8.838614e-04,1.084779e-08,3.800362e+01,8.044138e+00,2.995948e+01,3.963216e+01,1.691000e+02
1.238546e+06,1.433502e+01,8.942609e+04,1.035024e+00,9.484313e-01,9.480764e-01,8.839699e-04,1.084779e-08,3.800311e+01,8.044138e+00,2.995897e+01,3.963206e+01,1.691000e+02
1.238556e+06,1.433514e+01,8.943609e+04,1.035140e+00,9.484182e-01,9.480765e-01,8.840784e-04,1.084779e-08,3.800260e+01,8.044138e+00,2.995846e+01,3.963196e+01,1.691000e+02
1.238566e+06,1.433526e+01,8.944609e+04,1.035256e+00,9.484051e-01,9.480766e-01,8.841868e-04,1.084779e-08,3.800209e+01,8.044138e+00,2.995795e+01,3.963186e+01,1.691000e+02
1.238576e+06,1.433537e+01,8.945609e+04,1.035371e+00,9.483920e-01,9.480767e-01,8.842953e-04,1.084778e-08,3.800158e+01,8.044138e+00,2.995744e+01,3.963175e+01,1.691000e+02
1.238586e+06,1.433549e+01,8.946609e+04,1.035487e+00,9.483789e-01,9.480768e-01,8.844038e-04,1.084778e-08,3.800107e+01,8.044138e+00,2.995693e+01,3.963165e+01,1.691000e+02
1.238596e+06,1.433560e+01,8.947609e+04,1.035603e+00,9.483659e-01,9.480769e-01,8.845123e-04,1.084778e-08,3.800056e+01,8.044138e+00,2.995642e+01,3.963155e+01,1.691000e+02
1.238606e+06,1.433572e+01,8.948609e+04,1.035719e+00,9.483528e-01,9.480770e-01,8.846208e-04,1.084778e-08,3.800005e+01,8.044138e+00,2.995591e+01,3.963145e+01,1.691000e+02
1.238616e+06,1.433583e+01,8.949609e+04,1.035834e+00,9.483397e-01,9.480771e-01,8.847293e-04,1.084778e-08,3.799954e+01,8.044138e+00,2.995540e+01,3.963135e+01,1.691000e+02
1.238626e+06,1.433595e+01,8.950609e+04,1.035950e+00,9.483266e-01,9.480772e-01,8.848378e-04,1.084778e-08,3.799903e+01,8.044138e+00,2.995489e+01,3.963124e+01,1.691000e+02
1.238636e+06,1.433607e+01,8.951609e+04,1.036066e+00,9.483135e-01,9.480773e-01,8.849462e-04,1.084778e-08,3.799852e+01,8.044138e+00,2.995438e+01,3.963114e+01,1.691000e+02
1.238646e+06,1.433618e+01,8.952610e+04,1.036182e+00,9.483004e-01,9.480774e-01,8.850547e-04,1.084778e-08,3.799801e+01,8.044138e+00,2.995387e+01,3.963104e+01,1.691000e+02
1.238656e+06,1.433630e+01,8.953610e+04,1.036297e+00,9.482873e-01,9.480775e-01,8.851632e-04,1.084777e-08,3.799750e+01,8.044138e+00,2.995336e+01,3.963094e+01,1.691000e+02
1.238666e+06,1.433641e+01,8.954610e+04,1.036413e+00,9.482742e-01,9.480776e-01,8.852717e-04,1.084777e-08,3.799699e+01,8.044138e+00,2.995285e+01,3.963084e+01,1.691000e+02
1.238676e+06,1.433653e+01,8.955610e+04,1.036529e+00,9.482611e-01,9.480778e-01,8.853802e-04,1.084777e-08,3.799648e+01,8.044138e+00,2.995234e+01,3.963074e+01,1.691000e+02
1.238686e+06,1.433664e+01,8.956610e+04,1.036645e+00,9.482480e-01,9.480779e-01,8.854887e-04,1.084777e-08,3.799597e+01,8.044138e+00,2.995183e+01,3.963063e+01,1.691000e+02
1.238696e+06,1.433676e+01,8.957610e+04,1.036760e+00,9.482349e-01,9.480780e-01,8.855971e-04,1.084777e-08,3.799546e+01,8.044138e+00,2.995132e+01,3.963053e+01,1.691000e+02
1.238706e+06,1.433688e+01,8.958610e+04,1.036876e+00,9.482218e-01,9.480781e-01,8.857056e-04,1.084777e-08,3.799495e+01,8.044138e+00,2.995081e+01,3.963043e+01,1.691000e+02
1.238716e+06,1.433699e+01,8.959610e+04,1.036992e+00,9.482087e-01,9.480782e-01,8.858141e-04,1.084777e-08,3.799444e+01,8.044138e+00,2.995030e+01,3.963033e+01,1.691000e+02
1.238726e+06,1.433711e+01,8.960610e+04,1.037108e+00,9.482010e-01,9.480783e-01,8.859226e-04,1.084777e-08,3.799393e+01,8.044138e+00,2.994979e+01,3.963004e+01,1.691000e+02
1.238736e+06,1.433722e+01,8.961610e+04,1.037223e+00,9.482010e-01,9.480784e-01,8.860311e-04,1.084777e-08,3.799341e+01,8.044138e+00,2.994927e+01,3.962950e+01,1.691000e+02
1.238746e+06,1.433734e+01,8.962610e+04,1.037339e+00,9.482010e-01,9.480785e-01,8.861396e-04,1.084776e-08,3.799289e+01,8.044138e+00,2.994876e+01,3.962896e+01,1.691000e+02
1.238756e+06,1.433745e+01,8.963610e+04,1.037455e+00,9.482010e-01,9.480786e-01,8.862481e-04,1.084776e-08,3.799238e+01,8.044138e+00,2.994824e+01,3.962841e+01,1.691000e+02
1.238766e+06,1.433757e+01,8.964610e+04,1.037571e+00,9.482010e-01,9.480787e-01,8.863565e-04,1.084776e-08,3.799186e+01,8.044138e+00,2.994773e+01,3.962787e+01,1.691000e+02
1.238776e+06,1.433769e+01,8.965610e+04,1.037686e+00,9.482010e-01,9.480788e-01,8.864650e-04,1.084776e-08,3.799135e+01,8.044138e+00,2.994721e+01,3.962733e+01,1.691000e+02
1.238786e+06,1.433780e+01,8.966610e+04,1.037802e+00,9.482010e-01,9.480789e-01,8.865735e-04,1.084776e-08,3.799083e+01,8.044138e+00,2.994669e+01,3.962678e+01,1.691000e+02
1.238796e+06,1.433792e+01,8.967611e+04,1.037918e+00,9.482010e-01,9.480790e-01,8.866820e-04,1.084776e-08,3.799032e+01,8.044138e+00,2.994618e+01,3.962624e+01,1.691000e+02
1.238806e+06,1.433803e+01,8.968611e+04,1.038034e+00,9.482010e-01,9.480791e-01,8.867905e-04,1.084776e-08,3.798980e+01,8.044138e+00,2.994566e+01,3.962569e+01,1.691000e+02
1.238816e+06,1.433815e+01,8.969611e+04,1.038149e+00,9.482010e-01,9.480792e-01,8.868990e-04,1.084776e-08,3.798929e+01,8.044138e+00,2.994515e+01,3.962515e+01,1.691000e+02
1.238826e+06,1.433827e+01,8.970611e+04,1.038265e+00,9.482010e-01,9.480793e-01,8.870075e-04,1.084775e-08,3.798877e+01,8.044138e+00,2.994463e+01,3.962461e+01,1.691000e+02
1.238836e+06,1.433838e+01,8.971611e+04,1.038381e+00,9.482010e-01,9.480794e-01,8.871159e-04,1.084775e-08,3.798825e+01,8.044138e+00,2.994412e+01,3.962406e+01,1.691000e+02
1.238846e+06,1.433850e+01,8.972611e+04,1.038497e+00,9.482010e-01,9.480795e-01,8.872244e-04,1.084775e-08,3.798774e+01,8.044138e+00,2.994360e+01,3.962352e+01,1.691000e+02
1.238856e+06,1.433861e+01,8.973611e+04,1.038612e+00,9.482010e-01,9.480796e-01,8.873329e-04,1.084775e-08,3.798722e+01,8.044138e+00,2.994309e+01,3.962298e+01,1.691000e+02
1.238866e+06,1.433873e+01,8.974611e+04,1.038728e+00,9.482010e-01,9.480797e-01,8.874414e-04,1.084775e-08,3.798671e+01,8.044138e+00,2.994257e+01,3.962243e+01,1.691000e+02
1.238876e+06,1.433884e+01,8.975611e+04,1.038844e+00,9.482010e-01,9.480798e-01,8.875499e-04,1.084775e-08,3.798619e+01,8.044138e+00,2.994205e+01,3.962189e+01,1.691000e+02
1.238886e+06,1.433896e+01,8.976611e+04,1.038960e+00,9.482010e-01,9.480799e-01,8.876584e-04,1.084775e-08,3.798568e+01,8.044138e+00,2.994154e+01,3.962134e+01,1.691000e+02
1.238896e+06,1.433908e+01,8.977611e+04,1.039075e+00,9.482010e-01,9.480800e-01,8.877668e-04,1.084775e-08,3.798516e+01,8.044138e+00,2.994102e+01,3.962080e+01,1.691000e+02
1.238906e+06,1.433919e+01,8.978611e+04,1.039191e+00,9.482010e-01,9.480801e-01,8.878753e-04,1.084775e-08,3.798465e+01,8.044138e+00,2.994051e+01,3.962026e+01,1.691000e+02
1.238916e+06,1.433931e+01,8.979611e+04,1.039307e+00,9.482010e-01,9.480802e-01,8.879838e-04,1.084774e-08,3.798413e+01,8.044138e+00,2.993999e+01,3.961971e+01,1.691000e+02
1.238926e+06,1.433942e+01,8.980611e+04,1.039423e+00,9.482010e-01,9.480803e-01,8.880923e-04,1.084774e-08,3.798361e+01,8.044138e+00,2.993948e+01,3.961917e+01,1.691000e+02
1.238936e+06,1.433954e+01,8.981611e+04,1.039538e+00,9.482010e-01,9.480804e-01,8.882008e-04,1.084774e-08,3.798310e+01,8.044138e+00,2.993896e+01,3.961863e+01,1.691000e+02
1.238946e+06,1.433965e+01,8.982612e+04,1.039654e+00,9.482010e-01,9.480805e-01,8.883093e-04,1.084774e-08,3.798258e+01,8.044138e+00,2.993845e+01,3.961808e+01,1.691000e+02
1.238956e+06,1.433977e+01,8.983612e+04,1.039770e+00,9.482010e-01,9.480806e-01,8.884178e-04,1.084774e-08,3.798207e+01,8.044138e+00,2.993793e+01,3.961754e+01,1.691000e+02
1.238966e+06,1.433989e+01,8.984612e+04,1.039886e+00,9.482010e-01,9.480807e-01,8.885262e-04,1.084774e-08,3.798155e+01,8.044138e+00,2.993741e+01,3.961699e+01,1.691000e+02
1.238976e+06,1.434000e+01,8.985612e+04,1.040001e+00,9.482006e-01,9.480808e-01,8.886347e-04,1.084774e-08,3.798131e+01,8.044138e+00,2.993717e+01,3.961675e+01,1.691000e+02
1.238986e+06,1.434012e+01,8.986612e+04,1.040117e+00,9.481999e-01,9.480809e-01,8.887432e-04,1.084774e-08,3.798131e+01,8.044138e+00,2.993717e+01,3.961678e+01,1.691000e+02
1.238996e+06,1.434023e+01,8.987612e+04,1.040233e+00,9.481992e-01,9.480810e-01,8.888517e-04,1.084773e-08,3.798131e+01,8.044138e+00,2.993717e+01,3.961680e+01,1.691000e+02
1.239006e+06,1.434035e+01,8.988612e+04,1.040349e+00,9.481984e-01,9.480811e-01,8.889602e-04,1.084773e-08,3.798131e+01,8.044138e+00,2.993717e+01,3.961682e+01,1.691000e+02
1.239016e+06,1.434046e+01,8.989612e+04,1.040464e+00,9.481977e-01,9.480812e-01,8.890687e-04,1.084773e-08,3.798131e+01,8.044138e+00,2.993717e+01,3.961685e+01,1.691000e+02
1.239026e+06,1.434058e+01,8.990612e+04,1.040580e+00,9.481970e-01,9.480814e-01,8.891772e-04,1.084773e-08,3.798131e+01,8.044138e+00,2.993717e+01,3.961687e+01,1.691000e+02
1.239036e+06,1.434070e+01,8.991612e+04,1.040696e+00,9.481963e-01,9.480815e-01,8.892856e-04,1.084773e-08,3.798131e+01,8.044138e+00,2.993717e+01,3.961690e+01,1.691000e+02
1.239046e+06,1.434081e+01,8.992612e+04,1.040812e+00,9.481955e-01,9.480816e-01,8.893941e-04,1.084773e-08,3.798131e+01,8.044138e+00,2.993717e+01,3.961692e+01,1.691000e+02
1.239056e+06,1.434093e+01,8.993612e+04,1.040927e+00,9.481948e-01,9.480817e-01,8.895026e-04,1.084773e-08,3.798131e+01,8.044138e+00,2.993717e+01,3.961695e+01,1.691000e+02
1.239066e+06,1.434104e+01,8.994612e+04,1.041043e+00,9.481941e-01,9.480818e-01,8.896111e-04,1.084773e-08,3.798131e+01,8.044138e+00,2.993717e+01,3.961697e+01,1.691000e+02
1.239076e+06,1.434116e+01,8.995612e+04,1.041159e+00,9.481934e-01,9.480819e-01,8.897196e-04,1.084773e-08,3.798131e+01,8.044138e+00,2.993717e+01,3.961699e+01,1.691000e+02
1.239086e+06,1.434127e+01,8.996613e+04,1.041275e+00,9.481926e-01,9.480820e-01,8.898281e-04,1.084772e-08,3.798131e+01,8.044138e+00,2.993717e+01,3.961702e+01,1.691000e+02
1.239096e+06,1.434139e+01,8.997613e+04,1.041390e+00,9.481919e-01,9.480821e-01,8.899365e-04,1.084772e-08,3.798131e+01,8.044138e+00,2.993717e+01,3.961704e+01,1.691000e+02
1.239106e+06,1.434151e+01,8.998613e+04,1.041506e+00,9.481912e-01,9.480822e-01,8.900450e-04,1.084772e-08,3.798131e+01,8.044138e+00,2.993717e+01,3.961707e+01,1.691000e+02
1.239116e+06,1.434162e+01,8.999613e+04,1.041622e+00,9.481905e-01,9.480823e-01,8.901535e-04,1.084772e-08,3.798131e+01,8.044138e+00,2.993717e+01,3.961709e+01,1.691000e+02
1.239126e+06,1.434174e+01,9.000613e+04,1.041738e+00,9.481897e-01,9.480824e-01,8.902620e-04,1.084772e-08,3.798131e+01,8.044138e+00,2.993717e+01,3.961711e+01,1.691000e+02
1.239136e+06,1.434185e+01,9.001613e+04,1.041853e+00,9.481890e-01,9.480825e-01,8.903705e-04,1.084772e-08,3.798131e+01,8.044138e+00,2.993717e+01,3.961714e+01,1.691000e+02
1.239146e+06,1.434197e+01,9.002613e+04,1.041969e+00,9.481883e-01,9.480826e-01,8.904790e-04,1.084772e-08,3.798131e+01,8.044138e+00,2.993717e+01,3.961716e+01,1.691000e+02
1.239156e+06,1.434208e+01,9.003613e+04,1.042085e+00,9.481876e-01,9.480827e-01,8.905875e-04,1.084772e-08,3.798131e+01,8.044138e+00,2.993717e+01,3.961719e+01,1.691000e+02
1.239166e+06,1.434220e+01,9.004613e+04,1.042201e+00,9.481868e-01,9.480828e-01,8.906959e-04,1.084771e-08,3.798131e+01,8.044138e+00,2.993717e+01,3.961721e+01,1.691000e+02
1.239176e+06,1.434232e+01,9.005613e+04,1.042316e+00,9.481861e-01,9.480829e-01,8.908044e-04,1.084771e-08,3.798131e+01,8.044138e+00,2.993717e+01,3.961723e+01,1.691000e+02
1.239186e+06,1.434243e+01,9.006613e+04,1.042432e+00,9.481854e-01,9.480830e-01,8.909129e-04,1.084771e-08,3.798131e+01,8.044138e+00,2.993717e+01,3.961726e+01,1.691000e+02
1.239196e+06,1.434255e+01,9.007613e+04,1.042548e+00,9.481847e-01,9.480831e-01,8.910214e-04,1.084771e-08,3.798131e+01,8.044138e+00,2.993717e+01,3.961728e+01,1.691000e+02
1.239206e+06,1.434266e+01,9.008613e+04,1.042664e+00,9.481839e-01,9.480832e-01,8.911299e-04,1.084771e-08,3.798131e+01,8.044138e+00,2.993717e+01,3.961731e+01,1.691000e+02
1.239216e+06,1.434278e+01,9.009613e+04,1.042779e+00,9.481832e-01,9.480833e-01,8.912384e-04,1.084771e-08,3.798131e+01,8.044138e+00,2.993717e+01,3.961733e+01,1.691000e+02
1.239226e+06,1.434290e+01,9.010613e+04,1.042895e+00,9.481824e-01,9.480834e-01,8.913468e-04,1.084771e-08,3.798151e+01,8.044138e+00,2.993737e+01,3.961757e+01,1.691000e+02
1.239236e+06,1.434301e+01,9.011614e+04,1.043011e+00,9.481813e-01,9.480835e-01,8.914553e-04,1.084771e-08,3.798203e+01,8.044138e+00,2.993789e+01,3.961815e+01,1.691000e+02
1.239246e+06,1.434313e+01,9.012614e+04,1.043127e+00,9.481803e-01,9.480836e-01,8.915638e-04,1.084771e-08,3.798254e+01,8.044138e+00,2.993840e+01,3.961873e+01,1.691000e+02
1.239256e+06,1.434324e+01,9.013614e+04,1.043242e+00,9.481793e-01,9.480837e-01,8.916723e-04,1.084770e-08,3.798306e+01,8.044138e+00,2.993892e+01,3.961931e+01,1.691000e+02
1.239266e+06,1.434336e+01,9.014614e+04,1.043358e+00,9.481782e-01,9.480838e-01,8.917808e-04,1.084770e-08,3.798357e+01,8.044138e+00,2.993944e+01,3.961988e+01,1.691000e+02
1.239276e+06,1.434347e+01,9.015614e+04,1.043474e+00,9.481772e-01,9.480839e-01,8.918893e-04,1.084770e-08,3.798409e+01,8.044138e+00,2.993995e+01,3.962046e+01,1.691000e+02
1.239286e+06,1.434359e+01,9.016614e+04,1.043590e+00,9.481761e-01,9.480840e-01,8.919977e-04,1.084770e-08,3.798460e+01,8.044138e+00,2.994047e+01,3.962104e+01,1.691000e+02
1.239296e+06,1.434371e+01,9.017614e+04,1.043705e+00,9.481751e-01,9.480841e-01,8.921062e-04,1.084770e-08,3.798512e+01,8.044138e+00,2.994098e+01,3.962162e+01,1.691000e+02
1.239306e+06,1.434382e+01,9.018614e+04,1.043821e+00,9.481741e-01,9.480842e-01,8.922147e-04,1.084770e-08,3.798564e+01,8.044138e+00,2.994150e+01,3.962220e+01,1.691000e+02
1.239316e+06,1.434394e+01,9.019614e+04,1.043937e+00,9.481730e-01,9.480843e-01,8.923232e-04,1.084770e-08,3.798615e+01,8.044138e+00,2.994201e+01,3.962278e+01,1.691000e+02
1.239326e+06,1.434405e+01,9.020614e+04,1.044053e+00,9.481720e-01,9.480844e-01,8.924317e-04,1.084770e-08,3.798667e+01,8.044138e+00,2.994253e+01,3.962335e+01,1.691000e+02
1.239336e+06,1.434417e+01,9.021614e+04,1.044168e+00,9.481710e-01,9.480845e-01,8.925402e-04,1.084769e-08,3.798718e+01,8.044138e+00,2.994304e+01,3.962393e+01,1.691000e+02
1.239346e+06,1.434428e+01,9.022614e+04,1.044284e+00,9.481699e-01,9.480846e-01,8.926487e-04,1.084769e-08,3.798770e+01,8.044138e+00,2.994356e+01,3.962451e+01,1.691000e+02
1.239356e+06,1.434440e+01,9.023614e+04,1.044400e+00,9.481689e-01,9.480847e-01,8.927571e-04,1.084769e-08,3.798821e+01,8.044138e+00,2.994408e+01,3.962509e+01,1.691000e+02
1.239366e+06,1.434452e+01,9.024614e+04,1.044516e+00,9.481678e-01,9.480848e-01,8.928656e-04,1.084769e-08,3.798873e+01,8.044138e+00,2.994459e+01,3.962567e+01,1.691000e+02
1.239376e+06,1.434463e+01,9.025614e+04,1.044631e+00,9.481668e-01,9.480850e-01,8.929741e-04,1.084769e-08,3.798924e+01,8.044138e+00,2.994511e+01,3.962625e+01,1.691000e+02
1.239386e+06,1.434475e+01,9.026615e+04,1.044747e+00,9.481658e-01,9.480851e-01,8.930826e-04,1.084769e-08,3.798976e+01,8.044138e+00,2.994562e+01,3.962682e+01,1.691000e+02
1.239396e+06,1.434486e+01,9.027615e+04,1.044863e+00,9.481647e-01,9.480852e-01,8.931911e-04,1.084769e-08,3.799028e+01,8.044138e+00,2.994614e+01,3.962740e+01,1.691000e+02
1.239406e+06,1.434498e+01,9.028615e+04,1.044979e+00,9.481637e-01,9.480853e-01,8.932996e-04,1.084769e-08,3.799079e+01,8.044138e+00,2.994665e+01,3.962798e+01,1.691000e+02
1.239416e+06,1.434509e+01,9.029615e+04,1.045094e+00,9.481626e-01,9.480854e-01,8.934080e-04,1.084769e-08,3.799131e+01,8.044138e+00,2.994717e+01,3.962856e+01,1.691000e+02
1.239426e+06,1.434521e+01,9.030615e+04,1.045210e+00,9.481616e-01,9.480855e-01,8.935165e-04,1.084768e-08,3.799182e+01,8.044138e+00,2.994768e+01,3.962914e+01,1.691000e+02
1.239436e+06,1.434533e+01,9.031615e+04,1.045326e+00,9.481606e-01,9.480856e-01,8.936250e-04,1.084768e-08,3.799234e+01,8.044138e+00,2.994820e+01,3.962972e+01,1.691000e+02
1.239446e+06,1.434544e+01,9.032615e+04,1.045442e+00,9.481595e-01,9.480857e-01,8.937335e-04,1.084768e-08,3.799285e+01,8.044138e+00,2.994872e+01,3.963029e+01,1.691000e+02
1.239456e+06,1.434556e+01,9.033615e+04,1.045557e+00,9.481585e-01,9.480858e-01,8.938420e-04,1.084768e-08,3.799337e+01,8.044138e+00,2.994923e+01,3.963087e+01,1.691000e+02
1.239466e+06,1.434567e+01,9.034615e+04,1.045673e+00,9.481591e-01,9.480859e-01,8.939505e-04,1.084768e-08,3.799388e+01,8.044138e+00,2.994975e+01,3.963140e+01,1.691000e+02
1.239476e+06,1.434579e+01,9.035615e+04,1.045789e+00,9.481694e-01,9.480860e-01,8.940589e-04,1.084768e-08,3.799375e+01,8.044138e+00,2.994961e+01,3.963091e+01,1.691020e+02
1.239486e+06,1.434590e+01,9.036615e+04,1.045905e+00,9.481877e-01,9.480861e-01,8.941674e-04,1.084768e-08,3.799298e+01,8.044138e+00,2.994884e+01,3.962949e+01,1.691060e+02
1.239496e+06,1.434602e+01,9.037615e+04,1.046020e+00,9.482060e-01,9.480862e-01,8.942759e-04,1.084768e-08,3.799221e+01,8.044138e+00,2.994807e+01,3.962807e+01,1.691100e+02
1.239506e+06,1.434614e+01,9.038615e+04,1.046136e+00,9.482243e-01,9.480863e-01,8.943844e-04,1.084767e-08,3.799144e+01,8.044138e+00,2.994731e+01,3.962665e+01,1.691140e+02
1.239516e+06,1.434625e+01,9.039615e+04,1.046252e+00,9.482426e-01,9.480864e-01,8.944929e-04,1.084767e-08,3.799068e+01,8.044138e+00,2.994654e+01,3.962523e+01,1.691180e+02
1.239526e+06,1.434637e+01,9.040616e+04,1.046368e+00,9.482608e-01,9.480865e-01,8.946014e-04,1.084767e-08,3.798991e+01,8.044138e+00,2.994577e+01,3.962381e+01,1.691220e+02
1.239536e+06,1.434648e+01,9.041616e+04,1.046483e+00,9.482791e-01,9.480866e-01,8.947099e-04,1.084767e-08,3.798914e+01,8.044138e+00,2.994500e+01,3.962239e+01,1.691260e+02
1.239546e+06,1.434660e+01,9.042616e+04,1.046599e+00,9.482974e-01,9.480867e-01,8.948183e-04,1.084767e-08,3.798837e+01,8.044138e+00,2.994423e+01,3.962098e+01,1.691300e+02
1.239556e+06,1.434671e+01,9.043616e+04,1.046715e+00,9.483157e-01,9.480868e-01,8.949268e-04,1.084767e-08,3.798760e+01,8.044138e+00,2.994347e+01,3.961956e+01,1.691340e+02
1.239566e+06,1.434683e+01,9.044616e+04,1.046831e+00,9.483340e-01,9.480869e-01,8.950353e-04,1.084767e-08,3.798684e+01,8.044138e+00,2.994270e+01,3.961814e+01,1.691379e+02
1.239576e+06,1.434695e+01,9.045616e+04,1.046946e+00,9.483523e-01,9.480870e-01,8.951438e-04,1.084767e-08,3.798607e+01,8.044138e+00,2.994193e+01,3.961672e+01,1.691419e+02
1.239586e+06,1.434706e+01,9.046616e+04,1.047062e+00,9.483706e-01,9.480871e-01,8.952523e-04,1.084767e-08,3.798530e+01,8.044138e+00,2.994116e+01,3.961530e+01,1.691459e+02
1.239596e+06,1.434718e+01,9.047616e+04,1.047178e+00,9.483888e-01,9.480872e-01,8.953608e-04,1.084766e-08,3.798453e+01,8.044138e+00,2.994039e+01,3.961388e+01,1.691499e+02
1.239606e+06,1.434729e+01,9.048616e+04,1.047294e+00,9.484071e-01,9.480873e-01,8.954692e-04,1.084766e-08,3.798376e+01,8.044138e+00,2.993963e+01,3.961246e+01,1.691539e+02
1.239616e+06,1.434741e+01,9.049616e+04,1.047409e+00,9.484254e-01,9.480874e-01,8.955777e-04,1.084766e-08,3.798300e+01,8.044138e+00,2.993886e+01,3.961105e+01,1.691579e+02
1.239626e+06,1.434753e+01,9.050616e+04,1.047525e+00,9.484437e-01,9.480875e-01,8.956862e-04,1.084766e-08,3.798223e+01,8.044138e+00,2.993809e+01,3.960963e+01,1.691619e+02
1.239636e+06,1.434764e+01,9.051616e+04,1.047641e+00,9.484620e-01,9.480876e-01,8.957947e-04,1.084766e-08,3.798146e+01,8.044138e+00,2.993732e+01,3.960821e+01,1.691659e+02
1.239646e+06,1.434776e+01,9.052616e+04,1.047757e+00,9.484803e-01,9.480877e-01,8.959032e-04,1.084766e-08,3.798069e+01,8.044138e+00,2.993655e+01,3.960679e+01,1.691699e+02
1.239656e+06,1.434787e+01,9.053616e+04,1.047872e+00,9.484985e-01,9.480878e-01,8.960117e-04,1.084766e-08,3.797992e+01,8.044138e+00,2.993579e+01,3.960537e+01,1.691739e+02
1.239666e+06,1.434799e+01,9.054616e+04,1.047988e+00,9.485168e-01,9.480879e-01,8.961201e-04,1.084766e-08,3.797916e+01,8.044138e+00,2.993502e+01,3.960396e+01,1.691779e+02
1.239676e+06,1.434810e+01,9.055617e+04,1.048104e+00,9.485351e-01,9.480880e-01,8.962286e-04,1.084765e-08,3.797839e+01,8.044138e+00,2.993425e+01,3.960254e+01,1.691819e+02
1.239686e+06,1.434822e+01,9.056617e+04,1.048220e+00,9.485534e-01,9.480881e-01,8.963371e-04,1.084765e-08,3.797762e+01,8.044138e+00,2.993348e+01,3.960112e+01,1.691858e+02
1.239696e+06,1.434834e+01,9.057617e+04,1.048335e+00,9.485717e-01,9.480882e-01,8.964456e-04,1.084765e-08,3.797685e+01,8.044138e+00,2.993271e+01,3.959970e+01,1.691898e+02
1.239706e+06,1.434845e+01,9.058617e+04,1.048451e+00,9.485900e-01,9.480883e-01,8.965541e-04,1.084765e-08,3.797608e+01,8.044138e+00,2.993195e+01,3.959828e+01,1.691938e+02
1.239716e+06,1.434857e+01,9.059617e+04,1.048567e+00,9.486068e-01,9.480884e-01,8.966626e-04,1.084765e-08,3.797532e+01,8.044138e+00,2.993118e+01,3.959691e+01,1.691978e+02
1.239726e+06,1.434868e+01,9.060617e+04,1.048683e+00,9.486074e-01,9.480886e-01,8.967711e-04,1.084765e-08,3.797501e+01,8.044138e+00,2.993087e+01,3.959657e+01,1.692000e+02
1.239736e+06,1.434880e+01,9.061617e+04,1.048798e+00,9.485907e-01,9.480887e-01,8.968795e-04,1.084765e-08,3.797527e+01,8.044138e+00,2.993113e+01,3.959740e+01,1.692000e+02
1.239746e+06,1.434891e+01,9.062617e+04,1.048914e+00,9.485739e-01,9.480888e-01,8.969880e-04,1.084765e-08,3.797552e+01,8.044138e+00,2.993139e+01,3.959823e+01,1.692000e+02
1.239756e+06,1.434903e+01,9.063617e+04,1.049030e+00,9.485572e-01,9.480889e-01,8.970965e-04,1.084765e-08,3.797578e+01,8.044138e+00,2.993164e+01,3.959905e+01,1.692000e+02
1.239766e+06,1.434915e+01,9.064617e+04,1.049146e+00,9.485404e-01,9.480890e-01,8.972050e-04,1.084764e-08,3.797604e+01,8.044138e+00,2.993190e+01,3.959988e+01,1.692000e+02
1.239776e+06,1.434926e+01,9.065617e+04,1.049261e+00,9.485237e-01,9.480891e-01,8.973135e-04,1.084764e-08,3.797629e+01,8.044138e+00,2.993215e+01,3.960071e+01,1.692000e+02
1.239786e+06,1.434938e+01,9.066617e+04,1.049377e+00,9.485069e-01,9.480892e-01,8.974220e-04,1.084764e-08,3.797655e+01,8.044138e+00,2.993241e+01,3.960154e+01,1.692000e+02
1.239796e+06,1.434949e+01,9.067617e+04,1.049493e+00,9.484901e-01,9.480893e-01,8.975304e-04,1.084764e-08,3.797680e+01,8.044138e+00,2.993267e+01,3.960236e+01,1.692000e+02
1.239806e+06,1.434961e+01,9.068617e+04,1.049608e+00,9.484734e-01,9.480894e-01,8.976389e-04,1.084764e-08,3.797706e+01,8.044138e+00,2.993292e+01,3.960319e+01,1.692000e+02
1.239816e+06,1.434972e+01,9.069617e+04,1.049724e+00,9.484566e-01,9.480895e-01,8.977474e-04,1.084764e-08,3.797732e+01,8.044138e+00,2.993318e+01,3.960402e+01,1.692000e+02
1.239826e+06,1.434984e+01,9.070618e+04,1.049840e+00,9.484399e-01,9.480896e-01,8.978559e-04,1.084764e-08,3.797757e+01,8.044138e+00,2.993343e+01,3.960485e+01,1.692000e+02
1.239836e+06,1.434996e+01,9.071618e+04,1.049956e+00,9.484231e-01,9.480897e-01,8.979644e-04,1.084764e-08,3.797783e+01,8.044138e+00,2.993369e+01,3.960567e+01,1.692000e+02
1.239846e+06,1.435007e+01,9.072618e+04,1.050071e+00,9.484063e-01,9.480898e-01,8.980729e-04,1.084763e-08,3.797808e+01,8.044138e+00,2.993395e+01,3.960650e+01,1.692000e+02
1.239856e+06,1.435019e+01,9.073618e+04,1.050187e+00,9.483896e-01,9.480899e-01,8.981813e-04,1.084763e-08,3.797834e+01,8.044138e+00,2.993420e+01,3.960733e+01,1.692000e+02
1.239866e+06,1.435030e+01,9.074618e+04,1.050303e+00,9.483728e-01,9.480900e-01,8.982898e-04,1.084763e-08,3.797860e+01,8.044138e+00,2.993446e+01,3.960816e+01,1.692000e+02
1.239876e+06,1.435042e+01,9.075618e+04,1.050419e+00,9.483561e-01,9.480901e-01,8.983983e-04,1.084763e-08,3.797885e+01,8.044138e+00,2.993471e+01,3.960899e+01,1.692000e+02
1.239886e+06,1.435053e+01,9.076618e+04,1.050534e+00,9.483393e-01,9.480902e-01,8.985068e-04,1.084763e-08,3.797911e+01,8.044138e+00,2.993497e+01,3.960981e+01,1.692000e+02
1.239896e+06,1.435065e+01,9.077618e+04,1.050650e+00,9.483225e-01,9.480903e-01,8.986153e-04,1.084763e-08,3.797936e+01,8.044138e+00,2.993523e+01,3.961064e+01,1.692000e+02
1.239906e+06,1.435077e+01,9.078618e+04,1.050766e+00,9.483058e-01,9.480904e-01,8.987238e-04,1.084763e-08,3.797962e+01,8.044138e+00,2.993548e+01,3.961147e+01,1.692000e+02
1.239916e+06,1.435088e+01,9.079618e+04,1.050882e+00,9.482890e-01,9.480905e-01,8.988322e-04,1.084763e-08,3.797988e+01,8.044138e+00,2.993574e+01,3.961230e+01,1.692000e+02
1.239926e+06,1.435100e+01,9.080618e+04,1.050997e+00,9.482723e-01,9.480906e-01,8.989407e-04,1.084763e-08,3.798013e+01,8.044138e+00,2.993599e+01,3.961312e+01,1.692000e+02
1.239936e+06,1.435111e+01,9.081618e+04,1.051113e+00,9.482555e-01,9.480907e-01,8.990492e-04,1.084762e-08,3.798039e+01,8.044138e+00,2.993625e+01,3.961395e+01,1.692000e+02
1.239946e+06,1.435123e+01,9.082618e+04,1.051229e+00,9.482387e-01,9.480908e-01,8.991577e-04,1.084762e-08,3.798064e+01,8.044138e+00,2.993651e+01,3.961478e+01,1.692000e+02
1.239956e+06,1.435134e+01,9.083618e+04,1.051345e+00,9.482220e-01,9.480909e-01,8.992662e-04,1.084762e-08,3.798090e+01,8.044138e+00,2.993676e+01,3.961561e+01,1.692000e+02
1.239966e+06,1.435146e+01,9.084619e+04,1.051460e+00,9.482052e-01,9.480910e-01,8.993747e-04,1.084762e-08,3.798116e+01,8.044138e+00,2.993702e+01,3.961644e+01,1.692000e+02
1.239976e+06,1.435158e+01,9.085619e+04,1.051576e+00,9.481938e-01,9.480911e-01,8.994831e-04,1.084762e-08,3.798111e+01,8.044138e+00,2.993697e+01,3.961676e+01,1.692000e+02
1.239986e+06,1.435169e+01,9.086619e+04,1.051692e+00,9.481904e-01,9.480912e-01,8.995916e-04,1.084762e-08,3.798059e+01,8.044138e+00,2.993645e+01,3.961634e+01,1.692000e+02
1.239996e+06,1.435181e+01,9.087619e+04,1.051808e+00,9.481870e-01,9.480913e-01,8.997001e-04,1.084762e-08,3.798008e+01,8.044138e+00,2.993594e+01,3.961591e+01,1.692000e+02
1.240006e+06,1.435192e+01,9.088619e+04,1.051923e+00,9.481835e-01,9.480914e-01,8.998086e-04,1.084762e-08,3.797956e+01,8.044138e+00,2.993543e+01,3.961548e+01,1.692000e+02
1.240016e+06,1.435204e+01,9.089619e+04,1.052039e+00,9.481801e-01,9.480915e-01,8.999171e-04,1.084761e-08,3.797905e+01,8.044138e+00,2.993491e+01,3.961505e+01,1.692000e+02
1.240026e+06,1.435215e+01,9.090619e+04,1.052155e+00,9.481767e-01,9.480916e-01,9.000256e-04,1.084761e-08,3.797854e+01,8.044138e+00,2.993440e+01,3.961462e+01,1.692000e+02
1.240036e+06,1.435227e+01,9.091619e+04,1.052271e+00,9.481733e-01,9.480917e-01,9.001340e-04,1.084761e-08,3.797802e+01,8.044138e+00,2.993388e+01,3.961420e+01,1.692000e+02
1.240046e+06,1.435239e+01,9.092619e+04,1.052386e+00,9.481698e-01,9.480918e-01,9.002425e-04,1.084761e-08,3.797751e+01,8.044138e+00,2.993337e+01,3.961377e+01,1.692000e+02
1.240056e+06,1.435250e+01,9.093619e+04,1.052502e+00,9.481664e-01,9.480919e-01,9.003510e-04,1.084761e-08,3.797700e+01,8.044138e+00,2.993286e+01,3.961334e+01,1.692000e+02
1.240066e+06,1.435262e+01,9.094619e+04,1.052618e+00,9.481630e-01,9.480920e-01,9.004595e-04,1.084761e-08,3.797648e+01,8.044138e+00,2.993234e+01,3.961291e+01,1.692000e+02
1.240076e+06,1.435273e+01,9.095619e+04,1.052734e+00,9.481596e-01,9.480922e-01,9.005680e-04,1.084761e-08,3.797597e+01,8.044138e+00,2.993183e+01,3.961248e+01,1.692000e+02
1.240086e+06,1.435285e+01,9.096619e+04,1.052849e+00,9.481561e-01,9.480923e-01,9.006765e-04,1.084761e-08,3.797545e+01,8.044138e+00,2.993132e+01,3.961206e+01,1.692000e+02
1.240096e+06,1.435297e+01,9.097619e+04,1.052965e+00,9.481527e-01,9.480924e-01,9.007849e-04,1.084761e-08,3.797494e+01,8.044138e+00,2.993080e+01,3.961163e+01,1.692000e+02
1.240106e+06,1.435308e+01,9.098619e+04,1.053081e+00,9.481493e-01,9.480925e-01,9.008934e-04,1.084760e-08,3.797443e+01,8.044138e+00,2.993029e+01,3.961120e+01,1.692000e+02
1.240116e+06,1.435320e+01,9.099620e+04,1.053197e+00,9.481459e-01,9.480926e-01,9.010019e-04,1.084760e-08,3.797391e+01,8.044138e+00,2.992977e+01,3.961077e+01,1.692000e+02
1.240126e+06,1.435331e+01,9.100620e+04,1.053312e+00,9.481425e-01,9.480927e-01,9.011104e-04,1.084760e-08,3.797340e+01,8.044138e+00,2.992926e+01,3.961034e+01,1.692000e+02
1.240136e+06,1.435343e+01,9.101620e+04,1.053428e+00,9.481390e-01,9.480928e-01,9.012189e-04,1.084760e-08,3.797288e+01,8.044138e+00,2.992875e+01,3.960992e+01,1.692000e+02
1.240146e+06,1.435354e+01,9.102620e+04,1.053544e+00,9.481356e-01,9.480929e-01,9.013274e-04,1.084760e-08,3.797237e+01,8.044138e+00,2.992823e+01,3.960949e+01,1.692000e+02
1.240156e+06,1.435366e+01,9.103620e+04,1.053660e+00,9.481322e-01,9.480930e-01,9.014358e-04,1.084760e-08,3.797186e+01,8.044138e+00,2.992772e+01,3.960906e+01,1.692000e+02
1.240166e+06,1.435378e+01,9.104620e+04,1.053775e+00,9.481288e-01,9.480931e-01,9.015443e-04,1.084760e-08,3.797134e+01,8.044138e+00,2.992721e+01,3.960863e+01,1.692000e+02
1.240176e+06,1.435389e+01,9.105620e+04,1.053891e+00,9.481253e-01,9.480932e-01,9.016528e-04,1.084760e-08,3.797083e+01,8.044138e+00,2.992669e+01,3.960821e+01,1.692000e+02
1.240186e+06,1.435401e+01,9.106620e+04,1.054007e+00,9.481219e-01,9.480933e-01,9.017613e-04,1.084759e-08,3.797032e+01,8.044138e+00,2.992618e+01,3.960778e+01,1.692000e+02
1.240196e+06,1.435412e+01,9.107620e+04,1.054123e+00,9.481185e-01,9.480934e-01,9.018698e-04,1.084759e-08,3.796980e+01,8.044138e+00,2.992566e+01,3.960735e+01,1.692000e+02
1.240206e+06,1.435424e+01,9.108620e+04,1.054238e+00,9.481151e-01,9.480935e-01,9.019783e-04,1.084759e-08,3.796929e+01,8.044138e+00,2.992515e+01,3.960692e+01,1.692000e+02
1.240216e+06,1.435435e+01,9.109620e+04,1.054354e+00,9.481089e-01,9.480936e-01,9.020867e-04,1.084759e-08,3.796877e+01,8.044138e+00,2.992464e+01,3.960659e+01,1.692000e+02
1.240226e+06,1.435447e+01,9.110620e+04,1.054470e+00,9.480978e-01,9.480937e-01,9.021952e-04,1.084759e-08,3.796859e+01,8.044138e+00,2.992446e+01,3.960676e+01,1.691965e+02
1.240236e+06,1.435459e+01,9.111620e+04,1.054586e+00,9.480850e-01,9.480938e-01,9.023037e-04,1.084759e-08,3.796885e+01,8.044138e+00,2.992471e+01,3.960746e+01,1.691885e+02
1.240246e+06,1.435470e+01,9.112620e+04,1.054701e+00,9.480721e-01,9.480939e-01,9.024122e-04,1.084759e-08,3.796911e+01,8.044138e+00,2.992497e+01,3.960816e+01,1.691805e+02
1.240256e+06,1.435482e+01,9.113620e+04,1.054817e+00,9.480593e-01,9.480940e-01,9.025207e-04,1.084759e-08,3.796936e+01,8.044138e+00,2.992523e+01,3.960886e+01,1.691725e+02
1.240266e+06,1.435493e+01,9.114621e+04,1.054933e+00,9.480465e-01,9.480941e-01,9.026292e-04,1.084759e-08,3.796962e+01,8.044138e+00,2.992548e+01,3.960955e+01,1.691645e+02
1.240276e+06,1.435505e+01,9.115621e+04,1.055049e+00,9.480337e-01,9.480942e-01,9.027376e-04,1.084758e-08,3.796988e+01,8.044138e+00,2.992574e+01,3.961025e+01,1.691565e+02
1.240286e+06,1.435516e+01,9.116621e+04,1.055164e+00,9.480209e-01,9.480943e-01,9.028461e-04,1.084758e-08,3.797013e+01,8.044138e+00,2.992600e+01,3.961095e+01,1.691485e+02
1.240296e+06,1.435528e+01,9.117621e+04,1.055280e+00,9.480081e-01,9.480944e-01,9.029546e-04,1.084758e-08,3.797039e+01,8.044138e+00,2.992625e+01,3.961165e+01,1.691405e+02
1.240306e+06,1.435540e+01,9.118621e+04,1.055396e+00,9.479952e-01,9.480945e-01,9.030631e-04,1.084758e-08,3.797065e+01,8.044138e+00,2.992651e+01,3.961235e+01,1.691325e+02
1.240316e+06,1.435551e+01,9.119621e+04,1.055512e+00,9.479824e-01,9.480946e-01,9.031716e-04,1.084758e-08,3.797091e+01,8.044138e+00,2.992677e+01,3.961304e+01,1.691245e+02
1.240326e+06,1.435563e+01,9.120621e+04,1.055627e+00,9.479696e-01,9.480947e-01,9.032801e-04,1.084758e-08,3.797116e+01,8.044138e+00,2.992702e+01,3.961374e+01,1.691164e+02
1.240336e+06,1.435574e+01,9.121621e+04,1.055743e+00,9.479568e-01,9.480948e-01,9.033885e-04,1.084758e-08,3.797142e+01,8.044138e+00,2.992728e+01,3.961444e+01,1.691084e+02
1.240346e+06,1.435586e+01,9.122621e+04,1.055859e+00,9.479440e-01,9.480949e-01,9.034970e-04,1.084758e-08,3.797168e+01,8.044138e+00,2.992754e+01,3.961514e+01,1.691004e+02
1.240356e+06,1.435597e+01,9.123621e+04,1.055975e+00,9.479312e-01,9.480950e-01,9.036055e-04,1.084757e-08,3.797193e+01,8.044138e+00,2.992780e+01,3.961583e+01,1.690924e+02
1.240366e+06,1.435609e+01,9.124621e+04,1.056090e+00,9.479183e-01,9.480951e-01,9.037140e-04,1.084757e-08,3.797219e+01,8.044138e+00,2.992805e+01,3.961653e+01,1.690844e+02
1.240376e+06,1.435621e+01,9.125621e+04,1.056206e+00,9.479055e-01,9.480952e-01,9.038225e-04,1.084757e-08,3.797245e+01,8.044138e+00,2.992831e+01,3.961723e+01,1.690764e+02
1.240386e+06,1.435632e+01,9.126621e+04,1.056322e+00,9.478927e-01,9.480953e-01,9.039310e-04,1.084757e-08,3.797270e+01,8.044138e+00,2.992857e+01,3.961793e+01,1.690684e+02
1.240396e+06,1.435644e+01,9.127621e+04,1.056438e+00,9.478799e-01,9.480954e-01,9.040394e-04,1.084757e-08,3.797296e+01,8.044138e+00,2.992882e+01,3.961863e+01,1.690604e+02
1.240406e+06,1.435655e+01,9.128622e+04,1.056553e+00,9.478671e-01,9.480955e-01,9.041479e-04,1.084757e-08,3.797322e+01,8.044138e+00,2.992908e+01,3.961932e+01,1.690524e+02
1.240416e+06,1.435667e+01,9.129622e+04,1.056669e+00,9.478543e-01,9.480956e-01,9.042564e-04,1.084757e-08,3.797347e+01,8.044138e+00,2.992934e+01,3.962002e+01,1.690443e+02
1.240426e+06,1.435678e+01,9.130622e+04,1.056785e+00,9.478414e-01,9.480958e-01,9.043649e-04,1.084757e-08,3.797373e+01,8.044138e+00,2.992959e+01,3.962072e+01,1.690363e+02
1.240436e+06,1.435690e+01,9.131622e+04,1.056901e+00,9.478286e-01,9.480959e-01,9.044734e-04,1.084757e-08,3.797399e+01,8.044138e+00,2.992985e+01,3.962142e+01,1.690283e+02
1.240446e+06,1.435702e+01,9.132622e+04,1.057016e+00,9.478158e-01,9.480960e-01,9.045819e-04,1.084756e-08,3.797424e+01,8.044138e+00,2.993011e+01,3.962212e+01,1.690203e+02
1.240456e+06,1.435713e+01,9.133622e+04,1.057132e+00,9.478030e-01,9.480961e-01,9.046903e-04,1.084756e-08,3.797450e+01,8.044138e+00,2.993036e+01,3.962281e+01,1.690123e+02
1.240466e+06,1.435725e+01,9.134622e+04,1.057248e+00,9.477902e-01,9.480962e-01,9.047988e-04,1.084756e-08,3.797476e+01,8.044138e+00,2.993062e+01,3.962351e+01,1.690043e+02
1.240476e+06,1.435736e+01,9.135622e+04,1.057364e+00,9.477871e-01,9.480963e-01,9.049073e-04,1.084756e-08,3.797513e+01,8.044138e+00,2.993100e+01,3.962401e+01,1.689963e+02
1.240486e+06,1.435748e+01,9.136622e+04,1.057479e+00,9.477952e-01,9.480964e-01,9.050158e-04,1.084756e-08,3.797565e+01,8.044138e+00,2.993151e+01,3.962428e+01,1.689883e+02
1.240496e+06,1.435760e+01,9.137622e+04,1.057595e+00,9.478034e-01,9.480965e-01,9.051243e-04,1.084756e-08,3.797616e+01,8.044138e+00,2.993202e+01,3.962455e+01,1.689803e+02
1.240506e+06,1.435771e+01,9.138622e+04,1.057711e+00,9.478115e-01,9.480966e-01,9.052328e-04,1.084756e-08,3.797668e+01,8.044138e+00,2.993254e+01,3.962482e+01,1.689723e+02
1.240516e+06,1.435783e+01,9.139622e+04,1.057827e+00,9.478197e-01,9.480967e-01,9.053412e-04,1.084756e-08,3.797719e+01,8.044138e+00,2.993305e+01,3.962509e+01,1.689642e+02
1.240526e+06,1.435794e+01,9.140622e+04,1.057942e+00,9.478278e-01,9.480968e-01,9.054497e-04,1.084755e-08,3.797770e+01,8.044138e+00,2.993357e+01,3.962536e+01,1.689562e+02
1.240536e+06,1.435806e+01,9.141622e+04,1.058058e+00,9.478360e-01,9.480969e-01,9.055582e-04,1.084755e-08,3.797822e+01,8.044138e+00,2.993408e+01,3.962564e+01,1.689482e+02
1.240546e+06,1.435817e+01,9.142622e+04,1.058174e+00,9.478441e-01,9.480970e-01,9.056667e-04,1.084755e-08,3.797873e+01,8.044138e+00,2.993459e+01,3.962591e+01,1.689402e+02
1.240556e+06,1.435829e+01,9.143623e+04,1.058290e+00,9.478523e-01,9.480971e-01,9.057752e-04,1.084755e-08,3.797924e+01,8.044138e+00,2.993511e+01,3.962618e+01,1.689322e+02
1.240566e+06,1.435841e+01,9.144623e+04,1.058405e+00,9.478604e-01,9.480972e-01,9.058837e-04,1.084755e-08,3.797976e+01,8.044138e+00,2.993562e+01,3.962645e+01,1.689242e+02
1.240576e+06,1.435852e+01,9.145623e+04,1.058521e+00,9.478686e-01,9.480973e-01,9.059921e-04,1.084755e-08,3.798027e+01,8.044138e+00,2.993613e+01,3.962672e+01,1.689162e+02
1.240586e+06,1.435864e+01,9.146623e+04,1.058637e+00,9.478767e-01,9.480974e-01,9.061006e-04,1.084755e-08,3.798079e+01,8.044138e+00,2.993665e+01,3.962699e+01,1.689082e+02
1.240596e+06,1.435875e+01,9.147623e+04,1.058753e+00,9.478849e-01,9.480975e-01,9.062091e-04,1.084755e-08,3.798130e+01,8.044138e+00,2.993716e+01,3.962726e+01,1.689002e+02
1.240606e+06,1.435887e+01,9.148623e+04,1.058868e+00,9.478930e-01,9.480976e-01,9.063176e-04,1.084755e-08,3.798181e+01,8.044138e+00,2.993768e+01,3.962753e+01,1.688922e+02
1.240616e+06,1.435898e+01,9.149623e+04,1.058984e+00,9.479012e-01,9.480977e-01,9.064261e-04,1.084754e-08,3.798233e+01,8.044138e+00,2.993819e+01,3.962780e+01,1.688841e+02
1.240626e+06,1.435910e+01,9.150623e+04,1.059100e+00,9.479093e-01,9.480978e-01,9.065346e-04,1.084754e-08,3.798284e+01,8.044138e+00,2.993870e+01,3.962807e+01,1.688761e+02
1.240636e+06,1.435922e+01,9.151623e+04,1.059216e+00,9.479175e-01,9.480979e-01,9.066430e-04,1.084754e-08,3.798335e+01,8.044138e+00,2.993922e+01,3.962834e+01,1.688681e+02
1.240646e+06,1.435933e+01,9.152623e+04,1.059331e+00,9.479256e-01,9.480980e-01,9.067515e-04,1.084754e-08,3.798387e+01,8.044138e+00,2.993973e+01,3.962861e+01,1.688601e+02
1.240656e+06,1.435945e+01,9.153623e+04,1.059447e+00,9.479338e-01,9.480981e-01,9.068600e-04,1.084754e-08,3.798438e+01,8.044138e+00,2.994024e+01,3.962888e+01,1.688521e+02
1.240666e+06,1.435956e+01,9.154623e+04,1.059563e+00,9.479419e-01,9.480982e-01,9.069685e-04,1.084754e-08,3.798490e+01,8.044138e+00,2.994076e+01,3.962915e+01,1.688441e+02
1.240676e+06,1.435968e+01,9.155623e+04,1.059679e+00,9.479500e-01,9.480983e-01,9.070770e-04,1.084754e-08,3.798541e+01,8.044138e+00,2.994127e+01,3.962942e+01,1.688361e+02
1.240686e+06,1.435979e+01,9.156623e+04,1.059794e+00,9.479582e-01,9.480984e-01,9.071854e-04,1.084754e-08,3.798592e+01,8.044138e+00,2.994179e+01,3.962969e+01,1.688281e+02
1.240696e+06,1.435991e+01,9.157623e+04,1.059910e+00,9.479663e-01,9.480985e-01,9.072939e-04,1.084753e-08,3.798644e+01,8.044138e+00,2.994230e+01,3.962996e+01,1.688201e+02
1.240706e+06,1.436003e+01,9.158624e+04,1.060026e+00,9.479745e-01,9.480986e-01,9.074024e-04,1.084753e-08,3.798695e+01,8.044138e+00,2.994281e+01,3.963023e+01,1.688121e+02
1.240716e+06,1.436014e+01,9.159624e+04,1.060142e+00,9.479874e-01,9.480987e-01,9.075109e-04,1.084753e-08,3.798747e+01,8.044138e+00,2.994333e+01,3.963035e+01,1.688040e+02
1.240726e+06,1.436026e+01,9.160624e+04,1.060257e+00,9.479999e-01,9.480988e-01,9.076194e-04,1.084753e-08,3.798747e+01,8.044138e+00,2.994333e+01,3.962993e+01,1.688020e+02
1.240736e+06,1.436037e+01,9.161624e+04,1.060373e+00,9.480071e-01,9.480989e-01,9.077279e-04,1.084753e-08,3.798696e+01,8.044138e+00,2.994282e+01,3.962915e+01,1.688060e+02
1.240746e+06,1.436049e+01,9.162624e+04,1.060489e+00,9.480144e-01,9.480990e-01,9.078363e-04,1.084753e-08,3.798645e+01,8.044138e+00,2.994231e+01,3.962837e+01,1.688100e+02
1.240756e+06,1.436060e+01,9.163624e+04,1.060605e+00,9.480216e-01,9.480991e-01,9.079448e-04,1.084753e-08,3.798593e+01,8.044138e+00,2.994180e+01,3.962759e+01,1.688140e+02
1.240766e+06,1.436072e+01,9.164624e+04,1.060720e+00,9.480288e-01,9.480992e-01,9.080533e-04,1.084753e-08,3.798542e+01,8.044138e+00,2.994128e+01,3.962681e+01,1.688179e+02
1.240776e+06,1.436084e+01,9.165624e+04,1.060836e+00,9.480360e-01,9.480994e-01,9.081618e-04,1.084753e-08,3.798491e+01,8.044138e+00,2.994077e+01,3.962603e+01,1.688219e+02
1.240786e+06,1.436095e+01,9.166624e+04,1.060952e+00,9.480432e-01,9.480995e-01,9.082703e-04,1.084752e-08,3.798440e+01,8.044138e+00,2.994026e+01,3.962525e+01,1.688259e+02
1.240796e+06,1.436107e+01,9.167624e+04,1.061068e+00,9.480504e-01,9.480996e-01,9.083788e-04,1.084752e-08,3.798389e+01,8.044138e+00,2.993975e+01,3.962447e+01,1.688299e+02
1.240806e+06,1.436118e+01,9.168624e+04,1.061183e+00,9.480576e-01,9.480997e-01,9.084872e-04,1.084752e-08,3.798337e+01,8.044138e+00,2.993924e+01,3.962369e+01,1.688339e+02
1.240816e+06,1.436130e+01,9.169624e+04,1.061299e+00,9.480648e-01,9.480998e-01,9.085957e-04,1.084752e-08,3.798286e+01,8.044138e+00,2.993872e+01,3.962291e+01,1.688379e+02
1.240826e+06,1.436141e+01,9.170624e+04,1.061415e+00,9.480721e-01,9.480999e-01,9.087042e-04,1.084752e-08,3.798235e+01,8.044138e+00,2.993821e+01,3.962213e+01,1.688419e+02
1.240836e+06,1.436153e+01,9.171624e+04,1.061531e+00,9.480793e-01,9.481000e-01,9.088127e-04,1.084752e-08,3.798184e+01,8.044138e+00,2.993770e+01,3.962135e+01,1.688459e+02
1.240846e+06,1.436165e+01,9.172624e+04,1.061646e+00,9.480865e-01,9.481001e-01,9.089212e-04,1.084752e-08,3.798133e+01,8.044138e+00,2.993719e+01,3.962057e+01,1.688499e+02
1.240856e+06,1.436176e+01,9.173625e+04,1.061762e+00,9.480937e-01,9.481002e-01,9.090297e-04,1.084752e-08,3.798081e+01,8.044138e+00,2.993668e+01,3.961979e+01,1.688539e+02
1.240866e+06,1.436188e+01,9.174625e+04,1.061878e+00,9.481009e-01,9.481003e-01,9.091381e-04,1.084751e-08,3.798030e+01,8.044138e+00,2.993616e+01,3.961901e+01,1.688579e+02
1.240876e+06,1.436199e+01,9.175625e+04,1.061994e+00,9.481081e-01,9.481004e-01,9.092466e-04,1.084751e-08,3.797979e+01,8.044138e+00,2.993565e+01,3.961823e+01,1.688618e+02
1.240886e+06,1.436211e+01,9.176625e+04,1.062109e+00,9.481153e-01,9.481005e-01,9.093551e-04,1.084751e-08,3.797928e+01,8.044138e+00,2.993514e+01,3.961745e+01,1.688658e+02
1.240896e+06,1.436223e+01,9.177625e+04,1.062225e+00,9.481226e-01,9.481006e-01,9.094636e-04,1.084751e-08,3.797877e+01,8.044138e+00,2.993463e+01,3.961667e+01,1.688698e+02
1.240906e+06,1.436234e+01,9.178625e+04,1.062341e+00,9.481298e-01,9.481007e-01,9.095721e-04,1.084751e-08,3.797825e+01,8.044138e+00,2.993412e+01,3.961589e+01,1.688738e+02
1.240916e+06,1.436246e+01,9.179625e+04,1.062457e+00,9.481370e-01,9.481008e-01,9.096805e-04,1.084751e-08,3.797774e+01,8.044138e+00,2.993360e+01,3.961511e+01,1.688778e+02
1.240926e+06,1.436257e+01,9.180625e+04,1.062572e+00,9.481442e-01,9.481009e-01,9.097890e-04,1.084751e-08,3.797723e+01,8.044138e+00,2.993309e+01,3.961433e+01,1.688818e+02
1.240936e+06,1.436269e+01,9.181625e+04,1.062688e+00,9.481514e-01,9.481010e-01,9.098975e-04,1.084751e-08,3.797672e+01,8.044138e+00,2.993258e+01,3.961355e+01,1.688858e+02
1.240946e+06,1.436280e+01,9.182625e+04,1.062804e+00,9.481586e-01,9.481011e-01,9.100060e-04,1.084751e-08,3.797621e+01,8.044138e+00,2.993207e+01,3.961277e+01,1.688898e+02
1.240956e+06,1.436292e+01,9.183625e+04,1.062920e+00,9.481658e-01,9.481012e-01,9.101145e-04,1.084750e-08,3.797569e+01,8.044138e+00,2.993156e+01,3.961199e+01,1.688938e+02
1.240966e+06,1.436304e+01,9.184625e+04,1.063035e+00,9.481716e-01,9.481013e-01,9.102230e-04,1.084750e-08,3.797518e+01,8.044138e+00,2.993104e+01,3.961125e+01,1.688978e+02
1.240976e+06,1.436315e+01,9.185625e+04,1.063151e+00,9.481720e-01,9.481014e-01,9.103314e-04,1.084750e-08,3.797512e+01,8.044138e+00,2.993099e+01,3.961118e+01,1.689000e+02
1.240986e+06,1.436327e+01,9.186625e+04,1.063267e+00,9.481679e-01,9.481015e-01,9.104399e-04,1.084750e-08,3.797564e+01,8.044138e+00,2.993150e+01,3.961186e+01,1.689000e+02
1.240996e+06,1.436338e+01,9.187626e+04,1.063383e+00,9.481637e-01,9.481016e-01,9.105484e-04,1.084750e-08,3.797616e+01,8.044138e+00,2.993202e+01,3.961254e+01,1.689000e+02
1.241006e+06,1.436350e+01,9.188626e+04,1.063498e+00,9.481595e-01,9.481017e-01,9.106569e-04,1.084750e-08,3.797667e+01,8.044138e+00,2.993253e+01,3.961323e+01,1.689000e+02
1.241016e+06,1.436361e+01,9.189626e+04,1.063614e+00,9.481554e-01,9.481018e-01,9.107654e-04,1.084750e-08,3.797719e+01,8.044138e+00,2.993305e+01,3.961391e+01,1.689000e+02
1.241026e+06,1.436373e+01,9.190626e+04,1.063730e+00,9.481512e-01,9.481019e-01,9.108739e-04,1.084750e-08,3.797770e+01,8.044138e+00,2.993356e+01,3.961459e+01,1.689000e+02
1.241036e+06,1.436385e+01,9.191626e+04,1.063846e+00,9.481470e-01,9.481020e-01,9.109823e-04,1.084749e-08,3.797822e+01,8.044138e+00,2.993408e+01,3.961527e+01,1.689000e+02
1.241046e+06,1.436396e+01,9.192626e+04,1.063961e+00,9.481429e-01,9.481021e-01,9.110908e-04,1.084749e-08,3.797873e+01,8.044138e+00,2.993459e+01,3.961596e+01,1.689000e+02
1.241056e+06,1.436408e+01,9.193626e+04,1.064077e+00,9.481387e-01,9.481022e-01,9.111993e-04,1.084749e-08,3.797925e+01,8.044138e+00,2.993511e+01,3.961664e+01,1.689000e+02
1.241066e+06,1.436419e+01,9.194626e+04,1.064193e+00,9.481345e-01,9.481023e-01,9.113078e-04,1.084749e-08,3.797976e+01,8.044138e+00,2.993563e+01,3.961732e+01,1.689000e+02
1.241076e+06,1.436431e+01,9.195626e+04,1.064309e+00,9.481303e-01,9.481024e-01,9.114163e-04,1.084749e-08,3.798028e+01,8.044138e+00,2.993614e+01,3.961801e+01,1.689000e+02
1.241086e+06,1.436442e+01,9.196626e+04,1.064424e+00,9.481262e-01,9.481025e-01,9.115247e-04,1.084749e-08,3.798080e+01,8.044138e+00,2.993666e+01,3.961869e+01,1.689000e+02
1.241096e+06,1.436454e+01,9.197626e+04,1.064540e+00,9.481220e-01,9.481026e-01,9.116332e-04,1.084749e-08,3.798131e+01,8.044138e+00,2.993717e+01,3.961937e+01,1.689000e+02
1.241106e+06,1.436466e+01,9.198626e+04,1.064656e+00,9.481178e-01,9.481027e-01,9.117417e-04,1.084749e-08,3.798183e+01,8.044138e+00,2.993769e+01,3.962005e+01,1.689000e+02
1.241116e+06,1.436477e+01,9.199626e+04,1.064772e+00,9.481137e-01,9.481028e-01,9.118502e-04,1.084749e-08,3.798234e+01,8.044138e+00,2.993820e+01,3.962074e+01,1.689000e+02
1.241126e+06,1.436489e+01,9.200626e+04,1.064887e+00,9.481095e-01,9.481030e-01,9.119587e-04,1.084748e-08,3.798286e+01,8.044138e+00,2.993872e+01,3.962142e+01,1.689000e+02
1.241136e+06,1.436500e+01,9.201626e+04,1.065003e+00,9.481053e-01,9.481031e-01,9.120672e-04,1.084748e-08,3.798337e+01,8.044138e+00,2.993923e+01,3.962210e+01,1.689000e+02
1.241146e+06,1.436512e+01,9.202627e+04,1.065119e+00,9.481012e-01,9.481032e-01,9.121756e-04,1.084748e-08,3.798389e+01,8.044138e+00,2.993975e+01,3.962278e+01,1.689000e+02
1.241156e+06,1.436523e+01,9.203627e+04,1.065235e+00,9.480970e-01,9.481033e-01,9.122841e-04,1.084748e-08,3.798440e+01,8.044138e+00,2.994027e+01,3.962347e+01,1.689000e+02
1.241166e+06,1.436535e+01,9.204627e+04,1.065350e+00,9.480928e-01,9.481034e-01,9.123926e-04,1.084748e-08,3.798492e+01,8.044138e+00,2.994078e+01,3.962415e+01,1.689000e+02
1.241176e+06,1.436547e+01,9.205627e+04,1.065466e+00,9.480886e-01,9.481035e-01,9.125011e-04,1.084748e-08,3.798544e+01,8.044138e+00,2.994130e+01,3.962483e+01,1.689000e+02
1.241186e+06,1.436558e+01,9.206627e+04,1.065582e+00,9.480845e-01,9.481036e-01,9.126096e-04,1.084748e-08,3.798595e+01,8.044138e+00,2.994181e+01,3.962551e+01,1.689000e+02
1.241196e+06,1.436570e+01,9.207627e+04,1.065698e+00,9.480803e-01,9.481037e-01,9.127181e-04,1.084748e-08,3.798647e+01,8.044138e+00,2.994233e+01,3.962620e+01,1.689000e+02
1.241206e+06,1.436581e+01,9.208627e+04,1.065813e+00,9.480761e-01,9.481038e-01,9.128265e-04,1.084747e-08,3.798698e+01,8.044138e+00,2.994284e+01,3.962688e+01,1.689000e+02
1.241216e+06,1.436593e+01,9.209627e+04,1.065929e+00,9.480720e-01,9.481039e-01,9.129350e-04,1.084747e-08,3.798750e+01,8.044138e+00,2.994336e+01,3.962756e+01,1.689000e+02
1.241226e+06,1.436604e+01,9.210627e+04,1.066045e+00,9.480687e-01,9.481040e-01,9.130435e-04,1.084747e-08,3.798772e+01,8.044138e+00,2.994359e+01,3.962791e+01,1.689000e+02
1.241236e+06,1.436616e+01,9.211627e+04,1.066161e+00,9.480661e-01,9.481041e-01,9.131520e-04,1.084747e-08,3.798772e+01,8.044138e+00,2.994359e+01,3.962800e+01,1.689000e+02
1.241246e+06,1.436628e+01,9.212627e+04,1.066276e+00,9.480635e-01,9.481042e-01,9.132605e-04,1.084747e-08,3.798772e+01,8.044138e+00,2.994359e+01,3.962808e+01,1.689000e+02
1.241256e+06,1.436639e+01,9.213627e+04,1.066392e+00,9.480609e-01,9.481043e-01,9.133689e-04,1.084747e-08,3.798772e+01,8.044138e+00,2.994359e+01,3.962817e+01,1.689000e+02
1.241266e+06,1.436651e+01,9.214627e+04,1.066508e+00,9.480584e-01,9.481044e-01,9.134774e-04,1.084747e-08,3.798772e+01,8.044138e+00,2.994359e+01,3.962825e+01,1.689000e+02
1.241276e+06,1.436662e+01,9.215627e+04,1.066624e+00,9.480558e-01,9.481045e-01,9.135859e-04,1.084747e-08,3.798772e+01,8.044138e+00,2.994359e+01,3.962834e+01,1.689000e+02
1.241286e+06,1.436674e+01,9.216627e+04,1.066739e+00,9.480532e-01,9.481046e-01,9.136944e-04,1.084747e-08,3.798772e+01,8.044138e+00,2.994359e+01,3.962843e+01,1.689000e+02
1.241296e+06,1.436686e+01,9.217628e+04,1.066855e+00,9.480506e-01,9.481047e-01,9.138029e-04,1.084746e-08,3.798772e+01,8.044138e+00,2.994359e+01,3.962851e+01,1.689000e+02
1.241306e+06,1.436697e+01,9.218628e+04,1.066971e+00,9.480481e-01,9.481048e-01,9.139114e-04,1.084746e-08,3.798772e+01,8.044138e+00,2.994359e+01,3.962860e+01,1.689000e+02
1.241316e+06,1.436709e+01,9.219628e+04,1.067087e+00,9.480455e-01,9.481049e-01,9.140198e-04,1.084746e-08,3.798772e+01,8.044138e+00,2.994359e+01,3.962868e+01,1.689000e+02
1.241326e+06,1.436720e+01,9.220628e+04,1.067202e+00,9.480429e-01,9.481050e-01,9.141283e-04,1.084746e-08,3.798772e+01,8.044138e+00,2.994359e+01,3.962877e+01,1.689000e+02
1.241336e+06,1.436732e+01,9.221628e+04,1.067318e+00,9.480403e-01,9.481051e-01,9.142368e-04,1.084746e-08,3.798772e+01,8.044138e+00,2.994359e+01,3.962886e+01,1.689000e+02
1.241346e+06,1.436743e+01,9.222628e+04,1.067434e+00,9.480378e-01,9.481052e-01,9.143453e-04,1.084746e-08,3.798772e+01,8.044138e+00,2.994359e+01,3.962894e+01,1.689000e+02
1.241356e+06,1.436755e+01,9.223628e+04,1.067550e+00,9.480352e-01,9.481053e-01,9.144538e-04,1.084746e-08,3.798772e+01,8.044138e+00,2.994359e+01,3.962903e+01,1.689000e+02
1.241366e+06,1.436767e+01,9.224628e+04,1.067665e+00,9.480326e-01,9.481054e-01,9.145622e-04,1.084746e-08,3.798772e+01,8.044138e+00,2.994359e+01,3.962911e+01,1.689000e+02
1.241376e+06,1.436778e+01,9.225628e+04,1.067781e+00,9.480300e-01,9.481055e-01,9.146707e-04,1.084745e-08,3.798772e+01,8.044138e+00,2.994359e+01,3.962920e+01,1.689000e+02
1.241386e+06,1.436790e+01,9.226628e+04,1.067897e+00,9.480274e-01,9.481056e-01,9.147792e-04,1.084745e-08,3.798772e+01,8.044138e+00,2.994359e+01,3.962929e+01,1.689000e+02
1.241396e+06,1.436801e+01,9.227628e+04,1.068013e+00,9.480249e-01,9.481057e-01,9.148877e-04,1.084745e-08,3.798772e+01,8.044138e+00,2.994359e+01,3.962937e+01,1.689000e+02
1.241406e+06,1.436813e+01,9.228628e+04,1.068128e+00,9.480223e-01,9.481058e-01,9.149962e-04,1.084745e-08,3.798772e+01,8.044138e+00,2.994359e+01,3.962946e+01,1.689000e+02
1.241416e+06,1.436824e+01,9.229628e+04,1.068244e+00,9.480197e-01,9.481059e-01,9.151047e-04,1.084745e-08,3.798772e+01,8.044138e+00,2.994359e+01,3.962954e+01,1.689000e+02
1.241426e+06,1.436836e+01,9.230628e+04,1.068360e+00,9.480171e-01,9.481060e-01,9.152131e-04,1.084745e-08,3.798772e+01,8.044138e+00,2.994359e+01,3.962963e+01,1.689000e+02
1.241436e+06,1.436848e+01,9.231629e+04,1.068476e+00,9.480146e-01,9.481061e-01,9.153216e-04,1.084745e-08,3.798772e+01,8.044138e+00,2.994359e+01,3.962971e+01,1.689000e+02
1.241446e+06,1.436859e+01,9.232629e+04,1.068591e+00,9.480120e-01,9.481062e-01,9.154301e-04,1.084745e-08,3.798772e+01,8.044138e+00,2.994359e+01,3.962980e+01,1.689000e+02
1.241456e+06,1.436871e+01,9.233629e+04,1.068707e+00,9.480094e-01,9.481063e-01,9.155386e-04,1.084745e-08,3.798772e+01,8.044138e+00,2.994359e+01,3.962989e+01,1.689000e+02
1.241466e+06,1.436882e+01,9.234629e+04,1.068823e+00,9.480095e-01,9.481064e-01,9.156471e-04,1.084744e-08,3.798772e+01,8.044138e+00,2.994359e+01,3.962988e+01,1.689000e+02
1.241476e+06,1.436894e+01,9.235629e+04,1.068939e+00,9.480179e-01,9.481066e-01,9.157555e-04,1.084744e-08,3.798751e+01,8.044138e+00,2.994337e+01,3.962938e+01,1.689034e+02
1.241486e+06,1.436905e+01,9.236629e+04,1.069054e+00,9.480325e-01,9.481067e-01,9.158640e-04,1.084744e-08,3.798699e+01,8.044138e+00,2.994285e+01,3.962834e+01,1.689114e+02
1.241496e+06,1.436917e+01,9.237629e+04,1.069170e+00,9.480472e-01,9.481068e-01,9.159725e-04,1.084744e-08,3.798648e+01,8.044138e+00,2.994234e+01,3.962731e+01,1.689194e+02
1.241506e+06,1.436929e+01,9.238629e+04,1.069286e+00,9.480618e-01,9.481069e-01,9.160810e-04,1.084744e-08,3.798596e+01,8.044138e+00,2.994182e+01,3.962628e+01,1.689275e+02
1.241516e+06,1.436940e+01,9.239629e+04,1.069402e+00,9.480764e-01,9.481070e-01,9.161895e-04,1.084744e-08,3.798545e+01,8.044138e+00,2.994131e+01,3.962525e+01,1.689355e+02
1.241526e+06,1.436952e+01,9.240629e+04,1.069517e+00,9.480911e-01,9.481071e-01,9.162980e-04,1.084744e-08,3.798493e+01,8.044138e+00,2.994079e+01,3.962422e+01,1.689436e+02
1.241536e+06,1.436963e+01,9.241629e+04,1.069633e+00,9.481057e-01,9.481072e-01,9.164064e-04,1.084744e-08,3.798441e+01,8.044138e+00,2.994028e+01,3.962319e+01,1.689516e+02
1.241546e+06,1.436975e+01,9.242629e+04,1.069749e+00,9.481203e-01,9.481073e-01,9.165149e-04,1.084743e-08,3.798390e+01,8.044138e+00,2.993976e+01,3.962216e+01,1.689596e+02
1.241556e+06,1.436986e+01,9.243629e+04,1.069865e+00,9.481349e-01,9.481074e-01,9.166234e-04,1.084743e-08,3.798338e+01,8.044138e+00,2.993925e+01,3.962113e+01,1.689677e+02
1.241566e+06,1.436998e+01,9.244629e+04,1.069980e+00,9.481496e-01,9.481075e-01,9.167319e-04,1.084743e-08,3.798287e+01,8.044138e+00,2.993873e+01,3.962009e+01,1.689757e+02
1.241576e+06,1.437010e+01,9.245629e+04,1.070096e+00,9.481642e-01,9.481076e-01,9.168404e-04,1.084743e-08,3.798235e+01,8.044138e+00,2.993821e+01,3.961906e+01,1.689838e+02
1.241586e+06,1.437021e+01,9.246630e+04,1.070212e+00,9.481788e-01,9.481077e-01,9.169488e-04,1.084743e-08,3.798184e+01,8.044138e+00,2.993770e+01,3.961803e+01,1.689918e+02
1.241596e+06,1.437033e+01,9.247630e+04,1.070328e+00,9.481935e-01,9.481078e-01,9.170573e-04,1.084743e-08,3.798132e+01,8.044138e+00,2.993718e+01,3.961700e+01,1.689998e+02
1.241606e+06,1.437044e+01,9.248630e+04,1.070443e+00,9.482081e-01,9.481079e-01,9.171658e-04,1.084743e-08,3.798081e+01,8.044138e+00,2.993667e+01,3.961597e+01,1.690079e+02
1.241616e+06,1.437056e+01,9.249630e+04,1.070559e+00,9.482227e-01,9.481080e-01,9.172743e-04,1.084743e-08,3.798029e+01,8.044138e+00,2.993615e+01,3.961494e+01,1.690159e+02
1.241626e+06,1.437067e+01,9.250630e+04,1.070675e+00,9.482374e-01,9.481081e-01,9.173828e-04,1.084743e-08,3.797977e+01,8.044138e+00,2.993564e+01,3.961391e+01,1.690239e+02
1.241636e+06,1.437079e+01,9.251630e+04,1.070790e+00,9.482520e-01,9.481082e-01,9.174913e-04,1.084742e-08,3.797926e+01,8.044138e+00,2.993512e+01,3.961288e+01,1.690320e+02
1.241646e+06,1.437091e+01,9.252630e+04,1.070906e+00,9.482666e-01,9.481083e-01,9.175997e-04,1.084742e-08,3.797874e+01,8.044138e+00,2.993461e+01,3.961185e+01,1.690400e+02
1.241656e+06,1.437102e+01,9.253630e+04,1.071022e+00,9.482813e-01,9.481084e-01,9.177082e-04,1.084742e-08,3.797823e+01,8.044138e+00,2.993409e+01,3.961082e+01,1.690481e+02
1.241666e+06,1.437114e+01,9.254630e+04,1.071138e+00,9.482959e-01,9.481085e-01,9.178167e-04,1.084742e-08,3.797771e+01,8.044138e+00,2.993357e+01,3.960979e+01,1.690561e+02
1.241676e+06,1.437125e+01,9.255630e+04,1.071253e+00,9.483105e-01,9.481086e-01,9.179252e-04,1.084742e-08,3.797720e+01,8.044138e+00,2.993306e+01,3.960876e+01,1.690641e+02
1.241686e+06,1.437137e+01,9.256630e+04,1.071369e+00,9.483252e-01,9.481087e-01,9.180337e-04,1.084742e-08,3.797668e+01,8.044138e+00,2.993254e+01,3.960772e+01,1.690722e+02
1.241696e+06,1.437148e+01,9.257630e+04,1.071485e+00,9.483398e-01,9.481088e-01,9.181421e-04,1.084742e-08,3.797617e+01,8.044138e+00,2.993203e+01,3.960669e+01,1.690802e+02
1.241706e+06,1.437160e+01,9.258630e+04,1.071601e+00,9.483544e-01,9.481089e-01,9.182506e-04,1.084742e-08,3.797565e+01,8.044138e+00,2.993151e+01,3.960566e+01,1.690882e+02
1.241716e+06,1.437172e+01,9.259630e+04,1.071716e+00,9.483690e-01,9.481090e-01,9.183591e-04,1.084741e-08,3.797513e+01,8.044138e+00,2.993100e+01,3.960463e+01,1.690963e+02
1.241726e+06,1.437183e+01,9.260630e+04,1.071832e+00,9.483750e-01,9.481091e-01,9.184676e-04,1.084741e-08,3.797517e+01,8.044138e+00,2.993103e+01,3.960447e+01,1.691043e+02
1.241736e+06,1.437195e+01,9.261631e+04,1.071948e+00,9.483736e-01,9.481092e-01,9.185761e-04,1.084741e-08,3.797568e+01,8.044138e+00,2.993155e+01,3.960506e+01,1.691123e+02
1.241746e+06,1.437206e+01,9.262631e+04,1.072064e+00,9.483722e-01,9.481093e-01,9.186846e-04,1.084741e-08,3.797620e+01,8.044138e+00,2.993206e+01,3.960565e+01,1.691203e+02
1.241756e+06,1.437218e+01,9.263631e+04,1.072179e+00,9.483708e-01,9.481094e-01,9.187930e-04,1.084741e-08,3.797671e+01,8.044138e+00,2.993257e+01,3.960623e+01,1.691282e+02
1.241766e+06,1.437230e+01,9.264631e+04,1.072295e+00,9.483695e-01,9.481095e-01,9.189015e-04,1.084741e-08,3.797722e+01,8.044138e+00,2.993308e+01,3.960682e+01,1.691362e+02
1.241776e+06,1.437241e+01,9.265631e+04,1.072411e+00,9.483681e-01,9.481096e-01,9.190100e-04,1.084741e-08,3.797773e+01,8.044138e+00,2.993359e+01,3.960740e+01,1.691442e+02
1.241786e+06,1.437253e+01,9.266631e+04,1.072527e+00,9.483667e-01,9.481097e-01,9.191185e-04,1.084741e-08,3.797824e+01,8.044138e+00,2.993411e+01,3.960799e+01,1.691522e+02
1.241796e+06,1.437264e+01,9.267631e+04,1.072642e+00,9.483653e-01,9.481098e-01,9.192270e-04,1.084741e-08,3.797876e+01,8.044138e+00,2.993462e+01,3.960858e+01,1.691602e+02
1.241806e+06,1.437276e+01,9.268631e+04,1.072758e+00,9.483639e-01,9.481099e-01,9.193354e-04,1.084740e-08,3.797927e+01,8.044138e+00,2.993513e+01,3.960916e+01,1.691682e+02
1.241816e+06,1.437287e+01,9.269631e+04,1.072874e+00,9.483625e-01,9.481100e-01,9.194439e-04,1.084740e-08,3.797978e+01,8.044138e+00,2.993564e+01,3.960975e+01,1.691761e+02
1.241826e+06,1.437299e+01,9.270631e+04,1.072990e+00,9.483611e-01,9.481102e-01,9.195524e-04,1.084740e-08,3.798029e+01,8.044138e+00,2.993615e+01,3.961034e+01,1.691841e+02
1.241836e+06,1.437311e+01,9.271631e+04,1.073105e+00,9.483597e-01,9.481103e-01,9.196609e-04,1.084740e-08,3.798080e+01,8.044138e+00,2.993667e+01,3.961092e+01,1.691921e+02
1.241846e+06,1.437322e+01,9.272631e+04,1.073221e+00,9.483583e-01,9.481104e-01,9.197694e-04,1.084740e-08,3.798132e+01,8.044138e+00,2.993718e+01,3.961151e+01,1.692001e+02
1.241856e+06,1.437334e+01,9.273631e+04,1.073337e+00,9.483569e-01,9.481105e-01,9.198778e-04,1.084740e-08,3.798183e+01,8.044138e+00,2.993769e+01,3.961209e+01,1.692081e+02
1.241866e+06,1.437345e+01,9.274631e+04,1.073453e+00,9.483555e-01,9.481106e-01,9.199863e-04,1.084740e-08,3.798234e+01,8.044138e+00,2.993820e+01,3.961268e+01,1.692160e+02
1.241876e+06,1.437357e+01,9.275632e+04,1.073568e+00,9.483541e-01,9.481107e-01,9.200948e-04,1.084740e-08,3.798285e+01,8.044138e+00,2.993871e+01,3.961327e+01,1.692240e+02
1.241886e+06,1.437368e+01,9.276632e+04,1.073684e+00,9.483527e-01,9.481108e-01,9.202033e-04,1.084739e-08,3.798336e+01,8.044138e+00,2.993923e+01,3.961385e+01,1.692320e+02
1.241896e+06,1.437380e+01,9.277632e+04,1.073800e+00,9.483513e-01,9.481109e-01,9.203118e-04,1.084739e-08,3.798388e+01,8.044138e+00,2.993974e+01,3.961444e+01,1.692400e+02
1.241906e+06,1.437392e+01,9.278632e+04,1.073916e+00,9.483499e-01,9.481110e-01,9.204203e-04,1.084739e-08,3.798439e+01,8.044138e+00,2.994025e+01,3.961503e+01,1.692480e+02
1.241916e+06,1.437403e+01,9.279632e+04,1.074031e+00,9.483485e-01,9.481111e-01,9.205287e-04,1.084739e-08,3.798490e+01,8.044138e+00,2.994076e+01,3.961561e+01,1.692560e+02
1.241926e+06,1.437415e+01,9.280632e+04,1.074147e+00,9.483471e-01,9.481112e-01,9.206372e-04,1.084739e-08,3.798541e+01,8.044138e+00,2.994127e+01,3.961620e+01,1.692639e+02
1.241936e+06,1.437426e+01,9.281632e+04,1.074263e+00,9.483457e-01,9.481113e-01,9.207457e-04,1.084739e-08,3.798592e+01,8.044138e+00,2.994179e+01,3.961679e+01,1.692719e+02
1.241946e+06,1.437438e+01,9.282632e+04,1.074379e+00,9.483443e-01,9.481114e-01,9.208542e-04,1.084739e-08,3.798644e+01,8.044138e+00,2.994230e+01,3.961737e+01,1.692799e+02
1.241956e+06,1.437449e+01,9.283632e+04,1.074494e+00,9.483430e-01,9.481115e-01,9.209627e-04,1.084739e-08,3.798695e+01,8.044138e+00,2.994281e+01,3.961796e+01,1.692879e+02
1.241966e+06,1.437461e+01,9.284632e+04,1.074610e+00,9.483369e-01,9.481116e-01,9.210711e-04,1.084739e-08,3.798746e+01,8.044138e+00,2.994332e+01,3.961870e+01,1.692959e+02
1.241976e+06,1.437473e+01,9.285632e+04,1.074726e+00,9.483238e-01,9.481117e-01,9.211796e-04,1.084738e-08,3.798810e+01,8.044138e+00,2.994396e+01,3.961981e+01,1.692981e+02
1.241986e+06,1.437484e+01,9.286632e+04,1.074842e+00,9.483084e-01,9.481118e-01,9.212881e-04,1.084738e-08,3.798886e+01,8.044138e+00,2.994473e+01,3.962113e+01,1.692941e+02
1.241996e+06,1.437496e+01,9.287632e+04,1.074957e+00,9.482931e-01,9.481119e-01,9.213966e-04,1.084738e-08,3.798963e+01,8.044138e+00,2.994549e+01,3.962245e+01,1.692901e+02
1.242006e+06,1.437507e+01,9.288632e+04,1.075073e+00,9.482777e-01,9.481120e-01,9.215051e-04,1.084738e-08,3.799040e+01,8.044138e+00,2.994626e+01,3.962377e+01,1.692861e+02
1.242016e+06,1.437519e+01,9.289632e+04,1.075189e+00,9.482623e-01,9.481121e-01,9.216135e-04,1.084738e-08,3.799117e+01,8.044138e+00,2.994703e+01,3.962509e+01,1.692821e+02
1.242026e+06,1.437530e+01,9.290633e+04,1.075305e+00,9.482469e-01,9.481122e-01,9.217220e-04,1.084738e-08,3.799194e+01,8.044138e+00,2.994780e+01,3.962642e+01,1.692781e+02
1.242036e+06,1.437542e+01,9.291633e+04,1.075420e+00,9.482315e-01,9.481123e-01,9.218305e-04,1.084738e-08,3.799270e+01,8.044138e+00,2.994857e+01,3.962774e+01,1.692741e+02
1.242046e+06,1.437554e+01,9.292633e+04,1.075536e+00,9.482162e-01,9.481124e-01,9.219390e-04,1.084738e-08,3.799347e+01,8.044138e+00,2.994933e+01,3.962906e+01,1.692701e+02
1.242056e+06,1.437565e+01,9.293633e+04,1.075652e+00,9.482008e-01,9.481125e-01,9.220475e-04,1.084737e-08,3.799424e+01,8.044138e+00,2.995010e+01,3.963038e+01,1.692661e+02
1.242066e+06,1.437577e+01,9.294633e+04,1.075768e+00,9.481854e-01,9.481126e-01,9.221560e-04,1.084737e-08,3.799501e+01,8.044138e+00,2.995087e+01,3.963170e+01,1.692621e+02
1.242076e+06,1.437588e+01,9.295633e+04,1.075883e+00,9.481700e-01,9.481127e-01,9.222644e-04,1.084737e-08,3.799578e+01,8.044138e+00,2.995164e+01,3.963303e+01,1.692582e+02
1.242086e+06,1.437600e+01,9.296633e+04,1.075999e+00,9.481546e-01,9.481128e-01,9.223729e-04,1.084737e-08,3.799654e+01,8.044138e+00,2.995241e+01,3.963435e+01,1.692542e+02
1.242096e+06,1.437611e+01,9.297633e+04,1.076115e+00,9.481392e-01,9.481129e-01,9.224814e-04,1.084737e-08,3.799731e+01,8.044138e+00,2.995317e+01,3.963567e+01,1.692502e+02
1.242106e+06,1.437623e+01,9.298633e+04,1.076231e+00,9.481239e-01,9.481130e-01,9.225899e-04,1.084737e-08,3.799808e+01,8.044138e+00,2.995394e+01,3.963699e+01,1.692462e+02
1.242116e+06,1.437635e+01,9.299633e+04,1.076346e+00,9.481085e-01,9.481131e-01,9.226984e-04,1.084737e-08,3.799885e+01,8.044138e+00,2.995471e+01,3.963832e+01,1.692422e+02
1.242126e+06,1.437646e+01,9.300633e+04,1.076462e+00,9.480931e-01,9.481132e-01,9.228068e-04,1.084737e-08,3.799962e+01,8.044138e+00,2.995548e+01,3.963964e+01,1.692382e+02
1.242136e+06,1.437658e+01,9.301633e+04,1.076578e+00,9.480777e-01,9.481133e-01,9.229153e-04,1.084737e-08,3.800038e+01,8.044138e+00,2.995625e+01,3.964096e+01,1.692342e+02
1.242146e+06,1.437669e+01,9.302633e+04,1.076694e+00,9.480623e-01,9.481134e-01,9.230238e-04,1.084736e-08,3.800115e+01,8.044138e+00,2.995701e+01,3.964229e+01,1.692302e+02
1.242156e+06,1.437681e+01,9.303633e+04,1.076809e+00,9.480469e-01,9.481135e-01,9.231323e-04,1.084736e-08,3.800192e+01,8.044138e+00,2.995778e+01,3.964361e+01,1.692262e+02
1.242166e+06,1.437693e+01,9.304633e+04,1.076925e+00,9.480316e-01,9.481136e-01,9.232408e-04,1.084736e-08,3.800269e+01,8.044138e+00,2.995855e+01,3.964493e+01,1.692222e+02
1.242176e+06,1.437704e+01,9.305634e+04,1.077041e+00,9.480162e-01,9.481138e-01,9.233492e-04,1.084736e-08,3.800346e+01,8.044138e+00,2.995932e+01,3.964625e+01,1.692182e+02
1.242186e+06,1.437716e+01,9.306634e+04,1.077157e+00,9.480008e-01,9.481139e-01,9.234577e-04,1.084736e-08,3.800422e+01,8.044138e+00,2.996009e+01,3.964758e+01,1.692143e+02
1.242196e+06,1.437727e+01,9.307634e+04,1.077272e+00,9.479854e-01,9.481140e-01,9.235662e-04,1.084736e-08,3.800499e+01,8.044138e+00,2.996085e+01,3.964890e+01,1.692103e+02
1.242206e+06,1.437739e+01,9.308634e+04,1.077388e+00,9.479700e-01,9.481141e-01,9.236747e-04,1.084736e-08,3.800576e+01,8.044138e+00,2.996162e+01,3.965022e+01,1.692063e+02
1.242216e+06,1.437750e+01,9.309634e+04,1.077504e+00,9.479574e-01,9.481142e-01,9.237832e-04,1.084736e-08,3.800653e+01,8.044138e+00,2.996239e+01,3.965145e+01,1.692023e+02
1.242226e+06,1.437762e+01,9.310634e+04,1.077620e+00,9.479586e-01,9.481143e-01,9.238917e-04,1.084735e-08,3.800641e+01,8.044138e+00,2.996228e+01,3.965130e+01,1.692017e+02
1.242236e+06,1.437774e+01,9.311634e+04,1.077735e+00,9.479733e-01,9.481144e-01,9.240001e-04,1.084735e-08,3.800513e+01,8.044138e+00,2.996099e+01,3.964945e+01,1.692057e+02
1.242246e+06,1.437785e+01,9.312634e+04,1.077851e+00,9.479880e-01,9.481145e-01,9.241086e-04,1.084735e-08,3.800385e+01,8.044138e+00,2.995971e+01,3.964761e+01,1.692097e+02
1.242256e+06,1.437797e+01,9.313634e+04,1.077967e+00,9.480027e-01,9.481146e-01,9.242171e-04,1.084735e-08,3.800256e+01,8.044138e+00,2.995842e+01,3.964576e+01,1.692137e+02
1.242266e+06,1.437808e+01,9.314634e+04,1.078083e+00,9.480174e-01,9.481147e-01,9.243256e-04,1.084735e-08,3.800128e+01,8.044138e+00,2.995714e+01,3.964392e+01,1.692177e+02
1.242276e+06,1.437820e+01,9.315634e+04,1.078198e+00,9.480321e-01,9.481148e-01,9.244341e-04,1.084735e-08,3.799999e+01,8.044138e+00,2.995585e+01,3.964207e+01,1.692217e+02
1.242286e+06,1.437831e+01,9.316634e+04,1.078314e+00,9.480468e-01,9.481149e-01,9.245425e-04,1.084735e-08,3.799871e+01,8.044138e+00,2.995457e+01,3.964023e+01,1.692257e+02
1.242296e+06,1.437843e+01,9.317634e+04,1.078430e+00,9.480615e-01,9.481150e-01,9.246510e-04,1.084735e-08,3.799742e+01,8.044138e+00,2.995329e+01,3.963838e+01,1.692298e+02
1.242306e+06,1.437855e+01,9.318634e+04,1.078546e+00,9.480762e-01,9.481151e-01,9.247595e-04,1.084735e-08,3.799614e+01,8.044138e+00,2.995200e+01,3.963654e+01,1.692338e+02
1.242316e+06,1.437866e+01,9.319635e+04,1.078661e+00,9.480909e-01,9.481152e-01,9.248680e-04,1.084734e-08,3.799485e+01,8.044138e+00,2.995072e+01,3.963469e+01,1.692378e+02
1.242326e+06,1.437878e+01,9.320635e+04,1.078777e+00,9.481056e-01,9.481153e-01,9.249765e-04,1.084734e-08,3.799357e+01,8.044138e+00,2.994943e+01,3.963285e+01,1.692418e+02
1.242336e+06,1.437889e+01,9.321635e+04,1.078893e+00,9.481203e-01,9.481154e-01,9.250849e-04,1.084734e-08,3.799229e+01,8.044138e+00,2.994815e+01,3.963100e+01,1.692458e+02
1.242346e+06,1.437901e+01,9.322635e+04,1.079009e+00,9.481351e-01,9.481155e-01,9.251934e-04,1.084734e-08,3.799100e+01,8.044138e+00,2.994686e+01,3.962916e+01,1.692498e+02
1.242356e+06,1.437912e+01,9.323635e+04,1.079124e+00,9.481498e-01,9.481156e-01,9.253019e-04,1.084734e-08,3.798972e+01,8.044138e+00,2.994558e+01,3.962731e+01,1.692538e+02
1.242366e+06,1.437924e+01,9.324635e+04,1.079240e+00,9.481645e-01,9.481157e-01,9.254104e-04,1.084734e-08,3.798843e+01,8.044138e+00,2.994429e+01,3.962547e+01,1.692578e+02
1.242376e+06,1.437936e+01,9.325635e+04,1.079356e+00,9.481792e-01,9.481158e-01,9.255189e-04,1.084734e-08,3.798715e+01,8.044138e+00,2.994301e+01,3.962362e+01,1.692618e+02
1.242386e+06,1.437947e+01,9.326635e+04,1.079472e+00,9.481939e-01,9.481159e-01,9.256273e-04,1.084734e-08,3.798586e+01,8.044138e+00,2.994173e+01,3.962178e+01,1.692658e+02
1.242396e+06,1.437959e+01,9.327635e+04,1.079587e+00,9.482086e-01,9.481160e-01,9.257358e-04,1.084733e-08,3.798458e+01,8.044138e+00,2.994044e+01,3.961993e+01,1.692698e+02
1.242406e+06,1.437970e+01,9.328635e+04,1.079703e+00,9.482233e-01,9.481161e-01,9.258443e-04,1.084733e-08,3.798330e+01,8.044138e+00,2.993916e+01,3.961809e+01,1.692738e+02
1.242416e+06,1.437982e+01,9.329635e+04,1.079819e+00,9.482380e-01,9.481162e-01,9.259528e-04,1.084733e-08,3.798201e+01,8.044138e+00,2.993787e+01,3.961625e+01,1.692778e+02
1.242426e+06,1.437993e+01,9.330635e+04,1.079935e+00,9.482527e-01,9.481163e-01,9.260613e-04,1.084733e-08,3.798073e+01,8.044138e+00,2.993659e+01,3.961440e+01,1.692818e+02
1.242436e+06,1.438005e+01,9.331635e+04,1.080050e+00,9.482674e-01,9.481164e-01,9.261697e-04,1.084733e-08,3.797944e+01,8.044138e+00,2.993530e+01,3.961256e+01,1.692858e+02
1.242446e+06,1.438017e+01,9.332635e+04,1.080166e+00,9.482821e-01,9.481165e-01,9.262782e-04,1.084733e-08,3.797816e+01,8.044138e+00,2.993402e+01,3.961071e+01,1.692898e+02
1.242456e+06,1.438028e+01,9.333635e+04,1.080282e+00,9.482968e-01,9.481166e-01,9.263867e-04,1.084733e-08,3.797687e+01,8.044138e+00,2.993274e+01,3.960887e+01,1.692938e+02
1.242466e+06,1.438040e+01,9.334636e+04,1.080398e+00,9.483071e-01,9.481167e-01,9.264952e-04,1.084733e-08,3.797559e+01,8.044138e+00,2.993145e+01,3.960717e+01,1.692978e+02
1.242476e+06,1.438051e+01,9.335636e+04,1.080513e+00,9.482974e-01,9.481168e-01,9.266037e-04,1.084733e-08,3.797525e+01,8.044138e+00,2.993111e+01,3.960714e+01,1.692963e+02
1.242486e+06,1.438063e+01,9.336636e+04,1.080629e+00,9.482705e-01,9.481169e-01,9.267122e-04,1.084732e-08,3.797602e+01,8.044138e+00,2.993188e+01,3.960885e+01,1.692883e+02
1.242496e+06,1.438074e+01,9.337636e+04,1.080745e+00,9.482436e-01,9.481170e-01,9.268206e-04,1.084732e-08,3.797679e+01,8.044138e+00,2.993265e+01,3.961055e+01,1.692804e+02
1.242506e+06,1.438086e+01,9.338636e+04,1.080861e+00,9.482166e-01,9.481171e-01,9.269291e-04,1.084732e-08,3.797755e+01,8.044138e+00,2.993342e+01,3.961226e+01,1.692724e+02
1.242516e+06,1.438098e+01,9.339636e+04,1.080976e+00,9.481897e-01,9.481172e-01,9.270376e-04,1.084732e-08,3.797832e+01,8.044138e+00,2.993418e+01,3.961396e+01,1.692644e+02
1.242526e+06,1.438109e+01,9.340636e+04,1.081092e+00,9.481628e-01,9.481174e-01,9.271461e-04,1.084732e-08,3.797909e+01,8.044138e+00,2.993495e+01,3.961567e+01,1.692564e+02
1.242536e+06,1.438121e+01,9.341636e+04,1.081208e+00,9.481359e-01,9.481175e-01,9.272546e-04,1.084732e-08,3.797986e+01,8.044138e+00,2.993572e+01,3.961738e+01,1.692484e+02
1.242546e+06,1.438132e+01,9.342636e+04,1.081324e+00,9.481089e-01,9.481176e-01,9.273630e-04,1.084732e-08,3.798063e+01,8.044138e+00,2.993649e+01,3.961908e+01,1.692404e+02
1.242556e+06,1.438144e+01,9.343636e+04,1.081439e+00,9.480820e-01,9.481177e-01,9.274715e-04,1.084732e-08,3.798139e+01,8.044138e+00,2.993726e+01,3.962079e+01,1.692325e+02
1.242566e+06,1.438156e+01,9.344636e+04,1.081555e+00,9.480551e-01,9.481178e-01,9.275800e-04,1.084731e-08,3.798216e+01,8.044138e+00,2.993802e+01,3.962250e+01,1.692245e+02
1.242576e+06,1.438167e+01,9.345636e+04,1.081671e+00,9.480282e-01,9.481179e-01,9.276885e-04,1.084731e-08,3.798293e+01,8.044138e+00,2.993879e+01,3.962421e+01,1.692165e+02
1.242586e+06,1.438179e+01,9.346636e+04,1.081787e+00,9.480012e-01,9.481180e-01,9.277970e-04,1.084731e-08,3.798370e+01,8.044138e+00,2.993956e+01,3.962591e+01,1.692085e+02
1.242596e+06,1.438190e+01,9.347636e+04,1.081902e+00,9.479743e-01,9.481181e-01,9.279054e-04,1.084731e-08,3.798447e+01,8.044138e+00,2.994033e+01,3.962762e+01,1.692005e+02
1.242606e+06,1.438202e+01,9.348636e+04,1.082018e+00,9.479474e-01,9.481182e-01,9.280139e-04,1.084731e-08,3.798523e+01,8.044138e+00,2.994110e+01,3.962933e+01,1.691925e+02
1.242616e+06,1.438213e+01,9.349637e+04,1.082134e+00,9.479204e-01,9.481183e-01,9.281224e-04,1.084731e-08,3.798600e+01,8.044138e+00,2.994186e+01,3.963103e+01,1.691846e+02
1.242626e+06,1.438225e+01,9.350637e+04,1.082250e+00,9.478935e-01,9.481184e-01,9.282309e-04,1.084731e-08,3.798677e+01,8.044138e+00,2.994263e+01,3.963274e+01,1.691766e+02
1.242636e+06,1.438237e+01,9.351637e+04,1.082365e+00,9.478666e-01,9.481185e-01,9.283394e-04,1.084731e-08,3.798754e+01,8.044138e+00,2.994340e+01,3.963445e+01,1.691686e+02
1.242646e+06,1.438248e+01,9.352637e+04,1.082481e+00,9.478397e-01,9.481186e-01,9.284478e-04,1.084731e-08,3.798831e+01,8.044138e+00,2.994417e+01,3.963616e+01,1.691606e+02
1.242656e+06,1.438260e+01,9.353637e+04,1.082597e+00,9.478127e-01,9.481187e-01,9.285563e-04,1.084730e-08,3.798907e+01,8.044138e+00,2.994494e+01,3.963786e+01,1.691526e+02
1.242666e+06,1.438271e+01,9.354637e+04,1.082713e+00,9.477858e-01,9.481188e-01,9.286648e-04,1.084730e-08,3.798984e+01,8.044138e+00,2.994570e+01,3.963957e+01,1.691446e+02
1.242676e+06,1.438283e+01,9.355637e+04,1.082828e+00,9.477589e-01,9.481189e-01,9.287733e-04,1.084730e-08,3.799061e+01,8.044138e+00,2.994647e+01,3.964128e+01,1.691367e+02
1.242686e+06,1.438294e+01,9.356637e+04,1.082944e+00,9.477319e-01,9.481190e-01,9.288818e-04,1.084730e-08,3.799138e+01,8.044138e+00,2.994724e+01,3.964299e+01,1.691287e+02
1.242696e+06,1.438306e+01,9.357637e+04,1.083060e+00,9.477050e-01,9.481191e-01,9.289902e-04,1.084730e-08,3.799215e+01,8.044138e+00,2.994801e+01,3.964470e+01,1.691207e+02
1.242706e+06,1.438318e+01,9.358637e+04,1.083176e+00,9.476781e-01,9.481192e-01,9.290987e-04,1.084730e-08,3.799291e+01,8.044138e+00,2.994878e+01,3.964641e+01,1.691127e+02
1.242716e+06,1.438329e+01,9.359637e+04,1.083291e+00,9.476564e-01,9.481193e-01,9.292072e-04,1.084730e-08,3.799368e+01,8.044138e+00,2.994954e+01,3.964794e+01,1.691047e+02
1.242726e+06,1.438341e+01,9.360637e+04,1.083407e+00,9.476610e-01,9.481194e-01,9.293157e-04,1.084730e-08,3.799372e+01,8.044138e+00,2.994958e+01,3.964783e+01,1.691033e+02
1.242736e+06,1.438352e+01,9.361637e+04,1.083523e+00,9.476929e-01,9.481195e-01,9.294242e-04,1.084729e-08,3.799269e+01,8.044138e+00,2.994855e+01,3.964568e+01,1.691113e+02
1.242746e+06,1.438364e+01,9.362637e+04,1.083639e+00,9.477248e-01,9.481196e-01,9.295326e-04,1.084729e-08,3.799166e+01,8.044138e+00,2.994753e+01,3.964353e+01,1.691193e+02
1.242756e+06,1.438375e+01,9.363638e+04,1.083754e+00,9.477567e-01,9.481197e-01,9.296411e-04,1.084729e-08,3.799064e+01,8.044138e+00,2.994650e+01,3.964138e+01,1.691273e+02
1.242766e+06,1.438387e+01,9.364638e+04,1.083870e+00,9.477886e-01,9.481198e-01,9.297496e-04,1.084729e-08,3.798961e+01,8.044138e+00,2.994547e+01,3.963924e+01,1.691353e+02
1.242776e+06,1.438399e+01,9.365638e+04,1.083986e+00,9.478205e-01,9.481199e-01,9.298581e-04,1.084729e-08,3.798858e+01,8.044138e+00,2.994444e+01,3.963709e+01,1.691433e+02
1.242786e+06,1.438410e+01,9.366638e+04,1.084102e+00,9.478524e-01,9.481200e-01,9.299666e-04,1.084729e-08,3.798755e+01,8.044138e+00,2.994342e+01,3.963494e+01,1.691513e+02
1.242796e+06,1.438422e+01,9.367638e+04,1.084217e+00,9.478842e-01,9.481201e-01,9.300750e-04,1.084729e-08,3.798653e+01,8.044138e+00,2.994239e+01,3.963279e+01,1.691593e+02
1.242806e+06,1.438433e+01,9.368638e+04,1.084333e+00,9.479161e-01,9.481202e-01,9.301835e-04,1.084729e-08,3.798550e+01,8.044138e+00,2.994136e+01,3.963065e+01,1.691673e+02
1.242816e+06,1.438445e+01,9.369638e+04,1.084449e+00,9.479480e-01,9.481203e-01,9.302920e-04,1.084729e-08,3.798447e+01,8.044138e+00,2.994033e+01,3.962850e+01,1.691754e+02
1.242826e+06,1.438456e+01,9.370638e+04,1.084565e+00,9.479799e-01,9.481204e-01,9.304005e-04,1.084728e-08,3.798344e+01,8.044138e+00,2.993931e+01,3.962635e+01,1.691834e+02
1.242836e+06,1.438468e+01,9.371638e+04,1.084680e+00,9.480118e-01,9.481205e-01,9.305090e-04,1.084728e-08,3.798242e+01,8.044138e+00,2.993828e+01,3.962421e+01,1.691914e+02
1.242846e+06,1.438480e+01,9.372638e+04,1.084796e+00,9.480437e-01,9.481206e-01,9.306174e-04,1.084728e-08,3.798139e+01,8.044138e+00,2.993725e+01,3.962206e+01,1.691994e+02
1.242856e+06,1.438491e+01,9.373638e+04,1.084912e+00,9.480756e-01,9.481207e-01,9.307259e-04,1.084728e-08,3.798036e+01,8.044138e+00,2.993622e+01,3.961991e+01,1.692074e+02
1.242866e+06,1.438503e+01,9.374638e+04,1.085028e+00,9.481075e-01,9.481208e-01,9.308344e-04,1.084728e-08,3.797933e+01,8.044138e+00,2.993520e+01,3.961777e+01,1.692154e+02
1.242876e+06,1.438514e+01,9.375638e+04,1.085143e+00,9.481394e-01,9.481210e-01,9.309429e-04,1.084728e-08,3.797831e+01,8.044138e+00,2.993417e+01,3.961562e+01,1.692234e+02
1.242886e+06,1.438526e+01,9.376638e+04,1.085259e+00,9.481713e-01,9.481211e-01,9.310514e-04,1.084728e-08,3.797728e+01,8.044138e+00,2.993314e+01,3.961348e+01,1.692314e+02
1.242896e+06,1.438537e+01,9.377638e+04,1.085375e+00,9.482032e-01,9.481212e-01,9.311598e-04,1.084728e-08,3.797625e+01,8.044138e+00,2.993211e+01,3.961133e+01,1.692394e+02
1.242906e+06,1.438549e+01,9.378639e+04,1.085491e+00,9.482351e-01,9.481213e-01,9.312683e-04,1.084727e-08,3.797522e+01,8.044138e+00,2.993109e+01,3.960918e+01,1.692474e+02
1.242916e+06,1.438561e+01,9.379639e+04,1.085606e+00,9.482670e-01,9.481214e-01,9.313768e-04,1.084727e-08,3.797420e+01,8.044138e+00,2.993006e+01,3.960704e+01,1.692555e+02
1.242926e+06,1.438572e+01,9.380639e+04,1.085722e+00,9.482989e-01,9.481215e-01,9.314853e-04,1.084727e-08,3.797317e+01,8.044138e+00,2.992903e+01,3.960489e+01,1.692635e+02
1.242936e+06,1.438584e+01,9.381639e+04,1.085838e+00,9.483308e-01,9.481216e-01,9.315938e-04,1.084727e-08,3.797214e+01,8.044138e+00,2.992800e+01,3.960275e+01,1.692715e+02
1.242946e+06,1.438595e+01,9.382639e+04,1.085954e+00,9.483627e-01,9.481217e-01,9.317022e-04,1.084727e-08,3.797111e+01,8.044138e+00,2.992698e+01,3.960060e+01,1.692795e+02
1.242956e+06,1.438607e+01,9.383639e+04,1.086069e+00,9.483946e-01,9.481218e-01,9.318107e-04,1.084727e-08,3.797009e+01,8.044138e+00,2.992595e+01,3.959846e+01,1.692875e+02
1.242966e+06,1.438619e+01,9.384639e+04,1.086185e+00,9.484223e-01,9.481219e-01,9.319192e-04,1.084727e-08,3.796906e+01,8.044138e+00,2.992492e+01,3.959645e+01,1.692955e+02
1.242976e+06,1.438630e+01,9.385639e+04,1.086301e+00,9.484251e-01,9.481220e-01,9.320277e-04,1.084727e-08,3.796833e+01,8.044138e+00,2.992419e+01,3.959560e+01,1.692982e+02
1.242986e+06,1.438642e+01,9.386639e+04,1.086417e+00,9.484029e-01,9.481221e-01,9.321362e-04,1.084727e-08,3.796799e+01,8.044138e+00,2.992385e+01,3.959597e+01,1.692942e+02
1.242996e+06,1.438653e+01,9.387639e+04,1.086532e+00,9.483807e-01,9.481222e-01,9.322446e-04,1.084726e-08,3.796765e+01,8.044138e+00,2.992351e+01,3.959635e+01,1.692902e+02
1.243006e+06,1.438665e+01,9.388639e+04,1.086648e+00,9.483586e-01,9.481223e-01,9.323531e-04,1.084726e-08,3.796730e+01,8.044138e+00,2.992317e+01,3.959673e+01,1.692862e+02
1.243016e+06,1.438676e+01,9.389639e+04,1.086764e+00,9.483364e-01,9.481224e-01,9.324616e-04,1.084726e-08,3.796696e+01,8.044138e+00,2.992282e+01,3.959710e+01,1.692822e+02
1.243026e+06,1.438688e+01,9.390639e+04,1.086880e+00,9.483142e-01,9.481225e-01,9.325701e-04,1.084726e-08,3.796662e+01,8.044138e+00,2.992248e+01,3.959748e+01,1.692782e+02
1.243036e+06,1.438700e+01,9.391639e+04,1.086995e+00,9.482920e-01,9.481226e-01,9.326786e-04,1.084726e-08,3.796628e+01,8.044138e+00,2.992214e+01,3.959786e+01,1.692742e+02
1.243046e+06,1.438711e+01,9.392639e+04,1.087111e+00,9.482699e-01,9.481227e-01,9.327870e-04,1.084726e-08,3.796593e+01,8.044138e+00,2.992180e+01,3.959823e+01,1.692702e+02
1.243056e+06,1.438723e+01,9.393640e+04,1.087227e+00,9.482477e-01,9.481228e-01,9.328955e-04,1.084726e-08,3.796559e+01,8.044138e+00,2.992145e+01,3.959861e+01,1.692662e+02
1.243066e+06,1.438734e+01,9.394640e+04,1.087343e+00,9.482255e-01,9.481229e-01,9.330040e-04,1.084726e-08,3.796525e+01,8.044138e+00,2.992111e+01,3.959899e+01,1.692622e+02
1.243076e+06,1.438746e+01,9.395640e+04,1.087458e+00,9.482033e-01,9.481230e-01,9.331125e-04,1.084725e-08,3.796491e+01,8.044138e+00,2.992077e+01,3.959936e+01,1.692582e+02
1.243086e+06,1.438757e+01,9.396640e+04,1.087574e+00,9.481812e-01,9.481231e-01,9.332210e-04,1.084725e-08,3.796456e+01,8.044138e+00,2.992043e+01,3.959974e+01,1.692542e+02
1.243096e+06,1.438769e+01,9.397640e+04,1.087690e+00,9.481590e-01,9.481232e-01,9.333294e-04,1.084725e-08,3.796422e+01,8.044138e+00,2.992008e+01,3.960012e+01,1.692502e+02
1.243106e+06,1.438781e+01,9.398640e+04,1.087806e+00,9.481368e-01,9.481233e-01,9.334379e-04,1.084725e-08,3.796388e+01,8.044138e+00,2.991974e+01,3.960049e+01,1.692462e+02
1.243116e+06,1.438792e+01,9.399640e+04,1.087921e+00,9.481146e-01,9.481234e-01,9.335464e-04,1.084725e-08,3.796354e+01,8.044138e+00,2.991940e+01,3.960087e+01,1.692422e+02
1.243126e+06,1.438804e+01,9.400640e+04,1.088037e+00,9.480925e-01,9.481235e-01,9.336549e-04,1.084725e-08,3.796319e+01,8.044138e+00,2.991906e+01,3.960125e+01,1.692382e+02
1.243136e+06,1.438815e+01,9.401640e+04,1.088153e+00,9.480703e-01,9.481236e-01,9.337634e-04,1.084725e-08,3.796285e+01,8.044138e+00,2.991871e+01,3.960162e+01,1.692342e+02
1.243146e+06,1.438827e+01,9.402640e+04,1.088269e+00,9.480481e-01,9.481237e-01,9.338718e-04,1.084725e-08,3.796251e+01,8.044138e+00,2.991837e+01,3.960200e+01,1.692302e+02
1.243156e+06,1.438838e+01,9.403640e+04,1.088384e+00,9.480259e-01,9.481238e-01,9.339803e-04,1.084725e-08,3.796217e+01,8.044138e+00,2.991803e+01,3.960238e+01,1.692261e+02
1.243166e+06,1.438850e+01,9.404640e+04,1.088500e+00,9.480038e-01,9.481239e-01,9.340888e-04,1.084724e-08,3.796182e+01,8.044138e+00,2.991769e+01,3.960275e+01,1.692221e+02
1.243176e+06,1.438862e+01,9.405640e+04,1.088616e+00,9.479816e-01,9.481240e-01,9.341973e-04,1.084724e-08,3.796148e+01,8.044138e+00,2.991734e+01,3.960313e+01,1.692181e+02
1.243186e+06,1.438873e+01,9.406640e+04,1.088732e+00,9.479594e-01,9.481241e-01,9.343058e-04,1.084724e-08,3.796114e+01,8.044138e+00,2.991700e+01,3.960351e+01,1.692141e+02
1.243196e+06,1.438885e+01,9.407640e+04,1.088847e+00,9.479372e-01,9.481242e-01,9.344142e-04,1.084724e-08,3.796080e+01,8.044138e+00,2.991666e+01,3.960389e+01,1.692101e+02
1.243206e+06,1.438896e+01,9.408641e+04,1.088963e+00,9.479151e-01,9.481243e-01,9.345227e-04,1.084724e-08,3.796045e+01,8.044138e+00,2.991632e+01,3.960426e+01,1.692061e+02
1.243216e+06,1.438908e+01,9.409641e+04,1.089079e+00,9.478929e-01,9.481244e-01,9.346312e-04,1.084724e-08,3.796011e+01,8.044138e+00,2.991597e+01,3.960464e+01,1.692021e+02
1.243226e+06,1.438919e+01,9.410641e+04,1.089195e+00,9.478805e-01,9.481246e-01,9.347397e-04,1.084724e-08,3.796009e+01,8.044138e+00,2.991596e+01,3.960503e+01,1.691981e+02
1.243236e+06,1.438931e+01,9.411641e+04,1.089310e+00,9.478790e-01,9.481247e-01,9.348482e-04,1.084724e-08,3.796044e+01,8.044138e+00,2.991630e+01,3.960544e+01,1.691941e+02
1.243246e+06,1.438943e+01,9.412641e+04,1.089426e+00,9.478776e-01,9.481248e-01,9.349566e-04,1.084723e-08,3.796078e+01,8.044138e+00,2.991664e+01,3.960585e+01,1.691901e+02
1.243256e+06,1.438954e+01,9.413641e+04,1.089542e+00,9.478762e-01,9.481249e-01,9.350651e-04,1.084723e-08,3.796112e+01,8.044138e+00,2.991699e+01,3.960626e+01,1.691860e+02
1.243266e+06,1.438966e+01,9.414641e+04,1.089658e+00,9.478747e-01,9.481250e-01,9.351736e-04,1.084723e-08,3.796147e+01,8.044138e+00,2.991733e+01,3.960667e+01,1.691820e+02
1.243276e+06,1.438977e+01,9.415641e+04,1.089773e+00,9.478733e-01,9.481251e-01,9.352821e-04,1.084723e-08,3.796181e+01,8.044138e+00,2.991767e+01,3.960708e+01,1.691780e+02
1.243286e+06,1.438989e+01,9.416641e+04,1.089889e+00,9.478719e-01,9.481252e-01,9.353906e-04,1.084723e-08,3.796216e+01,8.044138e+00,2.991802e+01,3.960749e+01,1.691740e+02
1.243296e+06,1.439000e+01,9.417641e+04,1.090005e+00,9.478704e-01,9.481253e-01,9.354990e-04,1.084723e-08,3.796250e+01,8.044138e+00,2.991836e+01,3.960790e+01,1.691700e+02
1.243306e+06,1.439012e+01,9.418641e+04,1.090121e+00,9.478690e-01,9.481254e-01,9.356075e-04,1.084723e-08,3.796284e+01,8.044138e+00,2.991870e+01,3.960831e+01,1.691660e+02
1.243316e+06,1.439024e+01,9.419641e+04,1.090236e+00,9.478676e-01,9.481255e-01,9.357160e-04,1.084723e-08,3.796319e+01,8.044138e+00,2.991905e+01,3.960873e+01,1.691619e+02
1.243326e+06,1.439035e+01,9.420641e+04,1.090352e+00,9.478661e-01,9.481256e-01,9.358245e-04,1.084723e-08,3.796353e+01,8.044138e+00,2.991939e+01,3.960914e+01,1.691579e+02
1.243336e+06,1.439047e+01,9.421641e+04,1.090468e+00,9.478647e-01,9.481257e-01,9.359330e-04,1.084722e-08,3.796387e+01,8.044138e+00,2.991974e+01,3.960955e+01,1.691539e+02
1.243346e+06,1.439058e+01,9.422642e+04,1.090584e+00,9.478633e-01,9.481258e-01,9.360414e-04,1.084722e-08,3.796422e+01,8.044138e+00,2.992008e+01,3.960996e+01,1.691499e+02
1.243356e+06,1.439070e+01,9.423642e+04,1.090699e+00,9.478618e-01,9.481259e-01,9.361499e-04,1.084722e-08,3.796456e+01,8.044138e+00,2.992042e+01,3.961037e+01,1.691459e+02
1.243366e+06,1.439082e+01,9.424642e+04,1.090815e+00,9.478604e-01,9.481260e-01,9.362584e-04,1.084722e-08,3.796490e+01,8.044138e+00,2.992077e+01,3.961078e+01,1.691418e+02
1.243376e+06,1.439093e+01,9.425642e+04,1.090931e+00,9.478590e-01,9.481261e-01,9.363669e-04,1.084722e-08,3.796525e+01,8.044138e+00,2.992111e+01,3.961119e+01,1.691378e+02
1.243386e+06,1.439105e+01,9.426642e+04,1.091047e+00,9.478575e-01,9.481262e-01,9.364754e-04,1.084722e-08,3.796559e+01,8.044138e+00,2.992145e+01,3.961160e+01,1.691338e+02
1.243396e+06,1.439116e+01,9.427642e+04,1.091162e+00,9.478561e-01,9.481263e-01,9.365838e-04,1.084722e-08,3.796594e+01,8.044138e+00,2.992180e+01,3.961201e+01,1.691298e+02
1.243406e+06,1.439128e+01,9.428642e+04,1.091278e+00,9.478547e-01,9.481264e-01,9.366923e-04,1.084722e-08,3.796628e+01,8.044138e+00,2.992214e+01,3.961242e+01,1.691258e+02
1.243416e+06,1.439139e+01,9.429642e+04,1.091394e+00,9.478532e-01,9.481265e-01,9.368008e-04,1.084721e-08,3.796662e+01,8.044138e+00,2.992249e+01,3.961283e+01,1.691217e+02
1.243426e+06,1.439151e+01,9.430642e+04,1.091509e+00,9.478518e-01,9.481266e-01,9.369093e-04,1.084721e-08,3.796697e+01,8.044138e+00,2.992283e+01,3.961324e+01,1.691177e+02
1.243436e+06,1.439163e+01,9.431642e+04,1.091625e+00,9.478504e-01,9.481267e-01,9.370178e-04,1.084721e-08,3.796731e+01,8.044138e+00,2.992317e+01,3.961365e+01,1.691137e+02
1.243446e+06,1.439174e+01,9.432642e+04,1.091741e+00,9.478489e-01,9.481268e-01,9.371262e-04,1.084721e-08,3.796765e+01,8.044138e+00,2.992352e+01,3.961406e+01,1.691097e+02
1.243456e+06,1.439186e+01,9.433642e+04,1.091857e+00,9.478475e-01,9.481269e-01,9.372347e-04,1.084721e-08,3.796800e+01,8.044138e+00,2.992386e+01,3.961447e+01,1.691057e+02
1.243466e+06,1.439197e+01,9.434642e+04,1.091972e+00,9.478479e-01,9.481270e-01,9.373432e-04,1.084721e-08,3.796834e+01,8.044138e+00,2.992420e+01,3.961482e+01,1.691016e+02
1.243476e+06,1.439209e+01,9.435642e+04,1.092088e+00,9.478546e-01,9.481271e-01,9.374517e-04,1.084721e-08,3.796813e+01,8.044138e+00,2.992399e+01,3.961438e+01,1.691000e+02
1.243486e+06,1.439220e+01,9.436642e+04,1.092204e+00,9.478646e-01,9.481272e-01,9.375602e-04,1.084721e-08,3.796754e+01,8.044138e+00,2.992340e+01,3.961341e+01,1.691000e+02
1.243496e+06,1.439232e+01,9.437643e+04,1.092320e+00,9.478746e-01,9.481273e-01,9.376686e-04,1.084721e-08,3.796694e+01,8.044138e+00,2.992280e+01,3.961245e+01,1.691000e+02
1.243506e+06,1.439244e+01,9.438643e+04,1.092435e+00,9.478845e-01,9.481274e-01,9.377771e-04,1.084720e-08,3.796635e+01,8.044138e+00,2.992221e+01,3.961149e+01,1.691000e+02
1.243516e+06,1.439255e+01,9.439643e+04,1.092551e+00,9.478945e-01,9.481275e-01,9.378856e-04,1.084720e-08,3.796575e+01,8.044138e+00,2.992161e+01,3.961053e+01,1.691000e+02
1.243526e+06,1.439267e+01,9.440643e+04,1.092667e+00,9.479045e-01,9.481276e-01,9.379941e-04,1.084720e-08,3.796516e+01,8.044138e+00,2.992102e+01,3.960957e+01,1.691000e+02
1.243536e+06,1.439278e+01,9.441643e+04,1.092783e+00,9.479145e-01,9.481277e-01,9.381026e-04,1.084720e-08,3.796456e+01,8.044138e+00,2.992042e+01,3.960861e+01,1.691000e+02
1.243546e+06,1.439290e+01,9.442643e+04,1.092898e+00,9.479245e-01,9.481278e-01,9.382110e-04,1.084720e-08,3.796396e+01,8.044138e+00,2.991983e+01,3.960765e+01,1.691000e+02
1.243556e+06,1.439301e+01,9.443643e+04,1.093014e+00,9.479345e-01,9.481279e-01,9.383195e-04,1.084720e-08,3.796337e+01,8.044138e+00,2.991923e+01,3.960669e+01,1.691000e+02
1.243566e+06,1.439313e+01,9.444643e+04,1.093130e+00,9.479445e-01,9.481280e-01,9.384280e-04,1.084720e-08,3.796277e+01,8.044138e+00,2.991864e+01,3.960573e+01,1.691000e+02
1.243576e+06,1.439325e+01,9.445643e+04,1.093246e+00,9.479545e-01,9.481282e-01,9.385365e-04,1.084720e-08,3.796218e+01,8.044138e+00,2.991804e+01,3.960477e+01,1.691000e+02
1.243586e+06,1.439336e+01,9.446643e+04,1.093361e+00,9.479645e-01,9.481283e-01,9.386449e-04,1.084719e-08,3.796158e+01,8.044138e+00,2.991745e+01,3.960381e+01,1.691000e+02
1.243596e+06,1.439348e+01,9.447643e+04,1.093477e+00,9.479745e-01,9.481284e-01,9.387534e-04,1.084719e-08,3.796099e+01,8.044138e+00,2.991685e+01,3.960285e+01,1.691000e+02
1.243606e+06,1.439359e+01,9.448643e+04,1.093593e+00,9.479845e-01,9.481285e-01,9.388619e-04,1.084719e-08,3.796039e+01,8.044138e+00,2.991626e+01,3.960189e+01,1.691000e+02
1.243616e+06,1.439371e+01,9.449643e+04,1.093709e+00,9.479945e-01,9.481286e-01,9.389704e-04,1.084719e-08,3.795980e+01,8.044138e+00,2.991566e+01,3.960093e+01,1.691000e+02
1.243626e+06,1.439382e+01,9.450643e+04,1.093824e+00,9.480045e-01,9.481287e-01,9.390789e-04,1.084719e-08,3.795920e+01,8.044138e+00,2.991506e+01,3.959996e+01,1.691000e+02
1.243636e+06,1.439394e+01,9.451643e+04,1.093940e+00,9.480145e-01,9.481288e-01,9.391873e-04,1.084719e-08,3.795861e+01,8.044138e+00,2.991447e+01,3.959900e+01,1.691000e+02
1.243646e+06,1.439406e+01,9.452644e+04,1.094056e+00,9.480245e-01,9.481289e-01,9.392958e-04,1.084719e-08,3.795801e+01,8.044138e+00,2.991387e+01,3.959804e+01,1.691000e+02
1.243656e+06,1.439417e+01,9.453644e+04,1.094172e+00,9.480345e-01,9.481290e-01,9.394043e-04,1.084719e-08,3.795742e+01,8.044138e+00,2.991328e+01,3.959708e+01,1.691000e+02
1.243666e+06,1.439429e+01,9.454644e+04,1.094287e+00,9.480444e-01,9.481291e-01,9.395128e-04,1.084719e-08,3.795682e+01,8.044138e+00,2.991268e+01,3.959612e+01,1.691000e+02
1.243676e+06,1.439440e+01,9.455644e+04,1.094403e+00,9.480544e-01,9.481292e-01,9.396213e-04,1.084718e-08,3.795623e+01,8.044138e+00,2.991209e+01,3.959516e+01,1.691000e+02
1.243686e+06,1.439452e+01,9.456644e+04,1.094519e+00,9.480644e-01,9.481293e-01,9.397297e-04,1.084718e-08,3.795563e+01,8.044138e+00,2.991149e+01,3.959420e+01,1.691000e+02
1.243696e+06,1.439463e+01,9.457644e+04,1.094635e+00,9.480744e-01,9.481294e-01,9.398382e-04,1.084718e-08,3.795504e+01,8.044138e+00,2.991090e+01,3.959324e+01,1.691000e+02
1.243706e+06,1.439475e+01,9.458644e+04,1.094750e+00,9.480844e-01,9.481295e-01,9.399467e-04,1.084718e-08,3.795444e+01,8.044138e+00,2.991030e+01,3.959228e+01,1.691000e+02
1.243716e+06,1.439487e+01,9.459644e+04,1.094866e+00,9.480959e-01,9.481296e-01,9.400552e-04,1.084718e-08,3.795385e+01,8.044138e+00,2.990971e+01,3.959127e+01,1.691000e+02
1.243726e+06,1.439498e+01,9.460644e+04,1.094982e+00,9.481023e-01,9.481297e-01,9.401637e-04,1.084718e-08,3.795379e+01,8.044022e+00,2.990977e+01,3.959100e+01,1.691018e+02
1.243736e+06,1.439510e+01,9.461644e+04,1.095098e+00,9.481004e-01,9.481298e-01,9.402721e-04,1.084718e-08,3.795439e+01,8.043764e+00,2.991062e+01,3.959172e+01,1.691058e+02
1.243746e+06,1.439521e+01,9.462644e+04,1.095213e+00,9.480985e-01,9.481299e-01,9.403806e-04,1.084718e-08,3.795499e+01,8.043507e+00,2.991148e+01,3.959243e+01,1.691098e+02
1.243756e+06,1.439533e+01,9.463644e+04,1.095329e+00,9.480966e-01,9.481300e-01,9.404891e-04,1.084717e-08,3.795559e+01,8.043249e+00,2.991234e+01,3.959314e+01,1.691139e+02
1.243766e+06,1.439544e+01,9.464644e+04,1.095445e+00,9.480947e-01,9.481301e-01,9.405976e-04,1.084717e-08,3.795619e+01,8.042991e+00,2.991320e+01,3.959385e+01,1.691179e+02
1.243776e+06,1.439556e+01,9.465644e+04,1.095561e+00,9.480928e-01,9.481302e-01,9.407061e-04,1.084717e-08,3.795679e+01,8.042733e+00,2.991406e+01,3.959456e+01,1.691219e+02
1.243786e+06,1.439568e+01,9.466645e+04,1.095676e+00,9.480909e-01,9.481303e-01,9.408145e-04,1.084717e-08,3.795740e+01,8.042476e+00,2.991492e+01,3.959527e+01,1.691259e+02
1.243796e+06,1.439579e+01,9.467645e+04,1.095792e+00,9.480890e-01,9.481304e-01,9.409230e-04,1.084717e-08,3.795800e+01,8.042218e+00,2.991578e+01,3.959599e+01,1.691299e+02
1.243806e+06,1.439591e+01,9.468645e+04,1.095908e+00,9.480871e-01,9.481305e-01,9.410315e-04,1.084717e-08,3.795860e+01,8.041960e+00,2.991664e+01,3.959670e+01,1.691340e+02
1.243816e+06,1.439602e+01,9.469645e+04,1.096024e+00,9.480852e-01,9.481306e-01,9.411400e-04,1.084717e-08,3.795920e+01,8.041702e+00,2.991750e+01,3.959741e+01,1.691380e+02
1.243826e+06,1.439614e+01,9.470645e+04,1.096139e+00,9.480833e-01,9.481307e-01,9.412484e-04,1.084717e-08,3.795980e+01,8.041444e+00,2.991836e+01,3.959812e+01,1.691420e+02
1.243836e+06,1.439626e+01,9.471645e+04,1.096255e+00,9.480814e-01,9.481308e-01,9.413569e-04,1.084717e-08,3.796040e+01,8.041187e+00,2.991922e+01,3.959883e+01,1.691460e+02
1.243846e+06,1.439637e+01,9.472645e+04,1.096371e+00,9.480795e-01,9.481309e-01,9.414654e-04,1.084716e-08,3.796100e+01,8.040929e+00,2.992008e+01,3.959954e+01,1.691500e+02
1.243856e+06,1.439649e+01,9.473645e+04,1.096487e+00,9.480776e-01,9.481310e-01,9.415739e-04,1.084716e-08,3.796161e+01,8.040671e+00,2.992094e+01,3.960026e+01,1.691541e+02
1.243866e+06,1.439660e+01,9.474645e+04,1.096602e+00,9.480757e-01,9.481311e-01,9.416824e-04,1.084716e-08,3.796221e+01,8.040413e+00,2.992179e+01,3.960097e+01,1.691581e+02
1.243876e+06,1.439672e+01,9.475645e+04,1.096718e+00,9.480738e-01,9.481312e-01,9.417908e-04,1.084716e-08,3.796281e+01,8.040156e+00,2.992265e+01,3.960168e+01,1.691621e+02
1.243886e+06,1.439683e+01,9.476645e+04,1.096834e+00,9.480719e-01,9.481313e-01,9.418993e-04,1.084716e-08,3.796341e+01,8.039898e+00,2.992351e+01,3.960239e+01,1.691661e+02
1.243896e+06,1.439695e+01,9.477645e+04,1.096950e+00,9.480700e-01,9.481314e-01,9.420078e-04,1.084716e-08,3.796401e+01,8.039640e+00,2.992437e+01,3.960310e+01,1.691701e+02
1.243906e+06,1.439707e+01,9.478645e+04,1.097065e+00,9.480681e-01,9.481315e-01,9.421163e-04,1.084716e-08,3.796461e+01,8.039382e+00,2.992523e+01,3.960381e+01,1.691741e+02
1.243916e+06,1.439718e+01,9.479645e+04,1.097181e+00,9.480662e-01,9.481316e-01,9.422248e-04,1.084716e-08,3.796522e+01,8.039125e+00,2.992609e+01,3.960453e+01,1.691782e+02
1.243926e+06,1.439730e+01,9.480645e+04,1.097297e+00,9.480643e-01,9.481318e-01,9.423332e-04,1.084715e-08,3.796582e+01,8.038867e+00,2.992695e+01,3.960524e+01,1.691822e+02
1.243936e+06,1.439741e+01,9.481646e+04,1.097413e+00,9.480624e-01,9.481319e-01,9.424417e-04,1.084715e-08,3.796642e+01,8.038609e+00,2.992781e+01,3.960595e+01,1.691862e+02
1.243946e+06,1.439753e+01,9.482646e+04,1.097528e+00,9.480605e-01,9.481320e-01,9.425502e-04,1.084715e-08,3.796702e+01,8.038351e+00,2.992867e+01,3.960666e+01,1.691902e+02
1.243956e+06,1.439764e+01,9.483646e+04,1.097644e+00,9.480586e-01,9.481321e-01,9.426587e-04,1.084715e-08,3.796762e+01,8.038093e+00,2.992953e+01,3.960737e+01,1.691942e+02
1.243966e+06,1.439776e+01,9.484646e+04,1.097760e+00,9.480531e-01,9.481322e-01,9.427672e-04,1.084715e-08,3.796822e+01,8.037836e+00,2.993039e+01,3.960821e+01,1.691983e+02
1.243976e+06,1.439788e+01,9.485646e+04,1.097876e+00,9.480472e-01,9.481323e-01,9.428756e-04,1.084715e-08,3.796815e+01,8.037724e+00,2.993042e+01,3.960833e+01,1.691977e+02
1.243986e+06,1.439799e+01,9.486646e+04,1.097991e+00,9.480431e-01,9.481324e-01,9.429841e-04,1.084715e-08,3.796755e+01,8.037724e+00,2.992983e+01,3.960783e+01,1.691938e+02
1.243996e+06,1.439811e+01,9.487646e+04,1.098107e+00,9.480390e-01,9.481325e-01,9.430926e-04,1.084715e-08,3.796695e+01,8.037724e+00,2.992923e+01,3.960734e+01,1.691898e+02
1.244006e+06,1.439822e+01,9.488646e+04,1.098223e+00,9.480349e-01,9.481326e-01,9.432011e-04,1.084715e-08,3.796636e+01,8.037724e+00,2.992864e+01,3.960685e+01,1.691858e+02
1.244016e+06,1.439834e+01,9.489646e+04,1.098339e+00,9.480308e-01,9.481327e-01,9.433095e-04,1.084714e-08,3.796576e+01,8.037724e+00,2.992804e+01,3.960636e+01,1.691818e+02
1.244026e+06,1.439845e+01,9.490646e+04,1.098454e+00,9.480267e-01,9.481328e-01,9.434180e-04,1.084714e-08,3.796517e+01,8.037724e+00,2.992744e+01,3.960587e+01,1.691779e+02
1.244036e+06,1.439857e+01,9.491646e+04,1.098570e+00,9.480226e-01,9.481329e-01,9.435265e-04,1.084714e-08,3.796457e+01,8.037724e+00,2.992685e+01,3.960538e+01,1.691739e+02
1.244046e+06,1.439869e+01,9.492646e+04,1.098686e+00,9.480185e-01,9.481330e-01,9.436350e-04,1.084714e-08,3.796398e+01,8.037724e+00,2.992625e+01,3.960489e+01,1.691699e+02
1.244056e+06,1.439880e+01,9.493646e+04,1.098802e+00,9.480144e-01,9.481331e-01,9.437435e-04,1.084714e-08,3.796338e+01,8.037724e+00,2.992566e+01,3.960439e+01,1.691659e+02
1.244066e+06,1.439892e+01,9.494646e+04,1.098917e+00,9.480103e-01,9.481332e-01,9.438519e-04,1.084714e-08,3.796279e+01,8.037724e+00,2.992506e+01,3.960390e+01,1.691619e+02
1.244076e+06,1.439903e+01,9.495646e+04,1.099033e+00,9.480062e-01,9.481333e-01,9.439604e-04,1.084714e-08,3.796219e+01,8.037724e+00,2.992447e+01,3.960341e+01,1.691580e+02
1.244086e+06,1.439915e+01,9.496647e+04,1.099149e+00,9.480021e-01,9.481334e-01,9.440689e-04,1.084714e-08,3.796160e+01,8.037724e+00,2.992387e+01,3.960292e+01,1.691540e+02
1.244096e+06,1.439926e+01,9.497647e+04,1.099265e+00,9.479980e-01,9.481335e-01,9.441774e-04,1.084713e-08,3.796100e+01,8.037724e+00,2.992328e+01,3.960243e+01,1.691500e+02
1.244106e+06,1.439938e+01,9.498647e+04,1.099380e+00,9.479939e-01,9.481336e-01,9.442859e-04,1.084713e-08,3.796041e+01,8.037724e+00,2.992268e+01,3.960194e+01,1.691460e+02
1.244116e+06,1.439950e+01,9.499647e+04,1.099496e+00,9.479898e-01,9.481337e-01,9.443943e-04,1.084713e-08,3.795981e+01,8.037724e+00,2.992209e+01,3.960145e+01,1.691421e+02
1.244126e+06,1.439961e+01,9.500647e+04,1.099612e+00,9.479857e-01,9.481338e-01,9.445028e-04,1.084713e-08,3.795922e+01,8.037724e+00,2.992149e+01,3.960095e+01,1.691381e+02
1.244136e+06,1.439973e+01,9.501647e+04,1.099728e+00,9.479816e-01,9.481339e-01,9.446113e-04,1.084713e-08,3.795862e+01,8.037724e+00,2.992090e+01,3.960046e+01,1.691341e+02
1.244146e+06,1.439984e+01,9.502647e+04,1.099843e+00,9.479776e-01,9.481340e-01,9.447198e-04,1.084713e-08,3.795803e+01,8.037724e+00,2.992030e+01,3.959997e+01,1.691301e+02
1.244156e+06,1.439996e+01,9.503647e+04,1.099959e+00,9.479735e-01,9.481341e-01,9.448283e-04,1.084713e-08,3.795743e+01,8.037724e+00,2.991971e+01,3.959948e+01,1.691261e+02
1.244166e+06,1.440007e+01,9.504647e+04,1.100075e+00,9.479694e-01,9.481342e-01,9.449367e-04,1.084713e-08,3.795683e+01,8.037724e+00,2.991911e+01,3.959899e+01,1.691222e+02
1.244176e+06,1.440019e+01,9.505647e+04,1.100191e+00,9.479653e-01,9.481343e-01,9.450452e-04,1.084713e-08,3.795624e+01,8.037724e+00,2.991852e+01,3.959850e+01,1.691182e+02
1.244186e+06,1.440031e+01,9.506647e+04,1.100306e+00,9.479612e-01,9.481344e-01,9.451537e-04,1.084712e-08,3.795564e+01,8.037724e+00,2.991792e+01,3.959800e+01,1.691142e+02
1.244196e+06,1.440042e+01,9.507647e+04,1.100422e+00,9.479571e-01,9.481345e-01,9.452622e-04,1.084712e-08,3.795505e+01,8.037724e+00,2.991732e+01,3.959751e+01,1.691102e+02
1.244206e+06,1.440054e+01,9.508647e+04,1.100538e+00,9.479530e-01,9.481346e-01,9.453706e-04,1.084712e-08,3.795445e+01,8.037724e+00,2.991673e+01,3.959702e+01,1.691063e+02
1.244216e+06,1.440065e+01,9.509647e+04,1.100654e+00,9.479516e-01,9.481347e-01,9.454791e-04,1.084712e-08,3.795386e+01,8.037724e+00,2.991613e+01,3.959644e+01,1.691023e+02
1.244226e+06,1.440077e+01,9.510648e+04,1.100769e+00,9.479547e-01,9.481348e-01,9.455876e-04,1.084712e-08,3.795443e+01,8.037724e+00,2.991671e+01,3.959694e+01,1.691017e+02
1.244236e+06,1.440089e+01,9.511648e+04,1.100885e+00,9.479588e-01,9.481349e-01,9.456961e-04,1.084712e-08,3.795657e+01,8.037724e+00,2.991885e+01,3.959906e+01,1.691057e+02
1.244246e+06,1.440100e+01,9.512648e+04,1.101001e+00,9.479629e-01,9.481350e-01,9.458046e-04,1.084712e-08,3.795871e+01,8.037724e+00,2.992099e+01,3.960118e+01,1.691097e+02
1.244256e+06,1.440112e+01,9.513648e+04,1.101117e+00,9.479670e-01,9.481351e-01,9.459130e-04,1.084712e-08,3.796085e+01,8.037724e+00,2.992313e+01,3.960330e+01,1.691137e+02
1.244266e+06,1.440123e+01,9.514648e+04,1.101232e+00,9.479712e-01,9.481352e-01,9.460215e-04,1.084711e-08,3.796299e+01,8.037724e+00,2.992527e+01,3.960542e+01,1.691177e+02
1.244276e+06,1.440135e+01,9.515648e+04,1.101348e+00,9.479753e-01,9.481354e-01,9.461300e-04,1.084711e-08,3.796513e+01,8.037724e+00,2.992741e+01,3.960754e+01,1.691217e+02
1.244286e+06,1.440146e+01,9.516648e+04,1.101464e+00,9.479794e-01,9.481355e-01,9.462385e-04,1.084711e-08,3.796727e+01,8.037724e+00,2.992955e+01,3.960967e+01,1.691257e+02
1.244296e+06,1.440158e+01,9.517648e+04,1.101580e+00,9.479835e-01,9.481356e-01,9.463470e-04,1.084711e-08,3.796942e+01,8.037724e+00,2.993169e+01,3.961179e+01,1.691297e+02
1.244306e+06,1.440170e+01,9.518648e+04,1.101695e+00,9.479877e-01,9.481357e-01,9.464554e-04,1.084711e-08,3.797156e+01,8.037724e+00,2.993383e+01,3.961391e+01,1.691338e+02
1.244316e+06,1.440181e+01,9.519648e+04,1.101811e+00,9.479918e-01,9.481358e-01,9.465639e-04,1.084711e-08,3.797370e+01,8.037724e+00,2.993597e+01,3.961603e+01,1.691378e+02
1.244326e+06,1.440193e+01,9.520648e+04,1.101927e+00,9.479959e-01,9.481359e-01,9.466724e-04,1.084711e-08,3.797584e+01,8.037724e+00,2.993811e+01,3.961815e+01,1.691418e+02
1.244336e+06,1.440204e+01,9.521648e+04,1.102043e+00,9.480000e-01,9.481360e-01,9.467809e-04,1.084711e-08,3.797798e+01,8.037724e+00,2.994025e+01,3.962027e+01,1.691458e+02
1.244346e+06,1.440216e+01,9.522648e+04,1.102158e+00,9.480042e-01,9.481361e-01,9.468893e-04,1.084711e-08,3.798012e+01,8.037724e+00,2.994239e+01,3.962239e+01,1.691498e+02
1.244356e+06,1.440227e+01,9.523648e+04,1.102274e+00,9.480083e-01,9.481362e-01,9.469978e-04,1.084710e-08,3.798226e+01,8.037724e+00,2.994454e+01,3.962451e+01,1.691538e+02
1.244366e+06,1.440239e+01,9.524648e+04,1.102390e+00,9.480124e-01,9.481363e-01,9.471063e-04,1.084710e-08,3.798440e+01,8.037724e+00,2.994668e+01,3.962663e+01,1.691578e+02
1.244376e+06,1.440251e+01,9.525649e+04,1.102506e+00,9.480165e-01,9.481364e-01,9.472148e-04,1.084710e-08,3.798654e+01,8.037724e+00,2.994882e+01,3.962875e+01,1.691618e+02
1.244386e+06,1.440262e+01,9.526649e+04,1.102621e+00,9.480207e-01,9.481365e-01,9.473233e-04,1.084710e-08,3.798868e+01,8.037724e+00,2.995096e+01,3.963087e+01,1.691658e+02
1.244396e+06,1.440274e+01,9.527649e+04,1.102737e+00,9.480248e-01,9.481366e-01,9.474317e-04,1.084710e-08,3.799082e+01,8.037724e+00,2.995310e+01,3.963299e+01,1.691698e+02
1.244406e+06,1.440285e+01,9.528649e+04,1.102853e+00,9.480289e-01,9.481367e-01,9.475402e-04,1.084710e-08,3.799296e+01,8.037724e+00,2.995524e+01,3.963511e+01,1.691738e+02
1.244416e+06,1.440297e+01,9.529649e+04,1.102969e+00,9.480330e-01,9.481368e-01,9.476487e-04,1.084710e-08,3.799510e+01,8.037724e+00,2.995738e+01,3.963723e+01,1.691778e+02
1.244426e+06,1.440308e+01,9.530649e+04,1.103084e+00,9.480372e-01,9.481369e-01,9.477572e-04,1.084710e-08,3.799724e+01,8.037724e+00,2.995952e+01,3.963935e+01,1.691818e+02
1.244436e+06,1.440320e+01,9.531649e+04,1.103200e+00,9.480413e-01,9.481370e-01,9.478656e-04,1.084709e-08,3.799938e+01,8.037724e+00,2.996166e+01,3.964147e+01,1.691858e+02
1.244446e+06,1.440332e+01,9.532649e+04,1.103316e+00,9.480454e-01,9.481371e-01,9.479741e-04,1.084709e-08,3.800153e+01,8.037724e+00,2.996380e+01,3.964360e+01,1.691898e+02
1.244456e+06,1.440343e+01,9.533649e+04,1.103432e+00,9.480496e-01,9.481372e-01,9.480826e-04,1.084709e-08,3.800367e+01,8.037724e+00,2.996594e+01,3.964572e+01,1.691938e+02
1.244466e+06,1.440355e+01,9.534649e+04,1.103547e+00,9.480537e-01,9.481373e-01,9.481911e-04,1.084709e-08,3.800581e+01,8.037724e+00,2.996808e+01,3.964784e+01,1.691978e+02
1.244476e+06,1.440366e+01,9.535649e+04,1.103663e+00,9.480604e-01,9.481374e-01,9.482996e-04,1.084709e-08,3.800697e+01,8.037724e+00,2.996924e+01,3.964883e+01,1.692018e+02
1.244486e+06,1.440378e+01,9.536649e+04,1.103779e+00,9.480701e-01,9.481375e-01,9.484080e-04,1.084709e-08,3.800697e+01,8.037724e+00,2.996924e+01,3.964851e+01,1.692058e+02
1.244496e+06,1.440389e+01,9.537649e+04,1.103895e+00,9.480798e-01,9.481376e-01,9.485165e-04,1.084709e-08,3.800697e+01,8.037724e+00,2.996924e+01,3.964819e+01,1.692098e+02
1.244506e+06,1.440401e+01,9.538649e+04,1.104010e+00,9.480895e-01,9.481377e-01,9.486250e-04,1.084709e-08,3.800697e+01,8.037724e+00,2.996924e+01,3.964786e+01,1.692139e+02
1.244516e+06,1.440413e+01,9.539649e+04,1.104126e+00,9.480993e-01,9.481378e-01,9.487335e-04,1.084709e-08,3.800697e+01,8.037724e+00,2.996924e+01,3.964754e+01,1.692179e+02
1.244526e+06,1.440424e+01,9.540650e+04,1.104242e+00,9.481090e-01,9.481379e-01,9.488420e-04,1.084708e-08,3.800697e+01,8.037724e+00,2.996924e+01,3.964721e+01,1.692219e+02
1.244536e+06,1.440436e+01,9.541650e+04,1.104358e+00,9.481187e-01,9.481380e-01,9.489504e-04,1.084708e-08,3.800697e+01,8.037724e+00,2.996924e+01,3.964689e+01,1.692259e+02
1.244546e+06,1.440447e+01,9.542650e+04,1.104473e+00,9.481284e-01,9.481381e-01,9.490589e-04,1.084708e-08,3.800697e+01,8.037724e+00,2.996924e+01,3.964657e+01,1.692299e+02
1.244556e+06,1.440459e+01,9.543650e+04,1.104589e+00,9.481382e-01,9.481382e-01,9.491674e-04,1.084708e-08,3.800697e+01,8.037724e+00,2.996924e+01,3.964624e+01,1.692339e+02
1.244566e+06,1.440470e+01,9.544650e+04,1.104705e+00,9.481479e-01,9.481383e-01,9.492759e-04,1.084708e-08,3.800697e+01,8.037724e+00,2.996924e+01,3.964592e+01,1.692379e+02
1.244576e+06,1.440482e+01,9.545650e+04,1.104821e+00,9.481576e-01,9.481384e-01,9.493843e-04,1.084708e-08,3.800697e+01,8.037724e+00,2.996924e+01,3.964559e+01,1.692419e+02
1.244586e+06,1.440494e+01,9.546650e+04,1.104936e+00,9.481674e-01,9.481385e-01,9.494928e-04,1.084708e-08,3.800697e+01,8.037724e+00,2.996924e+01,3.964527e+01,1.692459e+02
1.244597e+06,1.440505e+01,9.547650e+04,1.105052e+00,9.481771e-01,9.481386e-01,9.496013e-04,1.084708e-08,3.800697e+01,8.037724e+00,2.996924e+01,3.964494e+01,1.692499e+02
1.244607e+06,1.440517e+01,9.548650e+04,1.105168e+00,9.481868e-01,9.481387e-01,9.497098e-04,1.084707e-08,3.800697e+01,8.037724e+00,2.996924e+01,3.964462e+01,1.692539e+02
1.244617e+06,1.440528e+01,9.549650e+04,1.105284e+00,9.481965e-01,9.481388e-01,9.498183e-04,1.084707e-08,3.800697e+01,8.037724e+00,2.996924e+01,3.964430e+01,1.692579e+02
1.244627e+06,1.440540e+01,9.550650e+04,1.105399e+00,9.482063e-01,9.481389e-01,9.499267e-04,1.084707e-08,3.800697e+01,8.037724e+00,2.996924e+01,3.964397e+01,1.692619e+02
1.244637e+06,1.440552e+01,9.551650e+04,1.105515e+00,9.482160e-01,9.481391e-01,9.500352e-04,1.084707e-08,3.800697e+01,8.037724e+00,2.996924e+01,3.964365e+01,1.692659e+02
1.244647e+06,1.440563e+01,9.552650e+04,1.105631e+00,9.482257e-01,9.481392e-01,9.501437e-04,1.084707e-08,3.800697e+01,8.037724e+00,2.996924e+01,3.964332e+01,1.692699e+02
1.244657e+06,1.440575e+01,9.553650e+04,1.105747e+00,9.482354e-01,9.481393e-01,9.502522e-04,1.084707e-08,3.800697e+01,8.037724e+00,2.996924e+01,3.964300e+01,1.692739e+02
1.244667e+06,1.440586e+01,9.554651e+04,1.105862e+00,9.482452e-01,9.481394e-01,9.503606e-04,1.084707e-08,3.800697e+01,8.037724e+00,2.996924e+01,3.964267e+01,1.692779e+02
1.244677e+06,1.440598e+01,9.555651e+04,1.105978e+00,9.482549e-01,9.481395e-01,9.504691e-04,1.084707e-08,3.800697e+01,8.037724e+00,2.996924e+01,3.964235e+01,1.692819e+02
1.244687e+06,1.440609e+01,9.556651e+04,1.106094e+00,9.482646e-01,9.481396e-01,9.505776e-04,1.084707e-08,3.800697e+01,8.037724e+00,2.996924e+01,3.964203e+01,1.692859e+02
1.244697e+06,1.440621e+01,9.557651e+04,1.106210e+00,9.482743e-01,9.481397e-01,9.506861e-04,1.084706e-08,3.800697e+01,8.037724e+00,2.996924e+01,3.964170e+01,1.692900e+02
1.244707e+06,1.440633e+01,9.558651e+04,1.106325e+00,9.482841e-01,9.481398e-01,9.507946e-04,1.084706e-08,3.800697e+01,8.037724e+00,2.996924e+01,3.964138e+01,1.692940e+02
1.244717e+06,1.440644e+01,9.559651e+04,1.106441e+00,9.482953e-01,9.481399e-01,9.509030e-04,1.084706e-08,3.800697e+01,8.037724e+00,2.996924e+01,3.964100e+01,1.692980e+02
1.244727e+06,1.440656e+01,9.560651e+04,1.106557e+00,9.483057e-01,9.481400e-01,9.510115e-04,1.084706e-08,3.800621e+01,8.037724e+00,2.996849e+01,3.963986e+01,1.693039e+02
1.244737e+06,1.440667e+01,9.561651e+04,1.106673e+00,9.483134e-01,9.481401e-01,9.511200e-04,1.084706e-08,3.800468e+01,8.037724e+00,2.996695e+01,3.963799e+01,1.693119e+02
1.244747e+06,1.440679e+01,9.562651e+04,1.106788e+00,9.483211e-01,9.481402e-01,9.512285e-04,1.084706e-08,3.800314e+01,8.037724e+00,2.996542e+01,3.963611e+01,1.693199e+02
1.244757e+06,1.440690e+01,9.563651e+04,1.106904e+00,9.483288e-01,9.481403e-01,9.513370e-04,1.084706e-08,3.800160e+01,8.037724e+00,2.996388e+01,3.963423e+01,1.693279e+02
1.244767e+06,1.440702e+01,9.564651e+04,1.107020e+00,9.483365e-01,9.481404e-01,9.514454e-04,1.084706e-08,3.800007e+01,8.037724e+00,2.996234e+01,3.963236e+01,1.693358e+02
1.244777e+06,1.440714e+01,9.565651e+04,1.107136e+00,9.483442e-01,9.481405e-01,9.515539e-04,1.084705e-08,3.799853e+01,8.037724e+00,2.996081e+01,3.963048e+01,1.693438e+02
1.244787e+06,1.440725e+01,9.566651e+04,1.107251e+00,9.483520e-01,9.481406e-01,9.516624e-04,1.084705e-08,3.799700e+01,8.037724e+00,2.995927e+01,3.962860e+01,1.693518e+02
1.244797e+06,1.440737e+01,9.567651e+04,1.107367e+00,9.483597e-01,9.481407e-01,9.517709e-04,1.084705e-08,3.799546e+01,8.037724e+00,2.995774e+01,3.962673e+01,1.693598e+02
1.244807e+06,1.440748e+01,9.568651e+04,1.107483e+00,9.483674e-01,9.481408e-01,9.518793e-04,1.084705e-08,3.799392e+01,8.037724e+00,2.995620e+01,3.962485e+01,1.693678e+02
1.244817e+06,1.440760e+01,9.569652e+04,1.107599e+00,9.483751e-01,9.481409e-01,9.519878e-04,1.084705e-08,3.799239e+01,8.037724e+00,2.995466e+01,3.962297e+01,1.693758e+02
1.244827e+06,1.440771e+01,9.570652e+04,1.107714e+00,9.483828e-01,9.481410e-01,9.520963e-04,1.084705e-08,3.799085e+01,8.037724e+00,2.995313e+01,3.962110e+01,1.693837e+02
1.244837e+06,1.440783e+01,9.571652e+04,1.107830e+00,9.483905e-01,9.481411e-01,9.522048e-04,1.084705e-08,3.798932e+01,8.037724e+00,2.995159e+01,3.961922e+01,1.693917e+02
1.244847e+06,1.440795e+01,9.572652e+04,1.107946e+00,9.483982e-01,9.481412e-01,9.523133e-04,1.084705e-08,3.798778e+01,8.037724e+00,2.995006e+01,3.961734e+01,1.693997e+02
1.244857e+06,1.440806e+01,9.573652e+04,1.108062e+00,9.484059e-01,9.481413e-01,9.524217e-04,1.084705e-08,3.798624e+01,8.037724e+00,2.994852e+01,3.961547e+01,1.694077e+02
1.244867e+06,1.440818e+01,9.574652e+04,1.108177e+00,9.484136e-01,9.481414e-01,9.525302e-04,1.084704e-08,3.798471e+01,8.037724e+00,2.994698e+01,3.961359e+01,1.694157e+02
1.244877e+06,1.440829e+01,9.575652e+04,1.108293e+00,9.484213e-01,9.481415e-01,9.526387e-04,1.084704e-08,3.798317e+01,8.037724e+00,2.994545e+01,3.961172e+01,1.694237e+02
1.244887e+06,1.440841e+01,9.576652e+04,1.108409e+00,9.484290e-01,9.481416e-01,9.527472e-04,1.084704e-08,3.798164e+01,8.037724e+00,2.994391e+01,3.960984e+01,1.694316e+02
1.244897e+06,1.440852e+01,9.577652e+04,1.108525e+00,9.484368e-01,9.481417e-01,9.528556e-04,1.084704e-08,3.798010e+01,8.037724e+00,2.994238e+01,3.960796e+01,1.694396e+02
1.244907e+06,1.440864e+01,9.578652e+04,1.108640e+00,9.484445e-01,9.481418e-01,9.529641e-04,1.084704e-08,3.797856e+01,8.037724e+00,2.994084e+01,3.960609e+01,1.694476e+02
1.244917e+06,1.440876e+01,9.579652e+04,1.108756e+00,9.484522e-01,9.481419e-01,9.530726e-04,1.084704e-08,3.797703e+01,8.037724e+00,2.993930e+01,3.960421e+01,1.694556e+02
1.244927e+06,1.440887e+01,9.580652e+04,1.108872e+00,9.484599e-01,9.481420e-01,9.531811e-04,1.084704e-08,3.797549e+01,8.037724e+00,2.993777e+01,3.960234e+01,1.694636e+02
1.244937e+06,1.440899e+01,9.581652e+04,1.108988e+00,9.484676e-01,9.481421e-01,9.532896e-04,1.084704e-08,3.797396e+01,8.037724e+00,2.993623e+01,3.960046e+01,1.694716e+02
1.244947e+06,1.440910e+01,9.582652e+04,1.109103e+00,9.484753e-01,9.481422e-01,9.533980e-04,1.084703e-08,3.797242e+01,8.037724e+00,2.993470e+01,3.959858e+01,1.694795e+02
1.244957e+06,1.440922e+01,9.583652e+04,1.109219e+00,9.484830e-01,9.481423e-01,9.535065e-04,1.084703e-08,3.797088e+01,8.037724e+00,2.993316e+01,3.959671e+01,1.694875e+02
1.244967e+06,1.440933e+01,9.584653e+04,1.109335e+00,9.484879e-01,9.481424e-01,9.536150e-04,1.084703e-08,3.796935e+01,8.037724e+00,2.993162e+01,3.959492e+01,1.694955e+02
1.244977e+06,1.440945e+01,9.585653e+04,1.109451e+00,9.484821e-01,9.481425e-01,9.537235e-04,1.084703e-08,3.796822e+01,8.037724e+00,2.993050e+01,3.959393e+01,1.695000e+02
1.244987e+06,1.440957e+01,9.586653e+04,1.109566e+00,9.484671e-01,9.481427e-01,9.538319e-04,1.084703e-08,3.796762e+01,8.037724e+00,2.992990e+01,3.959380e+01,1.695000e+02
1.244997e+06,1.440968e+01,9.587653e+04,1.109682e+00,9.484520e-01,9.481428e-01,9.539404e-04,1.084703e-08,3.796702e+01,8.037724e+00,2.992930e+01,3.959367e+01,1.695000e+02
1.245007e+06,1.440980e+01,9.588653e+04,1.109798e+00,9.484370e-01,9.481429e-01,9.540489e-04,1.084703e-08,3.796642e+01,8.037724e+00,2.992870e+01,3.959353e+01,1.695000e+02
1.245017e+06,1.440991e+01,9.589653e+04,1.109914e+00,9.484220e-01,9.481430e-01,9.541574e-04,1.084703e-08,3.796582e+01,8.037724e+00,2.992810e+01,3.959340e+01,1.695000e+02
1.245027e+06,1.441003e+01,9.590653e+04,1.110029e+00,9.484069e-01,9.481431e-01,9.542659e-04,1.084703e-08,3.796522e+01,8.037724e+00,2.992750e+01,3.959327e+01,1.695000e+02
1.245037e+06,1.441015e+01,9.591653e+04,1.110145e+00,9.483919e-01,9.481432e-01,9.543743e-04,1.084702e-08,3.796462e+01,8.037724e+00,2.992690e+01,3.959314e+01,1.695000e+02
1.245047e+06,1.441026e+01,9.592653e+04,1.110261e+00,9.483769e-01,9.481433e-01,9.544828e-04,1.084702e-08,3.796403e+01,8.037724e+00,2.992630e+01,3.959301e+01,1.695000e+02
1.245057e+06,1.441038e+01,9.593653e+04,1.110377e+00,9.483618e-01,9.481434e-01,9.545913e-04,1.084702e-08,3.796343e+01,8.037724e+00,2.992570e+01,3.959288e+01,1.695000e+02
1.245067e+06,1.441049e+01,9.594653e+04,1.110492e+00,9.483468e-01,9.481435e-01,9.546998e-04,1.084702e-08,3.796283e+01,8.037724e+00,2.992510e+01,3.959274e+01,1.695000e+02
1.245077e+06,1.441061e+01,9.595653e+04,1.110608e+00,9.483318e-01,9.481436e-01,9.548082e-04,1.084702e-08,3.796223e+01,8.037724e+00,2.992450e+01,3.959261e+01,1.695000e+02
1.245087e+06,1.441072e+01,9.596653e+04,1.110724e+00,9.483167e-01,9.481437e-01,9.549167e-04,1.084702e-08,3.796163e+01,8.037724e+00,2.992390e+01,3.959248e+01,1.695000e+02
1.245097e+06,1.441084e+01,9.597653e+04,1.110840e+00,9.483017e-01,9.481438e-01,9.550252e-04,1.084702e-08,3.796103e+01,8.037724e+00,2.992330e+01,3.959235e+01,1.695000e+02
1.245107e+06,1.441096e+01,9.598654e+04,1.110955e+00,9.482867e-01,9.481439e-01,9.551337e-04,1.084702e-08,3.796043e+01,8.037724e+00,2.992270e+01,3.959222e+01,1.695000e+02
1.245117e+06,1.441107e+01,9.599654e+04,1.111071e+00,9.482716e-01,9.481440e-01,9.552421e-04,1.084701e-08,3.795983e+01,8.037724e+00,2.992211e+01,3.959208e+01,1.695000e+02
1.245127e+06,1.441119e+01,9.600654e+04,1.111187e+00,9.482566e-01,9.481441e-01,9.553506e-04,1.084701e-08,3.795923e+01,8.037724e+00,2.992151e+01,3.959195e+01,1.695000e+02
1.245137e+06,1.441130e+01,9.601654e+04,1.111303e+00,9.482416e-01,9.481442e-01,9.554591e-04,1.084701e-08,3.795863e+01,8.037724e+00,2.992091e+01,3.959182e+01,1.695000e+02
1.245147e+06,1.441142e+01,9.602654e+04,1.111418e+00,9.482265e-01,9.481443e-01,9.555676e-04,1.084701e-08,3.795803e+01,8.037724e+00,2.992031e+01,3.959169e+01,1.695000e+02
1.245157e+06,1.441153e+01,9.603654e+04,1.111534e+00,9.482115e-01,9.481444e-01,9.556761e-04,1.084701e-08,3.795743e+01,8.037724e+00,2.991971e+01,3.959156e+01,1.695000e+02
1.245167e+06,1.441165e+01,9.604654e+04,1.111650e+00,9.481965e-01,9.481445e-01,9.557845e-04,1.084701e-08,3.795683e+01,8.037724e+00,2.991911e+01,3.959143e+01,1.695000e+02
1.245177e+06,1.441177e+01,9.605654e+04,1.111766e+00,9.481814e-01,9.481446e-01,9.558930e-04,1.084701e-08,3.795623e+01,8.037724e+00,2.991851e+01,3.959129e+01,1.695000e+02
1.245187e+06,1.441188e+01,9.606654e+04,1.111881e+00,9.481664e-01,9.481447e-01,9.560015e-04,1.084701e-08,3.795563e+01,8.037724e+00,2.991791e+01,3.959116e+01,1.695000e+02
1.245197e+06,1.441200e+01,9.607654e+04,1.111997e+00,9.481514e-01,9.481448e-01,9.561100e-04,1.084701e-08,3.795503e+01,8.037724e+00,2.991731e+01,3.959103e+01,1.695000e+02
1.245207e+06,1.441211e+01,9.608654e+04,1.112113e+00,9.481363e-01,9.481449e-01,9.562184e-04,1.084700e-08,3.795444e+01,8.037724e+00,2.991671e+01,3.959090e+01,1.695000e+02
1.245217e+06,1.441223e+01,9.609654e+04,1.112229e+00,9.481183e-01,9.481450e-01,9.563269e-04,1.084700e-08,3.795384e+01,8.037724e+00,2.991611e+01,3.959087e+01,1.695000e+02
1.245227e+06,1.441234e+01,9.610654e+04,1.112344e+00,9.481006e-01,9.481451e-01,9.564354e-04,1.084700e-08,3.795440e+01,8.037724e+00,2.991668e+01,3.959205e+01,1.694962e+02
1.245237e+06,1.441246e+01,9.611654e+04,1.112460e+00,9.480870e-01,9.481452e-01,9.565439e-04,1.084700e-08,3.795628e+01,8.037724e+00,2.991856e+01,3.959449e+01,1.694882e+02
1.245247e+06,1.441258e+01,9.612654e+04,1.112576e+00,9.480735e-01,9.481453e-01,9.566524e-04,1.084700e-08,3.795817e+01,8.037724e+00,2.992044e+01,3.959693e+01,1.694802e+02
1.245257e+06,1.441269e+01,9.613655e+04,1.112691e+00,9.480599e-01,9.481454e-01,9.567608e-04,1.084700e-08,3.796005e+01,8.037724e+00,2.992233e+01,3.959937e+01,1.694722e+02
1.245267e+06,1.441281e+01,9.614655e+04,1.112807e+00,9.480464e-01,9.481455e-01,9.568693e-04,1.084700e-08,3.796194e+01,8.037724e+00,2.992421e+01,3.960180e+01,1.694642e+02
1.245277e+06,1.441292e+01,9.615655e+04,1.112923e+00,9.480329e-01,9.481456e-01,9.569778e-04,1.084700e-08,3.796382e+01,8.037724e+00,2.992610e+01,3.960424e+01,1.694562e+02
1.245287e+06,1.441304e+01,9.616655e+04,1.113039e+00,9.480193e-01,9.481457e-01,9.570863e-04,1.084699e-08,3.796570e+01,8.037724e+00,2.992798e+01,3.960668e+01,1.694482e+02
1.245297e+06,1.441315e+01,9.617655e+04,1.113154e+00,9.480058e-01,9.481458e-01,9.571947e-04,1.084699e-08,3.796759e+01,8.037724e+00,2.992986e+01,3.960912e+01,1.694402e+02
1.245307e+06,1.441327e+01,9.618655e+04,1.113270e+00,9.479922e-01,9.481459e-01,9.573032e-04,1.084699e-08,3.796947e+01,8.037724e+00,2.993175e+01,3.961155e+01,1.694322e+02
1.245317e+06,1.441339e+01,9.619655e+04,1.113386e+00,9.479787e-01,9.481460e-01,9.574117e-04,1.084699e-08,3.797135e+01,8.037724e+00,2.993363e+01,3.961399e+01,1.694242e+02
1.245327e+06,1.441350e+01,9.620655e+04,1.113502e+00,9.479652e-01,9.481461e-01,9.575202e-04,1.084699e-08,3.797324e+01,8.037724e+00,2.993551e+01,3.961643e+01,1.694161e+02
1.245337e+06,1.441362e+01,9.621655e+04,1.113617e+00,9.479516e-01,9.481463e-01,9.576287e-04,1.084699e-08,3.797512e+01,8.037724e+00,2.993740e+01,3.961887e+01,1.694081e+02
1.245347e+06,1.441373e+01,9.622655e+04,1.113733e+00,9.479381e-01,9.481464e-01,9.577371e-04,1.084699e-08,3.797701e+01,8.037724e+00,2.993928e+01,3.962131e+01,1.694001e+02
1.245357e+06,1.441385e+01,9.623655e+04,1.113849e+00,9.479245e-01,9.481465e-01,9.578456e-04,1.084699e-08,3.797889e+01,8.037724e+00,2.994117e+01,3.962375e+01,1.693921e+02
1.245367e+06,1.441396e+01,9.624655e+04,1.113965e+00,9.479110e-01,9.481466e-01,9.579541e-04,1.084699e-08,3.798077e+01,8.037724e+00,2.994305e+01,3.962618e+01,1.693841e+02
1.245377e+06,1.441408e+01,9.625655e+04,1.114080e+00,9.478975e-01,9.481467e-01,9.580626e-04,1.084698e-08,3.798266e+01,8.037724e+00,2.994493e+01,3.962862e+01,1.693761e+02
1.245387e+06,1.441420e+01,9.626655e+04,1.114196e+00,9.478839e-01,9.481468e-01,9.581710e-04,1.084698e-08,3.798454e+01,8.037724e+00,2.994682e+01,3.963106e+01,1.693681e+02
1.245397e+06,1.441431e+01,9.627655e+04,1.114312e+00,9.478704e-01,9.481469e-01,9.582795e-04,1.084698e-08,3.798642e+01,8.037724e+00,2.994870e+01,3.963350e+01,1.693601e+02
1.245407e+06,1.441443e+01,9.628656e+04,1.114428e+00,9.478568e-01,9.481470e-01,9.583880e-04,1.084698e-08,3.798831e+01,8.037724e+00,2.995058e+01,3.963594e+01,1.693521e+02
1.245417e+06,1.441454e+01,9.629656e+04,1.114543e+00,9.478433e-01,9.481471e-01,9.584965e-04,1.084698e-08,3.799019e+01,8.037724e+00,2.995247e+01,3.963838e+01,1.693441e+02
1.245427e+06,1.441466e+01,9.630656e+04,1.114659e+00,9.478298e-01,9.481472e-01,9.586049e-04,1.084698e-08,3.799208e+01,8.037724e+00,2.995435e+01,3.964082e+01,1.693360e+02
1.245437e+06,1.441477e+01,9.631656e+04,1.114775e+00,9.478162e-01,9.481473e-01,9.587134e-04,1.084698e-08,3.799396e+01,8.037724e+00,2.995624e+01,3.964326e+01,1.693280e+02
1.245447e+06,1.441489e+01,9.632656e+04,1.114891e+00,9.478027e-01,9.481474e-01,9.588219e-04,1.084698e-08,3.799584e+01,8.037724e+00,2.995812e+01,3.964570e+01,1.693200e+02
1.245457e+06,1.441501e+01,9.633656e+04,1.115006e+00,9.477891e-01,9.481475e-01,9.589304e-04,1.084697e-08,3.799773e+01,8.037724e+00,2.996000e+01,3.964813e+01,1.693120e+02
1.245467e+06,1.441512e+01,9.634656e+04,1.115122e+00,9.477804e-01,9.481476e-01,9.590389e-04,1.084697e-08,3.799961e+01,8.037724e+00,2.996189e+01,3.965041e+01,1.693040e+02
1.245477e+06,1.441524e+01,9.635656e+04,1.115238e+00,9.477846e-01,9.481477e-01,9.591473e-04,1.084697e-08,3.800068e+01,8.037724e+00,2.996296e+01,3.965140e+01,1.693020e+02
1.245487e+06,1.441535e+01,9.636656e+04,1.115354e+00,9.477969e-01,9.481478e-01,9.592558e-04,1.084697e-08,3.800094e+01,8.037724e+00,2.996321e+01,3.965126e+01,1.693060e+02
1.245497e+06,1.441547e+01,9.637656e+04,1.115469e+00,9.478091e-01,9.481479e-01,9.593643e-04,1.084697e-08,3.800119e+01,8.037724e+00,2.996347e+01,3.965112e+01,1.693100e+02
1.245507e+06,1.441559e+01,9.638656e+04,1.115585e+00,9.478214e-01,9.481480e-01,9.594728e-04,1.084697e-08,3.800145e+01,8.037724e+00,2.996372e+01,3.965098e+01,1.693140e+02
1.245517e+06,1.441570e+01,9.639656e+04,1.115701e+00,9.478337e-01,9.481481e-01,9.595812e-04,1.084697e-08,3.800170e+01,8.037724e+00,2.996398e+01,3.965084e+01,1.693180e+02
1.245527e+06,1.441582e+01,9.640656e+04,1.115817e+00,9.478459e-01,9.481482e-01,9.596897e-04,1.084697e-08,3.800196e+01,8.037724e+00,2.996424e+01,3.965071e+01,1.693220e+02
1.245537e+06,1.441593e+01,9.641656e+04,1.115932e+00,9.478582e-01,9.481483e-01,9.597982e-04,1.084697e-08,3.800222e+01,8.037724e+00,2.996449e+01,3.965057e+01,1.693259e+02
1.245547e+06,1.441605e+01,9.642656e+04,1.116048e+00,9.478705e-01,9.481484e-01,9.599067e-04,1.084696e-08,3.800247e+01,8.037724e+00,2.996475e+01,3.965043e+01,1.693299e+02
1.245557e+06,1.441616e+01,9.643657e+04,1.116164e+00,9.478827e-01,9.481485e-01,9.600151e-04,1.084696e-08,3.800273e+01,8.037724e+00,2.996500e+01,3.965029e+01,1.693339e+02
1.245567e+06,1.441628e+01,9.644657e+04,1.116280e+00,9.478950e-01,9.481486e-01,9.601236e-04,1.084696e-08,3.800298e+01,8.037724e+00,2.996526e+01,3.965015e+01,1.693379e+02
1.245577e+06,1.441640e+01,9.645657e+04,1.116395e+00,9.479073e-01,9.481487e-01,9.602321e-04,1.084696e-08,3.800324e+01,8.037724e+00,2.996552e+01,3.965001e+01,1.693419e+02
1.245587e+06,1.441651e+01,9.646657e+04,1.116511e+00,9.479196e-01,9.481488e-01,9.603406e-04,1.084696e-08,3.800350e+01,8.037724e+00,2.996577e+01,3.964987e+01,1.693459e+02
1.245597e+06,1.441663e+01,9.647657e+04,1.116627e+00,9.479318e-01,9.481489e-01,9.604491e-04,1.084696e-08,3.800375e+01,8.037724e+00,2.996603e+01,3.964973e+01,1.693499e+02
1.245607e+06,1.441674e+01,9.648657e+04,1.116743e+00,9.479441e-01,9.481490e-01,9.605575e-04,1.084696e-08,3.800401e+01,8.037724e+00,2.996628e+01,3.964959e+01,1.693539e+02
1.245617e+06,1.441686e+01,9.649657e+04,1.116858e+00,9.479564e-01,9.481491e-01,9.606660e-04,1.084696e-08,3.800426e+01,8.037724e+00,2.996654e+01,3.964945e+01,1.693579e+02
1.245627e+06,1.441697e+01,9.650657e+04,1.116974e+00,9.479686e-01,9.481492e-01,9.607745e-04,1.084695e-08,3.800452e+01,8.037724e+00,2.996680e+01,3.964931e+01,1.693619e+02
1.245637e+06,1.441709e+01,9.651657e+04,1.117090e+00,9.479809e-01,9.481493e-01,9.608830e-04,1.084695e-08,3.800478e+01,8.037724e+00,2.996705e+01,3.964917e+01,1.693659e+02
1.245647e+06,1.441721e+01,9.652657e+04,1.117206e+00,9.479932e-01,9.481494e-01,9.609914e-04,1.084695e-08,3.800503e+01,8.037724e+00,2.996731e+01,3.964904e+01,1.693699e+02
1.245657e+06,1.441732e+01,9.653657e+04,1.117321e+00,9.480055e-01,9.481495e-01,9.610999e-04,1.084695e-08,3.800529e+01,8.037724e+00,2.996756e+01,3.964890e+01,1.693738e+02
1.245667e+06,1.441744e+01,9.654657e+04,1.117437e+00,9.480177e-01,9.481496e-01,9.612084e-04,1.084695e-08,3.800554e+01,8.037724e+00,2.996782e+01,3.964876e+01,1.693778e+02
1.245677e+06,1.441755e+01,9.655657e+04,1.117553e+00,9.480300e-01,9.481497e-01,9.613169e-04,1.084695e-08,3.800580e+01,8.037724e+00,2.996808e+01,3.964862e+01,1.693818e+02
1.245687e+06,1.441767e+01,9.656657e+04,1.117669e+00,9.480423e-01,9.481499e-01,9.614253e-04,1.084695e-08,3.800606e+01,8.037724e+00,2.996833e+01,3.964848e+01,1.693858e+02
1.245697e+06,1.441778e+01,9.657658e+04,1.117784e+00,9.480545e-01,9.481500e-01,9.615338e-04,1.084695e-08,3.800631e+01,8.037724e+00,2.996859e+01,3.964834e+01,1.693898e+02
1.245707e+06,1.441790e+01,9.658658e+04,1.117900e+00,9.480668e-01,9.481501e-01,9.616423e-04,1.084695e-08,3.800657e+01,8.037724e+00,2.996884e+01,3.964820e+01,1.693938e+02
1.245717e+06,1.441802e+01,9.659658e+04,1.118016e+00,9.480791e-01,9.481502e-01,9.617508e-04,1.084694e-08,3.800682e+01,8.037724e+00,2.996910e+01,3.964806e+01,1.693978e+02
1.245727e+06,1.441813e+01,9.660658e+04,1.118132e+00,9.480879e-01,9.481503e-01,9.618593e-04,1.084694e-08,3.800662e+01,8.037724e+00,2.996890e+01,3.964755e+01,1.694018e+02
1.245737e+06,1.441825e+01,9.661658e+04,1.118247e+00,9.480925e-01,9.481504e-01,9.619677e-04,1.084694e-08,3.800585e+01,8.037724e+00,2.996813e+01,3.964659e+01,1.694058e+02
1.245747e+06,1.441836e+01,9.662658e+04,1.118363e+00,9.480970e-01,9.481505e-01,9.620762e-04,1.084694e-08,3.800508e+01,8.037724e+00,2.996736e+01,3.964563e+01,1.694098e+02
1.245757e+06,1.441848e+01,9.663658e+04,1.118479e+00,9.481015e-01,9.481506e-01,9.621847e-04,1.084694e-08,3.800431e+01,8.037724e+00,2.996659e+01,3.964466e+01,1.694138e+02
1.245767e+06,1.441859e+01,9.664658e+04,1.118595e+00,9.481061e-01,9.481507e-01,9.622932e-04,1.084694e-08,3.800354e+01,8.037724e+00,2.996581e+01,3.964370e+01,1.694178e+02
1.245777e+06,1.441871e+01,9.665658e+04,1.118710e+00,9.481106e-01,9.481508e-01,9.624016e-04,1.084694e-08,3.800277e+01,8.037724e+00,2.996504e+01,3.964273e+01,1.694218e+02
1.245787e+06,1.441883e+01,9.666658e+04,1.118826e+00,9.481152e-01,9.481509e-01,9.625101e-04,1.084694e-08,3.800200e+01,8.037724e+00,2.996427e+01,3.964177e+01,1.694258e+02
1.245797e+06,1.441894e+01,9.667658e+04,1.118942e+00,9.481197e-01,9.481510e-01,9.626186e-04,1.084693e-08,3.800123e+01,8.037724e+00,2.996350e+01,3.964080e+01,1.694298e+02
1.245807e+06,1.441906e+01,9.668658e+04,1.119058e+00,9.481242e-01,9.481511e-01,9.627271e-04,1.084693e-08,3.800046e+01,8.037724e+00,2.996273e+01,3.963984e+01,1.694338e+02
1.245817e+06,1.441917e+01,9.669658e+04,1.119173e+00,9.481288e-01,9.481512e-01,9.628355e-04,1.084693e-08,3.799969e+01,8.037724e+00,2.996196e+01,3.963888e+01,1.694378e+02
1.245827e+06,1.441929e+01,9.670658e+04,1.119289e+00,9.481333e-01,9.481513e-01,9.629440e-04,1.084693e-08,3.799891e+01,8.037724e+00,2.996119e+01,3.963791e+01,1.694418e+02
1.245837e+06,1.441940e+01,9.671658e+04,1.119405e+00,9.481379e-01,9.481514e-01,9.630525e-04,1.084693e-08,3.799814e+01,8.037724e+00,2.996042e+01,3.963695e+01,1.694458e+02
1.245847e+06,1.441952e+01,9.672659e+04,1.119521e+00,9.481424e-01,9.481515e-01,9.631610e-04,1.084693e-08,3.799737e+01,8.037724e+00,2.995965e+01,3.963598e+01,1.694498e+02
1.245857e+06,1.441964e+01,9.673659e+04,1.119636e+00,9.481469e-01,9.481516e-01,9.632695e-04,1.084693e-08,3.799660e+01,8.037724e+00,2.995888e+01,3.963502e+01,1.694539e+02
1.245867e+06,1.441975e+01,9.674659e+04,1.119752e+00,9.481515e-01,9.481517e-01,9.633779e-04,1.084693e-08,3.799583e+01,8.037724e+00,2.995811e+01,3.963406e+01,1.694579e+02
1.245877e+06,1.441987e+01,9.675659e+04,1.119868e+00,9.481560e-01,9.481518e-01,9.634864e-04,1.084693e-08,3.799506e+01,8.037724e+00,2.995734e+01,3.963309e+01,1.694619e+02
1.245887e+06,1.441998e+01,9.676659e+04,1.119984e+00,9.481606e-01,9.481519e-01,9.635949e-04,1.084692e-08,3.799429e+01,8.037724e+00,2.995657e+01,3.963213e+01,1.694659e+02
1.245897e+06,1.442010e+01,9.677659e+04,1.120099e+00,9.481651e-01,9.481520e-01,9.637034e-04,1.084692e-08,3.799352e+01,8.037724e+00,2.995580e+01,3.963116e+01,1.694699e+02
1.245907e+06,1.442022e+01,9.678659e+04,1.120215e+00,9.481697e-01,9.481521e-01,9.638118e-04,1.084692e-08,3.799275e+01,8.037724e+00,2.995503e+01,3.963020e+01,1.694739e+02
1.245917e+06,1.442033e+01,9.679659e+04,1.120331e+00,9.481742e-01,9.481522e-01,9.639203e-04,1.084692e-08,3.799198e+01,8.037724e+00,2.995426e+01,3.962923e+01,1.694779e+02
1.245927e+06,1.442045e+01,9.680659e+04,1.120447e+00,9.481787e-01,9.481523e-01,9.640288e-04,1.084692e-08,3.799121e+01,8.037724e+00,2.995348e+01,3.962827e+01,1.694819e+02
1.245937e+06,1.442056e+01,9.681659e+04,1.120562e+00,9.481833e-01,9.481524e-01,9.641373e-04,1.084692e-08,3.799044e+01,8.037724e+00,2.995271e+01,3.962731e+01,1.694859e+02
1.245947e+06,1.442068e+01,9.682659e+04,1.120678e+00,9.481878e-01,9.481525e-01,9.642457e-04,1.084692e-08,3.798967e+01,8.037724e+00,2.995194e+01,3.962634e+01,1.694899e+02
1.245957e+06,1.442079e+01,9.683659e+04,1.120794e+00,9.481924e-01,9.481526e-01,9.643542e-04,1.084692e-08,3.798890e+01,8.037724e+00,2.995117e+01,3.962538e+01,1.694939e+02
1.245967e+06,1.442091e+01,9.684659e+04,1.120910e+00,9.481938e-01,9.481527e-01,9.644627e-04,1.084691e-08,3.798813e+01,8.037724e+00,2.995040e+01,3.962452e+01,1.694979e+02
1.245977e+06,1.442103e+01,9.685659e+04,1.121025e+00,9.481891e-01,9.481528e-01,9.645712e-04,1.084691e-08,3.798785e+01,8.037724e+00,2.995012e+01,3.962438e+01,1.694981e+02
1.245987e+06,1.442114e+01,9.686659e+04,1.121141e+00,9.481812e-01,9.481529e-01,9.646796e-04,1.084691e-08,3.798811e+01,8.037724e+00,2.995038e+01,3.962492e+01,1.694941e+02
1.245997e+06,1.442126e+01,9.687660e+04,1.121257e+00,9.481733e-01,9.481530e-01,9.647881e-04,1.084691e-08,3.798836e+01,8.037724e+00,2.995064e+01,3.962545e+01,1.694900e+02
1.246007e+06,1.442137e+01,9.688660e+04,1.121373e+00,9.481654e-01,9.481531e-01,9.648966e-04,1.084691e-08,3.798862e+01,8.037724e+00,2.995090e+01,3.962598e+01,1.694860e+02
1.246017e+06,1.442149e+01,9.689660e+04,1.121488e+00,9.481575e-01,9.481532e-01,9.650051e-04,1.084691e-08,3.798888e+01,8.037724e+00,2.995115e+01,3.962652e+01,1.694820e+02
1.246027e+06,1.442160e+01,9.690660e+04,1.121604e+00,9.481497e-01,9.481533e-01,9.651136e-04,1.084691e-08,3.798914e+01,8.037724e+00,2.995141e+01,3.962705e+01,1.694780e+02
1.246037e+06,1.442172e+01,9.691660e+04,1.121720e+00,9.481418e-01,9.481535e-01,9.652220e-04,1.084691e-08,3.798939e+01,8.037724e+00,2.995167e+01,3.962759e+01,1.694740e+02
1.246047e+06,1.442184e+01,9.692660e+04,1.121836e+00,9.481339e-01,9.481536e-01,9.653305e-04,1.084691e-08,3.798965e+01,8.037724e+00,2.995193e+01,3.962812e+01,1.694699e+02
1.246057e+06,1.442195e+01,9.693660e+04,1.121951e+00,9.481260e-01,9.481537e-01,9.654390e-04,1.084690e-08,3.798991e+01,8.037724e+00,2.995219e+01,3.962866e+01,1.694659e+02
1.246067e+06,1.442207e+01,9.694660e+04,1.122067e+00,9.481181e-01,9.481538e-01,9.655475e-04,1.084690e-08,3.799017e+01,8.037724e+00,2.995244e+01,3.962919e+01,1.694619e+02
1.246077e+06,1.442218e+01,9.695660e+04,1.122183e+00,9.481102e-01,9.481539e-01,9.656559e-04,1.084690e-08,3.799043e+01,8.037724e+00,2.995270e+01,3.962973e+01,1.694579e+02
1.246087e+06,1.442230e+01,9.696660e+04,1.122299e+00,9.481024e-01,9.481540e-01,9.657644e-04,1.084690e-08,3.799068e+01,8.037724e+00,2.995296e+01,3.963026e+01,1.694539e+02
1.246097e+06,1.442241e+01,9.697660e+04,1.122414e+00,9.480945e-01,9.481541e-01,9.658729e-04,1.084690e-08,3.799094e+01,8.037724e+00,2.995322e+01,3.963080e+01,1.694498e+02
1.246107e+06,1.442253e+01,9.698660e+04,1.122530e+00,9.480866e-01,9.481542e-01,9.659814e-04,1.084690e-08,3.799120e+01,8.037724e+00,2.995347e+01,3.963133e+01,1.694458e+02
1.246117e+06,1.442265e+01,9.699660e+04,1.122646e+00,9.480787e-01,9.481543e-01,9.660898e-04,1.084690e-08,3.799146e+01,8.037724e+00,2.995373e+01,3.963186e+01,1.694418e+02
1.246127e+06,1.442276e+01,9.700660e+04,1.122762e+00,9.480708e-01,9.481544e-01,9.661983e-04,1.084690e-08,3.799171e+01,8.037724e+00,2.995399e+01,3.963240e+01,1.694378e+02
1.246137e+06,1.442288e+01,9.701661e+04,1.122877e+00,9.480629e-01,9.481545e-01,9.663068e-04,1.084689e-08,3.799197e+01,8.037724e+00,2.995425e+01,3.963293e+01,1.694338e+02
1.246147e+06,1.442299e+01,9.702661e+04,1.122993e+00,9.480551e-01,9.481546e-01,9.664153e-04,1.084689e-08,3.799223e+01,8.037724e+00,2.995451e+01,3.963347e+01,1.694298e+02
1.246157e+06,1.442311e+01,9.703661e+04,1.123109e+00,9.480472e-01,9.481547e-01,9.665237e-04,1.084689e-08,3.799249e+01,8.037724e+00,2.995476e+01,3.963400e+01,1.694257e+02
1.246167e+06,1.442322e+01,9.704661e+04,1.123225e+00,9.480393e-01,9.481548e-01,9.666322e-04,1.084689e-08,3.799275e+01,8.037724e+00,2.995502e+01,3.963454e+01,1.694217e+02
1.246177e+06,1.442334e+01,9.705661e+04,1.123340e+00,9.480314e-01,9.481549e-01,9.667407e-04,1.084689e-08,3.799300e+01,8.037724e+00,2.995528e+01,3.963507e+01,1.694177e+02
1.246187e+06,1.442346e+01,9.706661e+04,1.123456e+00,9.480235e-01,9.481550e-01,9.668492e-04,1.084689e-08,3.799326e+01,8.037724e+00,2.995554e+01,3.963561e+01,1.694137e+02
1.246197e+06,1.442357e+01,9.707661e+04,1.123572e+00,9.480156e-01,9.481551e-01,9.669577e-04,1.084689e-08,3.799352e+01,8.037724e+00,2.995579e+01,3.963614e+01,1.694097e+02
1.246207e+06,1.442369e+01,9.708661e+04,1.123688e+00,9.480078e-01,9.481552e-01,9.670661e-04,1.084689e-08,3.799378e+01,8.037724e+00,2.995605e+01,3.963668e+01,1.694056e+02
1.246217e+06,1.442380e+01,9.709661e+04,1.123803e+00,9.480056e-01,9.481553e-01,9.671746e-04,1.084689e-08,3.799403e+01,8.037724e+00,2.995631e+01,3.963702e+01,1.694016e+02
1.246227e+06,1.442392e+01,9.710661e+04,1.123919e+00,9.480134e-01,9.481554e-01,9.672831e-04,1.084688e-08,3.799399e+01,8.037876e+00,2.995611e+01,3.963670e+01,1.694047e+02
1.246237e+06,1.442403e+01,9.711661e+04,1.124035e+00,9.480253e-01,9.481555e-01,9.673916e-04,1.084688e-08,3.799373e+01,8.038132e+00,2.995560e+01,3.963602e+01,1.694127e+02
1.246247e+06,1.442415e+01,9.712661e+04,1.124151e+00,9.480372e-01,9.481556e-01,9.675000e-04,1.084688e-08,3.799348e+01,8.038387e+00,2.995509e+01,3.963534e+01,1.694207e+02
1.246257e+06,1.442427e+01,9.713661e+04,1.124266e+00,9.480491e-01,9.481557e-01,9.676085e-04,1.084688e-08,3.799322e+01,8.038642e+00,2.995458e+01,3.963466e+01,1.694286e+02
1.246267e+06,1.442438e+01,9.714661e+04,1.124382e+00,9.480610e-01,9.481558e-01,9.677170e-04,1.084688e-08,3.799297e+01,8.038897e+00,2.995407e+01,3.963398e+01,1.694366e+02
1.246277e+06,1.442450e+01,9.715661e+04,1.124498e+00,9.480729e-01,9.481559e-01,9.678255e-04,1.084688e-08,3.799271e+01,8.039152e+00,2.995356e+01,3.963330e+01,1.694445e+02
1.246287e+06,1.442461e+01,9.716662e+04,1.124614e+00,9.480848e-01,9.481560e-01,9.679339e-04,1.084688e-08,3.799245e+01,8.039407e+00,2.995305e+01,3.963262e+01,1.694525e+02
1.246297e+06,1.442473e+01,9.717662e+04,1.124729e+00,9.480967e-01,9.481561e-01,9.680424e-04,1.084688e-08,3.799220e+01,8.039662e+00,2.995254e+01,3.963194e+01,1.694604e+02
1.246307e+06,1.442485e+01,9.718662e+04,1.124845e+00,9.481086e-01,9.481562e-01,9.681509e-04,1.084687e-08,3.799194e+01,8.039917e+00,2.995203e+01,3.963126e+01,1.694684e+02
1.246317e+06,1.442496e+01,9.719662e+04,1.124961e+00,9.481205e-01,9.481563e-01,9.682594e-04,1.084687e-08,3.799169e+01,8.040173e+00,2.995152e+01,3.963058e+01,1.694763e+02
1.246327e+06,1.442508e+01,9.720662e+04,1.125077e+00,9.481324e-01,9.481564e-01,9.683678e-04,1.084687e-08,3.799143e+01,8.040428e+00,2.995101e+01,3.962990e+01,1.694843e+02
1.246337e+06,1.442519e+01,9.721662e+04,1.125192e+00,9.481444e-01,9.481565e-01,9.684763e-04,1.084687e-08,3.799118e+01,8.040683e+00,2.995050e+01,3.962922e+01,1.694923e+02
1.246347e+06,1.442531e+01,9.722662e+04,1.125308e+00,9.481563e-01,9.481566e-01,9.685848e-04,1.084687e-08,3.799092e+01,8.040938e+00,2.994999e+01,3.962854e+01,1.695002e+02
1.246357e+06,1.442542e+01,9.723662e+04,1.125424e+00,9.481682e-01,9.481567e-01,9.686933e-04,1.084687e-08,3.799067e+01,8.041193e+00,2.994948e+01,3.962786e+01,1.695082e+02
1.246367e+06,1.442554e+01,9.724662e+04,1.125540e+00,9.481801e-01,9.481568e-01,9.688017e-04,1.084687e-08,3.799041e+01,8.041448e+00,2.994897e+01,3.962718e+01,1.695161e+02
1.246377e+06,1.442566e+01,9.725662e+04,1.125655e+00,9.481920e-01,9.481569e-01,9.689102e-04,1.084687e-08,3.799016e+01,8.041703e+00,2.994846e+01,3.962651e+01,1.695241e+02
1.246387e+06,1.442577e+01,9.726662e+04,1.125771e+00,9.482039e-01,9.481571e-01,9.690187e-04,1.084687e-08,3.798990e+01,8.041958e+00,2.994795e+01,3.962583e+01,1.695320e+02
1.246397e+06,1.442589e+01,9.727662e+04,1.125887e+00,9.482158e-01,9.481572e-01,9.691272e-04,1.084686e-08,3.798965e+01,8.042213e+00,2.994744e+01,3.962515e+01,1.695400e+02
1.246407e+06,1.442600e+01,9.728662e+04,1.126003e+00,9.482277e-01,9.481573e-01,9.692357e-04,1.084686e-08,3.798939e+01,8.042469e+00,2.994692e+01,3.962447e+01,1.695479e+02
1.246417e+06,1.442612e+01,9.729662e+04,1.126118e+00,9.482396e-01,9.481574e-01,9.693441e-04,1.084686e-08,3.798914e+01,8.042724e+00,2.994641e+01,3.962379e+01,1.695559e+02
1.246427e+06,1.442623e+01,9.730662e+04,1.126234e+00,9.482515e-01,9.481575e-01,9.694526e-04,1.084686e-08,3.798888e+01,8.042979e+00,2.994590e+01,3.962311e+01,1.695639e+02
1.246437e+06,1.442635e+01,9.731663e+04,1.126350e+00,9.482634e-01,9.481576e-01,9.695611e-04,1.084686e-08,3.798863e+01,8.043234e+00,2.994539e+01,3.962243e+01,1.695718e+02
1.246447e+06,1.442647e+01,9.732663e+04,1.126466e+00,9.482753e-01,9.481577e-01,9.696696e-04,1.084686e-08,3.798837e+01,8.043489e+00,2.994488e+01,3.962175e+01,1.695798e+02
1.246457e+06,1.442658e+01,9.733663e+04,1.126581e+00,9.482872e-01,9.481578e-01,9.697780e-04,1.084686e-08,3.798812e+01,8.043744e+00,2.994437e+01,3.962107e+01,1.695877e+02
1.246467e+06,1.442670e+01,9.734663e+04,1.126697e+00,9.482977e-01,9.481579e-01,9.698865e-04,1.084686e-08,3.798786e+01,8.043999e+00,2.994386e+01,3.962044e+01,1.695957e+02
1.246477e+06,1.442681e+01,9.735663e+04,1.126813e+00,9.483042e-01,9.481580e-01,9.699950e-04,1.084685e-08,3.798808e+01,8.044138e+00,2.994394e+01,3.962044e+01,1.696018e+02
1.246487e+06,1.442693e+01,9.736663e+04,1.126929e+00,9.483080e-01,9.481581e-01,9.701035e-04,1.084685e-08,3.798885e+01,8.044138e+00,2.994471e+01,3.962112e+01,1.696058e+02
1.246497e+06,1.442704e+01,9.737663e+04,1.127044e+00,9.483118e-01,9.481582e-01,9.702119e-04,1.084685e-08,3.798962e+01,8.044138e+00,2.994548e+01,3.962181e+01,1.696098e+02
1.246507e+06,1.442716e+01,9.738663e+04,1.127160e+00,9.483156e-01,9.481583e-01,9.703204e-04,1.084685e-08,3.799039e+01,8.044138e+00,2.994625e+01,3.962250e+01,1.696138e+02
1.246517e+06,1.442728e+01,9.739663e+04,1.127276e+00,9.483194e-01,9.481584e-01,9.704289e-04,1.084685e-08,3.799116e+01,8.044138e+00,2.994702e+01,3.962318e+01,1.696178e+02
1.246527e+06,1.442739e+01,9.740663e+04,1.127392e+00,9.483232e-01,9.481585e-01,9.705374e-04,1.084685e-08,3.799193e+01,8.044138e+00,2.994779e+01,3.962387e+01,1.696219e+02
1.246537e+06,1.442751e+01,9.741663e+04,1.127507e+00,9.483271e-01,9.481586e-01,9.706458e-04,1.084685e-08,3.799270e+01,8.044138e+00,2.994856e+01,3.962455e+01,1.696259e+02
1.246547e+06,1.442762e+01,9.742663e+04,1.127623e+00,9.483309e-01,9.481587e-01,9.707543e-04,1.084685e-08,3.799347e+01,8.044138e+00,2.994933e+01,3.962524e+01,1.696299e+02
1.246557e+06,1.442774e+01,9.743663e+04,1.127739e+00,9.483347e-01,9.481588e-01,9.708628e-04,1.084685e-08,3.799424e+01,8.044138e+00,2.995010e+01,3.962592e+01,1.696339e+02
1.246567e+06,1.442785e+01,9.744663e+04,1.127855e+00,9.483385e-01,9.481589e-01,9.709713e-04,1.084684e-08,3.799501e+01,8.044138e+00,2.995087e+01,3.962661e+01,1.696379e+02
1.246577e+06,1.442797e+01,9.745664e+04,1.127970e+00,9.483423e-01,9.481590e-01,9.710797e-04,1.084684e-08,3.799578e+01,8.044138e+00,2.995164e+01,3.962730e+01,1.696419e+02
1.246587e+06,1.442809e+01,9.746664e+04,1.128086e+00,9.483461e-01,9.481591e-01,9.711882e-04,1.084684e-08,3.799655e+01,8.044138e+00,2.995242e+01,3.962798e+01,1.696459e+02
1.246597e+06,1.442820e+01,9.747664e+04,1.128202e+00,9.483499e-01,9.481592e-01,9.712967e-04,1.084684e-08,3.799732e+01,8.044138e+00,2.995319e+01,3.962867e+01,1.696499e+02
1.246607e+06,1.442832e+01,9.748664e+04,1.128318e+00,9.483537e-01,9.481593e-01,9.714052e-04,1.084684e-08,3.799809e+01,8.044138e+00,2.995396e+01,3.962935e+01,1.696539e+02
1.246617e+06,1.442843e+01,9.749664e+04,1.128433e+00,9.483576e-01,9.481594e-01,9.715136e-04,1.084684e-08,3.799886e+01,8.044138e+00,2.995473e+01,3.963004e+01,1.696579e+02
1.246627e+06,1.442855e+01,9.750664e+04,1.128549e+00,9.483614e-01,9.481595e-01,9.716221e-04,1.084684e-08,3.799964e+01,8.044138e+00,2.995550e+01,3.963072e+01,1.696619e+02
1.246637e+06,1.442866e+01,9.751664e+04,1.128665e+00,9.483652e-01,9.481596e-01,9.717306e-04,1.084684e-08,3.800041e+01,8.044138e+00,2.995627e+01,3.963141e+01,1.696659e+02
1.246647e+06,1.442878e+01,9.752664e+04,1.128781e+00,9.483690e-01,9.481597e-01,9.718391e-04,1.084683e-08,3.800118e+01,8.044138e+00,2.995704e+01,3.963209e+01,1.696699e+02
1.246657e+06,1.442890e+01,9.753664e+04,1.128896e+00,9.483728e-01,9.481598e-01,9.719475e-04,1.084683e-08,3.800195e+01,8.044138e+00,2.995781e+01,3.963278e+01,1.696739e+02
1.246667e+06,1.442901e+01,9.754664e+04,1.129012e+00,9.483766e-01,9.481599e-01,9.720560e-04,1.084683e-08,3.800272e+01,8.044138e+00,2.995858e+01,3.963347e+01,1.696779e+02
1.246677e+06,1.442913e+01,9.755664e+04,1.129128e+00,9.483804e-01,9.481600e-01,9.721645e-04,1.084683e-08,3.800349e+01,8.044138e+00,2.995935e+01,3.963415e+01,1.696819e+02
1.246687e+06,1.442924e+01,9.756664e+04,1.129244e+00,9.483842e-01,9.481601e-01,9.722730e-04,1.084683e-08,3.800426e+01,8.044138e+00,2.996012e+01,3.963484e+01,1.696859e+02
1.246697e+06,1.442936e+01,9.757664e+04,1.129359e+00,9.483881e-01,9.481602e-01,9.723815e-04,1.084683e-08,3.800503e+01,8.044138e+00,2.996089e+01,3.963552e+01,1.696899e+02
1.246707e+06,1.442948e+01,9.758664e+04,1.129475e+00,9.483919e-01,9.481603e-01,9.724899e-04,1.084683e-08,3.800580e+01,8.044138e+00,2.996166e+01,3.963621e+01,1.696939e+02
1.246717e+06,1.442959e+01,9.759664e+04,1.129591e+00,9.483941e-01,9.481604e-01,9.725984e-04,1.084683e-08,3.800657e+01,8.044138e+00,2.996243e+01,3.963695e+01,1.696980e+02
1.246727e+06,1.442971e+01,9.760665e+04,1.129707e+00,9.483879e-01,9.481605e-01,9.727069e-04,1.084683e-08,3.800672e+01,8.044013e+00,2.996270e+01,3.963731e+01,1.697000e+02
1.246737e+06,1.442982e+01,9.761665e+04,1.129822e+00,9.483746e-01,9.481607e-01,9.728154e-04,1.084682e-08,3.800620e+01,8.043757e+00,2.996245e+01,3.963723e+01,1.697000e+02
1.246747e+06,1.442994e+01,9.762665e+04,1.129938e+00,9.483613e-01,9.481608e-01,9.729238e-04,1.084682e-08,3.800569e+01,8.043501e+00,2.996219e+01,3.963715e+01,1.697000e+02
1.246757e+06,1.443005e+01,9.763665e+04,1.130054e+00,9.483480e-01,9.481609e-01,9.730323e-04,1.084682e-08,3.800518e+01,8.043245e+00,2.996193e+01,3.963706e+01,1.697000e+02
1.246767e+06,1.443017e+01,9.764665e+04,1.130170e+00,9.483347e-01,9.481610e-01,9.731408e-04,1.084682e-08,3.800467e+01,8.042989e+00,2.996168e+01,3.963698e+01,1.697000e+02
1.246777e+06,1.443029e+01,9.765665e+04,1.130285e+00,9.483214e-01,9.481611e-01,9.732493e-04,1.084682e-08,3.800416e+01,8.042733e+00,2.996142e+01,3.963690e+01,1.697000e+02
1.246787e+06,1.443040e+01,9.766665e+04,1.130401e+00,9.483080e-01,9.481612e-01,9.733577e-04,1.084682e-08,3.800364e+01,8.042477e+00,2.996117e+01,3.963682e+01,1.697000e+02
1.246797e+06,1.443052e+01,9.767665e+04,1.130517e+00,9.482947e-01,9.481613e-01,9.734662e-04,1.084682e-08,3.800313e+01,8.042221e+00,2.996091e+01,3.963673e+01,1.697000e+02
1.246807e+06,1.443063e+01,9.768665e+04,1.130633e+00,9.482814e-01,9.481614e-01,9.735747e-04,1.084682e-08,3.800262e+01,8.041965e+00,2.996065e+01,3.963665e+01,1.697000e+02
1.246817e+06,1.443075e+01,9.769665e+04,1.130748e+00,9.482681e-01,9.481615e-01,9.736832e-04,1.084681e-08,3.800211e+01,8.041709e+00,2.996040e+01,3.963657e+01,1.697000e+02
1.246827e+06,1.443086e+01,9.770665e+04,1.130864e+00,9.482548e-01,9.481616e-01,9.737916e-04,1.084681e-08,3.800160e+01,8.041453e+00,2.996014e+01,3.963649e+01,1.697000e+02
1.246837e+06,1.443098e+01,9.771665e+04,1.130980e+00,9.482415e-01,9.481617e-01,9.739001e-04,1.084681e-08,3.800108e+01,8.041197e+00,2.995989e+01,3.963640e+01,1.697000e+02
1.246847e+06,1.443110e+01,9.772665e+04,1.131096e+00,9.482282e-01,9.481618e-01,9.740086e-04,1.084681e-08,3.800057e+01,8.040941e+00,2.995963e+01,3.963632e+01,1.697000e+02
1.246857e+06,1.443121e+01,9.773665e+04,1.131211e+00,9.482148e-01,9.481619e-01,9.741171e-04,1.084681e-08,3.800006e+01,8.040685e+00,2.995937e+01,3.963624e+01,1.697000e+02
1.246867e+06,1.443133e+01,9.774665e+04,1.131327e+00,9.482015e-01,9.481620e-01,9.742255e-04,1.084681e-08,3.799955e+01,8.040429e+00,2.995912e+01,3.963616e+01,1.697000e+02
1.246877e+06,1.443144e+01,9.775666e+04,1.131443e+00,9.481882e-01,9.481621e-01,9.743340e-04,1.084681e-08,3.799904e+01,8.040173e+00,2.995886e+01,3.963608e+01,1.697000e+02
1.246887e+06,1.443156e+01,9.776666e+04,1.131559e+00,9.481749e-01,9.481622e-01,9.744425e-04,1.084681e-08,3.799852e+01,8.039917e+00,2.995861e+01,3.963599e+01,1.697000e+02
1.246897e+06,1.443167e+01,9.777666e+04,1.131674e+00,9.481616e-01,9.481623e-01,9.745510e-04,1.084681e-08,3.799801e+01,8.039661e+00,2.995835e+01,3.963591e+01,1.697000e+02
1.246907e+06,1.443179e+01,9.778666e+04,1.131790e+00,9.481483e-01,9.481624e-01,9.746594e-04,1.084680e-08,3.799750e+01,8.039405e+00,2.995809e+01,3.963583e+01,1.697000e+02
1.246917e+06,1.443191e+01,9.779666e+04,1.131906e+00,9.481350e-01,9.481625e-01,9.747679e-04,1.084680e-08,3.799699e+01,8.039149e+00,2.995784e+01,3.963575e+01,1.697000e+02
1.246927e+06,1.443202e+01,9.780666e+04,1.132022e+00,9.481216e-01,9.481626e-01,9.748764e-04,1.084680e-08,3.799648e+01,8.038893e+00,2.995758e+01,3.963566e+01,1.697000e+02
1.246937e+06,1.443214e+01,9.781666e+04,1.132137e+00,9.481083e-01,9.481627e-01,9.749849e-04,1.084680e-08,3.799596e+01,8.038637e+00,2.995733e+01,3.963558e+01,1.697000e+02
1.246947e+06,1.443225e+01,9.782666e+04,1.132253e+00,9.480950e-01,9.481628e-01,9.750933e-04,1.084680e-08,3.799545e+01,8.038381e+00,2.995707e+01,3.963550e+01,1.697000e+02
1.246957e+06,1.443237e+01,9.783666e+04,1.132369e+00,9.480817e-01,9.481629e-01,9.752018e-04,1.084680e-08,3.799494e+01,8.038125e+00,2.995681e+01,3.963542e+01,1.697000e+02
1.246967e+06,1.443248e+01,9.784666e+04,1.132485e+00,9.480684e-01,9.481630e-01,9.753103e-04,1.084680e-08,3.799443e+01,8.037869e+00,2.995656e+01,3.963533e+01,1.697000e+02
1.246977e+06,1.443260e+01,9.785666e+04,1.132600e+00,9.480609e-01,9.481631e-01,9.754188e-04,1.084680e-08,3.799391e+01,8.037836e+00,2.995608e+01,3.963505e+01,1.697000e+02
1.246987e+06,1.443272e+01,9.786666e+04,1.132716e+00,9.480609e-01,9.481632e-01,9.755272e-04,1.084679e-08,3.799340e+01,8.038093e+00,2.995531e+01,3.963449e+01,1.697000e+02
1.246997e+06,1.443283e+01,9.787666e+04,1.132832e+00,9.480609e-01,9.481633e-01,9.756357e-04,1.084679e-08,3.799289e+01,8.038349e+00,2.995454e+01,3.963393e+01,1.697000e+02
1.247007e+06,1.443295e+01,9.788666e+04,1.132948e+00,9.480609e-01,9.481634e-01,9.757442e-04,1.084679e-08,3.799237e+01,8.038606e+00,2.995377e+01,3.963338e+01,1.697000e+02
1.247017e+06,1.443306e+01,9.789667e+04,1.133063e+00,9.480609e-01,9.481635e-01,9.758527e-04,1.084679e-08,3.799186e+01,8.038863e+00,2.995300e+01,3.963282e+01,1.697000e+02
1.247027e+06,1.443318e+01,9.790667e+04,1.133179e+00,9.480609e-01,9.481636e-01,9.759611e-04,1.084679e-08,3.799135e+01,8.039120e+00,2.995223e+01,3.963227e+01,1.697000e+02
1.247037e+06,1.443329e+01,9.791667e+04,1.133295e+00,9.480609e-01,9.481637e-01,9.760696e-04,1.084679e-08,3.799083e+01,8.039377e+00,2.995146e+01,3.963171e+01,1.697000e+02
1.247047e+06,1.443341e+01,9.792667e+04,1.133410e+00,9.480609e-01,9.481638e-01,9.761781e-04,1.084679e-08,3.799032e+01,8.039634e+00,2.995068e+01,3.963116e+01,1.697000e+02
1.247057e+06,1.443353e+01,9.793667e+04,1.133526e+00,9.480609e-01,9.481639e-01,9.762866e-04,1.084679e-08,3.798980e+01,8.039891e+00,2.994991e+01,3.963060e+01,1.697000e+02
1.247067e+06,1.443364e+01,9.794667e+04,1.133642e+00,9.480609e-01,9.481640e-01,9.763950e-04,1.084679e-08,3.798929e+01,8.040148e+00,2.994914e+01,3.963004e+01,1.697000e+02
1.247077e+06,1.443376e+01,9.795667e+04,1.133758e+00,9.480609e-01,9.481641e-01,9.765035e-04,1.084678e-08,3.798878e+01,8.040404e+00,2.994837e+01,3.962949e+01,1.697000e+02
1.247087e+06,1.443387e+01,9.796667e+04,1.133873e+00,9.480609e-01,9.481643e-01,9.766120e-04,1.084678e-08,3.798826e+01,8.040661e+00,2.994760e+01,3.962893e+01,1.697000e+02
1.247097e+06,1.443399e+01,9.797667e+04,1.133989e+00,9.480609e-01,9.481644e-01,9.767205e-04,1.084678e-08,3.798775e+01,8.040918e+00,2.994683e+01,3.962838e+01,1.697000e+02
1.247107e+06,1.443410e+01,9.798667e+04,1.134105e+00,9.480609e-01,9.481645e-01,9.768289e-04,1.084678e-08,3.798724e+01,8.041175e+00,2.994606e+01,3.962782e+01,1.697000e+02
1.247117e+06,1.443422e+01,9.799667e+04,1.134221e+00,9.480609e-01,9.481646e-01,9.769374e-04,1.084678e-08,3.798672e+01,8.041432e+00,2.994529e+01,3.962726e+01,1.697000e+02
1.247127e+06,1.443434e+01,9.800667e+04,1.134336e+00,9.480609e-01,9.481647e-01,9.770459e-04,1.084678e-08,3.798621e+01,8.041689e+00,2.994452e+01,3.962671e+01,1.697000e+02
1.247137e+06,1.443445e+01,9.801667e+04,1.134452e+00,9.480609e-01,9.481648e-01,9.771544e-04,1.084678e-08,3.798569e+01,8.041946e+00,2.994375e+01,3.962615e+01,1.697000e+02
1.247147e+06,1.443457e+01,9.802667e+04,1.134568e+00,9.480609e-01,9.481649e-01,9.772628e-04,1.084678e-08,3.798518e+01,8.042203e+00,2.994298e+01,3.962560e+01,1.697000e+02
1.247157e+06,1.443468e+01,9.803667e+04,1.134684e+00,9.480609e-01,9.481650e-01,9.773713e-04,1.084677e-08,3.798467e+01,8.042460e+00,2.994221e+01,3.962504e+01,1.697000e+02
1.247167e+06,1.443480e+01,9.804668e+04,1.134799e+00,9.480609e-01,9.481651e-01,9.774798e-04,1.084677e-08,3.798415e+01,8.042716e+00,2.994144e+01,3.962448e+01,1.697000e+02
1.247177e+06,1.443492e+01,9.805668e+04,1.134915e+00,9.480609e-01,9.481652e-01,9.775883e-04,1.084677e-08,3.798364e+01,8.042973e+00,2.994067e+01,3.962393e+01,1.697000e+02
1.247187e+06,1.443503e+01,9.806668e+04,1.135031e+00,9.480609e-01,9.481653e-01,9.776967e-04,1.084677e-08,3.798313e+01,8.043230e+00,2.993990e+01,3.962337e+01,1.697000e+02
1.247197e+06,1.443515e+01,9.807668e+04,1.135147e+00,9.480609e-01,9.481654e-01,9.778052e-04,1.084677e-08,3.798261e+01,8.043487e+00,2.993912e+01,3.962282e+01,1.697000e+02
1.247207e+06,1.443526e+01,9.808668e+04,1.135262e+00,9.480609e-01,9.481655e-01,9.779137e-04,1.084677e-08,3.798210e+01,8.043744e+00,2.993835e+01,3.962226e+01,1.697000e+02
1.247217e+06,1.443538e+01,9.809668e+04,1.135378e+00,9.480594e-01,9.481656e-01,9.780222e-04,1.084677e-08,3.798158e+01,8.044001e+00,2.993758e+01,3.962175e+01,1.697000e+02
1.247227e+06,1.443549e+01,9.810668e+04,1.135494e+00,9.480539e-01,9.481657e-01,9.781306e-04,1.084677e-08,3.798179e+01,8.044138e+00,2.993765e+01,3.962214e+01,1.696981e+02
1.247237e+06,1.443561e+01,9.811668e+04,1.135610e+00,9.480460e-01,9.481658e-01,9.782391e-04,1.084677e-08,3.798282e+01,8.044138e+00,2.993868e+01,3.962349e+01,1.696941e+02
1.247247e+06,1.443573e+01,9.812668e+04,1.135725e+00,9.480380e-01,9.481659e-01,9.783476e-04,1.084676e-08,3.798384e+01,8.044138e+00,2.993971e+01,3.962484e+01,1.696901e+02
1.247257e+06,1.443584e+01,9.813668e+04,1.135841e+00,9.480300e-01,9.481660e-01,9.784561e-04,1.084676e-08,3.798487e+01,8.044138e+00,2.994073e+01,3.962619e+01,1.696861e+02
1.247267e+06,1.443596e+01,9.814668e+04,1.135957e+00,9.480221e-01,9.481661e-01,9.785645e-04,1.084676e-08,3.798590e+01,8.044138e+00,2.994176e+01,3.962754e+01,1.696821e+02
1.247277e+06,1.443607e+01,9.815668e+04,1.136073e+00,9.480141e-01,9.481662e-01,9.786730e-04,1.084676e-08,3.798693e+01,8.044138e+00,2.994279e+01,3.962889e+01,1.696781e+02
1.247287e+06,1.443619e+01,9.816668e+04,1.136188e+00,9.480062e-01,9.481663e-01,9.787815e-04,1.084676e-08,3.798795e+01,8.044138e+00,2.994382e+01,3.963024e+01,1.696741e+02
1.247297e+06,1.443630e+01,9.817668e+04,1.136304e+00,9.479982e-01,9.481664e-01,9.788900e-04,1.084676e-08,3.798898e+01,8.044138e+00,2.994484e+01,3.963159e+01,1.696701e+02
1.247307e+06,1.443642e+01,9.818668e+04,1.136420e+00,9.479902e-01,9.481665e-01,9.789984e-04,1.084676e-08,3.799001e+01,8.044138e+00,2.994587e+01,3.963294e+01,1.696661e+02
1.247317e+06,1.443654e+01,9.819669e+04,1.136536e+00,9.479823e-01,9.481666e-01,9.791069e-04,1.084676e-08,3.799104e+01,8.044138e+00,2.994690e+01,3.963429e+01,1.696621e+02
1.247327e+06,1.443665e+01,9.820669e+04,1.136651e+00,9.479743e-01,9.481667e-01,9.792154e-04,1.084675e-08,3.799206e+01,8.044138e+00,2.994793e+01,3.963563e+01,1.696581e+02
1.247337e+06,1.443677e+01,9.821669e+04,1.136767e+00,9.479663e-01,9.481668e-01,9.793239e-04,1.084675e-08,3.799309e+01,8.044138e+00,2.994895e+01,3.963698e+01,1.696541e+02
1.247347e+06,1.443688e+01,9.822669e+04,1.136883e+00,9.479584e-01,9.481669e-01,9.794323e-04,1.084675e-08,3.799412e+01,8.044138e+00,2.994998e+01,3.963833e+01,1.696501e+02
1.247357e+06,1.443700e+01,9.823669e+04,1.136999e+00,9.479504e-01,9.481670e-01,9.795408e-04,1.084675e-08,3.799515e+01,8.044138e+00,2.995101e+01,3.963968e+01,1.696461e+02
1.247367e+06,1.443711e+01,9.824669e+04,1.137114e+00,9.479424e-01,9.481671e-01,9.796493e-04,1.084675e-08,3.799617e+01,8.044138e+00,2.995204e+01,3.964103e+01,1.696421e+02
1.247377e+06,1.443723e+01,9.825669e+04,1.137230e+00,9.479345e-01,9.481672e-01,9.797578e-04,1.084675e-08,3.799720e+01,8.044138e+00,2.995306e+01,3.964238e+01,1.696381e+02
1.247387e+06,1.443735e+01,9.826669e+04,1.137346e+00,9.479265e-01,9.481673e-01,9.798662e-04,1.084675e-08,3.799823e+01,8.044138e+00,2.995409e+01,3.964373e+01,1.696341e+02
1.247397e+06,1.443746e+01,9.827669e+04,1.137462e+00,9.479185e-01,9.481674e-01,9.799747e-04,1.084675e-08,3.799926e+01,8.044138e+00,2.995512e+01,3.964508e+01,1.696300e+02
1.247407e+06,1.443758e+01,9.828669e+04,1.137577e+00,9.479106e-01,9.481675e-01,9.800832e-04,1.084675e-08,3.800028e+01,8.044138e+00,2.995615e+01,3.964643e+01,1.696260e+02
1.247417e+06,1.443769e+01,9.829669e+04,1.137693e+00,9.479026e-01,9.481676e-01,9.801917e-04,1.084674e-08,3.800131e+01,8.044138e+00,2.995717e+01,3.964778e+01,1.696220e+02
1.247427e+06,1.443781e+01,9.830669e+04,1.137809e+00,9.478947e-01,9.481677e-01,9.803001e-04,1.084674e-08,3.800234e+01,8.044138e+00,2.995820e+01,3.964913e+01,1.696180e+02
1.247437e+06,1.443792e+01,9.831669e+04,1.137925e+00,9.478867e-01,9.481679e-01,9.804086e-04,1.084674e-08,3.800337e+01,8.044138e+00,2.995923e+01,3.965048e+01,1.696140e+02
1.247447e+06,1.443804e+01,9.832669e+04,1.138040e+00,9.478787e-01,9.481680e-01,9.805171e-04,1.084674e-08,3.800440e+01,8.044138e+00,2.996026e+01,3.965183e+01,1.696100e+02
1.247457e+06,1.443816e+01,9.833670e+04,1.138156e+00,9.478708e-01,9.481681e-01,9.806256e-04,1.084674e-08,3.800542e+01,8.044138e+00,2.996128e+01,3.965318e+01,1.696060e+02
1.247467e+06,1.443827e+01,9.834670e+04,1.138272e+00,9.478660e-01,9.481682e-01,9.807340e-04,1.084674e-08,3.800645e+01,8.044138e+00,2.996231e+01,3.965442e+01,1.696020e+02
1.247477e+06,1.443839e+01,9.835670e+04,1.138388e+00,9.478737e-01,9.481683e-01,9.808425e-04,1.084674e-08,3.800646e+01,8.044138e+00,2.996232e+01,3.965417e+01,1.696020e+02
1.247487e+06,1.443850e+01,9.836670e+04,1.138503e+00,9.478909e-01,9.481684e-01,9.809510e-04,1.084674e-08,3.800543e+01,8.044138e+00,2.996129e+01,3.965252e+01,1.696060e+02
1.247497e+06,1.443862e+01,9.837670e+04,1.138619e+00,9.479080e-01,9.481685e-01,9.810595e-04,1.084673e-08,3.800441e+01,8.044138e+00,2.996027e+01,3.965087e+01,1.696100e+02
1.247507e+06,1.443873e+01,9.838670e+04,1.138735e+00,9.479251e-01,9.481686e-01,9.811679e-04,1.084673e-08,3.800338e+01,8.044138e+00,2.995925e+01,3.964921e+01,1.696140e+02
1.247517e+06,1.443885e+01,9.839670e+04,1.138851e+00,9.479422e-01,9.481687e-01,9.812764e-04,1.084673e-08,3.800236e+01,8.044138e+00,2.995822e+01,3.964756e+01,1.696180e+02
1.247527e+06,1.443897e+01,9.840670e+04,1.138966e+00,9.479594e-01,9.481688e-01,9.813849e-04,1.084673e-08,3.800134e+01,8.044138e+00,2.995720e+01,3.964591e+01,1.696219e+02
1.247537e+06,1.443908e+01,9.841670e+04,1.139082e+00,9.479765e-01,9.481689e-01,9.814934e-04,1.084673e-08,3.800031e+01,8.044138e+00,2.995617e+01,3.964426e+01,1.696259e+02
1.247547e+06,1.443920e+01,9.842670e+04,1.139198e+00,9.479936e-01,9.481690e-01,9.816018e-04,1.084673e-08,3.799929e+01,8.044138e+00,2.995515e+01,3.964261e+01,1.696299e+02
1.247557e+06,1.443931e+01,9.843670e+04,1.139314e+00,9.480107e-01,9.481691e-01,9.817103e-04,1.084673e-08,3.799826e+01,8.044138e+00,2.995413e+01,3.964096e+01,1.696339e+02
1.247567e+06,1.443943e+01,9.844670e+04,1.139429e+00,9.480278e-01,9.481692e-01,9.818188e-04,1.084673e-08,3.799724e+01,8.044138e+00,2.995310e+01,3.963931e+01,1.696379e+02
1.247577e+06,1.443955e+01,9.845670e+04,1.139545e+00,9.480450e-01,9.481693e-01,9.819273e-04,1.084673e-08,3.799622e+01,8.044138e+00,2.995208e+01,3.963766e+01,1.696419e+02
1.247587e+06,1.443966e+01,9.846670e+04,1.139661e+00,9.480621e-01,9.481694e-01,9.820357e-04,1.084672e-08,3.799519e+01,8.044138e+00,2.995105e+01,3.963601e+01,1.696459e+02
1.247597e+06,1.443978e+01,9.847670e+04,1.139777e+00,9.480792e-01,9.481695e-01,9.821442e-04,1.084672e-08,3.799417e+01,8.044138e+00,2.995003e+01,3.963436e+01,1.696499e+02
1.247607e+06,1.443989e+01,9.848671e+04,1.139892e+00,9.480963e-01,9.481696e-01,9.822527e-04,1.084672e-08,3.799314e+01,8.044138e+00,2.994901e+01,3.963271e+01,1.696539e+02
1.247617e+06,1.444001e+01,9.849671e+04,1.140008e+00,9.481135e-01,9.481697e-01,9.823612e-04,1.084672e-08,3.799212e+01,8.044138e+00,2.994798e+01,3.963106e+01,1.696579e+02
1.247627e+06,1.444012e+01,9.850671e+04,1.140124e+00,9.481306e-01,9.481698e-01,9.824696e-04,1.084672e-08,3.799110e+01,8.044138e+00,2.994696e+01,3.962940e+01,1.696619e+02
1.247637e+06,1.444024e+01,9.851671e+04,1.140240e+00,9.481477e-01,9.481699e-01,9.825781e-04,1.084672e-08,3.799007e+01,8.044138e+00,2.994593e+01,3.962775e+01,1.696659e+02
1.247647e+06,1.444036e+01,9.852671e+04,1.140355e+00,9.481648e-01,9.481700e-01,9.826866e-04,1.084672e-08,3.798905e+01,8.044138e+00,2.994491e+01,3.962610e+01,1.696698e+02
1.247657e+06,1.444047e+01,9.853671e+04,1.140471e+00,9.481820e-01,9.481701e-01,9.827951e-04,1.084672e-08,3.798802e+01,8.044138e+00,2.994389e+01,3.962445e+01,1.696738e+02
1.247667e+06,1.444059e+01,9.854671e+04,1.140587e+00,9.481991e-01,9.481702e-01,9.829035e-04,1.084671e-08,3.798700e+01,8.044138e+00,2.994286e+01,3.962280e+01,1.696778e+02
1.247677e+06,1.444070e+01,9.855671e+04,1.140703e+00,9.482162e-01,9.481703e-01,9.830120e-04,1.084671e-08,3.798598e+01,8.044138e+00,2.994184e+01,3.962115e+01,1.696818e+02
1.247687e+06,1.444082e+01,9.856671e+04,1.140818e+00,9.482333e-01,9.481704e-01,9.831205e-04,1.084671e-08,3.798495e+01,8.044138e+00,2.994081e+01,3.961950e+01,1.696858e+02
1.247697e+06,1.444093e+01,9.857671e+04,1.140934e+00,9.482505e-01,9.481705e-01,9.832290e-04,1.084671e-08,3.798393e+01,8.044138e+00,2.993979e+01,3.961785e+01,1.696898e+02
1.247707e+06,1.444105e+01,9.858671e+04,1.141050e+00,9.482676e-01,9.481706e-01,9.833374e-04,1.084671e-08,3.798290e+01,8.044138e+00,2.993877e+01,3.961620e+01,1.696938e+02
1.247717e+06,1.444117e+01,9.859671e+04,1.141166e+00,9.482847e-01,9.481707e-01,9.834459e-04,1.084671e-08,3.798188e+01,8.044138e+00,2.993774e+01,3.961455e+01,1.696978e+02
1.247727e+06,1.444128e+01,9.860671e+04,1.141281e+00,9.482944e-01,9.481708e-01,9.835544e-04,1.084671e-08,3.798154e+01,8.044138e+00,2.993740e+01,3.961387e+01,1.697018e+02
1.247737e+06,1.444140e+01,9.861671e+04,1.141397e+00,9.482950e-01,9.481709e-01,9.836629e-04,1.084671e-08,3.798205e+01,8.044138e+00,2.993791e+01,3.961439e+01,1.697058e+02
1.247747e+06,1.444151e+01,9.862671e+04,1.141513e+00,9.482955e-01,9.481710e-01,9.837713e-04,1.084671e-08,3.798257e+01,8.044138e+00,2.993843e+01,3.961492e+01,1.697098e+02
1.247757e+06,1.444163e+01,9.863672e+04,1.141629e+00,9.482960e-01,9.481711e-01,9.838798e-04,1.084670e-08,3.798308e+01,8.044138e+00,2.993894e+01,3.961544e+01,1.697138e+02
1.247767e+06,1.444174e+01,9.864672e+04,1.141744e+00,9.482965e-01,9.481712e-01,9.839883e-04,1.084670e-08,3.798359e+01,8.044138e+00,2.993946e+01,3.961597e+01,1.697178e+02
1.247777e+06,1.444186e+01,9.865672e+04,1.141860e+00,9.482970e-01,9.481713e-01,9.840968e-04,1.084670e-08,3.798411e+01,8.044138e+00,2.993997e+01,3.961649e+01,1.697218e+02
1.247787e+06,1.444198e+01,9.866672e+04,1.141976e+00,9.482975e-01,9.481715e-01,9.842052e-04,1.084670e-08,3.798462e+01,8.044138e+00,2.994048e+01,3.961702e+01,1.697258e+02
1.247797e+06,1.444209e+01,9.867672e+04,1.142092e+00,9.482980e-01,9.481716e-01,9.843137e-04,1.084670e-08,3.798513e+01,8.044138e+00,2.994100e+01,3.961754e+01,1.697298e+02
1.247807e+06,1.444221e+01,9.868672e+04,1.142207e+00,9.482985e-01,9.481717e-01,9.844222e-04,1.084670e-08,3.798565e+01,8.044138e+00,2.994151e+01,3.961807e+01,1.697338e+02
1.247817e+06,1.444232e+01,9.869672e+04,1.142323e+00,9.482990e-01,9.481718e-01,9.845307e-04,1.084670e-08,3.798616e+01,8.044138e+00,2.994202e+01,3.961859e+01,1.697378e+02
1.247827e+06,1.444244e+01,9.870672e+04,1.142439e+00,9.482995e-01,9.481719e-01,9.846391e-04,1.084670e-08,3.798668e+01,8.044138e+00,2.994254e+01,3.961912e+01,1.697418e+02
1.247837e+06,1.444255e+01,9.871672e+04,1.142555e+00,9.483000e-01,9.481720e-01,9.847476e-04,1.084669e-08,3.798719e+01,8.044138e+00,2.994305e+01,3.961964e+01,1.697458e+02
1.247847e+06,1.444267e+01,9.872672e+04,1.142670e+00,9.483005e-01,9.481721e-01,9.848561e-04,1.084669e-08,3.798770e+01,8.044138e+00,2.994357e+01,3.962017e+01,1.697498e+02
1.247857e+06,1.444279e+01,9.873672e+04,1.142786e+00,9.483010e-01,9.481722e-01,9.849646e-04,1.084669e-08,3.798822e+01,8.044138e+00,2.994408e+01,3.962069e+01,1.697538e+02
1.247867e+06,1.444290e+01,9.874672e+04,1.142902e+00,9.483015e-01,9.481723e-01,9.850730e-04,1.084669e-08,3.798873e+01,8.044138e+00,2.994459e+01,3.962122e+01,1.697579e+02
1.247877e+06,1.444302e+01,9.875672e+04,1.143018e+00,9.483020e-01,9.481724e-01,9.851815e-04,1.084669e-08,3.798924e+01,8.044138e+00,2.994511e+01,3.962174e+01,1.697619e+02
1.247887e+06,1.444313e+01,9.876672e+04,1.143133e+00,9.483025e-01,9.481725e-01,9.852900e-04,1.084669e-08,3.798976e+01,8.044138e+00,2.994562e+01,3.962227e+01,1.697659e+02
1.247897e+06,1.444325e+01,9.877672e+04,1.143249e+00,9.483030e-01,9.481726e-01,9.853984e-04,1.084669e-08,3.799027e+01,8.044138e+00,2.994613e+01,3.962280e+01,1.697699e+02
1.247907e+06,1.444336e+01,9.878673e+04,1.143365e+00,9.483035e-01,9.481727e-01,9.855069e-04,1.084669e-08,3.799079e+01,8.044138e+00,2.994665e+01,3.962332e+01,1.697739e+02
1.247917e+06,1.444348e+01,9.879673e+04,1.143481e+00,9.483040e-01,9.481728e-01,9.856154e-04,1.084669e-08,3.799130e+01,8.044138e+00,2.994716e+01,3.962385e+01,1.697779e+02
1.247927e+06,1.444360e+01,9.880673e+04,1.143596e+00,9.483045e-01,9.481729e-01,9.857239e-04,1.084668e-08,3.799181e+01,8.044138e+00,2.994768e+01,3.962437e+01,1.697819e+02
1.247937e+06,1.444371e+01,9.881673e+04,1.143712e+00,9.483050e-01,9.481730e-01,9.858323e-04,1.084668e-08,3.799233e+01,8.044138e+00,2.994819e+01,3.962490e+01,1.697859e+02
1.247947e+06,1.444383e+01,9.882673e+04,1.143828e+00,9.483055e-01,9.481731e-01,9.859408e-04,1.084668e-08,3.799284e+01,8.044138e+00,2.994870e+01,3.962542e+01,1.697899e+02
1.247957e+06,1.444394e+01,9.883673e+04,1.143944e+00,9.483060e-01,9.481732e-01,9.860493e-04,1.084668e-08,3.799336e+01,8.044138e+00,2.994922e+01,3.962595e+01,1.697939e+02
1.247967e+06,1.444406e+01,9.884673e+04,1.144059e+00,9.483065e-01,9.481733e-01,9.861578e-04,1.084668e-08,3.799387e+01,8.044138e+00,2.994973e+01,3.962647e+01,1.697979e+02
1.247977e+06,1.444418e+01,9.885673e+04,1.144175e+00,9.483059e-01,9.481734e-01,9.862662e-04,1.084668e-08,3.799414e+01,8.044259e+00,2.994988e+01,3.962677e+01,1.698019e+02
1.247987e+06,1.444429e+01,9.886673e+04,1.144291e+00,9.483040e-01,9.481735e-01,9.863747e-04,1.084668e-08,3.799414e+01,8.044513e+00,2.994962e+01,3.962682e+01,1.698059e+02
1.247997e+06,1.444441e+01,9.887673e+04,1.144407e+00,9.483021e-01,9.481736e-01,9.864832e-04,1.084668e-08,3.799414e+01,8.044767e+00,2.994937e+01,3.962687e+01,1.698099e+02
1.248007e+06,1.444452e+01,9.888673e+04,1.144522e+00,9.483002e-01,9.481737e-01,9.865917e-04,1.084667e-08,3.799414e+01,8.045021e+00,2.994912e+01,3.962691e+01,1.698139e+02
1.248017e+06,1.444464e+01,9.889673e+04,1.144638e+00,9.482984e-01,9.481738e-01,9.867001e-04,1.084667e-08,3.799414e+01,8.045275e+00,2.994886e+01,3.962696e+01,1.698179e+02
1.248027e+06,1.444475e+01,9.890673e+04,1.144754e+00,9.482965e-01,9.481739e-01,9.868086e-04,1.084667e-08,3.799414e+01,8.045530e+00,2.994861e+01,3.962701e+01,1.698219e+02
1.248037e+06,1.444487e+01,9.891673e+04,1.144870e+00,9.482946e-01,9.481740e-01,9.869171e-04,1.084667e-08,3.799414e+01,8.045784e+00,2.994835e+01,3.962706e+01,1.698259e+02
1.248047e+06,1.444499e+01,9.892674e+04,1.144985e+00,9.482927e-01,9.481741e-01,9.870256e-04,1.084667e-08,3.799414e+01,8.046038e+00,2.994810e+01,3.962711e+01,1.698299e+02
1.248057e+06,1.444510e+01,9.893674e+04,1.145101e+00,9.482909e-01,9.481742e-01,9.871340e-04,1.084667e-08,3.799414e+01,8.046292e+00,2.994785e+01,3.962716e+01,1.698339e+02
1.248067e+06,1.444522e+01,9.894674e+04,1.145217e+00,9.482890e-01,9.481743e-01,9.872425e-04,1.084667e-08,3.799414e+01,8.046546e+00,2.994759e+01,3.962721e+01,1.698380e+02
1.248077e+06,1.444533e+01,9.895674e+04,1.145333e+00,9.482871e-01,9.481744e-01,9.873510e-04,1.084667e-08,3.799414e+01,8.046800e+00,2.994734e+01,3.962725e+01,1.698420e+02
1.248087e+06,1.444545e+01,9.896674e+04,1.145448e+00,9.482852e-01,9.481745e-01,9.874595e-04,1.084667e-08,3.799414e+01,8.047054e+00,2.994708e+01,3.962730e+01,1.698460e+02
1.248097e+06,1.444556e+01,9.897674e+04,1.145564e+00,9.482834e-01,9.481746e-01,9.875679e-04,1.084666e-08,3.799414e+01,8.047308e+00,2.994683e+01,3.962735e+01,1.698500e+02
1.248107e+06,1.444568e+01,9.898674e+04,1.145680e+00,9.482815e-01,9.481747e-01,9.876764e-04,1.084666e-08,3.799414e+01,8.047562e+00,2.994658e+01,3.962740e+01,1.698540e+02
1.248117e+06,1.444580e+01,9.899674e+04,1.145796e+00,9.482796e-01,9.481748e-01,9.877849e-04,1.084666e-08,3.799414e+01,8.047817e+00,2.994632e+01,3.962745e+01,1.698580e+02
1.248127e+06,1.444591e+01,9.900674e+04,1.145911e+00,9.482777e-01,9.481749e-01,9.878934e-04,1.084666e-08,3.799414e+01,8.048071e+00,2.994607e+01,3.962750e+01,1.698620e+02
1.248137e+06,1.444603e+01,9.901674e+04,1.146027e+00,9.482759e-01,9.481751e-01,9.880018e-04,1.084666e-08,3.799414e+01,8.048325e+00,2.994581e+01,3.962755e+01,1.698660e+02
1.248147e+06,1.444614e+01,9.902674e+04,1.146143e+00,9.482740e-01,9.481752e-01,9.881103e-04,1.084666e-08,3.799414e+01,8.048579e+00,2.994556e+01,3.962759e+01,1.698700e+02
1.248157e+06,1.444626e+01,9.903674e+04,1.146259e+00,9.482721e-01,9.481753e-01,9.882188e-04,1.084666e-08,3.799414e+01,8.048833e+00,2.994530e+01,3.962764e+01,1.698740e+02
1.248167e+06,1.444637e+01,9.904674e+04,1.146374e+00,9.482702e-01,9.481754e-01,9.883272e-04,1.084666e-08,3.799414e+01,8.049087e+00,2.994505e+01,3.962769e+01,1.698780e+02
1.248177e+06,1.444649e+01,9.905674e+04,1.146490e+00,9.482684e-01,9.481755e-01,9.884357e-04,1.084665e-08,3.799414e+01,8.049341e+00,2.994480e+01,3.962774e+01,1.698820e+02
1.248187e+06,1.444661e+01,9.906674e+04,1.146606e+00,9.482665e-01,9.481756e-01,9.885442e-04,1.084665e-08,3.799414e+01,8.049595e+00,2.994454e+01,3.962779e+01,1.698860e+02
1.248197e+06,1.444672e+01,9.907675e+04,1.146722e+00,9.482646e-01,9.481757e-01,9.886527e-04,1.084665e-08,3.799414e+01,8.049850e+00,2.994429e+01,3.962784e+01,1.698900e+02
1.248207e+06,1.444684e+01,9.908675e+04,1.146837e+00,9.482627e-01,9.481758e-01,9.887611e-04,1.084665e-08,3.799414e+01,8.050104e+00,2.994403e+01,3.962789e+01,1.698940e+02
1.248217e+06,1.444695e+01,9.909675e+04,1.146953e+00,9.482592e-01,9.481759e-01,9.888696e-04,1.084665e-08,3.799414e+01,8.050358e+00,2.994378e+01,3.962799e+01,1.698980e+02
1.248227e+06,1.444707e+01,9.910675e+04,1.147069e+00,9.482556e-01,9.481760e-01,9.889781e-04,1.084665e-08,3.799388e+01,8.050354e+00,2.994352e+01,3.962784e+01,1.699000e+02
1.248237e+06,1.444718e+01,9.911675e+04,1.147185e+00,9.482533e-01,9.481761e-01,9.890866e-04,1.084665e-08,3.799337e+01,8.050101e+00,2.994326e+01,3.962739e+01,1.699000e+02
1.248247e+06,1.444730e+01,9.912675e+04,1.147300e+00,9.482510e-01,9.481762e-01,9.891950e-04,1.084665e-08,3.799285e+01,8.049848e+00,2.994301e+01,3.962694e+01,1.699000e+02
1.248257e+06,1.444742e+01,9.913675e+04,1.147416e+00,9.482488e-01,9.481763e-01,9.893035e-04,1.084665e-08,3.799234e+01,8.049594e+00,2.994275e+01,3.962648e+01,1.699000e+02
1.248267e+06,1.444753e+01,9.914675e+04,1.147532e+00,9.482465e-01,9.481764e-01,9.894120e-04,1.084664e-08,3.799183e+01,8.049341e+00,2.994249e+01,3.962603e+01,1.699000e+02
1.248277e+06,1.444765e+01,9.915675e+04,1.147648e+00,9.482442e-01,9.481765e-01,9.895205e-04,1.084664e-08,3.799132e+01,8.049088e+00,2.994223e+01,3.962558e+01,1.699000e+02
1.248287e+06,1.444776e+01,9.916675e+04,1.147763e+00,9.482420e-01,9.481766e-01,9.896289e-04,1.084664e-08,3.799081e+01,8.048835e+00,2.994197e+01,3.962513e+01,1.699000e+02
1.248297e+06,1.444788e+01,9.917675e+04,1.147879e+00,9.482397e-01,9.481767e-01,9.897374e-04,1.084664e-08,3.799029e+01,8.048581e+00,2.994171e+01,3.962468e+01,1.699000e+02
1.248307e+06,1.444799e+01,9.918675e+04,1.147995e+00,9.482374e-01,9.481768e-01,9.898459e-04,1.084664e-08,3.798978e+01,8.048328e+00,2.994145e+01,3.962423e+01,1.699000e+02
1.248317e+06,1.444811e+01,9.919675e+04,1.148111e+00,9.482351e-01,9.481769e-01,9.899544e-04,1.084664e-08,3.798927e+01,8.048075e+00,2.994119e+01,3.962378e+01,1.699000e+02
1.248327e+06,1.444823e+01,9.920675e+04,1.148226e+00,9.482329e-01,9.481770e-01,9.900628e-04,1.084664e-08,3.798876e+01,8.047822e+00,2.994094e+01,3.962333e+01,1.699000e+02
1.248337e+06,1.444834e+01,9.921675e+04,1.148342e+00,9.482306e-01,9.481771e-01,9.901713e-04,1.084664e-08,3.798825e+01,8.047568e+00,2.994068e+01,3.962288e+01,1.699000e+02
1.248347e+06,1.444846e+01,9.922676e+04,1.148458e+00,9.482283e-01,9.481772e-01,9.902798e-04,1.084663e-08,3.798773e+01,8.047315e+00,2.994042e+01,3.962243e+01,1.699000e+02
1.248357e+06,1.444857e+01,9.923676e+04,1.148574e+00,9.482261e-01,9.481773e-01,9.903883e-04,1.084663e-08,3.798722e+01,8.047062e+00,2.994016e+01,3.962198e+01,1.699000e+02
1.248367e+06,1.444869e+01,9.924676e+04,1.148689e+00,9.482238e-01,9.481774e-01,9.904967e-04,1.084663e-08,3.798671e+01,8.046809e+00,2.993990e+01,3.962153e+01,1.699000e+02
1.248377e+06,1.444881e+01,9.925676e+04,1.148805e+00,9.482215e-01,9.481775e-01,9.906052e-04,1.084663e-08,3.798620e+01,8.046555e+00,2.993964e+01,3.962108e+01,1.699000e+02
1.248387e+06,1.444892e+01,9.926676e+04,1.148921e+00,9.482192e-01,9.481776e-01,9.907137e-04,1.084663e-08,3.798569e+01,8.046302e+00,2.993938e+01,3.962063e+01,1.699000e+02
1.248397e+06,1.444904e+01,9.927676e+04,1.149037e+00,9.482170e-01,9.481777e-01,9.908221e-04,1.084663e-08,3.798517e+01,8.046049e+00,2.993912e+01,3.962018e+01,1.699000e+02
1.248407e+06,1.444915e+01,9.928676e+04,1.149152e+00,9.482147e-01,9.481778e-01,9.909306e-04,1.084663e-08,3.798466e+01,8.045796e+00,2.993887e+01,3.961973e+01,1.699000e+02
1.248417e+06,1.444927e+01,9.929676e+04,1.149268e+00,9.482124e-01,9.481779e-01,9.910391e-04,1.084663e-08,3.798415e+01,8.045542e+00,2.993861e+01,3.961928e+01,1.699000e+02
1.248427e+06,1.444938e+01,9.930676e+04,1.149384e+00,9.482102e-01,9.481780e-01,9.911476e-04,1.084663e-08,3.798364e+01,8.045289e+00,2.993835e+01,3.961883e+01,1.699000e+02
1.248437e+06,1.444950e+01,9.931676e+04,1.149500e+00,9.482079e-01,9.481781e-01,9.912560e-04,1.084662e-08,3.798313e+01,8.045036e+00,2.993809e+01,3.961838e+01,1.699000e+02
1.248447e+06,1.444962e+01,9.932676e+04,1.149615e+00,9.482056e-01,9.481782e-01,9.913645e-04,1.084662e-08,3.798261e+01,8.044783e+00,2.993783e+01,3.961793e+01,1.699000e+02
1.248457e+06,1.444973e+01,9.933676e+04,1.149731e+00,9.482034e-01,9.481783e-01,9.914730e-04,1.084662e-08,3.798210e+01,8.044529e+00,2.993757e+01,3.961747e+01,1.699000e+02
1.248467e+06,1.444985e+01,9.934676e+04,1.149847e+00,9.481996e-01,9.481784e-01,9.915815e-04,1.084662e-08,3.798159e+01,8.044276e+00,2.993731e+01,3.961707e+01,1.699000e+02
1.248477e+06,1.444996e+01,9.935676e+04,1.149963e+00,9.481941e-01,9.481785e-01,9.916899e-04,1.084662e-08,3.798143e+01,8.044138e+00,2.993729e+01,3.961709e+01,1.698982e+02
1.248487e+06,1.445008e+01,9.936677e+04,1.150078e+00,9.481884e-01,9.481787e-01,9.917984e-04,1.084662e-08,3.798168e+01,8.044138e+00,2.993755e+01,3.961755e+01,1.698942e+02
1.248497e+06,1.445019e+01,9.937677e+04,1.150194e+00,9.481827e-01,9.481788e-01,9.919069e-04,1.084662e-08,3.798194e+01,8.044138e+00,2.993780e+01,3.961801e+01,1.698902e+02
1.248507e+06,1.445031e+01,9.938677e+04,1.150310e+00,9.481770e-01,9.481789e-01,9.920154e-04,1.084662e-08,3.798220e+01,8.044138e+00,2.993806e+01,3.961847e+01,1.698862e+02
1.248517e+06,1.445043e+01,9.939677e+04,1.150426e+00,9.481713e-01,9.481790e-01,9.921238e-04,1.084661e-08,3.798245e+01,8.044138e+00,2.993832e+01,3.961893e+01,1.698822e+02
1.248527e+06,1.445054e+01,9.940677e+04,1.150541e+00,9.481657e-01,9.481791e-01,9.922323e-04,1.084661e-08,3.798271e+01,8.044138e+00,2.993857e+01,3.961939e+01,1.698782e+02
1.248537e+06,1.445066e+01,9.941677e+04,1.150657e+00,9.481600e-01,9.481792e-01,9.923408e-04,1.084661e-08,3.798297e+01,8.044138e+00,2.993883e+01,3.961985e+01,1.698742e+02
1.248547e+06,1.445077e+01,9.942677e+04,1.150773e+00,9.481543e-01,9.481793e-01,9.924493e-04,1.084661e-08,3.798323e+01,8.044138e+00,2.993909e+01,3.962031e+01,1.698701e+02
1.248557e+06,1.445089e+01,9.943677e+04,1.150889e+00,9.481486e-01,9.481794e-01,9.925577e-04,1.084661e-08,3.798348e+01,8.044138e+00,2.993934e+01,3.962077e+01,1.698661e+02
1.248567e+06,1.445100e+01,9.944677e+04,1.151004e+00,9.481429e-01,9.481795e-01,9.926662e-04,1.084661e-08,3.798374e+01,8.044138e+00,2.993960e+01,3.962123e+01,1.698621e+02
1.248577e+06,1.445112e+01,9.945677e+04,1.151120e+00,9.481373e-01,9.481796e-01,9.927747e-04,1.084661e-08,3.798400e+01,8.044138e+00,2.993986e+01,3.962169e+01,1.698581e+02
1.248587e+06,1.445124e+01,9.946677e+04,1.151236e+00,9.481316e-01,9.481797e-01,9.928831e-04,1.084661e-08,3.798425e+01,8.044138e+00,2.994011e+01,3.962215e+01,1.698541e+02
1.248597e+06,1.445135e+01,9.947677e+04,1.151352e+00,9.481259e-01,9.481798e-01,9.929916e-04,1.084661e-08,3.798451e+01,8.044138e+00,2.994037e+01,3.962261e+01,1.698501e+02
1.248607e+06,1.445147e+01,9.948677e+04,1.151467e+00,9.481202e-01,9.481799e-01,9.931001e-04,1.084660e-08,3.798477e+01,8.044138e+00,2.994063e+01,3.962307e+01,1.698461e+02
1.248617e+06,1.445158e+01,9.949677e+04,1.151583e+00,9.481145e-01,9.481800e-01,9.932086e-04,1.084660e-08,3.798502e+01,8.044138e+00,2.994089e+01,3.962353e+01,1.698421e+02
1.248627e+06,1.445170e+01,9.950677e+04,1.151699e+00,9.481089e-01,9.481801e-01,9.933170e-04,1.084660e-08,3.798528e+01,8.044138e+00,2.994114e+01,3.962400e+01,1.698381e+02
1.248637e+06,1.445181e+01,9.951678e+04,1.151815e+00,9.481032e-01,9.481802e-01,9.934255e-04,1.084660e-08,3.798554e+01,8.044138e+00,2.994140e+01,3.962446e+01,1.698341e+02
1.248647e+06,1.445193e+01,9.952678e+04,1.151930e+00,9.480975e-01,9.481803e-01,9.935340e-04,1.084660e-08,3.798579e+01,8.044138e+00,2.994166e+01,3.962492e+01,1.698301e+02
1.248657e+06,1.445205e+01,9.953678e+04,1.152046e+00,9.480918e-01,9.481804e-01,9.936425e-04,1.084660e-08,3.798605e+01,8.044138e+00,2.994191e+01,3.962538e+01,1.698261e+02
1.248667e+06,1.445216e+01,9.954678e+04,1.152162e+00,9.480861e-01,9.481805e-01,9.937509e-04,1.084660e-08,3.798631e+01,8.044138e+00,2.994217e+01,3.962584e+01,1.698221e+02
1.248677e+06,1.445228e+01,9.955678e+04,1.152278e+00,9.480805e-01,9.481806e-01,9.938594e-04,1.084660e-08,3.798656e+01,8.044138e+00,2.994243e+01,3.962630e+01,1.698181e+02
1.248687e+06,1.445239e+01,9.956678e+04,1.152393e+00,9.480748e-01,9.481807e-01,9.939679e-04,1.084659e-08,3.798682e+01,8.044138e+00,2.994268e+01,3.962676e+01,1.698141e+02
1.248697e+06,1.445251e+01,9.957678e+04,1.152509e+00,9.480691e-01,9.481808e-01,9.940764e-04,1.084659e-08,3.798708e+01,8.044138e+00,2.994294e+01,3.962722e+01,1.698101e+02
1.248707e+06,1.445262e+01,9.958678e+04,1.152625e+00,9.480634e-01,9.481809e-01,9.941848e-04,1.084659e-08,3.798734e+01,8.044138e+00,2.994320e+01,3.962768e+01,1.698061e+02
1.248717e+06,1.445274e+01,9.959678e+04,1.152741e+00,9.480593e-01,9.481810e-01,9.942933e-04,1.084659e-08,3.798759e+01,8.044138e+00,2.994345e+01,3.962808e+01,1.698021e+02
1.248727e+06,1.445286e+01,9.960678e+04,1.152856e+00,9.480628e-01,9.481811e-01,9.944018e-04,1.084659e-08,3.798760e+01,8.044138e+00,2.994346e+01,3.962797e+01,1.698000e+02
1.248737e+06,1.445297e+01,9.961678e+04,1.152972e+00,9.480727e-01,9.481812e-01,9.945102e-04,1.084659e-08,3.798734e+01,8.044138e+00,2.994320e+01,3.962737e+01,1.698000e+02
1.248747e+06,1.445309e+01,9.962678e+04,1.153088e+00,9.480825e-01,9.481813e-01,9.946187e-04,1.084659e-08,3.798708e+01,8.044138e+00,2.994295e+01,3.962677e+01,1.698000e+02
1.248757e+06,1.445320e+01,9.963678e+04,1.153204e+00,9.480924e-01,9.481814e-01,9.947272e-04,1.084659e-08,3.798683e+01,8.044138e+00,2.994269e+01,3.962617e+01,1.698000e+02
1.248767e+06,1.445332e+01,9.964678e+04,1.153319e+00,9.481023e-01,9.481815e-01,9.948357e-04,1.084659e-08,3.798657e+01,8.044138e+00,2.994243e+01,3.962557e+01,1.698000e+02
1.248777e+06,1.445344e+01,9.965678e+04,1.153435e+00,9.481122e-01,9.481816e-01,9.949441e-04,1.084658e-08,3.798631e+01,8.044138e+00,2.994217e+01,3.962497e+01,1.698000e+02
1.248787e+06,1.445355e+01,9.966679e+04,1.153551e+00,9.481220e-01,9.481817e-01,9.950526e-04,1.084658e-08,3.798605e+01,8.044138e+00,2.994191e+01,3.962437e+01,1.698000e+02
1.248797e+06,1.445367e+01,9.967679e+04,1.153667e+00,9.481319e-01,9.481818e-01,9.951611e-04,1.084658e-08,3.798579e+01,8.044138e+00,2.994166e+01,3.962377e+01,1.698000e+02
1.248807e+06,1.445378e+01,9.968679e+04,1.153782e+00,9.481418e-01,9.481819e-01,9.952696e-04,1.084658e-08,3.798554e+01,8.044138e+00,2.994140e+01,3.962317e+01,1.698000e+02
1.248817e+06,1.445390e+01,9.969679e+04,1.153898e+00,9.481516e-01,9.481820e-01,9.953780e-04,1.084658e-08,3.798528e+01,8.044138e+00,2.994114e+01,3.962257e+01,1.698000e+02
1.248827e+06,1.445401e+01,9.970679e+04,1.154014e+00,9.481615e-01,9.481821e-01,9.954865e-04,1.084658e-08,3.798502e+01,8.044138e+00,2.994088e+01,3.962197e+01,1.698000e+02
1.248837e+06,1.445413e+01,9.971679e+04,1.154130e+00,9.481714e-01,9.481823e-01,9.955950e-04,1.084658e-08,3.798476e+01,8.044138e+00,2.994063e+01,3.962137e+01,1.698000e+02
1.248847e+06,1.445425e+01,9.972679e+04,1.154245e+00,9.481812e-01,9.481824e-01,9.957034e-04,1.084658e-08,3.798451e+01,8.044138e+00,2.994037e+01,3.962077e+01,1.698000e+02
1.248857e+06,1.445436e+01,9.973679e+04,1.154361e+00,9.481911e-01,9.481825e-01,9.958119e-04,1.084657e-08,3.798425e+01,8.044138e+00,2.994011e+01,3.962017e+01,1.698000e+02
1.248867e+06,1.445448e+01,9.974679e+04,1.154477e+00,9.482010e-01,9.481826e-01,9.959204e-04,1.084657e-08,3.798399e+01,8.044138e+00,2.993985e+01,3.961957e+01,1.698000e+02
1.248877e+06,1.445459e+01,9.975679e+04,1.154592e+00,9.482108e-01,9.481827e-01,9.960289e-04,1.084657e-08,3.798373e+01,8.044138e+00,2.993959e+01,3.961897e+01,1.698000e+02
1.248887e+06,1.445471e+01,9.976679e+04,1.154708e+00,9.482207e-01,9.481828e-01,9.961373e-04,1.084657e-08,3.798347e+01,8.044138e+00,2.993934e+01,3.961837e+01,1.698000e+02
1.248897e+06,1.445482e+01,9.977679e+04,1.154824e+00,9.482306e-01,9.481829e-01,9.962458e-04,1.084657e-08,3.798322e+01,8.044138e+00,2.993908e+01,3.961777e+01,1.698000e+02
1.248907e+06,1.445494e+01,9.978679e+04,1.154940e+00,9.482404e-01,9.481830e-01,9.963543e-04,1.084657e-08,3.798296e+01,8.044138e+00,2.993882e+01,3.961717e+01,1.698000e+02
1.248917e+06,1.445506e+01,9.979679e+04,1.155055e+00,9.482503e-01,9.481831e-01,9.964628e-04,1.084657e-08,3.798270e+01,8.044138e+00,2.993856e+01,3.961656e+01,1.698000e+02
1.248927e+06,1.445517e+01,9.980680e+04,1.155171e+00,9.482602e-01,9.481832e-01,9.965712e-04,1.084657e-08,3.798244e+01,8.044138e+00,2.993831e+01,3.961596e+01,1.698000e+02
1.248937e+06,1.445529e+01,9.981680e+04,1.155287e+00,9.482700e-01,9.481833e-01,9.966797e-04,1.084657e-08,3.798219e+01,8.044138e+00,2.993805e+01,3.961536e+01,1.698000e+02
1.248947e+06,1.445540e+01,9.982680e+04,1.155403e+00,9.482799e-01,9.481834e-01,9.967882e-04,1.084656e-08,3.798193e+01,8.044138e+00,2.993779e+01,3.961476e+01,1.698000e+02
1.248957e+06,1.445552e+01,9.983680e+04,1.155518e+00,9.482898e-01,9.481835e-01,9.968967e-04,1.084656e-08,3.798167e+01,8.044138e+00,2.993753e+01,3.961416e+01,1.698000e+02
1.248967e+06,1.445563e+01,9.984680e+04,1.155634e+00,9.483016e-01,9.481836e-01,9.970051e-04,1.084656e-08,3.798141e+01,8.044138e+00,2.993727e+01,3.961350e+01,1.698000e+02
1.248977e+06,1.445575e+01,9.985680e+04,1.155750e+00,9.483141e-01,9.481837e-01,9.971136e-04,1.084656e-08,3.798177e+01,8.044138e+00,2.993764e+01,3.961346e+01,1.698024e+02
1.248987e+06,1.445587e+01,9.986680e+04,1.155866e+00,9.483264e-01,9.481838e-01,9.972221e-04,1.084656e-08,3.798254e+01,8.044138e+00,2.993840e+01,3.961386e+01,1.698064e+02
1.248997e+06,1.445598e+01,9.987680e+04,1.155981e+00,9.483386e-01,9.481839e-01,9.973305e-04,1.084656e-08,3.798330e+01,8.044138e+00,2.993917e+01,3.961426e+01,1.698104e+02
1.249007e+06,1.445610e+01,9.988680e+04,1.156097e+00,9.483508e-01,9.481840e-01,9.974390e-04,1.084656e-08,3.798407e+01,8.044138e+00,2.993993e+01,3.961466e+01,1.698143e+02
1.249017e+06,1.445621e+01,9.989680e+04,1.156213e+00,9.483630e-01,9.481841e-01,9.975475e-04,1.084656e-08,3.798483e+01,8.044138e+00,2.994070e+01,3.961506e+01,1.698183e+02
1.249027e+06,1.445633e+01,9.990680e+04,1.156329e+00,9.483753e-01,9.481842e-01,9.976560e-04,1.084655e-08,3.798560e+01,8.044138e+00,2.994146e+01,3.961546e+01,1.698223e+02
1.249037e+06,1.445644e+01,9.991680e+04,1.156444e+00,9.483875e-01,9.481843e-01,9.977644e-04,1.084655e-08,3.798637e+01,8.044138e+00,2.994223e+01,3.961586e+01,1.698263e+02
1.249047e+06,1.445656e+01,9.992680e+04,1.156560e+00,9.483997e-01,9.481844e-01,9.978729e-04,1.084655e-08,3.798713e+01,8.044138e+00,2.994299e+01,3.961626e+01,1.698302e+02
1.249057e+06,1.445668e+01,9.993680e+04,1.156676e+00,9.484120e-01,9.481845e-01,9.979814e-04,1.084655e-08,3.798790e+01,8.044138e+00,2.994376e+01,3.961666e+01,1.698342e+02
1.249067e+06,1.445679e+01,9.994680e+04,1.156792e+00,9.484242e-01,9.481846e-01,9.980899e-04,1.084655e-08,3.798866e+01,8.044138e+00,2.994452e+01,3.961706e+01,1.698382e+02
1.249077e+06,1.445691e+01,9.995681e+04,1.156907e+00,9.484364e-01,9.481847e-01,9.981983e-04,1.084655e-08,3.798943e+01,8.044138e+00,2.994529e+01,3.961746e+01,1.698422e+02
1.249087e+06,1.445702e+01,9.996681e+04,1.157023e+00,9.484487e-01,9.481848e-01,9.983068e-04,1.084655e-08,3.799019e+01,8.044138e+00,2.994605e+01,3.961786e+01,1.698462e+02
1.249097e+06,1.445714e+01,9.997681e+04,1.157139e+00,9.484609e-01,9.481849e-01,9.984153e-04,1.084655e-08,3.799096e+01,8.044138e+00,2.994682e+01,3.961826e+01,1.698501e+02
1.249107e+06,1.445725e+01,9.998681e+04,1.157255e+00,9.484731e-01,9.481850e-01,9.985237e-04,1.084655e-08,3.799172e+01,8.044138e+00,2.994758e+01,3.961866e+01,1.698541e+02
1.249117e+06,1.445737e+01,9.999681e+04,1.157370e+00,9.484853e-01,9.481851e-01,9.986322e-04,1.084654e-08,3.799249e+01,8.044138e+00,2.994835e+01,3.961906e+01,1.698581e+02
1.249127e+06,1.445749e+01,1.000068e+05,1.157486e+00,9.484976e-01,9.481852e-01,9.987407e-04,1.084654e-08,3.799325e+01,8.044138e+00,2.994912e+01,3.961946e+01,1.698621e+02
1.249137e+06,1.445760e+01,1.000168e+05,1.157602e+00,9.485098e-01,9.481853e-01,9.988492e-04,1.084654e-08,3.799402e+01,8.044138e+00,2.994988e+01,3.961986e+01,1.698660e+02
1.249147e+06,1.445772e+01,1.000268e+05,1.157718e+00,9.485220e-01,9.481854e-01,9.989576e-04,1.084654e-08,3.799478e+01,8.044138e+00,2.995065e+01,3.962026e+01,1.698700e+02
1.249157e+06,1.445783e+01,1.000368e+05,1.157833e+00,9.485343e-01,9.481855e-01,9.990661e-04,1.084654e-08,3.799555e+01,8.044138e+00,2.995141e+01,3.962066e+01,1.698740e+02
1.249167e+06,1.445795e+01,1.000468e+05,1.157949e+00,9.485465e-01,9.481856e-01,9.991746e-04,1.084654e-08,3.799631e+01,8.044138e+00,2.995218e+01,3.962106e+01,1.698780e+02
1.249177e+06,1.445806e+01,1.000568e+05,1.158065e+00,9.485587e-01,9.481857e-01,9.992831e-04,1.084654e-08,3.799708e+01,8.044138e+00,2.995294e+01,3.962146e+01,1.698820e+02
1.249187e+06,1.445818e+01,1.000668e+05,1.158181e+00,9.485710e-01,9.481859e-01,9.993915e-04,1.084654e-08,3.799785e+01,8.044138e+00,2.995371e+01,3.962186e+01,1.698859e+02
1.249197e+06,1.445830e+01,1.000768e+05,1.158296e+00,9.485832e-01,9.481860e-01,9.995000e-04,1.084653e-08,3.799861e+01,8.044138e+00,2.995447e+01,3.962226e+01,1.698899e+02
1.249207e+06,1.445841e+01,1.000868e+05,1.158412e+00,9.485954e-01,9.481861e-01,9.996085e-04,1.084653e-08,3.799938e+01,8.044138e+00,2.995524e+01,3.962266e+01,1.698939e+02
1.249217e+06,1.445853e+01,1.000968e+05,1.158528e+00,9.486062e-01,9.481862e-01,9.997169e-04,1.084653e-08,3.800014e+01,8.044138e+00,2.995600e+01,3.962311e+01,1.698979e+02
1.249227e+06,1.445864e+01,1.001068e+05,1.158644e+00,9.486032e-01,9.481863e-01,9.998254e-04,1.084653e-08,3.800031e+01,8.044138e+00,2.995618e+01,3.962338e+01,1.699000e+02
1.249237e+06,1.445876e+01,1.001168e+05,1.158759e+00,9.485865e-01,9.481864e-01,9.999339e-04,1.084653e-08,3.799980e+01,8.044138e+00,2.995566e+01,3.962340e+01,1.699000e+02
1.249247e+06,1.445888e+01,1.001268e+05,1.158875e+00,9.485697e-01,9.481865e-01,1.000042e-03,1.084653e-08,3.799929e+01,8.044138e+00,2.995515e+01,3.962342e+01,1.699000e+02
1.249257e+06,1.445899e+01,1.001368e+05,1.158991e+00,9.485529e-01,9.481866e-01,1.000151e-03,1.084653e-08,3.799877e+01,8.044138e+00,2.995463e+01,3.962344e+01,1.699000e+02
1.249267e+06,1.445911e+01,1.001468e+05,1.159107e+00,9.485361e-01,9.481867e-01,1.000259e-03,1.084653e-08,3.799826e+01,8.044138e+00,2.995412e+01,3.962345e+01,1.699000e+02
1.249277e+06,1.445922e+01,1.001568e+05,1.159222e+00,9.485194e-01,9.481868e-01,1.000368e-03,1.084653e-08,3.799774e+01,8.044138e+00,2.995361e+01,3.962347e+01,1.699000e+02
1.249287e+06,1.445934e+01,1.001668e+05,1.159338e+00,9.485026e-01,9.481869e-01,1.000476e-03,1.084652e-08,3.799723e+01,8.044138e+00,2.995309e+01,3.962349e+01,1.699000e+02
1.249297e+06,1.445945e+01,1.001768e+05,1.159454e+00,9.484858e-01,9.481870e-01,1.000585e-03,1.084652e-08,3.799672e+01,8.044138e+00,2.995258e+01,3.962350e+01,1.699000e+02
1.249307e+06,1.445957e+01,1.001868e+05,1.159570e+00,9.484690e-01,9.481871e-01,1.000693e-03,1.084652e-08,3.799620e+01,8.044138e+00,2.995207e+01,3.962352e+01,1.699000e+02
1.249317e+06,1.445969e+01,1.001968e+05,1.159685e+00,9.484522e-01,9.481872e-01,1.000802e-03,1.084652e-08,3.799569e+01,8.044138e+00,2.995155e+01,3.962354e+01,1.699000e+02
1.249327e+06,1.445980e+01,1.002068e+05,1.159801e+00,9.484355e-01,9.481873e-01,1.000910e-03,1.084652e-08,3.799518e+01,8.044138e+00,2.995104e+01,3.962355e+01,1.699000e+02
1.249337e+06,1.445992e+01,1.002168e+05,1.159917e+00,9.484187e-01,9.481874e-01,1.001019e-03,1.084652e-08,3.799466e+01,8.044138e+00,2.995052e+01,3.962357e+01,1.699000e+02
1.249347e+06,1.446003e+01,1.002268e+05,1.160033e+00,9.484019e-01,9.481875e-01,1.001127e-03,1.084652e-08,3.799415e+01,8.044138e+00,2.995001e+01,3.962359e+01,1.699000e+02
1.249357e+06,1.446015e+01,1.002368e+05,1.160148e+00,9.483851e-01,9.481876e-01,1.001236e-03,1.084652e-08,3.799363e+01,8.044138e+00,2.994950e+01,3.962360e+01,1.699000e+02
1.249367e+06,1.446026e+01,1.002468e+05,1.160264e+00,9.483684e-01,9.481877e-01,1.001344e-03,1.084651e-08,3.799312e+01,8.044138e+00,2.994898e+01,3.962362e+01,1.699000e+02
1.249377e+06,1.446038e+01,1.002568e+05,1.160380e+00,9.483516e-01,9.481878e-01,1.001453e-03,1.084651e-08,3.799261e+01,8.044138e+00,2.994847e+01,3.962364e+01,1.699000e+02
1.249387e+06,1.446050e+01,1.002668e+05,1.160496e+00,9.483348e-01,9.481879e-01,1.001561e-03,1.084651e-08,3.799209e+01,8.044138e+00,2.994796e+01,3.962366e+01,1.699000e+02
1.249397e+06,1.446061e+01,1.002768e+05,1.160611e+00,9.483180e-01,9.481880e-01,1.001669e-03,1.084651e-08,3.799158e+01,8.044138e+00,2.994744e+01,3.962367e+01,1.699000e+02
1.249407e+06,1.446073e+01,1.002868e+05,1.160727e+00,9.483012e-01,9.481881e-01,1.001778e-03,1.084651e-08,3.799107e+01,8.044138e+00,2.994693e+01,3.962369e+01,1.699000e+02
1.249417e+06,1.446084e+01,1.002968e+05,1.160843e+00,9.482845e-01,9.481882e-01,1.001886e-03,1.084651e-08,3.799055e+01,8.044138e+00,2.994641e+01,3.962371e+01,1.699000e+02
1.249427e+06,1.446096e+01,1.003068e+05,1.160959e+00,9.482677e-01,9.481883e-01,1.001995e-03,1.084651e-08,3.799004e+01,8.044138e+00,2.994590e+01,3.962372e+01,1.699000e+02
1.249437e+06,1.446107e+01,1.003168e+05,1.161074e+00,9.482509e-01,9.481884e-01,1.002103e-03,1.084651e-08,3.798952e+01,8.044138e+00,2.994539e+01,3.962374e+01,1.699000e+02
1.249447e+06,1.446119e+01,1.003268e+05,1.161190e+00,9.482341e-01,9.481885e-01,1.002212e-03,1.084651e-08,3.798901e+01,8.044138e+00,2.994487e+01,3.962376e+01,1.699000e+02
1.249457e+06,1.446131e+01,1.003368e+05,1.161306e+00,9.482174e-01,9.481886e-01,1.002320e-03,1.084650e-08,3.798850e+01,8.044138e+00,2.994436e+01,3.962377e+01,1.699000e+02
1.249467e+06,1.446142e+01,1.003468e+05,1.161422e+00,9.482006e-01,9.481887e-01,1.002429e-03,1.084650e-08,3.798798e+01,8.044138e+00,2.994385e+01,3.962379e+01,1.699000e+02
1.249477e+06,1.446154e+01,1.003568e+05,1.161537e+00,9.481934e-01,9.481888e-01,1.002537e-03,1.084650e-08,3.798772e+01,8.044138e+00,2.994359e+01,3.962376e+01,1.699000e+02
1.249487e+06,1.446165e+01,1.003668e+05,1.161653e+00,9.481960e-01,9.481889e-01,1.002646e-03,1.084650e-08,3.798772e+01,8.044138e+00,2.994359e+01,3.962367e+01,1.699000e+02
1.249497e+06,1.446177e+01,1.003768e+05,1.161769e+00,9.481986e-01,9.481890e-01,1.002754e-03,1.084650e-08,3.798772e+01,8.044138e+00,2.994359e+01,3.962358e+01,1.699000e+02
1.249507e+06,1.446188e+01,1.003868e+05,1.161885e+00,9.482012e-01,9.481891e-01,1.002863e-03,1.084650e-08,3.798772e+01,8.044138e+00,2.994359e+01,3.962350e+01,1.699000e+02
1.249517e+06,1.446200e+01,1.003968e+05,1.162000e+00,9.482038e-01,9.481892e-01,1.002971e-03,1.084650e-08,3.798772e+01,8.044138e+00,2.994359e+01,3.962341e+01,1.699000e+02
1.249527e+06,1.446212e+01,1.004068e+05,1.162116e+00,9.482063e-01,9.481893e-01,1.003080e-03,1.084650e-08,3.798772e+01,8.044138e+00,2.994359e+01,3.962333e+01,1.699000e+02
1.249537e+06,1.446223e+01,1.004168e+05,1.162232e+00,9.482089e-01,9.481895e-01,1.003188e-03,1.084649e-08,3.798772e+01,8.044138e+00,2.994359e+01,3.962324e+01,1.699000e+02
1.249547e+06,1.446235e+01,1.004268e+05,1.162348e+00,9.482115e-01,9.481896e-01,1.003297e-03,1.084649e-08,3.798772e+01,8.044138e+00,2.994359e+01,3.962315e+01,1.699000e+02
1.249557e+06,1.446246e+01,1.004368e+05,1.162463e+00,9.482141e-01,9.481897e-01,1.003405e-03,1.084649e-08,3.798772e+01,8.044138e+00,2.994359e+01,3.962307e+01,1.699000e+02
1.249567e+06,1.446258e+01,1.004468e+05,1.162579e+00,9.482167e-01,9.481898e-01,1.003513e-03,1.084649e-08,3.798772e+01,8.044138e+00,2.994359e+01,3.962298e+01,1.699000e+02
1.249577e+06,1.446269e+01,1.004568e+05,1.162695e+00,9.482193e-01,9.481899e-01,1.003622e-03,1.084649e-08,3.798772e+01,8.044138e+00,2.994359e+01,3.962289e+01,1.699000e+02
1.249587e+06,1.446281e+01,1.004668e+05,1.162811e+00,9.482219e-01,9.481900e-01,1.003730e-03,1.084649e-08,3.798772e+01,8.044138e+00,2.994359e+01,3.962281e+01,1.699000e+02
1.249597e+06,1.446293e+01,1.004768e+05,1.162926e+00,9.482245e-01,9.481901e-01,1.003839e-03,1.084649e-08,3.798772e+01,8.044138e+00,2.994359e+01,3.962272e+01,1.699000e+02
1.249607e+06,1.446304e+01,1.004868e+05,1.163042e+00,9.482270e-01,9.481902e-01,1.003947e-03,1.084649e-08,3.798772e+01,8.044138e+00,2.994359e+01,3.962264e+01,1.699000e+02
1.249617e+06,1.446316e+01,1.004968e+05,1.163158e+00,9.482296e-01,9.481903e-01,1.004056e-03,1.084649e-08,3.798772e+01,8.044138e+00,2.994359e+01,3.962255e+01,1.699000e+02
1.249627e+06,1.446327e+01,1.005068e+05,1.163274e+00,9.482322e-01,9.481904e-01,1.004164e-03,1.084648e-08,3.798772e+01,8.044138e+00,2.994359e+01,3.962246e+01,1.699000e+02
1.249637e+06,1.446339e+01,1.005168e+05,1.163389e+00,9.482348e-01,9.481905e-01,1.004273e-03,1.084648e-08,3.798772e+01,8.044138e+00,2.994359e+01,3.962238e+01,1.699000e+02
1.249647e+06,1.446351e+01,1.005268e+05,1.163505e+00,9.482374e-01,9.481906e-01,1.004381e-03,1.084648e-08,3.798772e+01,8.044138e+00,2.994359e+01,3.962229e+01,1.699000e+02
1.249657e+06,1.446362e+01,1.005368e+05,1.163621e+00,9.482400e-01,9.481907e-01,1.004490e-03,1.084648e-08,3.798772e+01,8.044138e+00,2.994359e+01,3.962221e+01,1.699000e+02
1.249667e+06,1.446374e+01,1.005468e+05,1.163737e+00,9.482426e-01,9.481908e-01,1.004598e-03,1.084648e-08,3.798772e+01,8.044138e+00,2.994359e+01,3.962212e+01,1.699000e+02
1.249677e+06,1.446385e+01,1.005568e+05,1.163852e+00,9.482452e-01,9.481909e-01,1.004707e-03,1.084648e-08,3.798772e+01,8.044138e+00,2.994359e+01,3.962203e+01,1.699000e+02
1.249687e+06,1.446397e+01,1.005668e+05,1.163968e+00,9.482477e-01,9.481910e-01,1.004815e-03,1.084648e-08,3.798772e+01,8.044138e+00,2.994359e+01,3.962195e+01,1.699000e+02
1.249697e+06,1.446408e+01,1.005768e+05,1.164084e+00,9.482503e-01,9.481911e-01,1.004924e-03,1.084648e-08,3.798772e+01,8.044138e+00,2.994359e+01,3.962186e+01,1.699000e+02
1.249707e+06,1.446420e+01,1.005868e+05,1.164200e+00,9.482529e-01,9.481912e-01,1.005032e-03,1.084647e-08,3.798772e+01,8.044138e+00,2.994359e+01,3.962177e+01,1.699000e+02
1.249717e+06,1.446432e+01,1.005968e+05,1.164315e+00,9.482572e-01,9.481913e-01,1.005141e-03,1.084647e-08,3.798772e+01,8.044138e+00,2.994359e+01,3.962163e+01,1.699000e+02
1.249727e+06,1.446443e+01,1.006068e+05,1.164431e+00,9.482621e-01,9.481914e-01,1.005249e-03,1.084647e-08,3.798714e+01,8.044138e+00,2.994300e+01,3.962085e+01,1.699021e+02
1.249737e+06,1.446455e+01,1.006169e+05,1.164547e+00,9.482662e-01,9.481915e-01,1.005358e-03,1.084647e-08,3.798603e+01,8.044138e+00,2.994189e+01,3.961954e+01,1.699061e+02
1.249747e+06,1.446466e+01,1.006269e+05,1.164663e+00,9.482703e-01,9.481916e-01,1.005466e-03,1.084647e-08,3.798492e+01,8.044138e+00,2.994078e+01,3.961824e+01,1.699101e+02
1.249757e+06,1.446478e+01,1.006369e+05,1.164778e+00,9.482744e-01,9.481917e-01,1.005574e-03,1.084647e-08,3.798381e+01,8.044138e+00,2.993967e+01,3.961693e+01,1.699141e+02
1.249767e+06,1.446489e+01,1.006469e+05,1.164894e+00,9.482786e-01,9.481918e-01,1.005683e-03,1.084647e-08,3.798270e+01,8.044138e+00,2.993856e+01,3.961562e+01,1.699181e+02
1.249777e+06,1.446501e+01,1.006569e+05,1.165010e+00,9.482827e-01,9.481919e-01,1.005791e-03,1.084647e-08,3.798159e+01,8.044138e+00,2.993745e+01,3.961432e+01,1.699221e+02
1.249787e+06,1.446513e+01,1.006669e+05,1.165126e+00,9.482868e-01,9.481920e-01,1.005900e-03,1.084647e-08,3.798048e+01,8.044138e+00,2.993634e+01,3.961301e+01,1.699261e+02
1.249797e+06,1.446524e+01,1.006769e+05,1.165241e+00,9.482909e-01,9.481921e-01,1.006008e-03,1.084646e-08,3.797937e+01,8.044138e+00,2.993524e+01,3.961170e+01,1.699300e+02
1.249807e+06,1.446536e+01,1.006869e+05,1.165357e+00,9.482950e-01,9.481922e-01,1.006117e-03,1.084646e-08,3.797826e+01,8.044138e+00,2.993413e+01,3.961040e+01,1.699340e+02
1.249817e+06,1.446547e+01,1.006969e+05,1.165473e+00,9.482991e-01,9.481923e-01,1.006225e-03,1.084646e-08,3.797715e+01,8.044138e+00,2.993302e+01,3.960909e+01,1.699380e+02
1.249827e+06,1.446559e+01,1.007069e+05,1.165589e+00,9.483033e-01,9.481924e-01,1.006334e-03,1.084646e-08,3.797605e+01,8.044138e+00,2.993191e+01,3.960778e+01,1.699420e+02
1.249837e+06,1.446570e+01,1.007169e+05,1.165704e+00,9.483074e-01,9.481925e-01,1.006442e-03,1.084646e-08,3.797494e+01,8.044138e+00,2.993080e+01,3.960648e+01,1.699460e+02
1.249847e+06,1.446582e+01,1.007269e+05,1.165820e+00,9.483115e-01,9.481926e-01,1.006551e-03,1.084646e-08,3.797383e+01,8.044138e+00,2.992969e+01,3.960517e+01,1.699500e+02
1.249857e+06,1.446594e+01,1.007369e+05,1.165936e+00,9.483156e-01,9.481927e-01,1.006659e-03,1.084646e-08,3.797272e+01,8.044138e+00,2.992858e+01,3.960386e+01,1.699540e+02
1.249867e+06,1.446605e+01,1.007469e+05,1.166052e+00,9.483197e-01,9.481928e-01,1.006768e-03,1.084646e-08,3.797161e+01,8.044138e+00,2.992747e+01,3.960256e+01,1.699580e+02
1.249877e+06,1.446617e+01,1.007569e+05,1.166167e+00,9.483238e-01,9.481929e-01,1.006876e-03,1.084645e-08,3.797050e+01,8.044138e+00,2.992636e+01,3.960125e+01,1.699620e+02
1.249887e+06,1.446628e+01,1.007669e+05,1.166283e+00,9.483279e-01,9.481931e-01,1.006985e-03,1.084645e-08,3.796939e+01,8.044138e+00,2.992525e+01,3.959994e+01,1.699660e+02
1.249897e+06,1.446640e+01,1.007769e+05,1.166399e+00,9.483321e-01,9.481932e-01,1.007093e-03,1.084645e-08,3.796828e+01,8.044138e+00,2.992414e+01,3.959864e+01,1.699700e+02
1.249907e+06,1.446651e+01,1.007869e+05,1.166515e+00,9.483362e-01,9.481933e-01,1.007202e-03,1.084645e-08,3.796717e+01,8.044138e+00,2.992303e+01,3.959733e+01,1.699740e+02
1.249917e+06,1.446663e+01,1.007969e+05,1.166630e+00,9.483403e-01,9.481934e-01,1.007310e-03,1.084645e-08,3.796606e+01,8.044138e+00,2.992192e+01,3.959602e+01,1.699779e+02
1.249927e+06,1.446675e+01,1.008069e+05,1.166746e+00,9.483444e-01,9.481935e-01,1.007418e-03,1.084645e-08,3.796495e+01,8.044138e+00,2.992081e+01,3.959472e+01,1.699819e+02
1.249937e+06,1.446686e+01,1.008169e+05,1.166862e+00,9.483485e-01,9.481936e-01,1.007527e-03,1.084645e-08,3.796384e+01,8.044138e+00,2.991970e+01,3.959341e+01,1.699859e+02
1.249947e+06,1.446698e+01,1.008269e+05,1.166978e+00,9.483526e-01,9.481937e-01,1.007635e-03,1.084645e-08,3.796273e+01,8.044138e+00,2.991860e+01,3.959210e+01,1.699899e+02
1.249957e+06,1.446709e+01,1.008369e+05,1.167093e+00,9.483568e-01,9.481938e-01,1.007744e-03,1.084645e-08,3.796162e+01,8.044138e+00,2.991749e+01,3.959080e+01,1.699939e+02
1.249967e+06,1.446721e+01,1.008469e+05,1.167209e+00,9.483594e-01,9.481939e-01,1.007852e-03,1.084644e-08,3.796051e+01,8.044138e+00,2.991638e+01,3.958954e+01,1.699979e+02
1.249977e+06,1.446732e+01,1.008569e+05,1.167325e+00,9.483574e-01,9.481940e-01,1.007961e-03,1.084644e-08,3.795957e+01,8.044138e+00,2.991543e+01,3.958860e+01,1.700000e+02
1.249987e+06,1.446744e+01,1.008669e+05,1.167441e+00,9.483522e-01,9.481941e-01,1.008069e-03,1.084644e-08,3.795880e+01,8.044138e+00,2.991466e+01,3.958796e+01,1.700000e+02
1.249997e+06,1.446756e+01,1.008769e+05,1.167556e+00,9.483470e-01,9.481942e-01,1.008178e-03,1.084644e-08,3.795802e+01,8.044138e+00,2.991389e+01,3.958732e+01,1.700000e+02
1.250007e+06,1.446767e+01,1.008869e+05,1.167672e+00,9.483419e-01,9.481943e-01,1.008286e-03,1.084644e-08,3.795725e+01,8.044138e+00,2.991312e+01,3.958668e+01,1.700000e+02
1.250017e+06,1.446779e+01,1.008969e+05,1.167788e+00,9.483367e-01,9.481944e-01,1.008395e-03,1.084644e-08,3.795648e+01,8.044138e+00,2.991235e+01,3.958604e+01,1.700000e+02
1.250027e+06,1.446790e+01,1.009069e+05,1.167904e+00,9.483315e-01,9.481945e-01,1.008503e-03,1.084644e-08,3.795571e+01,8.044138e+00,2.991157e+01,3.958540e+01,1.700000e+02
1.250037e+06,1.446802e+01,1.009169e+05,1.168019e+00,9.483263e-01,9.481946e-01,1.008612e-03,1.084644e-08,3.795494e+01,8.044138e+00,2.991080e+01,3.958476e+01,1.700000e+02
1.250047e+06,1.446814e+01,1.009269e+05,1.168135e+00,9.483212e-01,9.481947e-01,1.008720e-03,1.084643e-08,3.795417e+01,8.044138e+00,2.991003e+01,3.958412e+01,1.700000e+02
1.250057e+06,1.446825e+01,1.009369e+05,1.168251e+00,9.483160e-01,9.481948e-01,1.008829e-03,1.084643e-08,3.795340e+01,8.044138e+00,2.990926e+01,3.958348e+01,1.700000e+02
1.250067e+06,1.446837e+01,1.009469e+05,1.168367e+00,9.483108e-01,9.481949e-01,1.008937e-03,1.084643e-08,3.795263e+01,8.044138e+00,2.990849e+01,3.958284e+01,1.700000e+02
1.250077e+06,1.446848e+01,1.009569e+05,1.168482e+00,9.483057e-01,9.481950e-01,1.009046e-03,1.084643e-08,3.795186e+01,8.044138e+00,2.990772e+01,3.958220e+01,1.700000e+02
1.250087e+06,1.446860e+01,1.009669e+05,1.168598e+00,9.483005e-01,9.481951e-01,1.009154e-03,1.084643e-08,3.795109e+01,8.044138e+00,2.990695e+01,3.958156e+01,1.700000e+02
1.250097e+06,1.446871e+01,1.009769e+05,1.168714e+00,9.482953e-01,9.481952e-01,1.009263e-03,1.084643e-08,3.795032e+01,8.044138e+00,2.990618e+01,3.958092e+01,1.700000e+02
1.250107e+06,1.446883e+01,1.009869e+05,1.168830e+00,9.482901e-01,9.481953e-01,1.009371e-03,1.084643e-08,3.794955e+01,8.044138e+00,2.990541e+01,3.958028e+01,1.700000e+02
1.250117e+06,1.446895e+01,1.009969e+05,1.168945e+00,9.482850e-01,9.481954e-01,1.009479e-03,1.084643e-08,3.794878e+01,8.044138e+00,2.990464e+01,3.957964e+01,1.700000e+02
1.250127e+06,1.446906e+01,1.010069e+05,1.169061e+00,9.482798e-01,9.481955e-01,1.009588e-03,1.084643e-08,3.794801e+01,8.044138e+00,2.990387e+01,3.957900e+01,1.700000e+02
1.250137e+06,1.446918e+01,1.010169e+05,1.169177e+00,9.482746e-01,9.481956e-01,1.009696e-03,1.084642e-08,3.794724e+01,8.044138e+00,2.990310e+01,3.957836e+01,1.700000e+02
1.250147e+06,1.446929e+01,1.010269e+05,1.169293e+00,9.482694e-01,9.481957e-01,1.009805e-03,1.084642e-08,3.794646e+01,8.044138e+00,2.990233e+01,3.957771e+01,1.700000e+02
1.250157e+06,1.446941e+01,1.010369e+05,1.169408e+00,9.482643e-01,9.481958e-01,1.009913e-03,1.084642e-08,3.794569e+01,8.044138e+00,2.990156e+01,3.957707e+01,1.700000e+02
1.250167e+06,1.446952e+01,1.010469e+05,1.169524e+00,9.482591e-01,9.481959e-01,1.010022e-03,1.084642e-08,3.794492e+01,8.044138e+00,2.990079e+01,3.957643e+01,1.700000e+02
1.250177e+06,1.446964e+01,1.010569e+05,1.169640e+00,9.482539e-01,9.481960e-01,1.010130e-03,1.084642e-08,3.794415e+01,8.044138e+00,2.990002e+01,3.957579e+01,1.700000e+02
1.250187e+06,1.446976e+01,1.010669e+05,1.169756e+00,9.482487e-01,9.481961e-01,1.010239e-03,1.084642e-08,3.794338e+01,8.044138e+00,2.989924e+01,3.957515e+01,1.700000e+02
1.250197e+06,1.446987e+01,1.010769e+05,1.169871e+00,9.482436e-01,9.481962e-01,1.010347e-03,1.084642e-08,3.794261e+01,8.044138e+00,2.989847e+01,3.957451e+01,1.700000e+02
1.250207e+06,1.446999e+01,1.010869e+05,1.169987e+00,9.482384e-01,9.481963e-01,1.010456e-03,1.084642e-08,3.794184e+01,8.044138e+00,2.989770e+01,3.957387e+01,1.700000e+02
1.250217e+06,1.447010e+01,1.010969e+05,1.170103e+00,9.482332e-01,9.481964e-01,1.010564e-03,1.084641e-08,3.794107e+01,8.044138e+00,2.989693e+01,3.957323e+01,1.700000e+02
1.250227e+06,1.447022e+01,1.011069e+05,1.170219e+00,9.482336e-01,9.481965e-01,1.010673e-03,1.084641e-08,3.794177e+01,8.044138e+00,2.989763e+01,3.957396e+01,1.700000e+02
1.250237e+06,1.447033e+01,1.011169e+05,1.170334e+00,9.482395e-01,9.481967e-01,1.010781e-03,1.084641e-08,3.794391e+01,8.044138e+00,2.989978e+01,3.957602e+01,1.700000e+02
1.250247e+06,1.447045e+01,1.011269e+05,1.170450e+00,9.482455e-01,9.481968e-01,1.010890e-03,1.084641e-08,3.794605e+01,8.044138e+00,2.990192e+01,3.957808e+01,1.700000e+02
1.250257e+06,1.447057e+01,1.011369e+05,1.170566e+00,9.482514e-01,9.481969e-01,1.010998e-03,1.084641e-08,3.794819e+01,8.044138e+00,2.990406e+01,3.958014e+01,1.700000e+02
1.250267e+06,1.447068e+01,1.011469e+05,1.170682e+00,9.482573e-01,9.481970e-01,1.011107e-03,1.084641e-08,3.795034e+01,8.044138e+00,2.990620e+01,3.958220e+01,1.700000e+02
1.250277e+06,1.447080e+01,1.011569e+05,1.170797e+00,9.482632e-01,9.481971e-01,1.011215e-03,1.084641e-08,3.795248e+01,8.044138e+00,2.990834e+01,3.958426e+01,1.700000e+02
1.250287e+06,1.447091e+01,1.011669e+05,1.170913e+00,9.482691e-01,9.481972e-01,1.011323e-03,1.084641e-08,3.795462e+01,8.044138e+00,2.991048e+01,3.958632e+01,1.700000e+02
1.250297e+06,1.447103e+01,1.011769e+05,1.171029e+00,9.482750e-01,9.481973e-01,1.011432e-03,1.084641e-08,3.795676e+01,8.044138e+00,2.991262e+01,3.958838e+01,1.700000e+02
1.250307e+06,1.447114e+01,1.011869e+05,1.171145e+00,9.482809e-01,9.481974e-01,1.011540e-03,1.084640e-08,3.795890e+01,8.044138e+00,2.991476e+01,3.959045e+01,1.700000e+02
1.250317e+06,1.447126e+01,1.011969e+05,1.171260e+00,9.482868e-01,9.481975e-01,1.011649e-03,1.084640e-08,3.796104e+01,8.044138e+00,2.991690e+01,3.959251e+01,1.700000e+02
1.250327e+06,1.447138e+01,1.012069e+05,1.171376e+00,9.482927e-01,9.481976e-01,1.011757e-03,1.084640e-08,3.796318e+01,8.044138e+00,2.991904e+01,3.959457e+01,1.700000e+02
1.250337e+06,1.447149e+01,1.012169e+05,1.171492e+00,9.482986e-01,9.481977e-01,1.011866e-03,1.084640e-08,3.796532e+01,8.044138e+00,2.992118e+01,3.959663e+01,1.700000e+02
1.250347e+06,1.447161e+01,1.012269e+05,1.171608e+00,9.483045e-01,9.481978e-01,1.011974e-03,1.084640e-08,3.796746e+01,8.044138e+00,2.992332e+01,3.959869e+01,1.700000e+02
1.250357e+06,1.447172e+01,1.012369e+05,1.171723e+00,9.483104e-01,9.481979e-01,1.012083e-03,1.084640e-08,3.796960e+01,8.044138e+00,2.992546e+01,3.960075e+01,1.700000e+02
1.250367e+06,1.447184e+01,1.012469e+05,1.171839e+00,9.483163e-01,9.481980e-01,1.012191e-03,1.084640e-08,3.797174e+01,8.044138e+00,2.992760e+01,3.960281e+01,1.700000e+02
1.250377e+06,1.447195e+01,1.012569e+05,1.171955e+00,9.483222e-01,9.481981e-01,1.012300e-03,1.084640e-08,3.797388e+01,8.044138e+00,2.992974e+01,3.960487e+01,1.700000e+02
1.250387e+06,1.447207e+01,1.012669e+05,1.172071e+00,9.483281e-01,9.481982e-01,1.012408e-03,1.084639e-08,3.797602e+01,8.044138e+00,2.993189e+01,3.960693e+01,1.700000e+02
1.250397e+06,1.447219e+01,1.012769e+05,1.172186e+00,9.483340e-01,9.481983e-01,1.012517e-03,1.084639e-08,3.797816e+01,8.044138e+00,2.993403e+01,3.960899e+01,1.700000e+02
1.250407e+06,1.447230e+01,1.012869e+05,1.172302e+00,9.483399e-01,9.481984e-01,1.012625e-03,1.084639e-08,3.798030e+01,8.044138e+00,2.993617e+01,3.961106e+01,1.700000e+02
1.250417e+06,1.447242e+01,1.012969e+05,1.172418e+00,9.483458e-01,9.481985e-01,1.012734e-03,1.084639e-08,3.798245e+01,8.044138e+00,2.993831e+01,3.961312e+01,1.700000e+02
1.250427e+06,1.447253e+01,1.013069e+05,1.172534e+00,9.483517e-01,9.481986e-01,1.012842e-03,1.084639e-08,3.798459e+01,8.044138e+00,2.994045e+01,3.961518e+01,1.700000e+02
1.250437e+06,1.447265e+01,1.013169e+05,1.172649e+00,9.483576e-01,9.481987e-01,1.012951e-03,1.084639e-08,3.798673e+01,8.044138e+00,2.994259e+01,3.961724e+01,1.700000e+02
1.250447e+06,1.447277e+01,1.013269e+05,1.172765e+00,9.483635e-01,9.481988e-01,1.013059e-03,1.084639e-08,3.798887e+01,8.044138e+00,2.994473e+01,3.961930e+01,1.700000e+02
1.250457e+06,1.447288e+01,1.013369e+05,1.172881e+00,9.483694e-01,9.481989e-01,1.013167e-03,1.084639e-08,3.799101e+01,8.044138e+00,2.994687e+01,3.962136e+01,1.700000e+02
1.250467e+06,1.447300e+01,1.013469e+05,1.172997e+00,9.483753e-01,9.481990e-01,1.013276e-03,1.084639e-08,3.799315e+01,8.044138e+00,2.994901e+01,3.962342e+01,1.700000e+02
1.250477e+06,1.447311e+01,1.013569e+05,1.173112e+00,9.483754e-01,9.481991e-01,1.013384e-03,1.084638e-08,3.799414e+01,8.044138e+00,2.995000e+01,3.962446e+01,1.700000e+02
1.250487e+06,1.447323e+01,1.013669e+05,1.173228e+00,9.483706e-01,9.481992e-01,1.013493e-03,1.084638e-08,3.799414e+01,8.044138e+00,2.995000e+01,3.962462e+01,1.700000e+02
1.250497e+06,1.447334e+01,1.013769e+05,1.173344e+00,9.483657e-01,9.481993e-01,1.013601e-03,1.084638e-08,3.799414e+01,8.044138e+00,2.995000e+01,3.962478e+01,1.700000e+02
1.250507e+06,1.447346e+01,1.013869e+05,1.173460e+00,9.483609e-01,9.481994e-01,1.013710e-03,1.084638e-08,3.799414e+01,8.044138e+00,2.995000e+01,3.962494e+01,1.700000e+02
1.250517e+06,1.447358e+01,1.013969e+05,1.173575e+00,9.483560e-01,9.481995e-01,1.013818e-03,1.084638e-08,3.799414e+01,8.044138e+00,2.995000e+01,3.962510e+01,1.700000e+02
1.250527e+06,1.447369e+01,1.014069e+05,1.173691e+00,9.483512e-01,9.481996e-01,1.013927e-03,1.084638e-08,3.799414e+01,8.044138e+00,2.995000e+01,3.962527e+01,1.700000e+02
1.250537e+06,1.447381e+01,1.014169e+05,1.173807e+00,9.483463e-01,9.481997e-01,1.014035e-03,1.084638e-08,3.799414e+01,8.044138e+00,2.995000e+01,3.962543e+01,1.700000e+02
1.250547e+06,1.447392e+01,1.014269e+05,1.173923e+00,9.483415e-01,9.481998e-01,1.014144e-03,1.084638e-08,3.799414e+01,8.044138e+00,2.995000e+01,3.962559e+01,1.700000e+02
1.250557e+06,1.447404e+01,1.014369e+05,1.174038e+00,9.483366e-01,9.481999e-01,1.014252e-03,1.084637e-08,3.799414e+01,8.044138e+00,2.995000e+01,3.962575e+01,1.700000e+02
1.250567e+06,1.447415e+01,1.014469e+05,1.174154e+00,9.483318e-01,9.482000e-01,1.014361e-03,1.084637e-08,3.799414e+01,8.044138e+00,2.995000e+01,3.962591e+01,1.700000e+02
1.250577e+06,1.447427e+01,1.014569e+05,1.174270e+00,9.483269e-01,9.482001e-01,1.014469e-03,1.084637e-08,3.799414e+01,8.044138e+00,2.995000e+01,3.962607e+01,1.700000e+02
1.250587e+06,1.447439e+01,1.014669e+05,1.174386e+00,9.483221e-01,9.482002e-01,1.014578e-03,1.084637e-08,3.799414e+01,8.044138e+00,2.995000e+01,3.962624e+01,1.700000e+02
1.250597e+06,1.447450e+01,1.014769e+05,1.174501e+00,9.483172e-01,9.482004e-01,1.014686e-03,1.084637e-08,3.799414e+01,8.044138e+00,2.995000e+01,3.962640e+01,1.700000e+02
1.250607e+06,1.447462e+01,1.014869e+05,1.174617e+00,9.483124e-01,9.482005e-01,1.014795e-03,1.084637e-08,3.799414e+01,8.044138e+00,2.995000e+01,3.962656e+01,1.700000e+02
1.250617e+06,1.447473e+01,1.014969e+05,1.174733e+00,9.483075e-01,9.482006e-01,1.014903e-03,1.084637e-08,3.799414e+01,8.044138e+00,2.995000e+01,3.962672e+01,1.700000e+02
1.250627e+06,1.447485e+01,1.015069e+05,1.174849e+00,9.483027e-01,9.482007e-01,1.015011e-03,1.084637e-08,3.799414e+01,8.044138e+00,2.995000e+01,3.962688e+01,1.700000e+02
1.250637e+06,1.447496e+01,1.015169e+05,1.174964e+00,9.482978e-01,9.482008e-01,1.015120e-03,1.084637e-08,3.799414e+01,8.044138e+00,2.995000e+01,3.962704e+01,1.700000e+02
1.250647e+06,1.447508e+01,1.015269e+05,1.175080e+00,9.482930e-01,9.482009e-01,1.015228e-03,1.084636e-08,3.799414e+01,8.044138e+00,2.995000e+01,3.962720e+01,1.700000e+02
1.250657e+06,1.447520e+01,1.015369e+05,1.175196e+00,9.482881e-01,9.482010e-01,1.015337e-03,1.084636e-08,3.799414e+01,8.044138e+00,2.995000e+01,3.962737e+01,1.700000e+02
1.250667e+06,1.447531e+01,1.015469e+05,1.175311e+00,9.482833e-01,9.482011e-01,1.015445e-03,1.084636e-08,3.799414e+01,8.044138e+00,2.995000e+01,3.962753e+01,1.700000e+02
1.250677e+06,1.447543e+01,1.015569e+05,1.175427e+00,9.482784e-01,9.482012e-01,1.015554e-03,1.084636e-08,3.799414e+01,8.044138e+00,2.995000e+01,3.962769e+01,1.700000e+02
1.250687e+06,1.447554e+01,1.015669e+05,1.175543e+00,9.482736e-01,9.482013e-01,1.015662e-03,1.084636e-08,3.799414e+01,8.044138e+00,2.995000e+01,3.962785e+01,1.700000e+02
1.250697e+06,1.447566e+01,1.015769e+05,1.175659e+00,9.482687e-01,9.482014e-01,1.015771e-03,1.084636e-08,3.799414e+01,8.044138e+00,2.995000e+01,3.962801e+01,1.700000e+02
1.250707e+06,1.447577e+01,1.015869e+05,1.175774e+00,9.482639e-01,9.482015e-01,1.015879e-03,1.084636e-08,3.799414e+01,8.044138e+00,2.995000e+01,3.962817e+01,1.700000e+02
1.250717e+06,1.447589e+01,1.015969e+05,1.175890e+00,9.482590e-01,9.482016e-01,1.015988e-03,1.084636e-08,3.799414e+01,8.044138e+00,2.995000e+01,3.962833e+01,1.700000e+02
1.250727e+06,1.447601e+01,1.016069e+05,1.176006e+00,9.482580e-01,9.482017e-01,1.016096e-03,1.084635e-08,3.799377e+01,8.044138e+00,2.994963e+01,3.962797e+01,1.700000e+02
1.250737e+06,1.447612e+01,1.016169e+05,1.176122e+00,9.482612e-01,9.482018e-01,1.016205e-03,1.084635e-08,3.799299e+01,8.044138e+00,2.994886e+01,3.962706e+01,1.700000e+02
1.250747e+06,1.447624e+01,1.016269e+05,1.176237e+00,9.482643e-01,9.482019e-01,1.016313e-03,1.084635e-08,3.799222e+01,8.044138e+00,2.994809e+01,3.962614e+01,1.700000e+02
1.250757e+06,1.447635e+01,1.016369e+05,1.176353e+00,9.482674e-01,9.482020e-01,1.016422e-03,1.084635e-08,3.799145e+01,8.044138e+00,2.994732e+01,3.962523e+01,1.700000e+02
1.250767e+06,1.447647e+01,1.016469e+05,1.176469e+00,9.482705e-01,9.482021e-01,1.016530e-03,1.084635e-08,3.799068e+01,8.044138e+00,2.994654e+01,3.962431e+01,1.700000e+02
1.250777e+06,1.447658e+01,1.016569e+05,1.176585e+00,9.482736e-01,9.482022e-01,1.016639e-03,1.084635e-08,3.798991e+01,8.044138e+00,2.994577e+01,3.962339e+01,1.700000e+02
1.250787e+06,1.447670e+01,1.016669e+05,1.176700e+00,9.482767e-01,9.482023e-01,1.016747e-03,1.084635e-08,3.798914e+01,8.044138e+00,2.994500e+01,3.962248e+01,1.700000e+02
1.250797e+06,1.447682e+01,1.016769e+05,1.176816e+00,9.482798e-01,9.482024e-01,1.016855e-03,1.084635e-08,3.798837e+01,8.044138e+00,2.994423e+01,3.962156e+01,1.700000e+02
1.250807e+06,1.447693e+01,1.016869e+05,1.176932e+00,9.482829e-01,9.482025e-01,1.016964e-03,1.084635e-08,3.798760e+01,8.044138e+00,2.994346e+01,3.962065e+01,1.700000e+02
1.250817e+06,1.447705e+01,1.016969e+05,1.177048e+00,9.482860e-01,9.482026e-01,1.017072e-03,1.084634e-08,3.798683e+01,8.044138e+00,2.994269e+01,3.961973e+01,1.700000e+02
1.250827e+06,1.447716e+01,1.017069e+05,1.177163e+00,9.482891e-01,9.482027e-01,1.017181e-03,1.084634e-08,3.798606e+01,8.044138e+00,2.994192e+01,3.961881e+01,1.700000e+02
1.250837e+06,1.447728e+01,1.017169e+05,1.177279e+00,9.482922e-01,9.482028e-01,1.017289e-03,1.084634e-08,3.798529e+01,8.044138e+00,2.994115e+01,3.961790e+01,1.700000e+02
1.250847e+06,1.447739e+01,1.017269e+05,1.177395e+00,9.482953e-01,9.482029e-01,1.017398e-03,1.084634e-08,3.798452e+01,8.044138e+00,2.994038e+01,3.961698e+01,1.700000e+02
1.250857e+06,1.447751e+01,1.017369e+05,1.177511e+00,9.482984e-01,9.482030e-01,1.017506e-03,1.084634e-08,3.798375e+01,8.044138e+00,2.993961e+01,3.961607e+01,1.700000e+02
1.250867e+06,1.447763e+01,1.017469e+05,1.177626e+00,9.483015e-01,9.482031e-01,1.017615e-03,1.084634e-08,3.798298e+01,8.044138e+00,2.993884e+01,3.961515e+01,1.700000e+02
1.250877e+06,1.447774e+01,1.017569e+05,1.177742e+00,9.483046e-01,9.482032e-01,1.017723e-03,1.084634e-08,3.798221e+01,8.044138e+00,2.993807e+01,3.961423e+01,1.700000e+02
1.250887e+06,1.447786e+01,1.017669e+05,1.177858e+00,9.483077e-01,9.482033e-01,1.017832e-03,1.084634e-08,3.798143e+01,8.044138e+00,2.993730e+01,3.961332e+01,1.700000e+02
1.250897e+06,1.447797e+01,1.017769e+05,1.177974e+00,9.483108e-01,9.482034e-01,1.017940e-03,1.084633e-08,3.798066e+01,8.044138e+00,2.993653e+01,3.961240e+01,1.700000e+02
1.250907e+06,1.447809e+01,1.017869e+05,1.178089e+00,9.483139e-01,9.482035e-01,1.018049e-03,1.084633e-08,3.797989e+01,8.044138e+00,2.993576e+01,3.961149e+01,1.700000e+02
1.250917e+06,1.447821e+01,1.017969e+05,1.178205e+00,9.483170e-01,9.482036e-01,1.018157e-03,1.084633e-08,3.797912e+01,8.044138e+00,2.993498e+01,3.961057e+01,1.700000e+02
1.250927e+06,1.447832e+01,1.018069e+05,1.178321e+00,9.483202e-01,9.482037e-01,1.018266e-03,1.084633e-08,3.797835e+01,8.044138e+00,2.993421e+01,3.960965e+01,1.700000e+02
1.250937e+06,1.447844e+01,1.018169e+05,1.178437e+00,9.483233e-01,9.482038e-01,1.018374e-03,1.084633e-08,3.797758e+01,8.044138e+00,2.993344e+01,3.960874e+01,1.700000e+02
1.250947e+06,1.447855e+01,1.018269e+05,1.178552e+00,9.483264e-01,9.482040e-01,1.018483e-03,1.084633e-08,3.797681e+01,8.044138e+00,2.993267e+01,3.960782e+01,1.700000e+02
1.250957e+06,1.447867e+01,1.018369e+05,1.178668e+00,9.483295e-01,9.482041e-01,1.018591e-03,1.084633e-08,3.797604e+01,8.044138e+00,2.993190e+01,3.960691e+01,1.700000e+02
1.250967e+06,1.447878e+01,1.018469e+05,1.178784e+00,9.483326e-01,9.482042e-01,1.018699e-03,1.084633e-08,3.797527e+01,8.044138e+00,2.993113e+01,3.960599e+01,1.700000e+02
1.250977e+06,1.447890e+01,1.018569e+05,1.178900e+00,9.483341e-01,9.482043e-01,1.018808e-03,1.084633e-08,3.797503e+01,8.044138e+00,2.993089e+01,3.960569e+01,1.700000e+02
1.250987e+06,1.447902e+01,1.018669e+05,1.179015e+00,9.483341e-01,9.482044e-01,1.018916e-03,1.084632e-08,3.797529e+01,8.044138e+00,2.993115e+01,3.960596e+01,1.700000e+02
1.250997e+06,1.447913e+01,1.018769e+05,1.179131e+00,9.483341e-01,9.482045e-01,1.019025e-03,1.084632e-08,3.797555e+01,8.044138e+00,2.993141e+01,3.960623e+01,1.700000e+02
1.251007e+06,1.447925e+01,1.018869e+05,1.179247e+00,9.483341e-01,9.482046e-01,1.019133e-03,1.084632e-08,3.797580e+01,8.044138e+00,2.993166e+01,3.960650e+01,1.700000e+02
1.251017e+06,1.447936e+01,1.018969e+05,1.179363e+00,9.483341e-01,9.482047e-01,1.019242e-03,1.084632e-08,3.797606e+01,8.044138e+00,2.993192e+01,3.960677e+01,1.700000e+02
1.251027e+06,1.447948e+01,1.019069e+05,1.179478e+00,9.483341e-01,9.482048e-01,1.019350e-03,1.084632e-08,3.797632e+01,8.044138e+00,2.993218e+01,3.960705e+01,1.700000e+02
1.251037e+06,1.447959e+01,1.019169e+05,1.179594e+00,9.483341e-01,9.482049e-01,1.019459e-03,1.084632e-08,3.797658e+01,8.044138e+00,2.993244e+01,3.960732e+01,1.700000e+02
1.251047e+06,1.447971e+01,1.019269e+05,1.179710e+00,9.483341e-01,9.482050e-01,1.019567e-03,1.084632e-08,3.797683e+01,8.044138e+00,2.993270e+01,3.960759e+01,1.700000e+02
1.251057e+06,1.447983e+01,1.019369e+05,1.179826e+00,9.483341e-01,9.482051e-01,1.019676e-03,1.084632e-08,3.797709e+01,8.044138e+00,2.993295e+01,3.960786e+01,1.700000e+02
1.251067e+06,1.447994e+01,1.019469e+05,1.179941e+00,9.483341e-01,9.482052e-01,1.019784e-03,1.084631e-08,3.797735e+01,8.044138e+00,2.993321e+01,3.960813e+01,1.700000e+02
1.251077e+06,1.448006e+01,1.019569e+05,1.180057e+00,9.483341e-01,9.482053e-01,1.019893e-03,1.084631e-08,3.797761e+01,8.044138e+00,2.993347e+01,3.960840e+01,1.700000e+02
1.251087e+06,1.448017e+01,1.019669e+05,1.180173e+00,9.483341e-01,9.482054e-01,1.020001e-03,1.084631e-08,3.797787e+01,8.044138e+00,2.993373e+01,3.960868e+01,1.700000e+02
1.251097e+06,1.448029e+01,1.019769e+05,1.180289e+00,9.483341e-01,9.482055e-01,1.020110e-03,1.084631e-08,3.797812e+01,8.044138e+00,2.993398e+01,3.960895e+01,1.700000e+02
1.251107e+06,1.448040e+01,1.019869e+05,1.180404e+00,9.483341e-01,9.482056e-01,1.020218e-03,1.084631e-08,3.797838e+01,8.044138e+00,2.993424e+01,3.960922e+01,1.700000e+02
1.251117e+06,1.448052e+01,1.019969e+05,1.180520e+00,9.483341e-01,9.482057e-01,1.020327e-03,1.084631e-08,3.797864e+01,8.044138e+00,2.993450e+01,3.960949e+01,1.700000e+02
1.251127e+06,1.448064e+01,1.020069e+05,1.180636e+00,9.483341e-01,9.482058e-01,1.020435e-03,1.084631e-08,3.797890e+01,8.044138e+00,2.993476e+01,3.960976e+01,1.700000e+02
1.251137e+06,1.448075e+01,1.020169e+05,1.180752e+00,9.483341e-01,9.482059e-01,1.020543e-03,1.084631e-08,3.797915e+01,8.044138e+00,2.993502e+01,3.961004e+01,1.700000e+02
1.251147e+06,1.448087e+01,1.020269e+05,1.180867e+00,9.483341e-01,9.482060e-01,1.020652e-03,1.084631e-08,3.797941e+01,8.044138e+00,2.993527e+01,3.961031e+01,1.700000e+02
1.251157e+06,1.448098e+01,1.020369e+05,1.180983e+00,9.483341e-01,9.482061e-01,1.020760e-03,1.084630e-08,3.797967e+01,8.044138e+00,2.993553e+01,3.961058e+01,1.700000e+02
1.251167e+06,1.448110e+01,1.020469e+05,1.181099e+00,9.483341e-01,9.482062e-01,1.020869e-03,1.084630e-08,3.797993e+01,8.044138e+00,2.993579e+01,3.961085e+01,1.700000e+02
1.251177e+06,1.448121e+01,1.020569e+05,1.181215e+00,9.483341e-01,9.482063e-01,1.020977e-03,1.084630e-08,3.798018e+01,8.044138e+00,2.993605e+01,3.961112e+01,1.700000e+02
1.251187e+06,1.448133e+01,1.020669e+05,1.181330e+00,9.483341e-01,9.482064e-01,1.021086e-03,1.084630e-08,3.798044e+01,8.044138e+00,2.993630e+01,3.961139e+01,1.700000e+02
1.251197e+06,1.448145e+01,1.020769e+05,1.181446e+00,9.483341e-01,9.482065e-01,1.021194e-03,1.084630e-08,3.798070e+01,8.044138e+00,2.993656e+01,3.961167e+01,1.700000e+02
1.251207e+06,1.448156e+01,1.020870e+05,1.181562e+00,9.483341e-01,9.482066e-01,1.021303e-03,1.084630e-08,3.798096e+01,8.044138e+00,2.993682e+01,3.961194e+01,1.700000e+02
1.251217e+06,1.448168e+01,1.020970e+05,1.181678e+00,9.483361e-01,9.482067e-01,1.021411e-03,1.084630e-08,3.798122e+01,8.044138e+00,2.993708e+01,3.961214e+01,1.700000e+02
1.251227e+06,1.448179e+01,1.021070e+05,1.181793e+00,9.483382e-01,9.482068e-01,1.021520e-03,1.084630e-08,3.798131e+01,8.044138e+00,2.993717e+01,3.961217e+01,1.700025e+02
1.251237e+06,1.448191e+01,1.021170e+05,1.181909e+00,9.483398e-01,9.482069e-01,1.021628e-03,1.084629e-08,3.798131e+01,8.044138e+00,2.993717e+01,3.961212e+01,1.700065e+02
1.251247e+06,1.448202e+01,1.021270e+05,1.182025e+00,9.483413e-01,9.482070e-01,1.021737e-03,1.084629e-08,3.798131e+01,8.044138e+00,2.993717e+01,3.961207e+01,1.700105e+02
1.251257e+06,1.448214e+01,1.021370e+05,1.182141e+00,9.483428e-01,9.482071e-01,1.021845e-03,1.084629e-08,3.798131e+01,8.044138e+00,2.993717e+01,3.961202e+01,1.700145e+02
1.251267e+06,1.448226e+01,1.021470e+05,1.182256e+00,9.483444e-01,9.482072e-01,1.021954e-03,1.084629e-08,3.798131e+01,8.044138e+00,2.993717e+01,3.961197e+01,1.700184e+02
1.251277e+06,1.448237e+01,1.021570e+05,1.182372e+00,9.483459e-01,9.482073e-01,1.022062e-03,1.084629e-08,3.798131e+01,8.044138e+00,2.993717e+01,3.961192e+01,1.700224e+02
1.251287e+06,1.448249e+01,1.021670e+05,1.182488e+00,9.483474e-01,9.482074e-01,1.022171e-03,1.084629e-08,3.798131e+01,8.044138e+00,2.993717e+01,3.961186e+01,1.700264e+02
1.251297e+06,1.448260e+01,1.021770e+05,1.182604e+00,9.483490e-01,9.482076e-01,1.022279e-03,1.084629e-08,3.798131e+01,8.044138e+00,2.993717e+01,3.961181e+01,1.700304e+02
1.251307e+06,1.448272e+01,1.021870e+05,1.182719e+00,9.483505e-01,9.482077e-01,1.022387e-03,1.084629e-08,3.798131e+01,8.044138e+00,2.993717e+01,3.961176e+01,1.700343e+02
1.251317e+06,1.448284e+01,1.021970e+05,1.182835e+00,9.483520e-01,9.482078e-01,1.022496e-03,1.084629e-08,3.798131e+01,8.044138e+00,2.993717e+01,3.961171e+01,1.700383e+02
1.251327e+06,1.448295e+01,1.022070e+05,1.182951e+00,9.483536e-01,9.482079e-01,1.022604e-03,1.084628e-08,3.798131e+01,8.044138e+00,2.993717e+01,3.961166e+01,1.700423e+02
1.251337e+06,1.448307e+01,1.022170e+05,1.183067e+00,9.483551e-01,9.482080e-01,1.022713e-03,1.084628e-08,3.798131e+01,8.044138e+00,2.993717e+01,3.961161e+01,1.700463e+02
1.251347e+06,1.448318e+01,1.022270e+05,1.183182e+00,9.483566e-01,9.482081e-01,1.022821e-03,1.084628e-08,3.798131e+01,8.044138e+00,2.993717e+01,3.961156e+01,1.700503e+02
1.251357e+06,1.448330e+01,1.022370e+05,1.183298e+00,9.483582e-01,9.482082e-01,1.022930e-03,1.084628e-08,3.798131e+01,8.044138e+00,2.993717e+01,3.961151e+01,1.700542e+02
1.251367e+06,1.448341e+01,1.022470e+05,1.183414e+00,9.483597e-01,9.482083e-01,1.023038e-03,1.084628e-08,3.798131e+01,8.044138e+00,2.993717e+01,3.961146e+01,1.700582e+02
1.251377e+06,1.448353e+01,1.022570e+05,1.183530e+00,9.483612e-01,9.482084e-01,1.023147e-03,1.084628e-08,3.798131e+01,8.044138e+00,2.993717e+01,3.961141e+01,1.700622e+02
1.251387e+06,1.448365e+01,1.022670e+05,1.183645e+00,9.483628e-01,9.482085e-01,1.023255e-03,1.084628e-08,3.798131e+01,8.044138e+00,2.993717e+01,3.961135e+01,1.700662e+02
1.251397e+06,1.448376e+01,1.022770e+05,1.183761e+00,9.483643e-01,9.482086e-01,1.023364e-03,1.084628e-08,3.798131e+01,8.044138e+00,2.993717e+01,3.961130e+01,1.700701e+02
1.251407e+06,1.448388e+01,1.022870e+05,1.183877e+00,9.483658e-01,9.482087e-01,1.023472e-03,1.084627e-08,3.798131e+01,8.044138e+00,2.993717e+01,3.961125e+01,1.700741e+02
1.251417e+06,1.448399e+01,1.022970e+05,1.183993e+00,9.483674e-01,9.482088e-01,1.023581e-03,1.084627e-08,3.798131e+01,8.044138e+00,2.993717e+01,3.961120e+01,1.700781e+02
1.251427e+06,1.448411e+01,1.023070e+05,1.184108e+00,9.483689e-01,9.482089e-01,1.023689e-03,1.084627e-08,3.798131e+01,8.044138e+00,2.993717e+01,3.961115e+01,1.700821e+02
1.251437e+06,1.448422e+01,1.023170e+05,1.184224e+00,9.483704e-01,9.482090e-01,1.023798e-03,1.084627e-08,3.798131e+01,8.044138e+00,2.993717e+01,3.961110e+01,1.700861e+02
1.251447e+06,1.448434e+01,1.023270e+05,1.184340e+00,9.483720e-01,9.482091e-01,1.023906e-03,1.084627e-08,3.798131e+01,8.044138e+00,2.993717e+01,3.961105e+01,1.700900e+02
1.251457e+06,1.448446e+01,1.023370e+05,1.184456e+00,9.483735e-01,9.482092e-01,1.024015e-03,1.084627e-08,3.798131e+01,8.044138e+00,2.993717e+01,3.961100e+01,1.700940e+02
1.251467e+06,1.448457e+01,1.023470e+05,1.184571e+00,9.483735e-01,9.482093e-01,1.024123e-03,1.084627e-08,3.798131e+01,8.044138e+00,2.993717e+01,3.961100e+01,1.700980e+02
1.251477e+06,1.448469e+01,1.023570e+05,1.184687e+00,9.483698e-01,9.482094e-01,1.024231e-03,1.084627e-08,3.798144e+01,8.044263e+00,2.993717e+01,3.961125e+01,1.701000e+02
1.251487e+06,1.448480e+01,1.023670e+05,1.184803e+00,9.483641e-01,9.482095e-01,1.024340e-03,1.084627e-08,3.798169e+01,8.044517e+00,2.993718e+01,3.961169e+01,1.701000e+02
1.251497e+06,1.448492e+01,1.023770e+05,1.184919e+00,9.483584e-01,9.482096e-01,1.024448e-03,1.084626e-08,3.798195e+01,8.044772e+00,2.993718e+01,3.961214e+01,1.701000e+02
1.251507e+06,1.448503e+01,1.023870e+05,1.185034e+00,9.483527e-01,9.482097e-01,1.024557e-03,1.084626e-08,3.798221e+01,8.045026e+00,2.993718e+01,3.961259e+01,1.701000e+02
1.251517e+06,1.448515e+01,1.023970e+05,1.185150e+00,9.483470e-01,9.482098e-01,1.024665e-03,1.084626e-08,3.798246e+01,8.045280e+00,2.993718e+01,3.961303e+01,1.701000e+02
1.251527e+06,1.448527e+01,1.024070e+05,1.185266e+00,9.483414e-01,9.482099e-01,1.024774e-03,1.084626e-08,3.798272e+01,8.045534e+00,2.993719e+01,3.961348e+01,1.701000e+02
1.251537e+06,1.448538e+01,1.024170e+05,1.185382e+00,9.483357e-01,9.482100e-01,1.024882e-03,1.084626e-08,3.798298e+01,8.045788e+00,2.993719e+01,3.961393e+01,1.701000e+02
1.251547e+06,1.448550e+01,1.024270e+05,1.185497e+00,9.483300e-01,9.482101e-01,1.024991e-03,1.084626e-08,3.798324e+01,8.046042e+00,2.993719e+01,3.961437e+01,1.701000e+02
1.251557e+06,1.448561e+01,1.024370e+05,1.185613e+00,9.483243e-01,9.482102e-01,1.025099e-03,1.084626e-08,3.798349e+01,8.046296e+00,2.993720e+01,3.961482e+01,1.701000e+02
1.251567e+06,1.448573e+01,1.024470e+05,1.185729e+00,9.483186e-01,9.482103e-01,1.025208e-03,1.084626e-08,3.798375e+01,8.046550e+00,2.993720e+01,3.961526e+01,1.701000e+02
1.251577e+06,1.448584e+01,1.024570e+05,1.185845e+00,9.483129e-01,9.482104e-01,1.025316e-03,1.084625e-08,3.798401e+01,8.046805e+00,2.993720e+01,3.961571e+01,1.701000e+02
1.251587e+06,1.448596e+01,1.024670e+05,1.185960e+00,9.483072e-01,9.482105e-01,1.025425e-03,1.084625e-08,3.798426e+01,8.047059e+00,2.993720e+01,3.961616e+01,1.701000e+02
1.251597e+06,1.448608e+01,1.024770e+05,1.186076e+00,9.483015e-01,9.482106e-01,1.025533e-03,1.084625e-08,3.798452e+01,8.047313e+00,2.993721e+01,3.961660e+01,1.701000e+02
1.251607e+06,1.448619e+01,1.024870e+05,1.186192e+00,9.482958e-01,9.482107e-01,1.025642e-03,1.084625e-08,3.798478e+01,8.047567e+00,2.993721e+01,3.961705e+01,1.701000e+02
1.251617e+06,1.448631e+01,1.024970e+05,1.186308e+00,9.482901e-01,9.482108e-01,1.025750e-03,1.084625e-08,3.798503e+01,8.047821e+00,2.993721e+01,3.961750e+01,1.701000e+02
1.251627e+06,1.448642e+01,1.025070e+05,1.186423e+00,9.482845e-01,9.482109e-01,1.025859e-03,1.084625e-08,3.798529e+01,8.048075e+00,2.993722e+01,3.961794e+01,1.701000e+02
1.251637e+06,1.448654e+01,1.025170e+05,1.186539e+00,9.482788e-01,9.482110e-01,1.025967e-03,1.084625e-08,3.798555e+01,8.048329e+00,2.993722e+01,3.961839e+01,1.701000e+02
1.251647e+06,1.448665e+01,1.025270e+05,1.186655e+00,9.482731e-01,9.482112e-01,1.026075e-03,1.084625e-08,3.798580e+01,8.048583e+00,2.993722e+01,3.961884e+01,1.701000e+02
1.251657e+06,1.448677e+01,1.025370e+05,1.186771e+00,9.482674e-01,9.482113e-01,1.026184e-03,1.084625e-08,3.798606e+01,8.048838e+00,2.993722e+01,3.961928e+01,1.701000e+02
1.251667e+06,1.448689e+01,1.025470e+05,1.186886e+00,9.482617e-01,9.482114e-01,1.026292e-03,1.084624e-08,3.798632e+01,8.049092e+00,2.993723e+01,3.961973e+01,1.701000e+02
1.251677e+06,1.448700e+01,1.025570e+05,1.187002e+00,9.482560e-01,9.482115e-01,1.026401e-03,1.084624e-08,3.798657e+01,8.049346e+00,2.993723e+01,3.962018e+01,1.701000e+02
1.251687e+06,1.448712e+01,1.025670e+05,1.187118e+00,9.482503e-01,9.482116e-01,1.026509e-03,1.084624e-08,3.798683e+01,8.049600e+00,2.993723e+01,3.962062e+01,1.701000e+02
1.251697e+06,1.448723e+01,1.025770e+05,1.187234e+00,9.482446e-01,9.482117e-01,1.026618e-03,1.084624e-08,3.798709e+01,8.049854e+00,2.993723e+01,3.962107e+01,1.701000e+02
1.251707e+06,1.448735e+01,1.025870e+05,1.187349e+00,9.482389e-01,9.482118e-01,1.026726e-03,1.084624e-08,3.798735e+01,8.050108e+00,2.993724e+01,3.962152e+01,1.701000e+02
1.251717e+06,1.448747e+01,1.025970e+05,1.187465e+00,9.482366e-01,9.482119e-01,1.026835e-03,1.084624e-08,3.798760e+01,8.050362e+00,2.993724e+01,3.962185e+01,1.701000e+02
1.251727e+06,1.448758e+01,1.026070e+05,1.187581e+00,9.482505e-01,9.482120e-01,1.026943e-03,1.084624e-08,3.798826e+01,8.050350e+00,2.993791e+01,3.962208e+01,1.701042e+02
1.251737e+06,1.448770e+01,1.026170e+05,1.187697e+00,9.482764e-01,9.482121e-01,1.027052e-03,1.084624e-08,3.798929e+01,8.050096e+00,2.993919e+01,3.962232e+01,1.701122e+02
1.251747e+06,1.448781e+01,1.026270e+05,1.187812e+00,9.483023e-01,9.482122e-01,1.027160e-03,1.084623e-08,3.799031e+01,8.049843e+00,2.994047e+01,3.962255e+01,1.701202e+02
1.251757e+06,1.448793e+01,1.026370e+05,1.187928e+00,9.483281e-01,9.482123e-01,1.027269e-03,1.084623e-08,3.799133e+01,8.049590e+00,2.994174e+01,3.962278e+01,1.701281e+02
1.251767e+06,1.448804e+01,1.026470e+05,1.188044e+00,9.483540e-01,9.482124e-01,1.027377e-03,1.084623e-08,3.799236e+01,8.049337e+00,2.994302e+01,3.962301e+01,1.701361e+02
1.251777e+06,1.448816e+01,1.026570e+05,1.188160e+00,9.483799e-01,9.482125e-01,1.027486e-03,1.084623e-08,3.799338e+01,8.049083e+00,2.994430e+01,3.962324e+01,1.701441e+02
1.251787e+06,1.448828e+01,1.026670e+05,1.188275e+00,9.484057e-01,9.482126e-01,1.027594e-03,1.084623e-08,3.799441e+01,8.048830e+00,2.994558e+01,3.962348e+01,1.701521e+02
1.251797e+06,1.448839e+01,1.026770e+05,1.188391e+00,9.484316e-01,9.482127e-01,1.027703e-03,1.084623e-08,3.799543e+01,8.048577e+00,2.994685e+01,3.962371e+01,1.701601e+02
1.251807e+06,1.448851e+01,1.026870e+05,1.188507e+00,9.484575e-01,9.482128e-01,1.027811e-03,1.084623e-08,3.799645e+01,8.048324e+00,2.994813e+01,3.962394e+01,1.701681e+02
1.251817e+06,1.448862e+01,1.026970e+05,1.188623e+00,9.484834e-01,9.482129e-01,1.027919e-03,1.084623e-08,3.799748e+01,8.048070e+00,2.994941e+01,3.962417e+01,1.701760e+02
1.251827e+06,1.448874e+01,1.027070e+05,1.188738e+00,9.485092e-01,9.482130e-01,1.028028e-03,1.084623e-08,3.799850e+01,8.047817e+00,2.995069e+01,3.962441e+01,1.701840e+02
1.251837e+06,1.448885e+01,1.027170e+05,1.188854e+00,9.485351e-01,9.482131e-01,1.028136e-03,1.084622e-08,3.799953e+01,8.047564e+00,2.995196e+01,3.962464e+01,1.701920e+02
1.251847e+06,1.448897e+01,1.027270e+05,1.188970e+00,9.485610e-01,9.482132e-01,1.028245e-03,1.084622e-08,3.800055e+01,8.047311e+00,2.995324e+01,3.962487e+01,1.702000e+02
1.251857e+06,1.448909e+01,1.027370e+05,1.189086e+00,9.485868e-01,9.482133e-01,1.028353e-03,1.084622e-08,3.800157e+01,8.047057e+00,2.995452e+01,3.962510e+01,1.702080e+02
1.251867e+06,1.448920e+01,1.027470e+05,1.189201e+00,9.486127e-01,9.482134e-01,1.028462e-03,1.084622e-08,3.800260e+01,8.046804e+00,2.995579e+01,3.962533e+01,1.702160e+02
1.251877e+06,1.448932e+01,1.027570e+05,1.189317e+00,9.486386e-01,9.482135e-01,1.028570e-03,1.084622e-08,3.800362e+01,8.046551e+00,2.995707e+01,3.962557e+01,1.702239e+02
1.251887e+06,1.448943e+01,1.027670e+05,1.189433e+00,9.486644e-01,9.482136e-01,1.028679e-03,1.084622e-08,3.800465e+01,8.046298e+00,2.995835e+01,3.962580e+01,1.702319e+02
1.251897e+06,1.448955e+01,1.027770e+05,1.189549e+00,9.486903e-01,9.482137e-01,1.028787e-03,1.084622e-08,3.800567e+01,8.046044e+00,2.995963e+01,3.962603e+01,1.702399e+02
1.251907e+06,1.448966e+01,1.027870e+05,1.189664e+00,9.487162e-01,9.482138e-01,1.028896e-03,1.084622e-08,3.800669e+01,8.045791e+00,2.996090e+01,3.962626e+01,1.702479e+02
1.251917e+06,1.448978e+01,1.027970e+05,1.189780e+00,9.487420e-01,9.482139e-01,1.029004e-03,1.084621e-08,3.800772e+01,8.045538e+00,2.996218e+01,3.962649e+01,1.702559e+02
1.251927e+06,1.448990e+01,1.028070e+05,1.189896e+00,9.487679e-01,9.482140e-01,1.029113e-03,1.084621e-08,3.800874e+01,8.045285e+00,2.996346e+01,3.962673e+01,1.702639e+02
1.251937e+06,1.449001e+01,1.028170e+05,1.190012e+00,9.487938e-01,9.482141e-01,1.029221e-03,1.084621e-08,3.800977e+01,8.045032e+00,2.996473e+01,3.962696e+01,1.702718e+02
1.251947e+06,1.449013e+01,1.028270e+05,1.190127e+00,9.488197e-01,9.482142e-01,1.029330e-03,1.084621e-08,3.801079e+01,8.044778e+00,2.996601e+01,3.962719e+01,1.702798e+02
1.251957e+06,1.449024e+01,1.028370e+05,1.190243e+00,9.488455e-01,9.482143e-01,1.029438e-03,1.084621e-08,3.801181e+01,8.044525e+00,2.996729e+01,3.962742e+01,1.702878e+02
1.251967e+06,1.449036e+01,1.028470e+05,1.190359e+00,9.488684e-01,9.482144e-01,1.029546e-03,1.084621e-08,3.801284e+01,8.044272e+00,2.996857e+01,3.962775e+01,1.702958e+02
1.251977e+06,1.449047e+01,1.028570e+05,1.190475e+00,9.488713e-01,9.482145e-01,1.029655e-03,1.084621e-08,3.801253e+01,8.044138e+00,2.996839e+01,3.962734e+01,1.703000e+02
1.251987e+06,1.449059e+01,1.028670e+05,1.190590e+00,9.488555e-01,9.482146e-01,1.029763e-03,1.084621e-08,3.801073e+01,8.044138e+00,2.996660e+01,3.962597e+01,1.703000e+02
1.251997e+06,1.449071e+01,1.028770e+05,1.190706e+00,9.488398e-01,9.482148e-01,1.029872e-03,1.084621e-08,3.800894e+01,8.044138e+00,2.996480e+01,3.962460e+01,1.703000e+02
1.252007e+06,1.449082e+01,1.028870e+05,1.190822e+00,9.488241e-01,9.482149e-01,1.029980e-03,1.084620e-08,3.800714e+01,8.044138e+00,2.996300e+01,3.962323e+01,1.703000e+02
1.252017e+06,1.449094e+01,1.028970e+05,1.190938e+00,9.488084e-01,9.482150e-01,1.030089e-03,1.084620e-08,3.800534e+01,8.044138e+00,2.996120e+01,3.962185e+01,1.703000e+02
1.252027e+06,1.449105e+01,1.029070e+05,1.191053e+00,9.487926e-01,9.482151e-01,1.030197e-03,1.084620e-08,3.800354e+01,8.044138e+00,2.995940e+01,3.962048e+01,1.703000e+02
1.252037e+06,1.449117e+01,1.029170e+05,1.191169e+00,9.487769e-01,9.482152e-01,1.030306e-03,1.084620e-08,3.800174e+01,8.044138e+00,2.995760e+01,3.961911e+01,1.703000e+02
1.252047e+06,1.449128e+01,1.029270e+05,1.191285e+00,9.487612e-01,9.482153e-01,1.030414e-03,1.084620e-08,3.799994e+01,8.044138e+00,2.995581e+01,3.961774e+01,1.703000e+02
1.252057e+06,1.449140e+01,1.029370e+05,1.191401e+00,9.487454e-01,9.482154e-01,1.030523e-03,1.084620e-08,3.799815e+01,8.044138e+00,2.995401e+01,3.961637e+01,1.703000e+02
1.252067e+06,1.449152e+01,1.029470e+05,1.191516e+00,9.487297e-01,9.482155e-01,1.030631e-03,1.084620e-08,3.799635e+01,8.044138e+00,2.995221e+01,3.961499e+01,1.703000e+02
1.252077e+06,1.449163e+01,1.029570e+05,1.191632e+00,9.487140e-01,9.482156e-01,1.030740e-03,1.084620e-08,3.799455e+01,8.044138e+00,2.995041e+01,3.961362e+01,1.703000e+02
1.252087e+06,1.449175e+01,1.029670e+05,1.191748e+00,9.486983e-01,9.482157e-01,1.030848e-03,1.084619e-08,3.799275e+01,8.044138e+00,2.994861e+01,3.961225e+01,1.703000e+02
1.252097e+06,1.449186e+01,1.029770e+05,1.191864e+00,9.486825e-01,9.482158e-01,1.030957e-03,1.084619e-08,3.799095e+01,8.044138e+00,2.994682e+01,3.961088e+01,1.703000e+02
1.252107e+06,1.449198e+01,1.029870e+05,1.191979e+00,9.486668e-01,9.482159e-01,1.031065e-03,1.084619e-08,3.798916e+01,8.044138e+00,2.994502e+01,3.960951e+01,1.703000e+02
1.252117e+06,1.449210e+01,1.029970e+05,1.192095e+00,9.486511e-01,9.482160e-01,1.031174e-03,1.084619e-08,3.798736e+01,8.044138e+00,2.994322e+01,3.960813e+01,1.703000e+02
1.252127e+06,1.449221e+01,1.030070e+05,1.192211e+00,9.486353e-01,9.482161e-01,1.031282e-03,1.084619e-08,3.798556e+01,8.044138e+00,2.994142e+01,3.960676e+01,1.703000e+02
1.252137e+06,1.449233e+01,1.030170e+05,1.192327e+00,9.486196e-01,9.482162e-01,1.031390e-03,1.084619e-08,3.798376e+01,8.044138e+00,2.993962e+01,3.960539e+01,1.703000e+02
1.252147e+06,1.449244e+01,1.030270e+05,1.192442e+00,9.486039e-01,9.482163e-01,1.031499e-03,1.084619e-08,3.798196e+01,8.044138e+00,2.993782e+01,3.960402e+01,1.703000e+02
1.252157e+06,1.449256e+01,1.030370e+05,1.192558e+00,9.485882e-01,9.482164e-01,1.031607e-03,1.084619e-08,3.798016e+01,8.044138e+00,2.993603e+01,3.960265e+01,1.703000e+02
1.252167e+06,1.449267e+01,1.030470e+05,1.192674e+00,9.485724e-01,9.482165e-01,1.031716e-03,1.084619e-08,3.797837e+01,8.044138e+00,2.993423e+01,3.960127e+01,1.703000e+02
1.252177e+06,1.449279e+01,1.030570e+05,1.192790e+00,9.485567e-01,9.482166e-01,1.031824e-03,1.084618e-08,3.797657e+01,8.044138e+00,2.993243e+01,3.959990e+01,1.703000e+02
1.252187e+06,1.449291e+01,1.030670e+05,1.192905e+00,9.485410e-01,9.482167e-01,1.031933e-03,1.084618e-08,3.797477e+01,8.044138e+00,2.993063e+01,3.959853e+01,1.703000e+02
1.252197e+06,1.449302e+01,1.030770e+05,1.193021e+00,9.485252e-01,9.482168e-01,1.032041e-03,1.084618e-08,3.797297e+01,8.044138e+00,2.992883e+01,3.959716e+01,1.703000e+02
1.252207e+06,1.449314e+01,1.030870e+05,1.193137e+00,9.485095e-01,9.482169e-01,1.032150e-03,1.084618e-08,3.797117e+01,8.044138e+00,2.992704e+01,3.959578e+01,1.703000e+02
1.252217e+06,1.449325e+01,1.030970e+05,1.193253e+00,9.484938e-01,9.482170e-01,1.032258e-03,1.084618e-08,3.796938e+01,8.044138e+00,2.992524e+01,3.959441e+01,1.703000e+02
1.252227e+06,1.449337e+01,1.031070e+05,1.193368e+00,9.484869e-01,9.482171e-01,1.032367e-03,1.084618e-08,3.796874e+01,8.044138e+00,2.992460e+01,3.959397e+01,1.703000e+02
1.252237e+06,1.449348e+01,1.031170e+05,1.193484e+00,9.484886e-01,9.482172e-01,1.032475e-03,1.084618e-08,3.796926e+01,8.044138e+00,2.992512e+01,3.959446e+01,1.703000e+02
1.252247e+06,1.449360e+01,1.031270e+05,1.193600e+00,9.484904e-01,9.482173e-01,1.032584e-03,1.084618e-08,3.796977e+01,8.044138e+00,2.992563e+01,3.959494e+01,1.703000e+02
1.252257e+06,1.449372e+01,1.031370e+05,1.193716e+00,9.484921e-01,9.482174e-01,1.032692e-03,1.084617e-08,3.797028e+01,8.044138e+00,2.992614e+01,3.959542e+01,1.703000e+02
1.252267e+06,1.449383e+01,1.031470e+05,1.193831e+00,9.484939e-01,9.482175e-01,1.032801e-03,1.084617e-08,3.797080e+01,8.044138e+00,2.992666e+01,3.959590e+01,1.703000e+02
1.252277e+06,1.449395e+01,1.031570e+05,1.193947e+00,9.484957e-01,9.482176e-01,1.032909e-03,1.084617e-08,3.797131e+01,8.044138e+00,2.992717e+01,3.959639e+01,1.703000e+02
1.252287e+06,1.449406e+01,1.031670e+05,1.194063e+00,9.484974e-01,9.482177e-01,1.033018e-03,1.084617e-08,3.797182e+01,8.044138e+00,2.992769e+01,3.959687e+01,1.703000e+02
1.252297e+06,1.449418e+01,1.031770e+05,1.194179e+00,9.484992e-01,9.482178e-01,1.033126e-03,1.084617e-08,3.797234e+01,8.044138e+00,2.992820e+01,3.959735e+01,1.703000e+02
1.252307e+06,1.449429e+01,1.031870e+05,1.194294e+00,9.485009e-01,9.482179e-01,1.033234e-03,1.084617e-08,3.797285e+01,8.044138e+00,2.992871e+01,3.959784e+01,1.703000e+02
1.252317e+06,1.449441e+01,1.031970e+05,1.194410e+00,9.485027e-01,9.482180e-01,1.033343e-03,1.084617e-08,3.797337e+01,8.044138e+00,2.992923e+01,3.959832e+01,1.703000e+02
1.252327e+06,1.449453e+01,1.032070e+05,1.194526e+00,9.485045e-01,9.482181e-01,1.033451e-03,1.084617e-08,3.797388e+01,8.044138e+00,2.992974e+01,3.959880e+01,1.703000e+02
1.252337e+06,1.449464e+01,1.032170e+05,1.194642e+00,9.485062e-01,9.482182e-01,1.033560e-03,1.084617e-08,3.797439e+01,8.044138e+00,2.993025e+01,3.959929e+01,1.703000e+02
1.252347e+06,1.449476e+01,1.032270e+05,1.194757e+00,9.485080e-01,9.482184e-01,1.033668e-03,1.084616e-08,3.797491e+01,8.044138e+00,2.993077e+01,3.959977e+01,1.703000e+02
1.252357e+06,1.449487e+01,1.032370e+05,1.194873e+00,9.485097e-01,9.482185e-01,1.033777e-03,1.084616e-08,3.797542e+01,8.044138e+00,2.993128e+01,3.960025e+01,1.703000e+02
1.252367e+06,1.449499e+01,1.032470e+05,1.194989e+00,9.485115e-01,9.482186e-01,1.033885e-03,1.084616e-08,3.797593e+01,8.044138e+00,2.993180e+01,3.960074e+01,1.703000e+02
1.252377e+06,1.449510e+01,1.032570e+05,1.195105e+00,9.485132e-01,9.482187e-01,1.033994e-03,1.084616e-08,3.797645e+01,8.044138e+00,2.993231e+01,3.960122e+01,1.703000e+02
1.252387e+06,1.449522e+01,1.032670e+05,1.195220e+00,9.485150e-01,9.482188e-01,1.034102e-03,1.084616e-08,3.797696e+01,8.044138e+00,2.993282e+01,3.960170e+01,1.703000e+02
1.252397e+06,1.449534e+01,1.032770e+05,1.195336e+00,9.485168e-01,9.482189e-01,1.034211e-03,1.084616e-08,3.797748e+01,8.044138e+00,2.993334e+01,3.960219e+01,1.703000e+02
1.252407e+06,1.449545e+01,1.032870e+05,1.195452e+00,9.485185e-01,9.482190e-01,1.034319e-03,1.084616e-08,3.797799e+01,8.044138e+00,2.993385e+01,3.960267e+01,1.703000e+02
1.252417e+06,1.449557e+01,1.032970e+05,1.195568e+00,9.485203e-01,9.482191e-01,1.034428e-03,1.084616e-08,3.797850e+01,8.044138e+00,2.993437e+01,3.960315e+01,1.703000e+02
1.252427e+06,1.449568e+01,1.033070e+05,1.195683e+00,9.485220e-01,9.482192e-01,1.034536e-03,1.084615e-08,3.797902e+01,8.044138e+00,2.993488e+01,3.960364e+01,1.703000e+02
1.252437e+06,1.449580e+01,1.033170e+05,1.195799e+00,9.485238e-01,9.482193e-01,1.034645e-03,1.084615e-08,3.797953e+01,8.044138e+00,2.993539e+01,3.960412e+01,1.703000e+02
1.252447e+06,1.449591e+01,1.033270e+05,1.195915e+00,9.485256e-01,9.482194e-01,1.034753e-03,1.084615e-08,3.798004e+01,8.044138e+00,2.993591e+01,3.960460e+01,1.703000e+02
1.252457e+06,1.449603e+01,1.033370e+05,1.196031e+00,9.485273e-01,9.482195e-01,1.034861e-03,1.084615e-08,3.798056e+01,8.044138e+00,2.993642e+01,3.960508e+01,1.703000e+02
1.252467e+06,1.449615e+01,1.033470e+05,1.196146e+00,9.485274e-01,9.482196e-01,1.034970e-03,1.084615e-08,3.798107e+01,8.044138e+00,2.993693e+01,3.960562e+01,1.703000e+02
1.252477e+06,1.449626e+01,1.033570e+05,1.196262e+00,9.485184e-01,9.482197e-01,1.035078e-03,1.084615e-08,3.798186e+01,8.044138e+00,2.993772e+01,3.960675e+01,1.702979e+02
1.252487e+06,1.449638e+01,1.033670e+05,1.196378e+00,9.485028e-01,9.482198e-01,1.035187e-03,1.084615e-08,3.798288e+01,8.044138e+00,2.993874e+01,3.960835e+01,1.702939e+02
1.252497e+06,1.449649e+01,1.033770e+05,1.196493e+00,9.484872e-01,9.482199e-01,1.035295e-03,1.084615e-08,3.798391e+01,8.044138e+00,2.993977e+01,3.960995e+01,1.702899e+02
1.252507e+06,1.449661e+01,1.033870e+05,1.196609e+00,9.484717e-01,9.482200e-01,1.035404e-03,1.084615e-08,3.798493e+01,8.044138e+00,2.994079e+01,3.961155e+01,1.702859e+02
1.252517e+06,1.449672e+01,1.033970e+05,1.196725e+00,9.484561e-01,9.482201e-01,1.035512e-03,1.084614e-08,3.798595e+01,8.044138e+00,2.994182e+01,3.961314e+01,1.702819e+02
1.252527e+06,1.449684e+01,1.034070e+05,1.196841e+00,9.484406e-01,9.482202e-01,1.035621e-03,1.084614e-08,3.798698e+01,8.044138e+00,2.994284e+01,3.961474e+01,1.702779e+02
1.252537e+06,1.449696e+01,1.034170e+05,1.196956e+00,9.484250e-01,9.482203e-01,1.035729e-03,1.084614e-08,3.798800e+01,8.044138e+00,2.994386e+01,3.961634e+01,1.702739e+02
1.252547e+06,1.449707e+01,1.034270e+05,1.197072e+00,9.484095e-01,9.482204e-01,1.035838e-03,1.084614e-08,3.798903e+01,8.044138e+00,2.994489e+01,3.961794e+01,1.702699e+02
1.252557e+06,1.449719e+01,1.034370e+05,1.197188e+00,9.483939e-01,9.482205e-01,1.035946e-03,1.084614e-08,3.799005e+01,8.044138e+00,2.994591e+01,3.961953e+01,1.702659e+02
1.252567e+06,1.449730e+01,1.034470e+05,1.197304e+00,9.483783e-01,9.482206e-01,1.036055e-03,1.084614e-08,3.799107e+01,8.044138e+00,2.994694e+01,3.962113e+01,1.702619e+02
1.252577e+06,1.449742e+01,1.034570e+05,1.197419e+00,9.483628e-01,9.482207e-01,1.036163e-03,1.084614e-08,3.799210e+01,8.044138e+00,2.994796e+01,3.962273e+01,1.702579e+02
1.252587e+06,1.449754e+01,1.034670e+05,1.197535e+00,9.483472e-01,9.482208e-01,1.036272e-03,1.084614e-08,3.799312e+01,8.044138e+00,2.994898e+01,3.962433e+01,1.702540e+02
1.252597e+06,1.449765e+01,1.034770e+05,1.197651e+00,9.483317e-01,9.482209e-01,1.036380e-03,1.084613e-08,3.799415e+01,8.044138e+00,2.995001e+01,3.962593e+01,1.702500e+02
1.252607e+06,1.449777e+01,1.034870e+05,1.197767e+00,9.483161e-01,9.482210e-01,1.036489e-03,1.084613e-08,3.799517e+01,8.044138e+00,2.995103e+01,3.962752e+01,1.702460e+02
1.252617e+06,1.449788e+01,1.034970e+05,1.197882e+00,9.483005e-01,9.482211e-01,1.036597e-03,1.084613e-08,3.799619e+01,8.044138e+00,2.995206e+01,3.962912e+01,1.702420e+02
1.252627e+06,1.449800e+01,1.035070e+05,1.197998e+00,9.482850e-01,9.482212e-01,1.036705e-03,1.084613e-08,3.799722e+01,8.044138e+00,2.995308e+01,3.963072e+01,1.702380e+02
1.252637e+06,1.449811e+01,1.035170e+05,1.198114e+00,9.482694e-01,9.482213e-01,1.036814e-03,1.084613e-08,3.799824e+01,8.044138e+00,2.995410e+01,3.963232e+01,1.702340e+02
1.252647e+06,1.449823e+01,1.035270e+05,1.198230e+00,9.482539e-01,9.482214e-01,1.036922e-03,1.084613e-08,3.799927e+01,8.044138e+00,2.995513e+01,3.963392e+01,1.702300e+02
1.252657e+06,1.449835e+01,1.035370e+05,1.198345e+00,9.482383e-01,9.482215e-01,1.037031e-03,1.084613e-08,3.800029e+01,8.044138e+00,2.995615e+01,3.963551e+01,1.702260e+02
1.252667e+06,1.449846e+01,1.035470e+05,1.198461e+00,9.482227e-01,9.482216e-01,1.037139e-03,1.084613e-08,3.800131e+01,8.044138e+00,2.995718e+01,3.963711e+01,1.702220e+02
1.252677e+06,1.449858e+01,1.035571e+05,1.198577e+00,9.482072e-01,9.482217e-01,1.037248e-03,1.084613e-08,3.800234e+01,8.044138e+00,2.995820e+01,3.963871e+01,1.702180e+02
1.252687e+06,1.449869e+01,1.035671e+05,1.198693e+00,9.481916e-01,9.482218e-01,1.037356e-03,1.084612e-08,3.800336e+01,8.044138e+00,2.995922e+01,3.964031e+01,1.702140e+02
1.252697e+06,1.449881e+01,1.035771e+05,1.198808e+00,9.481761e-01,9.482220e-01,1.037465e-03,1.084612e-08,3.800439e+01,8.044138e+00,2.996025e+01,3.964191e+01,1.702101e+02
1.252707e+06,1.449892e+01,1.035871e+05,1.198924e+00,9.481605e-01,9.482221e-01,1.037573e-03,1.084612e-08,3.800541e+01,8.044138e+00,2.996127e+01,3.964351e+01,1.702061e+02
1.252717e+06,1.449904e+01,1.035971e+05,1.199040e+00,9.481449e-01,9.482222e-01,1.037682e-03,1.084612e-08,3.800643e+01,8.044138e+00,2.996230e+01,3.964510e+01,1.702021e+02
1.252727e+06,1.449916e+01,1.036071e+05,1.199156e+00,9.481397e-01,9.482223e-01,1.037790e-03,1.084612e-08,3.800647e+01,8.044260e+00,2.996221e+01,3.964531e+01,1.701981e+02
1.252737e+06,1.449927e+01,1.036171e+05,1.199271e+00,9.481456e-01,9.482224e-01,1.037899e-03,1.084612e-08,3.800544e+01,8.044514e+00,2.996093e+01,3.964402e+01,1.701941e+02
1.252747e+06,1.449939e+01,1.036271e+05,1.199387e+00,9.481515e-01,9.482225e-01,1.038007e-03,1.084612e-08,3.800442e+01,8.044768e+00,2.995965e+01,3.964272e+01,1.701901e+02
1.252757e+06,1.449950e+01,1.036371e+05,1.199503e+00,9.481574e-01,9.482226e-01,1.038116e-03,1.084612e-08,3.800339e+01,8.045023e+00,2.995837e+01,3.964143e+01,1.701861e+02
1.252767e+06,1.449962e+01,1.036471e+05,1.199619e+00,9.481633e-01,9.482227e-01,1.038224e-03,1.084611e-08,3.800236e+01,8.045277e+00,2.995708e+01,3.964013e+01,1.701821e+02
1.252777e+06,1.449973e+01,1.036571e+05,1.199734e+00,9.481692e-01,9.482228e-01,1.038332e-03,1.084611e-08,3.800133e+01,8.045531e+00,2.995580e+01,3.963884e+01,1.701780e+02
1.252787e+06,1.449985e+01,1.036671e+05,1.199850e+00,9.481751e-01,9.482229e-01,1.038441e-03,1.084611e-08,3.800031e+01,8.045785e+00,2.995452e+01,3.963755e+01,1.701740e+02
1.252797e+06,1.449997e+01,1.036771e+05,1.199966e+00,9.481810e-01,9.482230e-01,1.038549e-03,1.084611e-08,3.799928e+01,8.046039e+00,2.995324e+01,3.963625e+01,1.701700e+02
1.252807e+06,1.450008e+01,1.036871e+05,1.200082e+00,9.481869e-01,9.482231e-01,1.038658e-03,1.084611e-08,3.799825e+01,8.046293e+00,2.995196e+01,3.963496e+01,1.701660e+02
1.252817e+06,1.450020e+01,1.036971e+05,1.200197e+00,9.481928e-01,9.482232e-01,1.038766e-03,1.084611e-08,3.799722e+01,8.046547e+00,2.995068e+01,3.963366e+01,1.701620e+02
1.252827e+06,1.450031e+01,1.037071e+05,1.200313e+00,9.481987e-01,9.482233e-01,1.038875e-03,1.084611e-08,3.799620e+01,8.046801e+00,2.994939e+01,3.963237e+01,1.701580e+02
1.252837e+06,1.450043e+01,1.037171e+05,1.200429e+00,9.482046e-01,9.482234e-01,1.038983e-03,1.084611e-08,3.799517e+01,8.047056e+00,2.994811e+01,3.963107e+01,1.701540e+02
1.252847e+06,1.450054e+01,1.037271e+05,1.200545e+00,9.482105e-01,9.482235e-01,1.039092e-03,1.084611e-08,3.799414e+01,8.047310e+00,2.994683e+01,3.962978e+01,1.701500e+02
1.252857e+06,1.450066e+01,1.037371e+05,1.200660e+00,9.482164e-01,9.482236e-01,1.039200e-03,1.084610e-08,3.799311e+01,8.047564e+00,2.994555e+01,3.962849e+01,1.701460e+02
1.252867e+06,1.450078e+01,1.037471e+05,1.200776e+00,9.482223e-01,9.482237e-01,1.039309e-03,1.084610e-08,3.799209e+01,8.047818e+00,2.994427e+01,3.962719e+01,1.701420e+02
1.252877e+06,1.450089e+01,1.037571e+05,1.200892e+00,9.482282e-01,9.482238e-01,1.039417e-03,1.084610e-08,3.799106e+01,8.048072e+00,2.994299e+01,3.962590e+01,1.701380e+02
1.252887e+06,1.450101e+01,1.037671e+05,1.201008e+00,9.482341e-01,9.482239e-01,1.039526e-03,1.084610e-08,3.799003e+01,8.048326e+00,2.994170e+01,3.962460e+01,1.701340e+02
1.252897e+06,1.450112e+01,1.037771e+05,1.201123e+00,9.482400e-01,9.482240e-01,1.039634e-03,1.084610e-08,3.798900e+01,8.048580e+00,2.994042e+01,3.962331e+01,1.701300e+02
1.252907e+06,1.450124e+01,1.037871e+05,1.201239e+00,9.482459e-01,9.482241e-01,1.039743e-03,1.084610e-08,3.798798e+01,8.048834e+00,2.993914e+01,3.962202e+01,1.701260e+02
1.252917e+06,1.450135e+01,1.037971e+05,1.201355e+00,9.482518e-01,9.482242e-01,1.039851e-03,1.084610e-08,3.798695e+01,8.049089e+00,2.993786e+01,3.962072e+01,1.701220e+02
1.252927e+06,1.450147e+01,1.038071e+05,1.201471e+00,9.482577e-01,9.482243e-01,1.039960e-03,1.084610e-08,3.798592e+01,8.049343e+00,2.993658e+01,3.961943e+01,1.701180e+02
1.252937e+06,1.450159e+01,1.038171e+05,1.201586e+00,9.482636e-01,9.482244e-01,1.040068e-03,1.084609e-08,3.798489e+01,8.049597e+00,2.993530e+01,3.961813e+01,1.701140e+02
1.252947e+06,1.450170e+01,1.038271e+05,1.201702e+00,9.482695e-01,9.482245e-01,1.040176e-03,1.084609e-08,3.798387e+01,8.049851e+00,2.993401e+01,3.961684e+01,1.701100e+02
1.252957e+06,1.450182e+01,1.038371e+05,1.201818e+00,9.482754e-01,9.482246e-01,1.040285e-03,1.084609e-08,3.798284e+01,8.050105e+00,2.993273e+01,3.961555e+01,1.701060e+02
1.252967e+06,1.450193e+01,1.038471e+05,1.201934e+00,9.482813e-01,9.482247e-01,1.040393e-03,1.084609e-08,3.798181e+01,8.050359e+00,2.993145e+01,3.961425e+01,1.701019e+02
1.252977e+06,1.450205e+01,1.038571e+05,1.202049e+00,9.482819e-01,9.482248e-01,1.040502e-03,1.084609e-08,3.798118e+01,8.050483e+00,2.993070e+01,3.961356e+01,1.700979e+02
1.252987e+06,1.450217e+01,1.038671e+05,1.202165e+00,9.482773e-01,9.482249e-01,1.040610e-03,1.084609e-08,3.798092e+01,8.050483e+00,2.993044e+01,3.961344e+01,1.700939e+02
1.252997e+06,1.450228e+01,1.038771e+05,1.202281e+00,9.482728e-01,9.482250e-01,1.040719e-03,1.084609e-08,3.798066e+01,8.050483e+00,2.993018e+01,3.961332e+01,1.700899e+02
1.253007e+06,1.450240e+01,1.038871e+05,1.202397e+00,9.482682e-01,9.482251e-01,1.040827e-03,1.084609e-08,3.798041e+01,8.050483e+00,2.992993e+01,3.961320e+01,1.700859e+02
1.253017e+06,1.450251e+01,1.038971e+05,1.202512e+00,9.482637e-01,9.482252e-01,1.040936e-03,1.084609e-08,3.798015e+01,8.050483e+00,2.992967e+01,3.961308e+01,1.700819e+02
1.253027e+06,1.450263e+01,1.039071e+05,1.202628e+00,9.482591e-01,9.482253e-01,1.041044e-03,1.084608e-08,3.797989e+01,8.050483e+00,2.992941e+01,3.961297e+01,1.700779e+02
1.253037e+06,1.450274e+01,1.039171e+05,1.202744e+00,9.482546e-01,9.482254e-01,1.041153e-03,1.084608e-08,3.797964e+01,8.050483e+00,2.992915e+01,3.961285e+01,1.700739e+02
1.253047e+06,1.450286e+01,1.039271e+05,1.202860e+00,9.482500e-01,9.482256e-01,1.041261e-03,1.084608e-08,3.797938e+01,8.050483e+00,2.992890e+01,3.961273e+01,1.700699e+02
1.253057e+06,1.450298e+01,1.039371e+05,1.202975e+00,9.482455e-01,9.482257e-01,1.041370e-03,1.084608e-08,3.797912e+01,8.050483e+00,2.992864e+01,3.961261e+01,1.700659e+02
1.253067e+06,1.450309e+01,1.039471e+05,1.203091e+00,9.482409e-01,9.482258e-01,1.041478e-03,1.084608e-08,3.797887e+01,8.050483e+00,2.992838e+01,3.961249e+01,1.700619e+02
1.253077e+06,1.450321e+01,1.039571e+05,1.203207e+00,9.482364e-01,9.482259e-01,1.041587e-03,1.084608e-08,3.797861e+01,8.050483e+00,2.992813e+01,3.961237e+01,1.700579e+02
1.253087e+06,1.450332e+01,1.039671e+05,1.203323e+00,9.482318e-01,9.482260e-01,1.041695e-03,1.084608e-08,3.797835e+01,8.050483e+00,2.992787e+01,3.961225e+01,1.700539e+02
1.253097e+06,1.450344e+01,1.039771e+05,1.203438e+00,9.482273e-01,9.482261e-01,1.041803e-03,1.084608e-08,3.797810e+01,8.050483e+00,2.992761e+01,3.961213e+01,1.700499e+02
1.253107e+06,1.450355e+01,1.039871e+05,1.203554e+00,9.482227e-01,9.482262e-01,1.041912e-03,1.084607e-08,3.797784e+01,8.050483e+00,2.992736e+01,3.961201e+01,1.700459e+02
1.253117e+06,1.450367e+01,1.039971e+05,1.203670e+00,9.482182e-01,9.482263e-01,1.042020e-03,1.084607e-08,3.797758e+01,8.050483e+00,2.992710e+01,3.961189e+01,1.700419e+02
1.253127e+06,1.450379e+01,1.040071e+05,1.203786e+00,9.482136e-01,9.482264e-01,1.042129e-03,1.084607e-08,3.797733e+01,8.050483e+00,2.992684e+01,3.961177e+01,1.700379e+02
1.253137e+06,1.450390e+01,1.040171e+05,1.203901e+00,9.482091e-01,9.482265e-01,1.042237e-03,1.084607e-08,3.797707e+01,8.050483e+00,2.992659e+01,3.961165e+01,1.700339e+02
1.253147e+06,1.450402e+01,1.040271e+05,1.204017e+00,9.482045e-01,9.482266e-01,1.042346e-03,1.084607e-08,3.797681e+01,8.050483e+00,2.992633e+01,3.961153e+01,1.700299e+02
1.253157e+06,1.450413e+01,1.040371e+05,1.204133e+00,9.482000e-01,9.482267e-01,1.042454e-03,1.084607e-08,3.797655e+01,8.050483e+00,2.992607e+01,3.961141e+01,1.700259e+02
1.253167e+06,1.450425e+01,1.040471e+05,1.204249e+00,9.481954e-01,9.482268e-01,1.042563e-03,1.084607e-08,3.797630e+01,8.050483e+00,2.992581e+01,3.961129e+01,1.700218e+02
1.253177e+06,1.450436e+01,1.040571e+05,1.204364e+00,9.481909e-01,9.482269e-01,1.042671e-03,1.084607e-08,3.797604e+01,8.050483e+00,2.992556e+01,3.961117e+01,1.700178e+02
1.253187e+06,1.450448e+01,1.040671e+05,1.204480e+00,9.481863e-01,9.482270e-01,1.042780e-03,1.084607e-08,3.797578e+01,8.050483e+00,2.992530e+01,3.961105e+01,1.700138e+02
1.253197e+06,1.450460e+01,1.040771e+05,1.204596e+00,9.481818e-01,9.482271e-01,1.042888e-03,1.084606e-08,3.797553e+01,8.050483e+00,2.992504e+01,3.961093e+01,1.700098e+02
1.253207e+06,1.450471e+01,1.040871e+05,1.204712e+00,9.481772e-01,9.482272e-01,1.042997e-03,1.084606e-08,3.797527e+01,8.050483e+00,2.992479e+01,3.961081e+01,1.700058e+02
1.253217e+06,1.450483e+01,1.040971e+05,1.204827e+00,9.481744e-01,9.482273e-01,1.043105e-03,1.084606e-08,3.797501e+01,8.050483e+00,2.992453e+01,3.961064e+01,1.700018e+02
1.253227e+06,1.450494e+01,1.041071e+05,1.204943e+00,9.481724e-01,9.482274e-01,1.043214e-03,1.084606e-08,3.797457e+01,8.050345e+00,2.992423e+01,3.961024e+01,1.700000e+02
1.253237e+06,1.450506e+01,1.041171e+05,1.205059e+00,9.481698e-01,9.482275e-01,1.043322e-03,1.084606e-08,3.797397e+01,8.050091e+00,2.992388e+01,3.960971e+01,1.700000e+02
1.253247e+06,1.450517e+01,1.041271e+05,1.205175e+00,9.481672e-01,9.482276e-01,1.043430e-03,1.084606e-08,3.797338e+01,8.049838e+00,2.992354e+01,3.960918e+01,1.700000e+02
1.253257e+06,1.450529e+01,1.041371e+05,1.205290e+00,9.481647e-01,9.482277e-01,1.043539e-03,1.084606e-08,3.797278e+01,8.049585e+00,2.992319e+01,3.960865e+01,1.700000e+02
1.253267e+06,1.450541e+01,1.041471e+05,1.205406e+00,9.481621e-01,9.482278e-01,1.043647e-03,1.084606e-08,3.797218e+01,8.049332e+00,2.992285e+01,3.960812e+01,1.700000e+02
1.253277e+06,1.450552e+01,1.041571e+05,1.205522e+00,9.481595e-01,9.482279e-01,1.043756e-03,1.084605e-08,3.797158e+01,8.049078e+00,2.992251e+01,3.960759e+01,1.700000e+02
1.253287e+06,1.450564e+01,1.041671e+05,1.205638e+00,9.481569e-01,9.482280e-01,1.043864e-03,1.084605e-08,3.797099e+01,8.048825e+00,2.992216e+01,3.960706e+01,1.700000e+02
1.253297e+06,1.450575e+01,1.041771e+05,1.205753e+00,9.481544e-01,9.482281e-01,1.043973e-03,1.084605e-08,3.797039e+01,8.048572e+00,2.992182e+01,3.960653e+01,1.700000e+02
1.253307e+06,1.450587e+01,1.041871e+05,1.205869e+00,9.481518e-01,9.482282e-01,1.044081e-03,1.084605e-08,3.796979e+01,8.048319e+00,2.992147e+01,3.960600e+01,1.700000e+02
1.253317e+06,1.450598e+01,1.041971e+05,1.205985e+00,9.481492e-01,9.482283e-01,1.044190e-03,1.084605e-08,3.796919e+01,8.048065e+00,2.992113e+01,3.960547e+01,1.700000e+02
1.253327e+06,1.450610e+01,1.042071e+05,1.206101e+00,9.481466e-01,9.482284e-01,1.044298e-03,1.084605e-08,3.796860e+01,8.047812e+00,2.992079e+01,3.960494e+01,1.700000e+02
1.253337e+06,1.450622e+01,1.042171e+05,1.206216e+00,9.481440e-01,9.482285e-01,1.044407e-03,1.084605e-08,3.796800e+01,8.047559e+00,2.992044e+01,3.960441e+01,1.700000e+02
1.253347e+06,1.450633e+01,1.042271e+05,1.206332e+00,9.481415e-01,9.482286e-01,1.044515e-03,1.084605e-08,3.796740e+01,8.047306e+00,2.992010e+01,3.960388e+01,1.700000e+02
1.253357e+06,1.450645e+01,1.042371e+05,1.206448e+00,9.481389e-01,9.482287e-01,1.044624e-03,1.084605e-08,3.796681e+01,8.047052e+00,2.991975e+01,3.960335e+01,1.700000e+02
1.253367e+06,1.450656e+01,1.042471e+05,1.206564e+00,9.481363e-01,9.482288e-01,1.044732e-03,1.084604e-08,3.796621e+01,8.046799e+00,2.991941e+01,3.960282e+01,1.700000e+02
1.253377e+06,1.450668e+01,1.042571e+05,1.206679e+00,9.481337e-01,9.482289e-01,1.044841e-03,1.084604e-08,3.796561e+01,8.046546e+00,2.991906e+01,3.960229e+01,1.700000e+02
1.253387e+06,1.450680e+01,1.042671e+05,1.206795e+00,9.481312e-01,9.482290e-01,1.044949e-03,1.084604e-08,3.796501e+01,8.046293e+00,2.991872e+01,3.960176e+01,1.700000e+02
1.253397e+06,1.450691e+01,1.042771e+05,1.206911e+00,9.481286e-01,9.482292e-01,1.045058e-03,1.084604e-08,3.796442e+01,8.046039e+00,2.991838e+01,3.960123e+01,1.700000e+02
1.253407e+06,1.450703e+01,1.042871e+05,1.207027e+00,9.481260e-01,9.482293e-01,1.045166e-03,1.084604e-08,3.796382e+01,8.045786e+00,2.991803e+01,3.960070e+01,1.700000e+02
1.253417e+06,1.450714e+01,1.042971e+05,1.207142e+00,9.481234e-01,9.482294e-01,1.045274e-03,1.084604e-08,3.796322e+01,8.045533e+00,2.991769e+01,3.960017e+01,1.700000e+02
1.253427e+06,1.450726e+01,1.043071e+05,1.207258e+00,9.481208e-01,9.482295e-01,1.045383e-03,1.084604e-08,3.796262e+01,8.045280e+00,2.991734e+01,3.959964e+01,1.700000e+02
1.253437e+06,1.450737e+01,1.043171e+05,1.207374e+00,9.481183e-01,9.482296e-01,1.045491e-03,1.084604e-08,3.796203e+01,8.045026e+00,2.991700e+01,3.959911e+01,1.700000e+02
1.253447e+06,1.450749e+01,1.043271e+05,1.207490e+00,9.481157e-01,9.482297e-01,1.045600e-03,1.084603e-08,3.796143e+01,8.044773e+00,2.991666e+01,3.959858e+01,1.700000e+02
1.253457e+06,1.450761e+01,1.043371e+05,1.207605e+00,9.481131e-01,9.482298e-01,1.045708e-03,1.084603e-08,3.796083e+01,8.044520e+00,2.991631e+01,3.959805e+01,1.700000e+02
1.253467e+06,1.450772e+01,1.043471e+05,1.207721e+00,9.481090e-01,9.482299e-01,1.045817e-03,1.084603e-08,3.796023e+01,8.044267e+00,2.991597e+01,3.959757e+01,1.700000e+02
1.253477e+06,1.450784e+01,1.043571e+05,1.207837e+00,9.481037e-01,9.482300e-01,1.045925e-03,1.084603e-08,3.796048e+01,8.044263e+00,2.991622e+01,3.959800e+01,1.699980e+02
1.253487e+06,1.450795e+01,1.043671e+05,1.207953e+00,9.480991e-01,9.482301e-01,1.046034e-03,1.084603e-08,3.796159e+01,8.044517e+00,2.991707e+01,3.959931e+01,1.699940e+02
1.253497e+06,1.450807e+01,1.043771e+05,1.208068e+00,9.480944e-01,9.482302e-01,1.046142e-03,1.084603e-08,3.796270e+01,8.044771e+00,2.991793e+01,3.960063e+01,1.699900e+02
1.253507e+06,1.450818e+01,1.043871e+05,1.208184e+00,9.480898e-01,9.482303e-01,1.046251e-03,1.084603e-08,3.796382e+01,8.045025e+00,2.991879e+01,3.960194e+01,1.699860e+02
1.253517e+06,1.450830e+01,1.043971e+05,1.208300e+00,9.480851e-01,9.482304e-01,1.046359e-03,1.084603e-08,3.796493e+01,8.045279e+00,2.991965e+01,3.960326e+01,1.699820e+02
1.253527e+06,1.450842e+01,1.044071e+05,1.208416e+00,9.480805e-01,9.482305e-01,1.046468e-03,1.084603e-08,3.796604e+01,8.045533e+00,2.992051e+01,3.960457e+01,1.699780e+02
1.253537e+06,1.450853e+01,1.044171e+05,1.208531e+00,9.480758e-01,9.482306e-01,1.046576e-03,1.084602e-08,3.796716e+01,8.045787e+00,2.992137e+01,3.960589e+01,1.699740e+02
1.253547e+06,1.450865e+01,1.044271e+05,1.208647e+00,9.480712e-01,9.482307e-01,1.046685e-03,1.084602e-08,3.796827e+01,8.046042e+00,2.992223e+01,3.960720e+01,1.699700e+02
1.253557e+06,1.450876e+01,1.044371e+05,1.208763e+00,9.480665e-01,9.482308e-01,1.046793e-03,1.084602e-08,3.796938e+01,8.046296e+00,2.992309e+01,3.960852e+01,1.699660e+02
1.253567e+06,1.450888e+01,1.044471e+05,1.208879e+00,9.480619e-01,9.482309e-01,1.046901e-03,1.084602e-08,3.797050e+01,8.046550e+00,2.992395e+01,3.960983e+01,1.699620e+02
1.253577e+06,1.450899e+01,1.044571e+05,1.208994e+00,9.480572e-01,9.482310e-01,1.047010e-03,1.084602e-08,3.797161e+01,8.046804e+00,2.992481e+01,3.961115e+01,1.699580e+02
1.253587e+06,1.450911e+01,1.044671e+05,1.209110e+00,9.480526e-01,9.482311e-01,1.047118e-03,1.084602e-08,3.797272e+01,8.047058e+00,2.992566e+01,3.961246e+01,1.699540e+02
1.253597e+06,1.450923e+01,1.044771e+05,1.209226e+00,9.480479e-01,9.482312e-01,1.047227e-03,1.084602e-08,3.797384e+01,8.047312e+00,2.992652e+01,3.961378e+01,1.699500e+02
1.253607e+06,1.450934e+01,1.044871e+05,1.209342e+00,9.480433e-01,9.482313e-01,1.047335e-03,1.084602e-08,3.797495e+01,8.047566e+00,2.992738e+01,3.961509e+01,1.699460e+02
1.253617e+06,1.450946e+01,1.044971e+05,1.209457e+00,9.480386e-01,9.482314e-01,1.047444e-03,1.084601e-08,3.797606e+01,8.047820e+00,2.992824e+01,3.961641e+01,1.699420e+02
1.253627e+06,1.450957e+01,1.045071e+05,1.209573e+00,9.480340e-01,9.482315e-01,1.047552e-03,1.084601e-08,3.797718e+01,8.048075e+00,2.992910e+01,3.961772e+01,1.699380e+02
1.253637e+06,1.450969e+01,1.045171e+05,1.209689e+00,9.480294e-01,9.482316e-01,1.047661e-03,1.084601e-08,3.797829e+01,8.048329e+00,2.992996e+01,3.961904e+01,1.699340e+02
1.253647e+06,1.450980e+01,1.045271e+05,1.209805e+00,9.480247e-01,9.482317e-01,1.047769e-03,1.084601e-08,3.797940e+01,8.048583e+00,2.993082e+01,3.962035e+01,1.699299e+02
1.253657e+06,1.450992e+01,1.045371e+05,1.209920e+00,9.480201e-01,9.482318e-01,1.047878e-03,1.084601e-08,3.798051e+01,8.048837e+00,2.993168e+01,3.962167e+01,1.699259e+02
1.253667e+06,1.451004e+01,1.045471e+05,1.210036e+00,9.480154e-01,9.482319e-01,1.047986e-03,1.084601e-08,3.798163e+01,8.049091e+00,2.993254e+01,3.962298e+01,1.699219e+02
1.253677e+06,1.451015e+01,1.045571e+05,1.210152e+00,9.480108e-01,9.482320e-01,1.048095e-03,1.084601e-08,3.798274e+01,8.049345e+00,2.993340e+01,3.962430e+01,1.699179e+02
1.253687e+06,1.451027e+01,1.045671e+05,1.210268e+00,9.480061e-01,9.482321e-01,1.048203e-03,1.084601e-08,3.798385e+01,8.049599e+00,2.993425e+01,3.962561e+01,1.699139e+02
1.253697e+06,1.451038e+01,1.045771e+05,1.210383e+00,9.480015e-01,9.482322e-01,1.048312e-03,1.084601e-08,3.798497e+01,8.049853e+00,2.993511e+01,3.962693e+01,1.699099e+02
1.253707e+06,1.451050e+01,1.045871e+05,1.210499e+00,9.479968e-01,9.482323e-01,1.048420e-03,1.084600e-08,3.798608e+01,8.050108e+00,2.993597e+01,3.962824e+01,1.699059e+02
1.253717e+06,1.451061e+01,1.045971e+05,1.210615e+00,9.479938e-01,9.482324e-01,1.048528e-03,1.084600e-08,3.798719e+01,8.050362e+00,2.993683e+01,3.962950e+01,1.699019e+02
1.253727e+06,1.451073e+01,1.046071e+05,1.210731e+00,9.479975e-01,9.482325e-01,1.048637e-03,1.084600e-08,3.798759e+01,8.050483e+00,2.993711e+01,3.962979e+01,1.699000e+02
1.253737e+06,1.451085e+01,1.046171e+05,1.210846e+00,9.480058e-01,9.482326e-01,1.048745e-03,1.084600e-08,3.798733e+01,8.050483e+00,2.993685e+01,3.962925e+01,1.699000e+02
1.253747e+06,1.451096e+01,1.046271e+05,1.210962e+00,9.480140e-01,9.482328e-01,1.048854e-03,1.084600e-08,3.798708e+01,8.050483e+00,2.993659e+01,3.962870e+01,1.699000e+02
1.253757e+06,1.451108e+01,1.046371e+05,1.211078e+00,9.480223e-01,9.482329e-01,1.048962e-03,1.084600e-08,3.798682e+01,8.050483e+00,2.993634e+01,3.962815e+01,1.699000e+02
1.253767e+06,1.451119e+01,1.046471e+05,1.211194e+00,9.480306e-01,9.482330e-01,1.049071e-03,1.084600e-08,3.798656e+01,8.050483e+00,2.993608e+01,3.962761e+01,1.699000e+02
1.253777e+06,1.451131e+01,1.046571e+05,1.211309e+00,9.480389e-01,9.482331e-01,1.049179e-03,1.084600e-08,3.798631e+01,8.050483e+00,2.993582e+01,3.962706e+01,1.699000e+02
1.253787e+06,1.451143e+01,1.046671e+05,1.211425e+00,9.480471e-01,9.482332e-01,1.049288e-03,1.084599e-08,3.798605e+01,8.050483e+00,2.993557e+01,3.962651e+01,1.699000e+02
1.253797e+06,1.451154e+01,1.046771e+05,1.211541e+00,9.480554e-01,9.482333e-01,1.049396e-03,1.084599e-08,3.798579e+01,8.050483e+00,2.993531e+01,3.962597e+01,1.699000e+02
1.253807e+06,1.451166e+01,1.046871e+05,1.211657e+00,9.480637e-01,9.482334e-01,1.049505e-03,1.084599e-08,3.798553e+01,8.050483e+00,2.993505e+01,3.962542e+01,1.699000e+02
1.253817e+06,1.451177e+01,1.046971e+05,1.211772e+00,9.480720e-01,9.482335e-01,1.049613e-03,1.084599e-08,3.798528e+01,8.050483e+00,2.993480e+01,3.962487e+01,1.699000e+02
1.253827e+06,1.451189e+01,1.047071e+05,1.211888e+00,9.480803e-01,9.482336e-01,1.049722e-03,1.084599e-08,3.798502e+01,8.050483e+00,2.993454e+01,3.962433e+01,1.699000e+02
1.253837e+06,1.451200e+01,1.047171e+05,1.212004e+00,9.480885e-01,9.482337e-01,1.049830e-03,1.084599e-08,3.798476e+01,8.050483e+00,2.993428e+01,3.962378e+01,1.699000e+02
1.253847e+06,1.451212e+01,1.047271e+05,1.212120e+00,9.480968e-01,9.482338e-01,1.049939e-03,1.084599e-08,3.798451e+01,8.050483e+00,2.993402e+01,3.962323e+01,1.699000e+02
1.253857e+06,1.451224e+01,1.047371e+05,1.212235e+00,9.481051e-01,9.482339e-01,1.050047e-03,1.084599e-08,3.798425e+01,8.050483e+00,2.993377e+01,3.962269e+01,1.699000e+02
1.253867e+06,1.451235e+01,1.047471e+05,1.212351e+00,9.481134e-01,9.482340e-01,1.050155e-03,1.084599e-08,3.798399e+01,8.050483e+00,2.993351e+01,3.962214e+01,1.699000e+02
1.253877e+06,1.451247e+01,1.047571e+05,1.212467e+00,9.481217e-01,9.482341e-01,1.050264e-03,1.084598e-08,3.798374e+01,8.050483e+00,2.993325e+01,3.962159e+01,1.699000e+02
1.253887e+06,1.451258e+01,1.047671e+05,1.212583e+00,9.481299e-01,9.482342e-01,1.050372e-03,1.084598e-08,3.798348e+01,8.050483e+00,2.993300e+01,3.962105e+01,1.699000e+02
1.253897e+06,1.451270e+01,1.047771e+05,1.212698e+00,9.481382e-01,9.482343e-01,1.050481e-03,1.084598e-08,3.798322e+01,8.050483e+00,2.993274e+01,3.962050e+01,1.699000e+02
1.253907e+06,1.451281e+01,1.047871e+05,1.212814e+00,9.481465e-01,9.482344e-01,1.050589e-03,1.084598e-08,3.798297e+01,8.050483e+00,2.993248e+01,3.961995e+01,1.699000e+02
1.253917e+06,1.451293e+01,1.047971e+05,1.212930e+00,9.481548e-01,9.482345e-01,1.050698e-03,1.084598e-08,3.798271e+01,8.050483e+00,2.993223e+01,3.961941e+01,1.699000e+02
1.253927e+06,1.451305e+01,1.048071e+05,1.213046e+00,9.481630e-01,9.482346e-01,1.050806e-03,1.084598e-08,3.798245e+01,8.050483e+00,2.993197e+01,3.961886e+01,1.699000e+02
1.253937e+06,1.451316e+01,1.048171e+05,1.213161e+00,9.481713e-01,9.482347e-01,1.050915e-03,1.084598e-08,3.798220e+01,8.050483e+00,2.993171e+01,3.961831e+01,1.699000e+02
1.253947e+06,1.451328e+01,1.048271e+05,1.213277e+00,9.481796e-01,9.482348e-01,1.051023e-03,1.084598e-08,3.798194e+01,8.050483e+00,2.993146e+01,3.961777e+01,1.699000e+02
1.253957e+06,1.451339e+01,1.048371e+05,1.213393e+00,9.481879e-01,9.482349e-01,1.051132e-03,1.084597e-08,3.798168e+01,8.050483e+00,2.993120e+01,3.961722e+01,1.699000e+02
1.253967e+06,1.451351e+01,1.048471e+05,1.213509e+00,9.481962e-01,9.482350e-01,1.051240e-03,1.084597e-08,3.798142e+01,8.050483e+00,2.993094e+01,3.961667e+01,1.699000e+02
1.253977e+06,1.451362e+01,1.048571e+05,1.213624e+00,9.481994e-01,9.482351e-01,1.051349e-03,1.084597e-08,3.798188e+01,8.050342e+00,2.993154e+01,3.961705e+01,1.699000e+02
1.253987e+06,1.451374e+01,1.048671e+05,1.213740e+00,9.481987e-01,9.482352e-01,1.051457e-03,1.084597e-08,3.798290e+01,8.050089e+00,2.993281e+01,3.961817e+01,1.699000e+02
1.253997e+06,1.451386e+01,1.048771e+05,1.213856e+00,9.481980e-01,9.482353e-01,1.051566e-03,1.084597e-08,3.798393e+01,8.049836e+00,2.993409e+01,3.961929e+01,1.699000e+02
1.254007e+06,1.451397e+01,1.048871e+05,1.213972e+00,9.481973e-01,9.482354e-01,1.051674e-03,1.084597e-08,3.798495e+01,8.049582e+00,2.993537e+01,3.962041e+01,1.699000e+02
1.254017e+06,1.451409e+01,1.048971e+05,1.214087e+00,9.481966e-01,9.482355e-01,1.051782e-03,1.084597e-08,3.798598e+01,8.049329e+00,2.993665e+01,3.962152e+01,1.699000e+02
1.254027e+06,1.451420e+01,1.049071e+05,1.214203e+00,9.481958e-01,9.482356e-01,1.051891e-03,1.084597e-08,3.798700e+01,8.049076e+00,2.993792e+01,3.962264e+01,1.699000e+02
1.254037e+06,1.451432e+01,1.049171e+05,1.214319e+00,9.481951e-01,9.482357e-01,1.051999e-03,1.084597e-08,3.798802e+01,8.048823e+00,2.993920e+01,3.962376e+01,1.699000e+02
1.254047e+06,1.451443e+01,1.049271e+05,1.214435e+00,9.481944e-01,9.482358e-01,1.052108e-03,1.084596e-08,3.798905e+01,8.048569e+00,2.994048e+01,3.962488e+01,1.699000e+02
1.254057e+06,1.451455e+01,1.049371e+05,1.214550e+00,9.481937e-01,9.482359e-01,1.052216e-03,1.084596e-08,3.799007e+01,8.048316e+00,2.994175e+01,3.962599e+01,1.699000e+02
1.254067e+06,1.451467e+01,1.049471e+05,1.214666e+00,9.481930e-01,9.482360e-01,1.052325e-03,1.084596e-08,3.799109e+01,8.048063e+00,2.994303e+01,3.962711e+01,1.699000e+02
1.254077e+06,1.451478e+01,1.049571e+05,1.214782e+00,9.481922e-01,9.482361e-01,1.052433e-03,1.084596e-08,3.799212e+01,8.047810e+00,2.994431e+01,3.962823e+01,1.699000e+02
1.254087e+06,1.451490e+01,1.049671e+05,1.214898e+00,9.481915e-01,9.482362e-01,1.052542e-03,1.084596e-08,3.799314e+01,8.047556e+00,2.994559e+01,3.962935e+01,1.699000e+02
1.254097e+06,1.451501e+01,1.049771e+05,1.215013e+00,9.481908e-01,9.482364e-01,1.052650e-03,1.084596e-08,3.799417e+01,8.047303e+00,2.994686e+01,3.963047e+01,1.699000e+02
1.254107e+06,1.451513e+01,1.049871e+05,1.215129e+00,9.481901e-01,9.482365e-01,1.052759e-03,1.084596e-08,3.799519e+01,8.047050e+00,2.994814e+01,3.963158e+01,1.699000e+02
1.254117e+06,1.451524e+01,1.049971e+05,1.215245e+00,9.481894e-01,9.482366e-01,1.052867e-03,1.084596e-08,3.799621e+01,8.046797e+00,2.994942e+01,3.963270e+01,1.699000e+02
1.254127e+06,1.451536e+01,1.050071e+05,1.215361e+00,9.481886e-01,9.482367e-01,1.052976e-03,1.084595e-08,3.799724e+01,8.046543e+00,2.995070e+01,3.963382e+01,1.699000e+02
1.254137e+06,1.451548e+01,1.050171e+05,1.215476e+00,9.481879e-01,9.482368e-01,1.053084e-03,1.084595e-08,3.799826e+01,8.046290e+00,2.995197e+01,3.963494e+01,1.699000e+02
1.254147e+06,1.451559e+01,1.050272e+05,1.215592e+00,9.481872e-01,9.482369e-01,1.053193e-03,1.084595e-08,3.799929e+01,8.046037e+00,2.995325e+01,3.963605e+01,1.699000e+02
1.254157e+06,1.451571e+01,1.050372e+05,1.215708e+00,9.481865e-01,9.482370e-01,1.053301e-03,1.084595e-08,3.800031e+01,8.045784e+00,2.995453e+01,3.963717e+01,1.699000e+02
1.254167e+06,1.451582e+01,1.050472e+05,1.215824e+00,9.481858e-01,9.482371e-01,1.053409e-03,1.084595e-08,3.800133e+01,8.045530e+00,2.995580e+01,3.963829e+01,1.699000e+02
1.254177e+06,1.451594e+01,1.050572e+05,1.215939e+00,9.481850e-01,9.482372e-01,1.053518e-03,1.084595e-08,3.800236e+01,8.045277e+00,2.995708e+01,3.963941e+01,1.699000e+02
1.254187e+06,1.451606e+01,1.050672e+05,1.216055e+00,9.481843e-01,9.482373e-01,1.053626e-03,1.084595e-08,3.800338e+01,8.045024e+00,2.995836e+01,3.964053e+01,1.699000e+02
1.254197e+06,1.451617e+01,1.050772e+05,1.216171e+00,9.481836e-01,9.482374e-01,1.053735e-03,1.084595e-08,3.800441e+01,8.044771e+00,2.995964e+01,3.964164e+01,1.699000e+02
1.254207e+06,1.451629e+01,1.050872e+05,1.216287e+00,9.481829e-01,9.482375e-01,1.053843e-03,1.084595e-08,3.800543e+01,8.044518e+00,2.996091e+01,3.964276e+01,1.699000e+02
1.254217e+06,1.451640e+01,1.050972e+05,1.216402e+00,9.481838e-01,9.482376e-01,1.053952e-03,1.084594e-08,3.800645e+01,8.044264e+00,2.996219e+01,3.964383e+01,1.699000e+02
1.254227e+06,1.451652e+01,1.051072e+05,1.216518e+00,9.481918e-01,9.482377e-01,1.054060e-03,1.084594e-08,3.800658e+01,8.044265e+00,2.996231e+01,3.964369e+01,1.699020e+02
1.254237e+06,1.451663e+01,1.051172e+05,1.216634e+00,9.482053e-01,9.482378e-01,1.054169e-03,1.084594e-08,3.800581e+01,8.044519e+00,2.996129e+01,3.964241e+01,1.699060e+02
1.254247e+06,1.451675e+01,1.051272e+05,1.216750e+00,9.482189e-01,9.482379e-01,1.054277e-03,1.084594e-08,3.800504e+01,8.044774e+00,2.996026e+01,3.964113e+01,1.699100e+02
1.254257e+06,1.451687e+01,1.051372e+05,1.216865e+00,9.482325e-01,9.482380e-01,1.054386e-03,1.084594e-08,3.800427e+01,8.045028e+00,2.995924e+01,3.963985e+01,1.699140e+02
1.254267e+06,1.451698e+01,1.051472e+05,1.216981e+00,9.482460e-01,9.482381e-01,1.054494e-03,1.084594e-08,3.800350e+01,8.045282e+00,2.995821e+01,3.963858e+01,1.699180e+02
1.254277e+06,1.451710e+01,1.051572e+05,1.217097e+00,9.482596e-01,9.482382e-01,1.054603e-03,1.084594e-08,3.800273e+01,8.045536e+00,2.995719e+01,3.963730e+01,1.699220e+02
1.254287e+06,1.451721e+01,1.051672e+05,1.217213e+00,9.482731e-01,9.482383e-01,1.054711e-03,1.084594e-08,3.800196e+01,8.045790e+00,2.995617e+01,3.963602e+01,1.699260e+02
1.254297e+06,1.451733e+01,1.051772e+05,1.217328e+00,9.482867e-01,9.482384e-01,1.054820e-03,1.084593e-08,3.800118e+01,8.046044e+00,2.995514e+01,3.963474e+01,1.699300e+02
1.254307e+06,1.451744e+01,1.051872e+05,1.217444e+00,9.483002e-01,9.482385e-01,1.054928e-03,1.084593e-08,3.800041e+01,8.046298e+00,2.995412e+01,3.963346e+01,1.699340e+02
1.254317e+06,1.451756e+01,1.051972e+05,1.217560e+00,9.483138e-01,9.482386e-01,1.055036e-03,1.084593e-08,3.799964e+01,8.046552e+00,2.995309e+01,3.963219e+01,1.699381e+02
1.254327e+06,1.451768e+01,1.052072e+05,1.217675e+00,9.483273e-01,9.482387e-01,1.055145e-03,1.084593e-08,3.799887e+01,8.046806e+00,2.995207e+01,3.963091e+01,1.699421e+02
1.254337e+06,1.451779e+01,1.052172e+05,1.217791e+00,9.483409e-01,9.482388e-01,1.055253e-03,1.084593e-08,3.799810e+01,8.047061e+00,2.995104e+01,3.962963e+01,1.699461e+02
1.254347e+06,1.451791e+01,1.052272e+05,1.217907e+00,9.483544e-01,9.482389e-01,1.055362e-03,1.084593e-08,3.799733e+01,8.047315e+00,2.995002e+01,3.962835e+01,1.699501e+02
1.254357e+06,1.451802e+01,1.052372e+05,1.218023e+00,9.483680e-01,9.482390e-01,1.055470e-03,1.084593e-08,3.799656e+01,8.047569e+00,2.994899e+01,3.962707e+01,1.699541e+02
1.254367e+06,1.451814e+01,1.052472e+05,1.218138e+00,9.483815e-01,9.482391e-01,1.055579e-03,1.084593e-08,3.799579e+01,8.047823e+00,2.994797e+01,3.962580e+01,1.699581e+02
1.254377e+06,1.451825e+01,1.052572e+05,1.218254e+00,9.483951e-01,9.482392e-01,1.055687e-03,1.084593e-08,3.799502e+01,8.048077e+00,2.994694e+01,3.962452e+01,1.699621e+02
1.254387e+06,1.451837e+01,1.052672e+05,1.218370e+00,9.484086e-01,9.482393e-01,1.055796e-03,1.084592e-08,3.799425e+01,8.048331e+00,2.994592e+01,3.962324e+01,1.699661e+02
1.254397e+06,1.451849e+01,1.052772e+05,1.218486e+00,9.484222e-01,9.482394e-01,1.055904e-03,1.084592e-08,3.799348e+01,8.048585e+00,2.994489e+01,3.962196e+01,1.699701e+02
1.254407e+06,1.451860e+01,1.052872e+05,1.218601e+00,9.484357e-01,9.482395e-01,1.056013e-03,1.084592e-08,3.799271e+01,8.048839e+00,2.994387e+01,3.962069e+01,1.699741e+02
1.254417e+06,1.451872e+01,1.052972e+05,1.218717e+00,9.484493e-01,9.482396e-01,1.056121e-03,1.084592e-08,3.799194e+01,8.049094e+00,2.994284e+01,3.961941e+01,1.699781e+02
1.254427e+06,1.451883e+01,1.053072e+05,1.218833e+00,9.484629e-01,9.482397e-01,1.056230e-03,1.084592e-08,3.799117e+01,8.049348e+00,2.994182e+01,3.961813e+01,1.699821e+02
1.254437e+06,1.451895e+01,1.053172e+05,1.218949e+00,9.484764e-01,9.482398e-01,1.056338e-03,1.084592e-08,3.799040e+01,8.049602e+00,2.994079e+01,3.961685e+01,1.699861e+02
1.254447e+06,1.451906e+01,1.053272e+05,1.219064e+00,9.484900e-01,9.482400e-01,1.056447e-03,1.084592e-08,3.798963e+01,8.049856e+00,2.993977e+01,3.961558e+01,1.699901e+02
1.254457e+06,1.451918e+01,1.053372e+05,1.219180e+00,9.485035e-01,9.482401e-01,1.056555e-03,1.084592e-08,3.798885e+01,8.050110e+00,2.993874e+01,3.961430e+01,1.699941e+02
1.254467e+06,1.451930e+01,1.053472e+05,1.219296e+00,9.485154e-01,9.482402e-01,1.056663e-03,1.084591e-08,3.798808e+01,8.050364e+00,2.993772e+01,3.961308e+01,1.699981e+02
1.254477e+06,1.451941e+01,1.053572e+05,1.219412e+00,9.485162e-01,9.482403e-01,1.056772e-03,1.084591e-08,3.798772e+01,8.050347e+00,2.993738e+01,3.961267e+01,1.700000e+02
1.254487e+06,1.451953e+01,1.053672e+05,1.219527e+00,9.485088e-01,9.482404e-01,1.056880e-03,1.084591e-08,3.798772e+01,8.050093e+00,2.993763e+01,3.961293e+01,1.700000e+02
1.254497e+06,1.451964e+01,1.053772e+05,1.219643e+00,9.485013e-01,9.482405e-01,1.056989e-03,1.084591e-08,3.798772e+01,8.049839e+00,2.993789e+01,3.961320e+01,1.700000e+02
1.254507e+06,1.451976e+01,1.053872e+05,1.219759e+00,9.484939e-01,9.482406e-01,1.057097e-03,1.084591e-08,3.798772e+01,8.049585e+00,2.993814e+01,3.961346e+01,1.700000e+02
1.254517e+06,1.451987e+01,1.053972e+05,1.219875e+00,9.484864e-01,9.482407e-01,1.057206e-03,1.084591e-08,3.798772e+01,8.049331e+00,2.993839e+01,3.961372e+01,1.700000e+02
1.254527e+06,1.451999e+01,1.054072e+05,1.219990e+00,9.484789e-01,9.482408e-01,1.057314e-03,1.084591e-08,3.798772e+01,8.049077e+00,2.993865e+01,3.961398e+01,1.700000e+02
1.254537e+06,1.452011e+01,1.054172e+05,1.220106e+00,9.484715e-01,9.482409e-01,1.057423e-03,1.084591e-08,3.798772e+01,8.048823e+00,2.993890e+01,3.961424e+01,1.700000e+02
1.254547e+06,1.452022e+01,1.054272e+05,1.220222e+00,9.484640e-01,9.482410e-01,1.057531e-03,1.084591e-08,3.798772e+01,8.048568e+00,2.993916e+01,3.961451e+01,1.700000e+02
1.254557e+06,1.452034e+01,1.054372e+05,1.220338e+00,9.484566e-01,9.482411e-01,1.057640e-03,1.084590e-08,3.798772e+01,8.048314e+00,2.993941e+01,3.961477e+01,1.700000e+02
1.254567e+06,1.452045e+01,1.054472e+05,1.220453e+00,9.484491e-01,9.482412e-01,1.057748e-03,1.084590e-08,3.798772e+01,8.048060e+00,2.993966e+01,3.961503e+01,1.700000e+02
1.254577e+06,1.452057e+01,1.054572e+05,1.220569e+00,9.484417e-01,9.482413e-01,1.057857e-03,1.084590e-08,3.798772e+01,8.047806e+00,2.993992e+01,3.961529e+01,1.700000e+02
1.254587e+06,1.452068e+01,1.054672e+05,1.220685e+00,9.484342e-01,9.482414e-01,1.057965e-03,1.084590e-08,3.798772e+01,8.047552e+00,2.994017e+01,3.961555e+01,1.700000e+02
1.254597e+06,1.452080e+01,1.054772e+05,1.220801e+00,9.484268e-01,9.482415e-01,1.058074e-03,1.084590e-08,3.798772e+01,8.047298e+00,2.994043e+01,3.961581e+01,1.700000e+02
1.254607e+06,1.452092e+01,1.054872e+05,1.220916e+00,9.484193e-01,9.482416e-01,1.058182e-03,1.084590e-08,3.798772e+01,8.047044e+00,2.994068e+01,3.961608e+01,1.700000e+02
1.254617e+06,1.452103e+01,1.054972e+05,1.221032e+00,9.484119e-01,9.482417e-01,1.058290e-03,1.084590e-08,3.798772e+01,8.046790e+00,2.994093e+01,3.961634e+01,1.700000e+02
1.254627e+06,1.452115e+01,1.055072e+05,1.221148e+00,9.484044e-01,9.482418e-01,1.058399e-03,1.084590e-08,3.798772e+01,8.046535e+00,2.994119e+01,3.961660e+01,1.700000e+02
1.254637e+06,1.452126e+01,1.055172e+05,1.221264e+00,9.483970e-01,9.482419e-01,1.058507e-03,1.084589e-08,3.798772e+01,8.046281e+00,2.994144e+01,3.961686e+01,1.700000e+02
1.254647e+06,1.452138e+01,1.055272e+05,1.221379e+00,9.483895e-01,9.482420e-01,1.058616e-03,1.084589e-08,3.798772e+01,8.046027e+00,2.994170e+01,3.961712e+01,1.700000e+02
1.254657e+06,1.452150e+01,1.055372e+05,1.221495e+00,9.483820e-01,9.482421e-01,1.058724e-03,1.084589e-08,3.798772e+01,8.045773e+00,2.994195e+01,3.961739e+01,1.700000e+02
1.254667e+06,1.452161e+01,1.055472e+05,1.221611e+00,9.483746e-01,9.482422e-01,1.058833e-03,1.084589e-08,3.798772e+01,8.045519e+00,2.994221e+01,3.961765e+01,1.700000e+02
1.254677e+06,1.452173e+01,1.055572e+05,1.221727e+00,9.483671e-01,9.482423e-01,1.058941e-03,1.084589e-08,3.798772e+01,8.045265e+00,2.994246e+01,3.961791e+01,1.700000e+02
1.254687e+06,1.452184e+01,1.055672e+05,1.221842e+00,9.483597e-01,9.482424e-01,1.059050e-03,1.084589e-08,3.798772e+01,8.045011e+00,2.994271e+01,3.961817e+01,1.700000e+02
1.254697e+06,1.452196e+01,1.055772e+05,1.221958e+00,9.483522e-01,9.482425e-01,1.059158e-03,1.084589e-08,3.798772e+01,8.044757e+00,2.994297e+01,3.961843e+01,1.700000e+02
1.254707e+06,1.452207e+01,1.055872e+05,1.222074e+00,9.483448e-01,9.482426e-01,1.059267e-03,1.084589e-08,3.798772e+01,8.044502e+00,2.994322e+01,3.961870e+01,1.700000e+02
1.254717e+06,1.452219e+01,1.055972e+05,1.222190e+00,9.483373e-01,9.482427e-01,1.059375e-03,1.084589e-08,3.798772e+01,8.044248e+00,2.994348e+01,3.961896e+01,1.700000e+02
1.254727e+06,1.452231e+01,1.056072e+05,1.222305e+00,9.483317e-01,9.482428e-01,1.059484e-03,1.084588e-08,3.798772e+01,8.044281e+00,2.994344e+01,3.961914e+01,1.700000e+02
1.254737e+06,1.452242e+01,1.056172e+05,1.222421e+00,9.483276e-01,9.482429e-01,1.059592e-03,1.084588e-08,3.798772e+01,8.044534e+00,2.994319e+01,3.961927e+01,1.700000e+02
1.254747e+06,1.452254e+01,1.056272e+05,1.222537e+00,9.483235e-01,9.482430e-01,1.059701e-03,1.084588e-08,3.798772e+01,8.044788e+00,2.994294e+01,3.961939e+01,1.700000e+02
1.254757e+06,1.452265e+01,1.056372e+05,1.222653e+00,9.483194e-01,9.482431e-01,1.059809e-03,1.084588e-08,3.798772e+01,8.045041e+00,2.994268e+01,3.961951e+01,1.700000e+02
1.254767e+06,1.452277e+01,1.056472e+05,1.222768e+00,9.483152e-01,9.482432e-01,1.059917e-03,1.084588e-08,3.798772e+01,8.045294e+00,2.994243e+01,3.961964e+01,1.700000e+02
1.254777e+06,1.452288e+01,1.056572e+05,1.222884e+00,9.483111e-01,9.482433e-01,1.060026e-03,1.084588e-08,3.798772e+01,8.045547e+00,2.994218e+01,3.961976e+01,1.700000e+02
1.254787e+06,1.452300e+01,1.056672e+05,1.223000e+00,9.483070e-01,9.482434e-01,1.060134e-03,1.084588e-08,3.798772e+01,8.045801e+00,2.994192e+01,3.961988e+01,1.700000e+02
1.254797e+06,1.452312e+01,1.056772e+05,1.223116e+00,9.483029e-01,9.482436e-01,1.060243e-03,1.084588e-08,3.798772e+01,8.046054e+00,2.994167e+01,3.962001e+01,1.700000e+02
1.254807e+06,1.452323e+01,1.056872e+05,1.223231e+00,9.482987e-01,9.482437e-01,1.060351e-03,1.084587e-08,3.798772e+01,8.046307e+00,2.994142e+01,3.962013e+01,1.700000e+02
1.254817e+06,1.452335e+01,1.056972e+05,1.223347e+00,9.482946e-01,9.482438e-01,1.060460e-03,1.084587e-08,3.798772e+01,8.046560e+00,2.994116e+01,3.962025e+01,1.700000e+02
1.254827e+06,1.452346e+01,1.057072e+05,1.223463e+00,9.482905e-01,9.482439e-01,1.060568e-03,1.084587e-08,3.798772e+01,8.046814e+00,2.994091e+01,3.962038e+01,1.700000e+02
1.254837e+06,1.452358e+01,1.057172e+05,1.223579e+00,9.482863e-01,9.482440e-01,1.060677e-03,1.084587e-08,3.798772e+01,8.047067e+00,2.994066e+01,3.962050e+01,1.700000e+02
1.254847e+06,1.452369e+01,1.057272e+05,1.223694e+00,9.482822e-01,9.482441e-01,1.060785e-03,1.084587e-08,3.798772e+01,8.047320e+00,2.994040e+01,3.962063e+01,1.700000e+02
1.254857e+06,1.452381e+01,1.057372e+05,1.223810e+00,9.482781e-01,9.482442e-01,1.060894e-03,1.084587e-08,3.798772e+01,8.047573e+00,2.994015e+01,3.962075e+01,1.700000e+02
1.254867e+06,1.452393e+01,1.057472e+05,1.223926e+00,9.482740e-01,9.482443e-01,1.061002e-03,1.084587e-08,3.798772e+01,8.047827e+00,2.993990e+01,3.962087e+01,1.700000e+02
1.254877e+06,1.452404e+01,1.057572e+05,1.224042e+00,9.482698e-01,9.482444e-01,1.061111e-03,1.084587e-08,3.798772e+01,8.048080e+00,2.993964e+01,3.962100e+01,1.700000e+02
1.254887e+06,1.452416e+01,1.057672e+05,1.224157e+00,9.482657e-01,9.482445e-01,1.061219e-03,1.084587e-08,3.798772e+01,8.048333e+00,2.993939e+01,3.962112e+01,1.700000e+02
1.254897e+06,1.452427e+01,1.057772e+05,1.224273e+00,9.482616e-01,9.482446e-01,1.061328e-03,1.084586e-08,3.798772e+01,8.048586e+00,2.993914e+01,3.962124e+01,1.700000e+02
1.254907e+06,1.452439e+01,1.057872e+05,1.224389e+00,9.482574e-01,9.482447e-01,1.061436e-03,1.084586e-08,3.798772e+01,8.048839e+00,2.993888e+01,3.962137e+01,1.700000e+02
1.254917e+06,1.452450e+01,1.057972e+05,1.224505e+00,9.482533e-01,9.482448e-01,1.061544e-03,1.084586e-08,3.798772e+01,8.049093e+00,2.993863e+01,3.962149e+01,1.700000e+02
1.254927e+06,1.452462e+01,1.058072e+05,1.224620e+00,9.482492e-01,9.482449e-01,1.061653e-03,1.084586e-08,3.798772e+01,8.049346e+00,2.993838e+01,3.962161e+01,1.700000e+02
1.254937e+06,1.452474e+01,1.058172e+05,1.224736e+00,9.482451e-01,9.482450e-01,1.061761e-03,1.084586e-08,3.798772e+01,8.049599e+00,2.993812e+01,3.962174e+01,1.700000e+02
1.254947e+06,1.452485e+01,1.058272e+05,1.224852e+00,9.482409e-01,9.482451e-01,1.061870e-03,1.084586e-08,3.798772e+01,8.049852e+00,2.993787e+01,3.962186e+01,1.700000e+02
1.254957e+06,1.452497e+01,1.058372e+05,1.224968e+00,9.482368e-01,9.482452e-01,1.061978e-03,1.084586e-08,3.798772e+01,8.050106e+00,2.993762e+01,3.962199e+01,1.700000e+02
1.254967e+06,1.452508e+01,1.058472e+05,1.225083e+00,9.482327e-01,9.482453e-01,1.062087e-03,1.084586e-08,3.798772e+01,8.050359e+00,2.993737e+01,3.962211e+01,1.700000e+02
1.254977e+06,1.452520e+01,1.058572e+05,1.225199e+00,9.482320e-01,9.482454e-01,1.062195e-03,1.084585e-08,3.798746e+01,8.050483e+00,2.993698e+01,3.962185e+01,1.700000e+02
1.254987e+06,1.452531e+01,1.058672e+05,1.225315e+00,9.482346e-01,9.482455e-01,1.062304e-03,1.084585e-08,3.798695e+01,8.050483e+00,2.993647e+01,3.962122e+01,1.700000e+02
1.254997e+06,1.452543e+01,1.058772e+05,1.225431e+00,9.482372e-01,9.482456e-01,1.062412e-03,1.084585e-08,3.798643e+01,8.050483e+00,2.993595e+01,3.962059e+01,1.700000e+02
1.255007e+06,1.452555e+01,1.058872e+05,1.225546e+00,9.482397e-01,9.482457e-01,1.062521e-03,1.084585e-08,3.798592e+01,8.050483e+00,2.993544e+01,3.961996e+01,1.700000e+02
1.255017e+06,1.452566e+01,1.058972e+05,1.225662e+00,9.482423e-01,9.482458e-01,1.062629e-03,1.084585e-08,3.798541e+01,8.050483e+00,2.993492e+01,3.961934e+01,1.700000e+02
1.255027e+06,1.452578e+01,1.059072e+05,1.225778e+00,9.482449e-01,9.482459e-01,1.062738e-03,1.084585e-08,3.798489e+01,8.050483e+00,2.993441e+01,3.961871e+01,1.700000e+02
1.255037e+06,1.452589e+01,1.059172e+05,1.225894e+00,9.482475e-01,9.482460e-01,1.062846e-03,1.084585e-08,3.798438e+01,8.050483e+00,2.993390e+01,3.961808e+01,1.700000e+02
1.255047e+06,1.452601e+01,1.059272e+05,1.226009e+00,9.482501e-01,9.482461e-01,1.062955e-03,1.084585e-08,3.798387e+01,8.050483e+00,2.993338e+01,3.961745e+01,1.700000e+02
1.255057e+06,1.452613e+01,1.059372e+05,1.226125e+00,9.482527e-01,9.482462e-01,1.063063e-03,1.084585e-08,3.798335e+01,8.050483e+00,2.993287e+01,3.961683e+01,1.700000e+02
1.255067e+06,1.452624e+01,1.059472e+05,1.226241e+00,9.482553e-01,9.482463e-01,1.063171e-03,1.084584e-08,3.798284e+01,8.050483e+00,2.993235e+01,3.961620e+01,1.700000e+02
1.255077e+06,1.452636e+01,1.059572e+05,1.226357e+00,9.482579e-01,9.482464e-01,1.063280e-03,1.084584e-08,3.798232e+01,8.050483e+00,2.993184e+01,3.961557e+01,1.700000e+02
1.255087e+06,1.452647e+01,1.059672e+05,1.226472e+00,9.482604e-01,9.482465e-01,1.063388e-03,1.084584e-08,3.798181e+01,8.050483e+00,2.993133e+01,3.961494e+01,1.700000e+02
1.255097e+06,1.452659e+01,1.059772e+05,1.226588e+00,9.482630e-01,9.482466e-01,1.063497e-03,1.084584e-08,3.798130e+01,8.050483e+00,2.993081e+01,3.961431e+01,1.700000e+02
1.255107e+06,1.452670e+01,1.059872e+05,1.226704e+00,9.482656e-01,9.482467e-01,1.063605e-03,1.084584e-08,3.798078e+01,8.050483e+00,2.993030e+01,3.961369e+01,1.700000e+02
1.255117e+06,1.452682e+01,1.059972e+05,1.226820e+00,9.482682e-01,9.482468e-01,1.063714e-03,1.084584e-08,3.798027e+01,8.050483e+00,2.992979e+01,3.961306e+01,1.700000e+02
1.255127e+06,1.452694e+01,1.060072e+05,1.226935e+00,9.482708e-01,9.482469e-01,1.063822e-03,1.084584e-08,3.797976e+01,8.050483e+00,2.992927e+01,3.961243e+01,1.700000e+02
1.255137e+06,1.452705e+01,1.060172e+05,1.227051e+00,9.482734e-01,9.482470e-01,1.063931e-03,1.084584e-08,3.797924e+01,8.050483e+00,2.992876e+01,3.961180e+01,1.700000e+02
1.255147e+06,1.452717e+01,1.060272e+05,1.227167e+00,9.482760e-01,9.482472e-01,1.064039e-03,1.084583e-08,3.797873e+01,8.050483e+00,2.992824e+01,3.961117e+01,1.700000e+02
1.255157e+06,1.452728e+01,1.060372e+05,1.227283e+00,9.482785e-01,9.482473e-01,1.064148e-03,1.084583e-08,3.797821e+01,8.050483e+00,2.992773e+01,3.961055e+01,1.700000e+02
1.255167e+06,1.452740e+01,1.060472e+05,1.227398e+00,9.482811e-01,9.482474e-01,1.064256e-03,1.084583e-08,3.797770e+01,8.050483e+00,2.992722e+01,3.960992e+01,1.700000e+02
1.255177e+06,1.452751e+01,1.060572e+05,1.227514e+00,9.482837e-01,9.482475e-01,1.064365e-03,1.084583e-08,3.797719e+01,8.050483e+00,2.992670e+01,3.960929e+01,1.700000e+02
1.255187e+06,1.452763e+01,1.060672e+05,1.227630e+00,9.482863e-01,9.482476e-01,1.064473e-03,1.084583e-08,3.797667e+01,8.050483e+00,2.992619e+01,3.960866e+01,1.700000e+02
1.255197e+06,1.452775e+01,1.060772e+05,1.227746e+00,9.482889e-01,9.482477e-01,1.064582e-03,1.084583e-08,3.797616e+01,8.050483e+00,2.992568e+01,3.960803e+01,1.700000e+02
1.255207e+06,1.452786e+01,1.060872e+05,1.227861e+00,9.482915e-01,9.482478e-01,1.064690e-03,1.084583e-08,3.797565e+01,8.050483e+00,2.992516e+01,3.960741e+01,1.700000e+02
1.255217e+06,1.452798e+01,1.060972e+05,1.227977e+00,9.482923e-01,9.482479e-01,1.064798e-03,1.084583e-08,3.797513e+01,8.050483e+00,2.992465e+01,3.960684e+01,1.700000e+02
1.255227e+06,1.452809e+01,1.061072e+05,1.228093e+00,9.482872e-01,9.482480e-01,1.064907e-03,1.084583e-08,3.797443e+01,8.050483e+00,2.992395e+01,3.960627e+01,1.699978e+02
1.255237e+06,1.452821e+01,1.061172e+05,1.228209e+00,9.482782e-01,9.482481e-01,1.065015e-03,1.084582e-08,3.797358e+01,8.050483e+00,2.992309e+01,3.960567e+01,1.699938e+02
1.255247e+06,1.452832e+01,1.061272e+05,1.228324e+00,9.482692e-01,9.482482e-01,1.065124e-03,1.084582e-08,3.797272e+01,8.050483e+00,2.992224e+01,3.960506e+01,1.699898e+02
1.255257e+06,1.452844e+01,1.061372e+05,1.228440e+00,9.482602e-01,9.482483e-01,1.065232e-03,1.084582e-08,3.797186e+01,8.050483e+00,2.992138e+01,3.960446e+01,1.699858e+02
1.255267e+06,1.452856e+01,1.061472e+05,1.228556e+00,9.482512e-01,9.482484e-01,1.065341e-03,1.084582e-08,3.797101e+01,8.050483e+00,2.992052e+01,3.960386e+01,1.699818e+02
1.255277e+06,1.452867e+01,1.061572e+05,1.228672e+00,9.482422e-01,9.482485e-01,1.065449e-03,1.084582e-08,3.797015e+01,8.050483e+00,2.991967e+01,3.960325e+01,1.699778e+02
1.255287e+06,1.452879e+01,1.061672e+05,1.228787e+00,9.482332e-01,9.482486e-01,1.065558e-03,1.084582e-08,3.796929e+01,8.050483e+00,2.991881e+01,3.960265e+01,1.699738e+02
1.255297e+06,1.452890e+01,1.061772e+05,1.228903e+00,9.482242e-01,9.482487e-01,1.065666e-03,1.084582e-08,3.796844e+01,8.050483e+00,2.991795e+01,3.960205e+01,1.699698e+02
1.255307e+06,1.452902e+01,1.061872e+05,1.229019e+00,9.482152e-01,9.482488e-01,1.065775e-03,1.084582e-08,3.796758e+01,8.050483e+00,2.991710e+01,3.960144e+01,1.699658e+02
1.255317e+06,1.452913e+01,1.061972e+05,1.229135e+00,9.482062e-01,9.482489e-01,1.065883e-03,1.084581e-08,3.796673e+01,8.050483e+00,2.991624e+01,3.960084e+01,1.699618e+02
1.255327e+06,1.452925e+01,1.062072e+05,1.229250e+00,9.481972e-01,9.482490e-01,1.065992e-03,1.084581e-08,3.796587e+01,8.050483e+00,2.991539e+01,3.960023e+01,1.699578e+02
1.255337e+06,1.452937e+01,1.062172e+05,1.229366e+00,9.481882e-01,9.482491e-01,1.066100e-03,1.084581e-08,3.796501e+01,8.050483e+00,2.991453e+01,3.959963e+01,1.699538e+02
1.255347e+06,1.452948e+01,1.062272e+05,1.229482e+00,9.481792e-01,9.482492e-01,1.066209e-03,1.084581e-08,3.796416e+01,8.050483e+00,2.991367e+01,3.959903e+01,1.699498e+02
1.255357e+06,1.452960e+01,1.062372e+05,1.229598e+00,9.481702e-01,9.482493e-01,1.066317e-03,1.084581e-08,3.796330e+01,8.050483e+00,2.991282e+01,3.959842e+01,1.699458e+02
1.255367e+06,1.452971e+01,1.062472e+05,1.229713e+00,9.481612e-01,9.482494e-01,1.066425e-03,1.084581e-08,3.796244e+01,8.050483e+00,2.991196e+01,3.959782e+01,1.699418e+02
1.255377e+06,1.452983e+01,1.062572e+05,1.229829e+00,9.481522e-01,9.482495e-01,1.066534e-03,1.084581e-08,3.796159e+01,8.050483e+00,2.991110e+01,3.959721e+01,1.699377e+02
1.255387e+06,1.452994e+01,1.062672e+05,1.229945e+00,9.481432e-01,9.482496e-01,1.066642e-03,1.084581e-08,3.796073e+01,8.050483e+00,2.991025e+01,3.959661e+01,1.699337e+02
1.255397e+06,1.453006e+01,1.062772e+05,1.230061e+00,9.481342e-01,9.482497e-01,1.066751e-03,1.084581e-08,3.795987e+01,8.050483e+00,2.990939e+01,3.959601e+01,1.699297e+02
1.255407e+06,1.453018e+01,1.062872e+05,1.230176e+00,9.481252e-01,9.482498e-01,1.066859e-03,1.084580e-08,3.795902e+01,8.050483e+00,2.990854e+01,3.959540e+01,1.699257e+02
1.255417e+06,1.453029e+01,1.062972e+05,1.230292e+00,9.481163e-01,9.482499e-01,1.066968e-03,1.084580e-08,3.795816e+01,8.050483e+00,2.990768e+01,3.959480e+01,1.699217e+02
1.255427e+06,1.453041e+01,1.063072e+05,1.230408e+00,9.481073e-01,9.482500e-01,1.067076e-03,1.084580e-08,3.795731e+01,8.050483e+00,2.990682e+01,3.959420e+01,1.699177e+02
1.255437e+06,1.453052e+01,1.063172e+05,1.230524e+00,9.480983e-01,9.482501e-01,1.067185e-03,1.084580e-08,3.795645e+01,8.050483e+00,2.990597e+01,3.959359e+01,1.699137e+02
1.255447e+06,1.453064e+01,1.063272e+05,1.230639e+00,9.480893e-01,9.482502e-01,1.067293e-03,1.084580e-08,3.795559e+01,8.050483e+00,2.990511e+01,3.959299e+01,1.699097e+02
1.255457e+06,1.453076e+01,1.063372e+05,1.230755e+00,9.480803e-01,9.482503e-01,1.067402e-03,1.084580e-08,3.795474e+01,8.050483e+00,2.990425e+01,3.959238e+01,1.699057e+02
1.255467e+06,1.453087e+01,1.063472e+05,1.230871e+00,9.480731e-01,9.482504e-01,1.067510e-03,1.084580e-08,3.795388e+01,8.050483e+00,2.990340e+01,3.959172e+01,1.699017e+02
1.255477e+06,1.453099e+01,1.063572e+05,1.230987e+00,9.480732e-01,9.482505e-01,1.067619e-03,1.084580e-08,3.795366e+01,8.050483e+00,2.990318e+01,3.959149e+01,1.699000e+02
1.255487e+06,1.453110e+01,1.063672e+05,1.231102e+00,9.480776e-01,9.482506e-01,1.067727e-03,1.084579e-08,3.795392e+01,8.050483e+00,2.990344e+01,3.959161e+01,1.699000e+02
1.255497e+06,1.453122e+01,1.063772e+05,1.231218e+00,9.480821e-01,9.482508e-01,1.067835e-03,1.084579e-08,3.795418e+01,8.050483e+00,2.990369e+01,3.959173e+01,1.699000e+02
1.255507e+06,1.453133e+01,1.063872e+05,1.231334e+00,9.480865e-01,9.482509e-01,1.067944e-03,1.084579e-08,3.795443e+01,8.050483e+00,2.990395e+01,3.959185e+01,1.699000e+02
1.255517e+06,1.453145e+01,1.063972e+05,1.231450e+00,9.480910e-01,9.482510e-01,1.068052e-03,1.084579e-08,3.795469e+01,8.050483e+00,2.990421e+01,3.959198e+01,1.699000e+02
1.255527e+06,1.453157e+01,1.064072e+05,1.231565e+00,9.480954e-01,9.482511e-01,1.068161e-03,1.084579e-08,3.795494e+01,8.050483e+00,2.990446e+01,3.959210e+01,1.699000e+02
1.255537e+06,1.453168e+01,1.064172e+05,1.231681e+00,9.480998e-01,9.482512e-01,1.068269e-03,1.084579e-08,3.795520e+01,8.050483e+00,2.990472e+01,3.959222e+01,1.699000e+02
1.255547e+06,1.453180e+01,1.064272e+05,1.231797e+00,9.481043e-01,9.482513e-01,1.068378e-03,1.084579e-08,3.795546e+01,8.050483e+00,2.990497e+01,3.959234e+01,1.699000e+02
1.255557e+06,1.453191e+01,1.064372e+05,1.231913e+00,9.481087e-01,9.482514e-01,1.068486e-03,1.084579e-08,3.795571e+01,8.050483e+00,2.990523e+01,3.959247e+01,1.699000e+02
1.255567e+06,1.453203e+01,1.064472e+05,1.232028e+00,9.481131e-01,9.482515e-01,1.068595e-03,1.084579e-08,3.795597e+01,8.050483e+00,2.990549e+01,3.959259e+01,1.699000e+02
1.255577e+06,1.453214e+01,1.064572e+05,1.232144e+00,9.481176e-01,9.482516e-01,1.068703e-03,1.084578e-08,3.795622e+01,8.050483e+00,2.990574e+01,3.959271e+01,1.699000e+02
1.255587e+06,1.453226e+01,1.064672e+05,1.232260e+00,9.481220e-01,9.482517e-01,1.068812e-03,1.084578e-08,3.795648e+01,8.050483e+00,2.990600e+01,3.959283e+01,1.699000e+02
1.255597e+06,1.453238e+01,1.064772e+05,1.232376e+00,9.481264e-01,9.482518e-01,1.068920e-03,1.084578e-08,3.795674e+01,8.050483e+00,2.990625e+01,3.959296e+01,1.699000e+02
1.255607e+06,1.453249e+01,1.064872e+05,1.232491e+00,9.481309e-01,9.482519e-01,1.069029e-03,1.084578e-08,3.795699e+01,8.050483e+00,2.990651e+01,3.959308e+01,1.699000e+02
1.255617e+06,1.453261e+01,1.064973e+05,1.232607e+00,9.481353e-01,9.482520e-01,1.069137e-03,1.084578e-08,3.795725e+01,8.050483e+00,2.990677e+01,3.959320e+01,1.699000e+02
1.255627e+06,1.453272e+01,1.065073e+05,1.232723e+00,9.481397e-01,9.482521e-01,1.069246e-03,1.084578e-08,3.795750e+01,8.050483e+00,2.990702e+01,3.959332e+01,1.699000e+02
1.255637e+06,1.453284e+01,1.065173e+05,1.232839e+00,9.481442e-01,9.482522e-01,1.069354e-03,1.084578e-08,3.795776e+01,8.050483e+00,2.990728e+01,3.959345e+01,1.699000e+02
1.255647e+06,1.453295e+01,1.065273e+05,1.232954e+00,9.481486e-01,9.482523e-01,1.069462e-03,1.084578e-08,3.795802e+01,8.050483e+00,2.990753e+01,3.959357e+01,1.699000e+02
1.255657e+06,1.453307e+01,1.065373e+05,1.233070e+00,9.481531e-01,9.482524e-01,1.069571e-03,1.084577e-08,3.795827e+01,8.050483e+00,2.990779e+01,3.959369e+01,1.699000e+02
1.255667e+06,1.453319e+01,1.065473e+05,1.233186e+00,9.481575e-01,9.482525e-01,1.069679e-03,1.084577e-08,3.795853e+01,8.050483e+00,2.990805e+01,3.959381e+01,1.699000e+02
1.255677e+06,1.453330e+01,1.065573e+05,1.233302e+00,9.481619e-01,9.482526e-01,1.069788e-03,1.084577e-08,3.795878e+01,8.050483e+00,2.990830e+01,3.959394e+01,1.699000e+02
1.255687e+06,1.453342e+01,1.065673e+05,1.233417e+00,9.481664e-01,9.482527e-01,1.069896e-03,1.084577e-08,3.795904e+01,8.050483e+00,2.990856e+01,3.959406e+01,1.699000e+02
1.255697e+06,1.453353e+01,1.065773e+05,1.233533e+00,9.481708e-01,9.482528e-01,1.070005e-03,1.084577e-08,3.795930e+01,8.050483e+00,2.990881e+01,3.959418e+01,1.699000e+02
1.255707e+06,1.453365e+01,1.065873e+05,1.233649e+00,9.481752e-01,9.482529e-01,1.070113e-03,1.084577e-08,3.795955e+01,8.050483e+00,2.990907e+01,3.959430e+01,1.699000e+02
1.255717e+06,1.453376e+01,1.065973e+05,1.233765e+00,9.481813e-01,9.482530e-01,1.070222e-03,1.084577e-08,3.795981e+01,8.050483e+00,2.990933e+01,3.959437e+01,1.699000e+02
1.255727e+06,1.453388e+01,1.066073e+05,1.233880e+00,9.481891e-01,9.482531e-01,1.070330e-03,1.084577e-08,3.796078e+01,8.050483e+00,2.991030e+01,3.959514e+01,1.699021e+02
1.255737e+06,1.453400e+01,1.066173e+05,1.233996e+00,9.481970e-01,9.482532e-01,1.070439e-03,1.084577e-08,3.796241e+01,8.050483e+00,2.991192e+01,3.959659e+01,1.699061e+02
1.255747e+06,1.453411e+01,1.066273e+05,1.234112e+00,9.482048e-01,9.482533e-01,1.070547e-03,1.084576e-08,3.796403e+01,8.050483e+00,2.991355e+01,3.959804e+01,1.699101e+02
1.255757e+06,1.453423e+01,1.066373e+05,1.234228e+00,9.482127e-01,9.482534e-01,1.070656e-03,1.084576e-08,3.796566e+01,8.050483e+00,2.991518e+01,3.959950e+01,1.699141e+02
1.255767e+06,1.453434e+01,1.066473e+05,1.234343e+00,9.482205e-01,9.482535e-01,1.070764e-03,1.084576e-08,3.796729e+01,8.050483e+00,2.991680e+01,3.960095e+01,1.699181e+02
1.255777e+06,1.453446e+01,1.066573e+05,1.234459e+00,9.482284e-01,9.482536e-01,1.070873e-03,1.084576e-08,3.796891e+01,8.050483e+00,2.991843e+01,3.960241e+01,1.699221e+02
1.255787e+06,1.453457e+01,1.066673e+05,1.234575e+00,9.482362e-01,9.482537e-01,1.070981e-03,1.084576e-08,3.797054e+01,8.050483e+00,2.992006e+01,3.960386e+01,1.699261e+02
1.255797e+06,1.453469e+01,1.066773e+05,1.234691e+00,9.482441e-01,9.482538e-01,1.071089e-03,1.084576e-08,3.797217e+01,8.050483e+00,2.992168e+01,3.960532e+01,1.699301e+02
1.255807e+06,1.453481e+01,1.066873e+05,1.234806e+00,9.482520e-01,9.482539e-01,1.071198e-03,1.084576e-08,3.797379e+01,8.050483e+00,2.992331e+01,3.960677e+01,1.699341e+02
1.255817e+06,1.453492e+01,1.066973e+05,1.234922e+00,9.482598e-01,9.482540e-01,1.071306e-03,1.084576e-08,3.797542e+01,8.050483e+00,2.992494e+01,3.960822e+01,1.699381e+02
1.255827e+06,1.453504e+01,1.067073e+05,1.235038e+00,9.482677e-01,9.482541e-01,1.071415e-03,1.084575e-08,3.797705e+01,8.050483e+00,2.992657e+01,3.960968e+01,1.699421e+02
1.255837e+06,1.453515e+01,1.067173e+05,1.235154e+00,9.482755e-01,9.482542e-01,1.071523e-03,1.084575e-08,3.797867e+01,8.050483e+00,2.992819e+01,3.961113e+01,1.699461e+02
1.255847e+06,1.453527e+01,1.067273e+05,1.235269e+00,9.482834e-01,9.482544e-01,1.071632e-03,1.084575e-08,3.798030e+01,8.050483e+00,2.992982e+01,3.961259e+01,1.699501e+02
1.255857e+06,1.453539e+01,1.067373e+05,1.235385e+00,9.482913e-01,9.482545e-01,1.071740e-03,1.084575e-08,3.798193e+01,8.050483e+00,2.993145e+01,3.961404e+01,1.699542e+02
1.255867e+06,1.453550e+01,1.067473e+05,1.235501e+00,9.482991e-01,9.482546e-01,1.071849e-03,1.084575e-08,3.798356e+01,8.050483e+00,2.993307e+01,3.961549e+01,1.699582e+02
1.255877e+06,1.453562e+01,1.067573e+05,1.235617e+00,9.483070e-01,9.482547e-01,1.071957e-03,1.084575e-08,3.798518e+01,8.050483e+00,2.993470e+01,3.961695e+01,1.699622e+02
1.255887e+06,1.453573e+01,1.067673e+05,1.235732e+00,9.483148e-01,9.482548e-01,1.072066e-03,1.084575e-08,3.798681e+01,8.050483e+00,2.993633e+01,3.961840e+01,1.699662e+02
1.255897e+06,1.453585e+01,1.067773e+05,1.235848e+00,9.483227e-01,9.482549e-01,1.072174e-03,1.084575e-08,3.798844e+01,8.050483e+00,2.993795e+01,3.961986e+01,1.699702e+02
1.255907e+06,1.453596e+01,1.067873e+05,1.235964e+00,9.483306e-01,9.482550e-01,1.072283e-03,1.084575e-08,3.799006e+01,8.050483e+00,2.993958e+01,3.962131e+01,1.699742e+02
1.255917e+06,1.453608e+01,1.067973e+05,1.236080e+00,9.483384e-01,9.482551e-01,1.072391e-03,1.084574e-08,3.799169e+01,8.050483e+00,2.994121e+01,3.962276e+01,1.699782e+02
1.255927e+06,1.453620e+01,1.068073e+05,1.236195e+00,9.483463e-01,9.482552e-01,1.072499e-03,1.084574e-08,3.799332e+01,8.050483e+00,2.994283e+01,3.962422e+01,1.699822e+02
1.255937e+06,1.453631e+01,1.068173e+05,1.236311e+00,9.483541e-01,9.482553e-01,1.072608e-03,1.084574e-08,3.799494e+01,8.050483e+00,2.994446e+01,3.962567e+01,1.699862e+02
1.255947e+06,1.453643e+01,1.068273e+05,1.236427e+00,9.483620e-01,9.482554e-01,1.072716e-03,1.084574e-08,3.799657e+01,8.050483e+00,2.994609e+01,3.962713e+01,1.699902e+02
1.255957e+06,1.453654e+01,1.068373e+05,1.236543e+00,9.483698e-01,9.482555e-01,1.072825e-03,1.084574e-08,3.799820e+01,8.050483e+00,2.994771e+01,3.962858e+01,1.699942e+02
1.255967e+06,1.453666e+01,1.068473e+05,1.236658e+00,9.483777e-01,9.482556e-01,1.072933e-03,1.084574e-08,3.799982e+01,8.050483e+00,2.994934e+01,3.963003e+01,1.699982e+02
1.255977e+06,1.453677e+01,1.068573e+05,1.236774e+00,9.483839e-01,9.482557e-01,1.073042e-03,1.084574e-08,3.800069e+01,8.050483e+00,2.995021e+01,3.963074e+01,1.700022e+02
1.255987e+06,1.453689e+01,1.068673e+05,1.236890e+00,9.483888e-01,9.482558e-01,1.073150e-03,1.084574e-08,3.800095e+01,8.050483e+00,2.995047e+01,3.963085e+01,1.700062e+02
1.255997e+06,1.453701e+01,1.068773e+05,1.237006e+00,9.483938e-01,9.482559e-01,1.073259e-03,1.084573e-08,3.800120e+01,8.050483e+00,2.995072e+01,3.963095e+01,1.700102e+02
1.256007e+06,1.453712e+01,1.068873e+05,1.237121e+00,9.483987e-01,9.482560e-01,1.073367e-03,1.084573e-08,3.800146e+01,8.050483e+00,2.995098e+01,3.963106e+01,1.700141e+02
1.256017e+06,1.453724e+01,1.068973e+05,1.237237e+00,9.484036e-01,9.482561e-01,1.073476e-03,1.084573e-08,3.800171e+01,8.050483e+00,2.995123e+01,3.963116e+01,1.700181e+02
1.256027e+06,1.453735e+01,1.069073e+05,1.237353e+00,9.484085e-01,9.482562e-01,1.073584e-03,1.084573e-08,3.800197e+01,8.050483e+00,2.995149e+01,3.963127e+01,1.700221e+02
1.256037e+06,1.453747e+01,1.069173e+05,1.237469e+00,9.484135e-01,9.482563e-01,1.073693e-03,1.084573e-08,3.800222e+01,8.050483e+00,2.995174e+01,3.963137e+01,1.700261e+02
1.256047e+06,1.453758e+01,1.069273e+05,1.237584e+00,9.484184e-01,9.482564e-01,1.073801e-03,1.084573e-08,3.800248e+01,8.050483e+00,2.995200e+01,3.963148e+01,1.700300e+02
1.256057e+06,1.453770e+01,1.069373e+05,1.237700e+00,9.484233e-01,9.482565e-01,1.073910e-03,1.084573e-08,3.800273e+01,8.050483e+00,2.995225e+01,3.963158e+01,1.700340e+02
1.256067e+06,1.453782e+01,1.069473e+05,1.237816e+00,9.484282e-01,9.482566e-01,1.074018e-03,1.084573e-08,3.800299e+01,8.050483e+00,2.995251e+01,3.963169e+01,1.700380e+02
1.256077e+06,1.453793e+01,1.069573e+05,1.237932e+00,9.484332e-01,9.482567e-01,1.074126e-03,1.084573e-08,3.800324e+01,8.050483e+00,2.995276e+01,3.963179e+01,1.700420e+02
1.256087e+06,1.453805e+01,1.069673e+05,1.238047e+00,9.484381e-01,9.482568e-01,1.074235e-03,1.084572e-08,3.800350e+01,8.050483e+00,2.995302e+01,3.963190e+01,1.700460e+02
1.256097e+06,1.453816e+01,1.069773e+05,1.238163e+00,9.484430e-01,9.482569e-01,1.074343e-03,1.084572e-08,3.800375e+01,8.050483e+00,2.995327e+01,3.963200e+01,1.700499e+02
1.256107e+06,1.453828e+01,1.069873e+05,1.238279e+00,9.484479e-01,9.482570e-01,1.074452e-03,1.084572e-08,3.800401e+01,8.050483e+00,2.995353e+01,3.963211e+01,1.700539e+02
1.256117e+06,1.453839e+01,1.069973e+05,1.238394e+00,9.484529e-01,9.482571e-01,1.074560e-03,1.084572e-08,3.800426e+01,8.050483e+00,2.995378e+01,3.963221e+01,1.700579e+02
1.256127e+06,1.453851e+01,1.070073e+05,1.238510e+00,9.484578e-01,9.482572e-01,1.074669e-03,1.084572e-08,3.800452e+01,8.050483e+00,2.995404e+01,3.963232e+01,1.700619e+02
1.256137e+06,1.453863e+01,1.070173e+05,1.238626e+00,9.484627e-01,9.482573e-01,1.074777e-03,1.084572e-08,3.800477e+01,8.050483e+00,2.995429e+01,3.963242e+01,1.700658e+02
1.256147e+06,1.453874e+01,1.070273e+05,1.238742e+00,9.484676e-01,9.482574e-01,1.074886e-03,1.084572e-08,3.800503e+01,8.050483e+00,2.995455e+01,3.963253e+01,1.700698e+02
1.256157e+06,1.453886e+01,1.070373e+05,1.238857e+00,9.484725e-01,9.482575e-01,1.074994e-03,1.084572e-08,3.800528e+01,8.050483e+00,2.995480e+01,3.963263e+01,1.700738e+02
1.256167e+06,1.453897e+01,1.070473e+05,1.238973e+00,9.484775e-01,9.482576e-01,1.075103e-03,1.084571e-08,3.800554e+01,8.050483e+00,2.995506e+01,3.963274e+01,1.700778e+02
1.256177e+06,1.453909e+01,1.070573e+05,1.239089e+00,9.484824e-01,9.482577e-01,1.075211e-03,1.084571e-08,3.800580e+01,8.050483e+00,2.995531e+01,3.963284e+01,1.700818e+02
1.256187e+06,1.453920e+01,1.070673e+05,1.239205e+00,9.484873e-01,9.482578e-01,1.075320e-03,1.084571e-08,3.800605e+01,8.050483e+00,2.995557e+01,3.963295e+01,1.700857e+02
1.256197e+06,1.453932e+01,1.070773e+05,1.239320e+00,9.484922e-01,9.482580e-01,1.075428e-03,1.084571e-08,3.800631e+01,8.050483e+00,2.995582e+01,3.963305e+01,1.700897e+02
1.256207e+06,1.453944e+01,1.070873e+05,1.239436e+00,9.484972e-01,9.482581e-01,1.075536e-03,1.084571e-08,3.800656e+01,8.050483e+00,2.995608e+01,3.963316e+01,1.700937e+02
1.256217e+06,1.453955e+01,1.070973e+05,1.239552e+00,9.485021e-01,9.482582e-01,1.075645e-03,1.084571e-08,3.800682e+01,8.050483e+00,2.995633e+01,3.963326e+01,1.700977e+02
1.256227e+06,1.453967e+01,1.071073e+05,1.239668e+00,9.485066e-01,9.482583e-01,1.075753e-03,1.084571e-08,3.800619e+01,8.050483e+00,2.995570e+01,3.963245e+01,1.701017e+02
1.256237e+06,1.453978e+01,1.071173e+05,1.239783e+00,9.485104e-01,9.482584e-01,1.075862e-03,1.084571e-08,3.800430e+01,8.050483e+00,2.995381e+01,3.963033e+01,1.701057e+02
1.256247e+06,1.453990e+01,1.071273e+05,1.239899e+00,9.485143e-01,9.482585e-01,1.075970e-03,1.084571e-08,3.800241e+01,8.050483e+00,2.995192e+01,3.962821e+01,1.701097e+02
1.256257e+06,1.454001e+01,1.071373e+05,1.240015e+00,9.485181e-01,9.482586e-01,1.076079e-03,1.084570e-08,3.800051e+01,8.050483e+00,2.995003e+01,3.962609e+01,1.701137e+02
1.256267e+06,1.454013e+01,1.071473e+05,1.240131e+00,9.485219e-01,9.482587e-01,1.076187e-03,1.084570e-08,3.799862e+01,8.050483e+00,2.994814e+01,3.962397e+01,1.701177e+02
1.256277e+06,1.454025e+01,1.071573e+05,1.240246e+00,9.485258e-01,9.482588e-01,1.076296e-03,1.084570e-08,3.799673e+01,8.050483e+00,2.994625e+01,3.962185e+01,1.701218e+02
1.256287e+06,1.454036e+01,1.071673e+05,1.240362e+00,9.485296e-01,9.482589e-01,1.076404e-03,1.084570e-08,3.799484e+01,8.050483e+00,2.994436e+01,3.961973e+01,1.701258e+02
1.256297e+06,1.454048e+01,1.071773e+05,1.240478e+00,9.485334e-01,9.482590e-01,1.076513e-03,1.084570e-08,3.799295e+01,8.050483e+00,2.994247e+01,3.961760e+01,1.701298e+02
1.256307e+06,1.454059e+01,1.071873e+05,1.240594e+00,9.485373e-01,9.482591e-01,1.076621e-03,1.084570e-08,3.799106e+01,8.050483e+00,2.994058e+01,3.961548e+01,1.701338e+02
1.256317e+06,1.454071e+01,1.071973e+05,1.240709e+00,9.485411e-01,9.482592e-01,1.076730e-03,1.084570e-08,3.798917e+01,8.050483e+00,2.993869e+01,3.961336e+01,1.701378e+02
1.256327e+06,1.454083e+01,1.072073e+05,1.240825e+00,9.485449e-01,9.482593e-01,1.076838e-03,1.084570e-08,3.798728e+01,8.050483e+00,2.993680e+01,3.961124e+01,1.701418e+02
1.256337e+06,1.454094e+01,1.072173e+05,1.240941e+00,9.485488e-01,9.482594e-01,1.076947e-03,1.084569e-08,3.798539e+01,8.050483e+00,2.993491e+01,3.960912e+01,1.701459e+02
1.256347e+06,1.454106e+01,1.072273e+05,1.241057e+00,9.485526e-01,9.482595e-01,1.077055e-03,1.084569e-08,3.798350e+01,8.050483e+00,2.993302e+01,3.960700e+01,1.701499e+02
1.256357e+06,1.454117e+01,1.072373e+05,1.241172e+00,9.485564e-01,9.482596e-01,1.077163e-03,1.084569e-08,3.798161e+01,8.050483e+00,2.993113e+01,3.960488e+01,1.701539e+02
1.256367e+06,1.454129e+01,1.072473e+05,1.241288e+00,9.485603e-01,9.482597e-01,1.077272e-03,1.084569e-08,3.797972e+01,8.050483e+00,2.992924e+01,3.960276e+01,1.701579e+02
1.256377e+06,1.454140e+01,1.072573e+05,1.241404e+00,9.485641e-01,9.482598e-01,1.077380e-03,1.084569e-08,3.797783e+01,8.050483e+00,2.992735e+01,3.960064e+01,1.701619e+02
1.256387e+06,1.454152e+01,1.072673e+05,1.241520e+00,9.485679e-01,9.482599e-01,1.077489e-03,1.084569e-08,3.797594e+01,8.050483e+00,2.992546e+01,3.959852e+01,1.701660e+02
1.256397e+06,1.454164e+01,1.072773e+05,1.241635e+00,9.485718e-01,9.482600e-01,1.077597e-03,1.084569e-08,3.797405e+01,8.050483e+00,2.992357e+01,3.959640e+01,1.701700e+02
1.256407e+06,1.454175e+01,1.072873e+05,1.241751e+00,9.485756e-01,9.482601e-01,1.077706e-03,1.084569e-08,3.797216e+01,8.050483e+00,2.992168e+01,3.959428e+01,1.701740e+02
1.256417e+06,1.454187e+01,1.072973e+05,1.241867e+00,9.485794e-01,9.482602e-01,1.077814e-03,1.084569e-08,3.797027e+01,8.050483e+00,2.991979e+01,3.959216e+01,1.701780e+02
1.256427e+06,1.454198e+01,1.073073e+05,1.241983e+00,9.485833e-01,9.482603e-01,1.077923e-03,1.084568e-08,3.796838e+01,8.050483e+00,2.991790e+01,3.959004e+01,1.701820e+02
1.256437e+06,1.454210e+01,1.073173e+05,1.242098e+00,9.485871e-01,9.482604e-01,1.078031e-03,1.084568e-08,3.796649e+01,8.050483e+00,2.991601e+01,3.958792e+01,1.701861e+02
1.256447e+06,1.454221e+01,1.073273e+05,1.242214e+00,9.485910e-01,9.482605e-01,1.078140e-03,1.084568e-08,3.796460e+01,8.050483e+00,2.991412e+01,3.958580e+01,1.701901e+02
1.256457e+06,1.454233e+01,1.073373e+05,1.242330e+00,9.485948e-01,9.482606e-01,1.078248e-03,1.084568e-08,3.796271e+01,8.050483e+00,2.991223e+01,3.958368e+01,1.701941e+02
1.256467e+06,1.454245e+01,1.073473e+05,1.242446e+00,9.485969e-01,9.482607e-01,1.078357e-03,1.084568e-08,3.796082e+01,8.050483e+00,2.991034e+01,3.958162e+01,1.701981e+02
1.256477e+06,1.454256e+01,1.073573e+05,1.242561e+00,9.485911e-01,9.482608e-01,1.078465e-03,1.084568e-08,3.796052e+01,8.050483e+00,2.991004e+01,3.958150e+01,1.702000e+02
1.256487e+06,1.454268e+01,1.073673e+05,1.242677e+00,9.485795e-01,9.482609e-01,1.078573e-03,1.084568e-08,3.796164e+01,8.050483e+00,2.991115e+01,3.958306e+01,1.702000e+02
1.256497e+06,1.454279e+01,1.073773e+05,1.242793e+00,9.485679e-01,9.482610e-01,1.078682e-03,1.084568e-08,3.796275e+01,8.050483e+00,2.991227e+01,3.958462e+01,1.702000e+02
1.256507e+06,1.454291e+01,1.073873e+05,1.242909e+00,9.485563e-01,9.482611e-01,1.078790e-03,1.084567e-08,3.796386e+01,8.050483e+00,2.991338e+01,3.958617e+01,1.702000e+02
1.256517e+06,1.454302e+01,1.073973e+05,1.243024e+00,9.485447e-01,9.482612e-01,1.078899e-03,1.084567e-08,3.796497e+01,8.050483e+00,2.991449e+01,3.958773e+01,1.702000e+02
1.256527e+06,1.454314e+01,1.074073e+05,1.243140e+00,9.485331e-01,9.482613e-01,1.079007e-03,1.084567e-08,3.796609e+01,8.050483e+00,2.991560e+01,3.958929e+01,1.702000e+02
1.256537e+06,1.454326e+01,1.074173e+05,1.243256e+00,9.485215e-01,9.482614e-01,1.079116e-03,1.084567e-08,3.796720e+01,8.050483e+00,2.991672e+01,3.959085e+01,1.702000e+02
1.256547e+06,1.454337e+01,1.074273e+05,1.243372e+00,9.485099e-01,9.482615e-01,1.079224e-03,1.084567e-08,3.796831e+01,8.050483e+00,2.991783e+01,3.959241e+01,1.702000e+02
1.256557e+06,1.454349e+01,1.074373e+05,1.243487e+00,9.484983e-01,9.482617e-01,1.079333e-03,1.084567e-08,3.796943e+01,8.050483e+00,2.991894e+01,3.959397e+01,1.702000e+02
1.256567e+06,1.454360e+01,1.074473e+05,1.243603e+00,9.484867e-01,9.482618e-01,1.079441e-03,1.084567e-08,3.797054e+01,8.050483e+00,2.992006e+01,3.959553e+01,1.702000e+02
1.256577e+06,1.454372e+01,1.074573e+05,1.243719e+00,9.484752e-01,9.482619e-01,1.079550e-03,1.084567e-08,3.797165e+01,8.050483e+00,2.992117e+01,3.959709e+01,1.702000e+02
1.256587e+06,1.454383e+01,1.074673e+05,1.243835e+00,9.484636e-01,9.482620e-01,1.079658e-03,1.084567e-08,3.797277e+01,8.050483e+00,2.992228e+01,3.959865e+01,1.702000e+02
1.256597e+06,1.454395e+01,1.074773e+05,1.243950e+00,9.484520e-01,9.482621e-01,1.079767e-03,1.084566e-08,3.797388e+01,8.050483e+00,2.992340e+01,3.960021e+01,1.702000e+02
1.256607e+06,1.454407e+01,1.074873e+05,1.244066e+00,9.484404e-01,9.482622e-01,1.079875e-03,1.084566e-08,3.797499e+01,8.050483e+00,2.992451e+01,3.960177e+01,1.702000e+02
1.256617e+06,1.454418e+01,1.074973e+05,1.244182e+00,9.484288e-01,9.482623e-01,1.079984e-03,1.084566e-08,3.797611e+01,8.050483e+00,2.992562e+01,3.960332e+01,1.702000e+02
1.256627e+06,1.454430e+01,1.075073e+05,1.244298e+00,9.484172e-01,9.482624e-01,1.080092e-03,1.084566e-08,3.797722e+01,8.050483e+00,2.992674e+01,3.960488e+01,1.702000e+02
1.256637e+06,1.454441e+01,1.075173e+05,1.244413e+00,9.484056e-01,9.482625e-01,1.080200e-03,1.084566e-08,3.797833e+01,8.050483e+00,2.992785e+01,3.960644e+01,1.702000e+02
1.256647e+06,1.454453e+01,1.075273e+05,1.244529e+00,9.483940e-01,9.482626e-01,1.080309e-03,1.084566e-08,3.797945e+01,8.050483e+00,2.992896e+01,3.960800e+01,1.702000e+02
1.256657e+06,1.454464e+01,1.075373e+05,1.244645e+00,9.483824e-01,9.482627e-01,1.080417e-03,1.084566e-08,3.798056e+01,8.050483e+00,2.993008e+01,3.960956e+01,1.702000e+02
1.256667e+06,1.454476e+01,1.075473e+05,1.244761e+00,9.483708e-01,9.482628e-01,1.080526e-03,1.084566e-08,3.798167e+01,8.050483e+00,2.993119e+01,3.961112e+01,1.702000e+02
1.256677e+06,1.454488e+01,1.075573e+05,1.244876e+00,9.483593e-01,9.482629e-01,1.080634e-03,1.084565e-08,3.798279e+01,8.050483e+00,2.993230e+01,3.961268e+01,1.702000e+02
1.256687e+06,1.454499e+01,1.075673e+05,1.244992e+00,9.483477e-01,9.482630e-01,1.080743e-03,1.084565e-08,3.798390e+01,8.050483e+00,2.993342e+01,3.961424e+01,1.702000e+02
1.256697e+06,1.454511e+01,1.075773e+05,1.245108e+00,9.483361e-01,9.482631e-01,1.080851e-03,1.084565e-08,3.798501e+01,8.050483e+00,2.993453e+01,3.961580e+01,1.702000e+02
1.256707e+06,1.454522e+01,1.075873e+05,1.245224e+00,9.483245e-01,9.482632e-01,1.080960e-03,1.084565e-08,3.798612e+01,8.050483e+00,2.993564e+01,3.961736e+01,1.702000e+02
1.256717e+06,1.454534e+01,1.075973e+05,1.245339e+00,9.483147e-01,9.482633e-01,1.081068e-03,1.084565e-08,3.798724e+01,8.050483e+00,2.993675e+01,3.961886e+01,1.702000e+02
1.256727e+06,1.454546e+01,1.076073e+05,1.245455e+00,9.483215e-01,9.482634e-01,1.081177e-03,1.084565e-08,3.798681e+01,8.050483e+00,2.993633e+01,3.961818e+01,1.702022e+02
1.256737e+06,1.454557e+01,1.076173e+05,1.245571e+00,9.483402e-01,9.482635e-01,1.081285e-03,1.084565e-08,3.798519e+01,8.050483e+00,2.993471e+01,3.961585e+01,1.702062e+02
1.256747e+06,1.454569e+01,1.076273e+05,1.245687e+00,9.483588e-01,9.482636e-01,1.081394e-03,1.084565e-08,3.798357e+01,8.050483e+00,2.993309e+01,3.961352e+01,1.702102e+02
1.256757e+06,1.454580e+01,1.076373e+05,1.245802e+00,9.483775e-01,9.482637e-01,1.081502e-03,1.084565e-08,3.798195e+01,8.050483e+00,2.993146e+01,3.961119e+01,1.702142e+02
1.256767e+06,1.454592e+01,1.076473e+05,1.245918e+00,9.483961e-01,9.482638e-01,1.081610e-03,1.084564e-08,3.798033e+01,8.050483e+00,2.992984e+01,3.960886e+01,1.702182e+02
1.256777e+06,1.454603e+01,1.076573e+05,1.246034e+00,9.484148e-01,9.482639e-01,1.081719e-03,1.084564e-08,3.797870e+01,8.050483e+00,2.992822e+01,3.960653e+01,1.702222e+02
1.256787e+06,1.454615e+01,1.076673e+05,1.246150e+00,9.484335e-01,9.482640e-01,1.081827e-03,1.084564e-08,3.797708e+01,8.050483e+00,2.992660e+01,3.960420e+01,1.702262e+02
1.256797e+06,1.454627e+01,1.076773e+05,1.246265e+00,9.484521e-01,9.482641e-01,1.081936e-03,1.084564e-08,3.797546e+01,8.050483e+00,2.992498e+01,3.960187e+01,1.702302e+02
1.256807e+06,1.454638e+01,1.076873e+05,1.246381e+00,9.484708e-01,9.482642e-01,1.082044e-03,1.084564e-08,3.797384e+01,8.050483e+00,2.992336e+01,3.959954e+01,1.702342e+02
1.256817e+06,1.454650e+01,1.076973e+05,1.246497e+00,9.484894e-01,9.482643e-01,1.082153e-03,1.084564e-08,3.797222e+01,8.050483e+00,2.992174e+01,3.959721e+01,1.702382e+02
1.256827e+06,1.454661e+01,1.077073e+05,1.246613e+00,9.485081e-01,9.482644e-01,1.082261e-03,1.084564e-08,3.797060e+01,8.050483e+00,2.992012e+01,3.959488e+01,1.702422e+02
1.256837e+06,1.454673e+01,1.077173e+05,1.246728e+00,9.485267e-01,9.482645e-01,1.082370e-03,1.084564e-08,3.796898e+01,8.050483e+00,2.991849e+01,3.959255e+01,1.702462e+02
1.256847e+06,1.454684e+01,1.077273e+05,1.246844e+00,9.485454e-01,9.482646e-01,1.082478e-03,1.084563e-08,3.796736e+01,8.050483e+00,2.991687e+01,3.959022e+01,1.702501e+02
1.256857e+06,1.454696e+01,1.077373e+05,1.246960e+00,9.485641e-01,9.482647e-01,1.082587e-03,1.084563e-08,3.796573e+01,8.050483e+00,2.991525e+01,3.958789e+01,1.702541e+02
1.256867e+06,1.454708e+01,1.077473e+05,1.247076e+00,9.485827e-01,9.482648e-01,1.082695e-03,1.084563e-08,3.796411e+01,8.050483e+00,2.991363e+01,3.958556e+01,1.702581e+02
1.256877e+06,1.454719e+01,1.077573e+05,1.247191e+00,9.486014e-01,9.482649e-01,1.082804e-03,1.084563e-08,3.796249e+01,8.050483e+00,2.991201e+01,3.958323e+01,1.702621e+02
1.256887e+06,1.454731e+01,1.077673e+05,1.247307e+00,9.486200e-01,9.482650e-01,1.082912e-03,1.084563e-08,3.796087e+01,8.050483e+00,2.991039e+01,3.958090e+01,1.702661e+02
1.256897e+06,1.454742e+01,1.077773e+05,1.247423e+00,9.486387e-01,9.482651e-01,1.083021e-03,1.084563e-08,3.795925e+01,8.050483e+00,2.990877e+01,3.957857e+01,1.702701e+02
1.256907e+06,1.454754e+01,1.077873e+05,1.247539e+00,9.486573e-01,9.482653e-01,1.083129e-03,1.084563e-08,3.795763e+01,8.050483e+00,2.990715e+01,3.957624e+01,1.702741e+02
1.256917e+06,1.454765e+01,1.077973e+05,1.247654e+00,9.486760e-01,9.482654e-01,1.083237e-03,1.084563e-08,3.795601e+01,8.050483e+00,2.990552e+01,3.957392e+01,1.702781e+02
1.256927e+06,1.454777e+01,1.078073e+05,1.247770e+00,9.486947e-01,9.482655e-01,1.083346e-03,1.084563e-08,3.795439e+01,8.050483e+00,2.990390e+01,3.957159e+01,1.702821e+02
1.256937e+06,1.454789e+01,1.078173e+05,1.247886e+00,9.487133e-01,9.482656e-01,1.083454e-03,1.084562e-08,3.795276e+01,8.050483e+00,2.990228e+01,3.956926e+01,1.702861e+02
1.256947e+06,1.454800e+01,1.078273e+05,1.248002e+00,9.487320e-01,9.482657e-01,1.083563e-03,1.084562e-08,3.795114e+01,8.050483e+00,2.990066e+01,3.956693e+01,1.702901e+02
1.256957e+06,1.454812e+01,1.078373e+05,1.248117e+00,9.487506e-01,9.482658e-01,1.083671e-03,1.084562e-08,3.794952e+01,8.050483e+00,2.989904e+01,3.956460e+01,1.702940e+02
1.256967e+06,1.454823e+01,1.078473e+05,1.248233e+00,9.487677e-01,9.482659e-01,1.083780e-03,1.084562e-08,3.794790e+01,8.050483e+00,2.989742e+01,3.956233e+01,1.702980e+02
1.256977e+06,1.454835e+01,1.078573e+05,1.248349e+00,9.487665e-01,9.482660e-01,1.083888e-03,1.084562e-08,3.794819e+01,8.050483e+00,2.989771e+01,3.956267e+01,1.703000e+02
1.256987e+06,1.454846e+01,1.078673e+05,1.248465e+00,9.487492e-01,9.482661e-01,1.083997e-03,1.084562e-08,3.795033e+01,8.050483e+00,2.989985e+01,3.956550e+01,1.703000e+02
1.256997e+06,1.454858e+01,1.078773e+05,1.248580e+00,9.487319e-01,9.482662e-01,1.084105e-03,1.084562e-08,3.795247e+01,8.050483e+00,2.990199e+01,3.956833e+01,1.703000e+02
1.257007e+06,1.454870e+01,1.078873e+05,1.248696e+00,9.487146e-01,9.482663e-01,1.084214e-03,1.084562e-08,3.795461e+01,8.050483e+00,2.990413e+01,3.957116e+01,1.703000e+02
1.257017e+06,1.454881e+01,1.078973e+05,1.248812e+00,9.486974e-01,9.482664e-01,1.084322e-03,1.084561e-08,3.795676e+01,8.050483e+00,2.990627e+01,3.957399e+01,1.703000e+02
1.257027e+06,1.454893e+01,1.079073e+05,1.248928e+00,9.486801e-01,9.482665e-01,1.084431e-03,1.084561e-08,3.795890e+01,8.050483e+00,2.990841e+01,3.957682e+01,1.703000e+02
1.257037e+06,1.454904e+01,1.079173e+05,1.249043e+00,9.486628e-01,9.482666e-01,1.084539e-03,1.084561e-08,3.796104e+01,8.050483e+00,2.991055e+01,3.957966e+01,1.703000e+02
1.257047e+06,1.454916e+01,1.079273e+05,1.249159e+00,9.486455e-01,9.482667e-01,1.084647e-03,1.084561e-08,3.796318e+01,8.050483e+00,2.991269e+01,3.958249e+01,1.703000e+02
1.257057e+06,1.454927e+01,1.079373e+05,1.249275e+00,9.486283e-01,9.482668e-01,1.084756e-03,1.084561e-08,3.796532e+01,8.050483e+00,2.991484e+01,3.958532e+01,1.703000e+02
1.257067e+06,1.454939e+01,1.079473e+05,1.249391e+00,9.486110e-01,9.482669e-01,1.084864e-03,1.084561e-08,3.796746e+01,8.050483e+00,2.991698e+01,3.958815e+01,1.703000e+02
1.257077e+06,1.454951e+01,1.079574e+05,1.249506e+00,9.485937e-01,9.482670e-01,1.084973e-03,1.084561e-08,3.796960e+01,8.050483e+00,2.991912e+01,3.959098e+01,1.703000e+02
1.257087e+06,1.454962e+01,1.079674e+05,1.249622e+00,9.485765e-01,9.482671e-01,1.085081e-03,1.084561e-08,3.797174e+01,8.050483e+00,2.992126e+01,3.959381e+01,1.703000e+02
1.257097e+06,1.454974e+01,1.079774e+05,1.249738e+00,9.485592e-01,9.482672e-01,1.085190e-03,1.084561e-08,3.797388e+01,8.050483e+00,2.992340e+01,3.959664e+01,1.703000e+02
1.257107e+06,1.454985e+01,1.079874e+05,1.249854e+00,9.485419e-01,9.482673e-01,1.085298e-03,1.084560e-08,3.797602e+01,8.050483e+00,2.992554e+01,3.959947e+01,1.703000e+02
1.257117e+06,1.454997e+01,1.079974e+05,1.249969e+00,9.485246e-01,9.482674e-01,1.085407e-03,1.084560e-08,3.797816e+01,8.050483e+00,2.992768e+01,3.960230e+01,1.703000e+02
1.257127e+06,1.455009e+01,1.080074e+05,1.250085e+00,9.485074e-01,9.482675e-01,1.085515e-03,1.084560e-08,3.798030e+01,8.050483e+00,2.992982e+01,3.960513e+01,1.703000e+02
1.257137e+06,1.455020e+01,1.080174e+05,1.250201e+00,9.484901e-01,9.482676e-01,1.085624e-03,1.084560e-08,3.798244e+01,8.050483e+00,2.993196e+01,3.960797e+01,1.703000e+02
1.257147e+06,1.455032e+01,1.080274e+05,1.250317e+00,9.484728e-01,9.482677e-01,1.085732e-03,1.084560e-08,3.798458e+01,8.050483e+00,2.993410e+01,3.961080e+01,1.703000e+02
1.257157e+06,1.455043e+01,1.080374e+05,1.250432e+00,9.484555e-01,9.482678e-01,1.085841e-03,1.084560e-08,3.798672e+01,8.050483e+00,2.993624e+01,3.961363e+01,1.703000e+02
1.257167e+06,1.455055e+01,1.080474e+05,1.250548e+00,9.484383e-01,9.482679e-01,1.085949e-03,1.084560e-08,3.798887e+01,8.050483e+00,2.993838e+01,3.961646e+01,1.703000e+02
1.257177e+06,1.455066e+01,1.080574e+05,1.250664e+00,9.484210e-01,9.482680e-01,1.086057e-03,1.084560e-08,3.799101e+01,8.050483e+00,2.994052e+01,3.961929e+01,1.703000e+02
1.257187e+06,1.455078e+01,1.080674e+05,1.250780e+00,9.484037e-01,9.482681e-01,1.086166e-03,1.084559e-08,3.799315e+01,8.050483e+00,2.994266e+01,3.962213e+01,1.703000e+02
1.257197e+06,1.455090e+01,1.080774e+05,1.250895e+00,9.483864e-01,9.482682e-01,1.086274e-03,1.084559e-08,3.799529e+01,8.050483e+00,2.994480e+01,3.962496e+01,1.703000e+02
1.257207e+06,1.455101e+01,1.080874e+05,1.251011e+00,9.483692e-01,9.482683e-01,1.086383e-03,1.084559e-08,3.799743e+01,8.050483e+00,2.994695e+01,3.962779e+01,1.703000e+02
1.257217e+06,1.455113e+01,1.080974e+05,1.251127e+00,9.483536e-01,9.482684e-01,1.086491e-03,1.084559e-08,3.799957e+01,8.050483e+00,2.994909e+01,3.963057e+01,1.703000e+02
1.257227e+06,1.455124e+01,1.081074e+05,1.251243e+00,9.483511e-01,9.482685e-01,1.086600e-03,1.084559e-08,3.800000e+01,8.050483e+00,2.994951e+01,3.963110e+01,1.703022e+02
1.257237e+06,1.455136e+01,1.081174e+05,1.251358e+00,9.483583e-01,9.482686e-01,1.086708e-03,1.084559e-08,3.799897e+01,8.050483e+00,2.994849e+01,3.962978e+01,1.703062e+02
1.257247e+06,1.455147e+01,1.081274e+05,1.251474e+00,9.483656e-01,9.482687e-01,1.086817e-03,1.084559e-08,3.799794e+01,8.050483e+00,2.994746e+01,3.962845e+01,1.703102e+02
1.257257e+06,1.455159e+01,1.081374e+05,1.251590e+00,9.483728e-01,9.482689e-01,1.086925e-03,1.084559e-08,3.799691e+01,8.050483e+00,2.994643e+01,3.962713e+01,1.703142e+02
1.257267e+06,1.455171e+01,1.081474e+05,1.251706e+00,9.483800e-01,9.482690e-01,1.087034e-03,1.084559e-08,3.799589e+01,8.050483e+00,2.994540e+01,3.962580e+01,1.703182e+02
1.257277e+06,1.455182e+01,1.081574e+05,1.251821e+00,9.483873e-01,9.482691e-01,1.087142e-03,1.084558e-08,3.799486e+01,8.050483e+00,2.994438e+01,3.962448e+01,1.703222e+02
1.257287e+06,1.455194e+01,1.081674e+05,1.251937e+00,9.483945e-01,9.482692e-01,1.087251e-03,1.084558e-08,3.799383e+01,8.050483e+00,2.994335e+01,3.962315e+01,1.703262e+02
1.257297e+06,1.455205e+01,1.081774e+05,1.252053e+00,9.484017e-01,9.482693e-01,1.087359e-03,1.084558e-08,3.799280e+01,8.050483e+00,2.994232e+01,3.962183e+01,1.703302e+02
1.257307e+06,1.455217e+01,1.081874e+05,1.252169e+00,9.484090e-01,9.482694e-01,1.087468e-03,1.084558e-08,3.799178e+01,8.050483e+00,2.994129e+01,3.962051e+01,1.703342e+02
1.257317e+06,1.455228e+01,1.081974e+05,1.252284e+00,9.484162e-01,9.482695e-01,1.087576e-03,1.084558e-08,3.799075e+01,8.050483e+00,2.994027e+01,3.961918e+01,1.703382e+02
1.257327e+06,1.455240e+01,1.082074e+05,1.252400e+00,9.484234e-01,9.482696e-01,1.087684e-03,1.084558e-08,3.798972e+01,8.050483e+00,2.993924e+01,3.961786e+01,1.703422e+02
1.257337e+06,1.455252e+01,1.082174e+05,1.252516e+00,9.484307e-01,9.482697e-01,1.087793e-03,1.084558e-08,3.798869e+01,8.050483e+00,2.993821e+01,3.961653e+01,1.703462e+02
1.257347e+06,1.455263e+01,1.082274e+05,1.252632e+00,9.484379e-01,9.482698e-01,1.087901e-03,1.084558e-08,3.798767e+01,8.050483e+00,2.993718e+01,3.961521e+01,1.703502e+02
1.257357e+06,1.455275e+01,1.082374e+05,1.252747e+00,9.484451e-01,9.482699e-01,1.088010e-03,1.084557e-08,3.798664e+01,8.050483e+00,2.993616e+01,3.961389e+01,1.703542e+02
1.257367e+06,1.455286e+01,1.082474e+05,1.252863e+00,9.484524e-01,9.482700e-01,1.088118e-03,1.084557e-08,3.798561e+01,8.050483e+00,2.993513e+01,3.961256e+01,1.703582e+02
1.257377e+06,1.455298e+01,1.082574e+05,1.252979e+00,9.484596e-01,9.482701e-01,1.088227e-03,1.084557e-08,3.798458e+01,8.050483e+00,2.993410e+01,3.961124e+01,1.703622e+02
1.257387e+06,1.455309e+01,1.082674e+05,1.253095e+00,9.484668e-01,9.482702e-01,1.088335e-03,1.084557e-08,3.798356e+01,8.050483e+00,2.993307e+01,3.960991e+01,1.703662e+02
1.257397e+06,1.455321e+01,1.082774e+05,1.253210e+00,9.484741e-01,9.482703e-01,1.088444e-03,1.084557e-08,3.798253e+01,8.050483e+00,2.993205e+01,3.960859e+01,1.703703e+02
1.257407e+06,1.455333e+01,1.082874e+05,1.253326e+00,9.484813e-01,9.482704e-01,1.088552e-03,1.084557e-08,3.798150e+01,8.050483e+00,2.993102e+01,3.960726e+01,1.703743e+02
1.257417e+06,1.455344e+01,1.082974e+05,1.253442e+00,9.484885e-01,9.482705e-01,1.088661e-03,1.084557e-08,3.798047e+01,8.050483e+00,2.992999e+01,3.960594e+01,1.703783e+02
1.257427e+06,1.455356e+01,1.083074e+05,1.253558e+00,9.484958e-01,9.482706e-01,1.088769e-03,1.084557e-08,3.797945e+01,8.050483e+00,2.992896e+01,3.960462e+01,1.703823e+02
1.257437e+06,1.455367e+01,1.083174e+05,1.253673e+00,9.485030e-01,9.482707e-01,1.088878e-03,1.084557e-08,3.797842e+01,8.050483e+00,2.992794e+01,3.960329e+01,1.703863e+02
1.257447e+06,1.455379e+01,1.083274e+05,1.253789e+00,9.485103e-01,9.482708e-01,1.088986e-03,1.084556e-08,3.797739e+01,8.050483e+00,2.992691e+01,3.960197e+01,1.703903e+02
1.257457e+06,1.455390e+01,1.083374e+05,1.253905e+00,9.485175e-01,9.482709e-01,1.089094e-03,1.084556e-08,3.797636e+01,8.050483e+00,2.992588e+01,3.960064e+01,1.703943e+02
1.257467e+06,1.455402e+01,1.083474e+05,1.254021e+00,9.485247e-01,9.482710e-01,1.089203e-03,1.084556e-08,3.797534e+01,8.050483e+00,2.992485e+01,3.959932e+01,1.703983e+02
1.257477e+06,1.455414e+01,1.083574e+05,1.254136e+00,9.485315e-01,9.482711e-01,1.089311e-03,1.084556e-08,3.797548e+01,8.050483e+00,2.992500e+01,3.959925e+01,1.704023e+02
1.257487e+06,1.455425e+01,1.083674e+05,1.254252e+00,9.485378e-01,9.482712e-01,1.089420e-03,1.084556e-08,3.797651e+01,8.050483e+00,2.992602e+01,3.960012e+01,1.704063e+02
1.257497e+06,1.455437e+01,1.083774e+05,1.254368e+00,9.485442e-01,9.482713e-01,1.089528e-03,1.084556e-08,3.797753e+01,8.050483e+00,2.992705e+01,3.960099e+01,1.704103e+02
1.257507e+06,1.455448e+01,1.083874e+05,1.254484e+00,9.485506e-01,9.482714e-01,1.089637e-03,1.084556e-08,3.797856e+01,8.050483e+00,2.992807e+01,3.960185e+01,1.704143e+02
1.257517e+06,1.455460e+01,1.083974e+05,1.254599e+00,9.485570e-01,9.482715e-01,1.089745e-03,1.084556e-08,3.797958e+01,8.050483e+00,2.992910e+01,3.960272e+01,1.704183e+02
1.257527e+06,1.455472e+01,1.084074e+05,1.254715e+00,9.485634e-01,9.482716e-01,1.089854e-03,1.084555e-08,3.798060e+01,8.050483e+00,2.993012e+01,3.960359e+01,1.704222e+02
1.257537e+06,1.455483e+01,1.084174e+05,1.254831e+00,9.485698e-01,9.482717e-01,1.089962e-03,1.084555e-08,3.798163e+01,8.050483e+00,2.993114e+01,3.960445e+01,1.704262e+02
1.257547e+06,1.455495e+01,1.084274e+05,1.254947e+00,9.485762e-01,9.482718e-01,1.090071e-03,1.084555e-08,3.798265e+01,8.050483e+00,2.993217e+01,3.960532e+01,1.704302e+02
1.257557e+06,1.455506e+01,1.084374e+05,1.255062e+00,9.485825e-01,9.482719e-01,1.090179e-03,1.084555e-08,3.798368e+01,8.050483e+00,2.993319e+01,3.960619e+01,1.704342e+02
1.257567e+06,1.455518e+01,1.084474e+05,1.255178e+00,9.485889e-01,9.482720e-01,1.090288e-03,1.084555e-08,3.798470e+01,8.050483e+00,2.993422e+01,3.960706e+01,1.704382e+02
1.257577e+06,1.455529e+01,1.084574e+05,1.255294e+00,9.485953e-01,9.482721e-01,1.090396e-03,1.084555e-08,3.798572e+01,8.050483e+00,2.993524e+01,3.960792e+01,1.704422e+02
1.257587e+06,1.455541e+01,1.084674e+05,1.255410e+00,9.486017e-01,9.482722e-01,1.090504e-03,1.084555e-08,3.798675e+01,8.050483e+00,2.993626e+01,3.960879e+01,1.704462e+02
1.257597e+06,1.455553e+01,1.084774e+05,1.255525e+00,9.486081e-01,9.482723e-01,1.090613e-03,1.084555e-08,3.798777e+01,8.050483e+00,2.993729e+01,3.960966e+01,1.704502e+02
1.257607e+06,1.455564e+01,1.084874e+05,1.255641e+00,9.486145e-01,9.482725e-01,1.090721e-03,1.084555e-08,3.798879e+01,8.050483e+00,2.993831e+01,3.961052e+01,1.704542e+02
1.257617e+06,1.455576e+01,1.084974e+05,1.255757e+00,9.486209e-01,9.482726e-01,1.090830e-03,1.084554e-08,3.798982e+01,8.050483e+00,2.993934e+01,3.961139e+01,1.704582e+02
1.257627e+06,1.455587e+01,1.085074e+05,1.255873e+00,9.486273e-01,9.482727e-01,1.090938e-03,1.084554e-08,3.799084e+01,8.050483e+00,2.994036e+01,3.961226e+01,1.704622e+02
1.257637e+06,1.455599e+01,1.085174e+05,1.255988e+00,9.486336e-01,9.482728e-01,1.091047e-03,1.084554e-08,3.799187e+01,8.050483e+00,2.994138e+01,3.961313e+01,1.704661e+02
1.257647e+06,1.455610e+01,1.085274e+05,1.256104e+00,9.486400e-01,9.482729e-01,1.091155e-03,1.084554e-08,3.799289e+01,8.050483e+00,2.994241e+01,3.961399e+01,1.704701e+02
1.257657e+06,1.455622e+01,1.085374e+05,1.256220e+00,9.486464e-01,9.482730e-01,1.091264e-03,1.084554e-08,3.799391e+01,8.050483e+00,2.994343e+01,3.961486e+01,1.704741e+02
1.257667e+06,1.455634e+01,1.085474e+05,1.256336e+00,9.486528e-01,9.482731e-01,1.091372e-03,1.084554e-08,3.799494e+01,8.050483e+00,2.994446e+01,3.961573e+01,1.704781e+02
1.257677e+06,1.455645e+01,1.085574e+05,1.256451e+00,9.486592e-01,9.482732e-01,1.091481e-03,1.084554e-08,3.799596e+01,8.050483e+00,2.994548e+01,3.961659e+01,1.704821e+02
1.257687e+06,1.455657e+01,1.085674e+05,1.256567e+00,9.486656e-01,9.482733e-01,1.091589e-03,1.084554e-08,3.799699e+01,8.050483e+00,2.994650e+01,3.961746e+01,1.704861e+02
1.257697e+06,1.455668e+01,1.085774e+05,1.256683e+00,9.486720e-01,9.482734e-01,1.091698e-03,1.084553e-08,3.799801e+01,8.050483e+00,2.994753e+01,3.961833e+01,1.704901e+02
1.257707e+06,1.455680e+01,1.085874e+05,1.256799e+00,9.486783e-01,9.482735e-01,1.091806e-03,1.084553e-08,3.799903e+01,8.050483e+00,2.994855e+01,3.961919e+01,1.704941e+02
1.257717e+06,1.455691e+01,1.085974e+05,1.256914e+00,9.486831e-01,9.482736e-01,1.091914e-03,1.084553e-08,3.800006e+01,8.050483e+00,2.994958e+01,3.962012e+01,1.704981e+02
1.257727e+06,1.455703e+01,1.086074e+05,1.257030e+00,9.486790e-01,9.482737e-01,1.092023e-03,1.084553e-08,3.800002e+01,8.050483e+00,2.994954e+01,3.962021e+01,1.705000e+02
1.257737e+06,1.455715e+01,1.086174e+05,1.257146e+00,9.486681e-01,9.482738e-01,1.092131e-03,1.084553e-08,3.799899e+01,8.050483e+00,2.994851e+01,3.961949e+01,1.705000e+02
1.257747e+06,1.455726e+01,1.086274e+05,1.257262e+00,9.486573e-01,9.482739e-01,1.092240e-03,1.084553e-08,3.799796e+01,8.050483e+00,2.994748e+01,3.961877e+01,1.705000e+02
1.257757e+06,1.455738e+01,1.086374e+05,1.257377e+00,9.486464e-01,9.482740e-01,1.092348e-03,1.084553e-08,3.799694e+01,8.050483e+00,2.994645e+01,3.961804e+01,1.705000e+02
1.257767e+06,1.455749e+01,1.086474e+05,1.257493e+00,9.486356e-01,9.482741e-01,1.092457e-03,1.084553e-08,3.799591e+01,8.050483e+00,2.994543e+01,3.961732e+01,1.705000e+02
1.257777e+06,1.455761e+01,1.086574e+05,1.257609e+00,9.486247e-01,9.482742e-01,1.092565e-03,1.084553e-08,3.799488e+01,8.050483e+00,2.994440e+01,3.961660e+01,1.705000e+02
1.257787e+06,1.455772e+01,1.086674e+05,1.257725e+00,9.486139e-01,9.482743e-01,1.092674e-03,1.084552e-08,3.799385e+01,8.050483e+00,2.994337e+01,3.961588e+01,1.705000e+02
1.257797e+06,1.455784e+01,1.086774e+05,1.257840e+00,9.486030e-01,9.482744e-01,1.092782e-03,1.084552e-08,3.799283e+01,8.050483e+00,2.994234e+01,3.961516e+01,1.705000e+02
1.257807e+06,1.455796e+01,1.086874e+05,1.257956e+00,9.485921e-01,9.482745e-01,1.092891e-03,1.084552e-08,3.799180e+01,8.050483e+00,2.994132e+01,3.961443e+01,1.705000e+02
1.257817e+06,1.455807e+01,1.086974e+05,1.258072e+00,9.485813e-01,9.482746e-01,1.092999e-03,1.084552e-08,3.799077e+01,8.050483e+00,2.994029e+01,3.961371e+01,1.705000e+02
1.257827e+06,1.455819e+01,1.087074e+05,1.258188e+00,9.485704e-01,9.482747e-01,1.093108e-03,1.084552e-08,3.798974e+01,8.050483e+00,2.993926e+01,3.961299e+01,1.705000e+02
1.257837e+06,1.455830e+01,1.087174e+05,1.258303e+00,9.485596e-01,9.482748e-01,1.093216e-03,1.084552e-08,3.798872e+01,8.050483e+00,2.993823e+01,3.961227e+01,1.705000e+02
1.257847e+06,1.455842e+01,1.087274e+05,1.258419e+00,9.485487e-01,9.482749e-01,1.093325e-03,1.084552e-08,3.798769e+01,8.050483e+00,2.993721e+01,3.961155e+01,1.705000e+02
1.257857e+06,1.455853e+01,1.087374e+05,1.258535e+00,9.485379e-01,9.482750e-01,1.093433e-03,1.084552e-08,3.798666e+01,8.050483e+00,2.993618e+01,3.961082e+01,1.705000e+02
1.257867e+06,1.455865e+01,1.087474e+05,1.258651e+00,9.485270e-01,9.482751e-01,1.093541e-03,1.084551e-08,3.798563e+01,8.050483e+00,2.993515e+01,3.961010e+01,1.705000e+02
1.257877e+06,1.455877e+01,1.087574e+05,1.258766e+00,9.485162e-01,9.482752e-01,1.093650e-03,1.084551e-08,3.798461e+01,8.050483e+00,2.993412e+01,3.960938e+01,1.705000e+02
1.257887e+06,1.455888e+01,1.087674e+05,1.258882e+00,9.485053e-01,9.482753e-01,1.093758e-03,1.084551e-08,3.798358e+01,8.050483e+00,2.993310e+01,3.960866e+01,1.705000e+02
1.257897e+06,1.455900e+01,1.087774e+05,1.258998e+00,9.484945e-01,9.482754e-01,1.093867e-03,1.084551e-08,3.798255e+01,8.050483e+00,2.993207e+01,3.960793e+01,1.705000e+02
1.257907e+06,1.455911e+01,1.087874e+05,1.259114e+00,9.484836e-01,9.482755e-01,1.093975e-03,1.084551e-08,3.798152e+01,8.050483e+00,2.993104e+01,3.960721e+01,1.705000e+02
1.257917e+06,1.455923e+01,1.087974e+05,1.259229e+00,9.484728e-01,9.482756e-01,1.094084e-03,1.084551e-08,3.798050e+01,8.050483e+00,2.993001e+01,3.960649e+01,1.705000e+02
1.257927e+06,1.455934e+01,1.088074e+05,1.259345e+00,9.484619e-01,9.482757e-01,1.094192e-03,1.084551e-08,3.797947e+01,8.050483e+00,2.992899e+01,3.960577e+01,1.705000e+02
1.257937e+06,1.455946e+01,1.088174e+05,1.259461e+00,9.484510e-01,9.482758e-01,1.094301e-03,1.084551e-08,3.797844e+01,8.050483e+00,2.992796e+01,3.960505e+01,1.705000e+02
1.257947e+06,1.455958e+01,1.088274e+05,1.259576e+00,9.484402e-01,9.482759e-01,1.094409e-03,1.084551e-08,3.797741e+01,8.050483e+00,2.992693e+01,3.960432e+01,1.705000e+02
1.257957e+06,1.455969e+01,1.088374e+05,1.259692e+00,9.484293e-01,9.482761e-01,1.094518e-03,1.084550e-08,3.797639e+01,8.050483e+00,2.992590e+01,3.960360e+01,1.705000e+02
1.257967e+06,1.455981e+01,1.088474e+05,1.259808e+00,9.484185e-01,9.482762e-01,1.094626e-03,1.084550e-08,3.797536e+01,8.050483e+00,2.992488e+01,3.960288e+01,1.705000e+02
1.257977e+06,1.455992e+01,1.088574e+05,1.259924e+00,9.484118e-01,9.482763e-01,1.094735e-03,1.084550e-08,3.797414e+01,8.050483e+00,2.992366e+01,3.960182e+01,1.705000e+02
1.257987e+06,1.456004e+01,1.088674e+05,1.260039e+00,9.484085e-01,9.482764e-01,1.094843e-03,1.084550e-08,3.797277e+01,8.050483e+00,2.992229e+01,3.960048e+01,1.705000e+02
1.257997e+06,1.456016e+01,1.088774e+05,1.260155e+00,9.484052e-01,9.482765e-01,1.094951e-03,1.084550e-08,3.797140e+01,8.050483e+00,2.992092e+01,3.959915e+01,1.705000e+02
1.258007e+06,1.456027e+01,1.088874e+05,1.260271e+00,9.484019e-01,9.482766e-01,1.095060e-03,1.084550e-08,3.797003e+01,8.050483e+00,2.991955e+01,3.959782e+01,1.705000e+02
1.258017e+06,1.456039e+01,1.088974e+05,1.260387e+00,9.483986e-01,9.482767e-01,1.095168e-03,1.084550e-08,3.796866e+01,8.050483e+00,2.991818e+01,3.959648e+01,1.705000e+02
1.258027e+06,1.456050e+01,1.089074e+05,1.260502e+00,9.483952e-01,9.482768e-01,1.095277e-03,1.084550e-08,3.796729e+01,8.050483e+00,2.991681e+01,3.959515e+01,1.705000e+02
1.258037e+06,1.456062e+01,1.089174e+05,1.260618e+00,9.483919e-01,9.482769e-01,1.095385e-03,1.084549e-08,3.796592e+01,8.050483e+00,2.991544e+01,3.959381e+01,1.705000e+02
1.258047e+06,1.456073e+01,1.089274e+05,1.260734e+00,9.483886e-01,9.482770e-01,1.095494e-03,1.084549e-08,3.796455e+01,8.050483e+00,2.991407e+01,3.959248e+01,1.705000e+02
1.258057e+06,1.456085e+01,1.089374e+05,1.260850e+00,9.483853e-01,9.482771e-01,1.095602e-03,1.084549e-08,3.796318e+01,8.050483e+00,2.991270e+01,3.959114e+01,1.705000e+02
1.258067e+06,1.456097e+01,1.089474e+05,1.260965e+00,9.483820e-01,9.482772e-01,1.095711e-03,1.084549e-08,3.796181e+01,8.050483e+00,2.991133e+01,3.958981e+01,1.705000e+02
1.258077e+06,1.456108e+01,1.089574e+05,1.261081e+00,9.483787e-01,9.482773e-01,1.095819e-03,1.084549e-08,3.796044e+01,8.050483e+00,2.990996e+01,3.958847e+01,1.705000e+02
1.258087e+06,1.456120e+01,1.089674e+05,1.261197e+00,9.483754e-01,9.482774e-01,1.095928e-03,1.084549e-08,3.795907e+01,8.050483e+00,2.990859e+01,3.958714e+01,1.705000e+02
1.258097e+06,1.456131e+01,1.089774e+05,1.261313e+00,9.483721e-01,9.482775e-01,1.096036e-03,1.084549e-08,3.795770e+01,8.050483e+00,2.990722e+01,3.958580e+01,1.705000e+02
1.258107e+06,1.456143e+01,1.089874e+05,1.261428e+00,9.483688e-01,9.482776e-01,1.096145e-03,1.084549e-08,3.795633e+01,8.050483e+00,2.990585e+01,3.958447e+01,1.705000e+02
1.258117e+06,1.456154e+01,1.089974e+05,1.261544e+00,9.483655e-01,9.482777e-01,1.096253e-03,1.084549e-08,3.795496e+01,8.050483e+00,2.990448e+01,3.958314e+01,1.705000e+02
1.258127e+06,1.456166e+01,1.090074e+05,1.261660e+00,9.483621e-01,9.482778e-01,1.096361e-03,1.084548e-08,3.795359e+01,8.050483e+00,2.990311e+01,3.958180e+01,1.705000e+02
1.258137e+06,1.456178e+01,1.090174e+05,1.261776e+00,9.483588e-01,9.482779e-01,1.096470e-03,1.084548e-08,3.795222e+01,8.050483e+00,2.990174e+01,3.958047e+01,1.705000e+02
1.258147e+06,1.456189e+01,1.090274e+05,1.261891e+00,9.483555e-01,9.482780e-01,1.096578e-03,1.084548e-08,3.795085e+01,8.050483e+00,2.990037e+01,3.957913e+01,1.705000e+02
1.258157e+06,1.456201e+01,1.090374e+05,1.262007e+00,9.483522e-01,9.482781e-01,1.096687e-03,1.084548e-08,3.794948e+01,8.050483e+00,2.989900e+01,3.957780e+01,1.705000e+02
1.258167e+06,1.456212e+01,1.090474e+05,1.262123e+00,9.483489e-01,9.482782e-01,1.096795e-03,1.084548e-08,3.794811e+01,8.050483e+00,2.989763e+01,3.957646e+01,1.705000e+02
1.258177e+06,1.456224e+01,1.090574e+05,1.262239e+00,9.483456e-01,9.482783e-01,1.096904e-03,1.084548e-08,3.794674e+01,8.050483e+00,2.989626e+01,3.957513e+01,1.705000e+02
1.258187e+06,1.456235e+01,1.090674e+05,1.262354e+00,9.483423e-01,9.482784e-01,1.097012e-03,1.084548e-08,3.794537e+01,8.050483e+00,2.989489e+01,3.957379e+01,1.705000e+02
1.258197e+06,1.456247e+01,1.090774e+05,1.262470e+00,9.483390e-01,9.482785e-01,1.097121e-03,1.084548e-08,3.794400e+01,8.050483e+00,2.989352e+01,3.957246e+01,1.705000e+02
1.258207e+06,1.456259e+01,1.090874e+05,1.262586e+00,9.483357e-01,9.482786e-01,1.097229e-03,1.084547e-08,3.794263e+01,8.050483e+00,2.989215e+01,3.957112e+01,1.705000e+02
1.258217e+06,1.456270e+01,1.090974e+05,1.262702e+00,9.483324e-01,9.482787e-01,1.097338e-03,1.084547e-08,3.794126e+01,8.050483e+00,2.989078e+01,3.956979e+01,1.705000e+02
1.258227e+06,1.456282e+01,1.091074e+05,1.262817e+00,9.483286e-01,9.482788e-01,1.097446e-03,1.084547e-08,3.794114e+01,8.050483e+00,2.989065e+01,3.956978e+01,1.705000e+02
1.258237e+06,1.456293e+01,1.091174e+05,1.262933e+00,9.483245e-01,9.482789e-01,1.097555e-03,1.084547e-08,3.794190e+01,8.050483e+00,2.989142e+01,3.957073e+01,1.705000e+02
1.258247e+06,1.456305e+01,1.091274e+05,1.263049e+00,9.483204e-01,9.482790e-01,1.097663e-03,1.084547e-08,3.794267e+01,8.050483e+00,2.989218e+01,3.957167e+01,1.705000e+02
1.258257e+06,1.456316e+01,1.091374e+05,1.263165e+00,9.483163e-01,9.482791e-01,1.097771e-03,1.084547e-08,3.794343e+01,8.050483e+00,2.989295e+01,3.957261e+01,1.705000e+02
1.258267e+06,1.456328e+01,1.091474e+05,1.263280e+00,9.483122e-01,9.482792e-01,1.097880e-03,1.084547e-08,3.794420e+01,8.050483e+00,2.989371e+01,3.957356e+01,1.705000e+02
1.258277e+06,1.456340e+01,1.091574e+05,1.263396e+00,9.483081e-01,9.482793e-01,1.097988e-03,1.084547e-08,3.794496e+01,8.050483e+00,2.989448e+01,3.957450e+01,1.705000e+02
1.258287e+06,1.456351e+01,1.091674e+05,1.263512e+00,9.483040e-01,9.482794e-01,1.098097e-03,1.084547e-08,3.794573e+01,8.050483e+00,2.989525e+01,3.957544e+01,1.705000e+02
1.258297e+06,1.456363e+01,1.091774e+05,1.263628e+00,9.482999e-01,9.482795e-01,1.098205e-03,1.084546e-08,3.794649e+01,8.050483e+00,2.989601e+01,3.957639e+01,1.705000e+02
1.258307e+06,1.456374e+01,1.091874e+05,1.263743e+00,9.482958e-01,9.482797e-01,1.098314e-03,1.084546e-08,3.794726e+01,8.050483e+00,2.989678e+01,3.957733e+01,1.705000e+02
1.258317e+06,1.456386e+01,1.091974e+05,1.263859e+00,9.482917e-01,9.482798e-01,1.098422e-03,1.084546e-08,3.794802e+01,8.050483e+00,2.989754e+01,3.957827e+01,1.705000e+02
1.258327e+06,1.456397e+01,1.092074e+05,1.263975e+00,9.482876e-01,9.482799e-01,1.098531e-03,1.084546e-08,3.794879e+01,8.050483e+00,2.989831e+01,3.957922e+01,1.705000e+02
1.258337e+06,1.456409e+01,1.092174e+05,1.264091e+00,9.482835e-01,9.482800e-01,1.098639e-03,1.084546e-08,3.794955e+01,8.050483e+00,2.989907e+01,3.958016e+01,1.705000e+02
1.258347e+06,1.456421e+01,1.092274e+05,1.264206e+00,9.482794e-01,9.482801e-01,1.098748e-03,1.084546e-08,3.795032e+01,8.050483e+00,2.989984e+01,3.958110e+01,1.705000e+02
1.258357e+06,1.456432e+01,1.092374e+05,1.264322e+00,9.482753e-01,9.482802e-01,1.098856e-03,1.084546e-08,3.795109e+01,8.050483e+00,2.990060e+01,3.958205e+01,1.705000e+02
1.258367e+06,1.456444e+01,1.092474e+05,1.264438e+00,9.482712e-01,9.482803e-01,1.098965e-03,1.084546e-08,3.795185e+01,8.050483e+00,2.990137e+01,3.958299e+01,1.705000e+02
1.258377e+06,1.456455e+01,1.092574e+05,1.264554e+00,9.482671e-01,9.482804e-01,1.099073e-03,1.084545e-08,3.795262e+01,8.050483e+00,2.990213e+01,3.958393e+01,1.705000e+02
1.258387e+06,1.456467e+01,1.092674e+05,1.264669e+00,9.482630e-01,9.482805e-01,1.099181e-03,1.084545e-08,3.795338e+01,8.050483e+00,2.990290e+01,3.958488e+01,1.705000e+02
1.258397e+06,1.456479e+01,1.092774e+05,1.264785e+00,9.482589e-01,9.482806e-01,1.099290e-03,1.084545e-08,3.795415e+01,8.050483e+00,2.990366e+01,3.958582e+01,1.705000e+02
1.258407e+06,1.456490e+01,1.092874e+05,1.264901e+00,9.482548e-01,9.482807e-01,1.099398e-03,1.084545e-08,3.795491e+01,8.050483e+00,2.990443e+01,3.958676e+01,1.705000e+02
1.258417e+06,1.456502e+01,1.092974e+05,1.265017e+00,9.482507e-01,9.482808e-01,1.099507e-03,1.084545e-08,3.795568e+01,8.050483e+00,2.990519e+01,3.958771e+01,1.705000e+02
1.258427e+06,1.456513e+01,1.093074e+05,1.265132e+00,9.482466e-01,9.482809e-01,1.099615e-03,1.084545e-08,3.795644e+01,8.050483e+00,2.990596e+01,3.958865e+01,1.705000e+02
1.258437e+06,1.456525e+01,1.093174e+05,1.265248e+00,9.482425e-01,9.482810e-01,1.099724e-03,1.084545e-08,3.795721e+01,8.050483e+00,2.990673e+01,3.958960e+01,1.705000e+02
1.258447e+06,1.456536e+01,1.093274e+05,1.265364e+00,9.482383e-01,9.482811e-01,1.099832e-03,1.084545e-08,3.795797e+01,8.050483e+00,2.990749e+01,3.959054e+01,1.705000e+02
1.258457e+06,1.456548e+01,1.093374e+05,1.265480e+00,9.482342e-01,9.482812e-01,1.099941e-03,1.084545e-08,3.795874e+01,8.050483e+00,2.990826e+01,3.959148e+01,1.705000e+02
1.258467e+06,1.456560e+01,1.093474e+05,1.265595e+00,9.482273e-01,9.482813e-01,1.100049e-03,1.084544e-08,3.795950e+01,8.050483e+00,2.990902e+01,3.959252e+01,1.705000e+02
1.258477e+06,1.456571e+01,1.093574e+05,1.265711e+00,9.482169e-01,9.482814e-01,1.100158e-03,1.084544e-08,3.796008e+01,8.050483e+00,2.990960e+01,3.959348e+01,1.704964e+02
1.258487e+06,1.456583e+01,1.093674e+05,1.265827e+00,9.482066e-01,9.482815e-01,1.100266e-03,1.084544e-08,3.796043e+01,8.050483e+00,2.990994e+01,3.959418e+01,1.704884e+02
1.258497e+06,1.456594e+01,1.093774e+05,1.265943e+00,9.481963e-01,9.482816e-01,1.100375e-03,1.084544e-08,3.796077e+01,8.050483e+00,2.991029e+01,3.959489e+01,1.704804e+02
1.258507e+06,1.456606e+01,1.093874e+05,1.266058e+00,9.481861e-01,9.482817e-01,1.100483e-03,1.084544e-08,3.796111e+01,8.050483e+00,2.991063e+01,3.959559e+01,1.704723e+02
1.258517e+06,1.456617e+01,1.093974e+05,1.266174e+00,9.481758e-01,9.482818e-01,1.100591e-03,1.084544e-08,3.796146e+01,8.050483e+00,2.991098e+01,3.959629e+01,1.704643e+02
1.258527e+06,1.456629e+01,1.094074e+05,1.266290e+00,9.481655e-01,9.482819e-01,1.100700e-03,1.084544e-08,3.796180e+01,8.050483e+00,2.991132e+01,3.959700e+01,1.704563e+02
1.258537e+06,1.456641e+01,1.094174e+05,1.266406e+00,9.481553e-01,9.482820e-01,1.100808e-03,1.084544e-08,3.796215e+01,8.050483e+00,2.991166e+01,3.959770e+01,1.704482e+02
1.258547e+06,1.456652e+01,1.094275e+05,1.266521e+00,9.481450e-01,9.482821e-01,1.100917e-03,1.084543e-08,3.796249e+01,8.050483e+00,2.991201e+01,3.959841e+01,1.704402e+02
1.258557e+06,1.456664e+01,1.094375e+05,1.266637e+00,9.481347e-01,9.482822e-01,1.101025e-03,1.084543e-08,3.796283e+01,8.050483e+00,2.991235e+01,3.959911e+01,1.704321e+02
1.258567e+06,1.456675e+01,1.094475e+05,1.266753e+00,9.481245e-01,9.482823e-01,1.101134e-03,1.084543e-08,3.796318e+01,8.050483e+00,2.991269e+01,3.959981e+01,1.704241e+02
1.258577e+06,1.456687e+01,1.094575e+05,1.266869e+00,9.481142e-01,9.482824e-01,1.101242e-03,1.084543e-08,3.796352e+01,8.050483e+00,2.991304e+01,3.960052e+01,1.704161e+02
1.258587e+06,1.456698e+01,1.094675e+05,1.266984e+00,9.481039e-01,9.482825e-01,1.101351e-03,1.084543e-08,3.796386e+01,8.050483e+00,2.991338e+01,3.960122e+01,1.704080e+02
1.258597e+06,1.456710e+01,1.094775e+05,1.267100e+00,9.480937e-01,9.482826e-01,1.101459e-03,1.084543e-08,3.796421e+01,8.050483e+00,2.991372e+01,3.960193e+01,1.704000e+02
1.258607e+06,1.456722e+01,1.094875e+05,1.267216e+00,9.480834e-01,9.482827e-01,1.101568e-03,1.084543e-08,3.796455e+01,8.050483e+00,2.991407e+01,3.960263e+01,1.703920e+02
1.258617e+06,1.456733e+01,1.094975e+05,1.267332e+00,9.480731e-01,9.482828e-01,1.101676e-03,1.084543e-08,3.796489e+01,8.050483e+00,2.991441e+01,3.960334e+01,1.703839e+02
1.258627e+06,1.456745e+01,1.095075e+05,1.267447e+00,9.480628e-01,9.482829e-01,1.101785e-03,1.084543e-08,3.796524e+01,8.050483e+00,2.991476e+01,3.960404e+01,1.703759e+02
1.258637e+06,1.456756e+01,1.095175e+05,1.267563e+00,9.480526e-01,9.482830e-01,1.101893e-03,1.084542e-08,3.796558e+01,8.050483e+00,2.991510e+01,3.960474e+01,1.703678e+02
1.258647e+06,1.456768e+01,1.095275e+05,1.267679e+00,9.480423e-01,9.482831e-01,1.102001e-03,1.084542e-08,3.796593e+01,8.050483e+00,2.991544e+01,3.960545e+01,1.703598e+02
1.258657e+06,1.456779e+01,1.095375e+05,1.267795e+00,9.480320e-01,9.482833e-01,1.102110e-03,1.084542e-08,3.796627e+01,8.050483e+00,2.991579e+01,3.960615e+01,1.703518e+02
1.258667e+06,1.456791e+01,1.095475e+05,1.267910e+00,9.480218e-01,9.482834e-01,1.102218e-03,1.084542e-08,3.796661e+01,8.050483e+00,2.991613e+01,3.960686e+01,1.703437e+02
1.258677e+06,1.456803e+01,1.095575e+05,1.268026e+00,9.480115e-01,9.482835e-01,1.102327e-03,1.084542e-08,3.796696e+01,8.050483e+00,2.991647e+01,3.960756e+01,1.703357e+02
1.258687e+06,1.456814e+01,1.095675e+05,1.268142e+00,9.480012e-01,9.482836e-01,1.102435e-03,1.084542e-08,3.796730e+01,8.050483e+00,2.991682e+01,3.960827e+01,1.703276e+02
1.258697e+06,1.456826e+01,1.095775e+05,1.268258e+00,9.479910e-01,9.482837e-01,1.102544e-03,1.084542e-08,3.796764e+01,8.050483e+00,2.991716e+01,3.960897e+01,1.703196e+02
1.258707e+06,1.456837e+01,1.095875e+05,1.268373e+00,9.479807e-01,9.482838e-01,1.102652e-03,1.084542e-08,3.796799e+01,8.050483e+00,2.991751e+01,3.960968e+01,1.703116e+02
1.258717e+06,1.456849e+01,1.095975e+05,1.268489e+00,9.479758e-01,9.482839e-01,1.102761e-03,1.084541e-08,3.796833e+01,8.050483e+00,2.991785e+01,3.961020e+01,1.703035e+02
1.258727e+06,1.456860e+01,1.096075e+05,1.268605e+00,9.479910e-01,9.482840e-01,1.102869e-03,1.084541e-08,3.796934e+01,8.050624e+00,2.991872e+01,3.961075e+01,1.703022e+02
1.258737e+06,1.456872e+01,1.096175e+05,1.268721e+00,9.480186e-01,9.482841e-01,1.102978e-03,1.084541e-08,3.797087e+01,8.050877e+00,2.991999e+01,3.961143e+01,1.703062e+02
1.258747e+06,1.456884e+01,1.096275e+05,1.268836e+00,9.480462e-01,9.482842e-01,1.103086e-03,1.084541e-08,3.797240e+01,8.051129e+00,2.992127e+01,3.961211e+01,1.703102e+02
1.258757e+06,1.456895e+01,1.096375e+05,1.268952e+00,9.480738e-01,9.482843e-01,1.103195e-03,1.084541e-08,3.797393e+01,8.051381e+00,2.992255e+01,3.961280e+01,1.703142e+02
1.258767e+06,1.456907e+01,1.096475e+05,1.269068e+00,9.481015e-01,9.482844e-01,1.103303e-03,1.084541e-08,3.797546e+01,8.051634e+00,2.992383e+01,3.961348e+01,1.703181e+02
1.258777e+06,1.456918e+01,1.096575e+05,1.269184e+00,9.481291e-01,9.482845e-01,1.103411e-03,1.084541e-08,3.797699e+01,8.051886e+00,2.992511e+01,3.961416e+01,1.703221e+02
1.258787e+06,1.456930e+01,1.096675e+05,1.269299e+00,9.481567e-01,9.482846e-01,1.103520e-03,1.084541e-08,3.797853e+01,8.052138e+00,2.992639e+01,3.961484e+01,1.703261e+02
1.258797e+06,1.456942e+01,1.096775e+05,1.269415e+00,9.481843e-01,9.482847e-01,1.103628e-03,1.084541e-08,3.798006e+01,8.052391e+00,2.992766e+01,3.961552e+01,1.703301e+02
1.258807e+06,1.456953e+01,1.096875e+05,1.269531e+00,9.482119e-01,9.482848e-01,1.103737e-03,1.084540e-08,3.798159e+01,8.052643e+00,2.992894e+01,3.961620e+01,1.703341e+02
1.258817e+06,1.456965e+01,1.096975e+05,1.269647e+00,9.482395e-01,9.482849e-01,1.103845e-03,1.084540e-08,3.798312e+01,8.052896e+00,2.993022e+01,3.961688e+01,1.703380e+02
1.258827e+06,1.456976e+01,1.097075e+05,1.269762e+00,9.482672e-01,9.482850e-01,1.103954e-03,1.084540e-08,3.798465e+01,8.053148e+00,2.993150e+01,3.961756e+01,1.703420e+02
1.258837e+06,1.456988e+01,1.097175e+05,1.269878e+00,9.482948e-01,9.482851e-01,1.104062e-03,1.084540e-08,3.798618e+01,8.053400e+00,2.993278e+01,3.961825e+01,1.703460e+02
1.258847e+06,1.456999e+01,1.097275e+05,1.269994e+00,9.483224e-01,9.482852e-01,1.104171e-03,1.084540e-08,3.798771e+01,8.053653e+00,2.993406e+01,3.961893e+01,1.703500e+02
1.258857e+06,1.457011e+01,1.097375e+05,1.270110e+00,9.483500e-01,9.482853e-01,1.104279e-03,1.084540e-08,3.798924e+01,8.053905e+00,2.993533e+01,3.961961e+01,1.703539e+02
1.258867e+06,1.457023e+01,1.097475e+05,1.270225e+00,9.483776e-01,9.482854e-01,1.104388e-03,1.084540e-08,3.799077e+01,8.054157e+00,2.993661e+01,3.962029e+01,1.703579e+02
1.258877e+06,1.457034e+01,1.097575e+05,1.270341e+00,9.484052e-01,9.482855e-01,1.104496e-03,1.084540e-08,3.799230e+01,8.054410e+00,2.993789e+01,3.962097e+01,1.703619e+02
1.258887e+06,1.457046e+01,1.097675e+05,1.270457e+00,9.484329e-01,9.482856e-01,1.104605e-03,1.084539e-08,3.799383e+01,8.054662e+00,2.993917e+01,3.962165e+01,1.703659e+02
1.258897e+06,1.457057e+01,1.097775e+05,1.270573e+00,9.484605e-01,9.482857e-01,1.104713e-03,1.084539e-08,3.799536e+01,8.054915e+00,2.994045e+01,3.962233e+01,1.703698e+02
1.258907e+06,1.457069e+01,1.097875e+05,1.270688e+00,9.484881e-01,9.482858e-01,1.104821e-03,1.084539e-08,3.799689e+01,8.055167e+00,2.994173e+01,3.962301e+01,1.703738e+02
1.258917e+06,1.457080e+01,1.097975e+05,1.270804e+00,9.485157e-01,9.482859e-01,1.104930e-03,1.084539e-08,3.799842e+01,8.055419e+00,2.994300e+01,3.962369e+01,1.703778e+02
1.258927e+06,1.457092e+01,1.098075e+05,1.270920e+00,9.485433e-01,9.482860e-01,1.105038e-03,1.084539e-08,3.799995e+01,8.055672e+00,2.994428e+01,3.962438e+01,1.703818e+02
1.258937e+06,1.457104e+01,1.098175e+05,1.271036e+00,9.485709e-01,9.482861e-01,1.105147e-03,1.084539e-08,3.800149e+01,8.055924e+00,2.994556e+01,3.962506e+01,1.703858e+02
1.258947e+06,1.457115e+01,1.098275e+05,1.271151e+00,9.485986e-01,9.482862e-01,1.105255e-03,1.084539e-08,3.800302e+01,8.056176e+00,2.994684e+01,3.962574e+01,1.703897e+02
1.258957e+06,1.457127e+01,1.098375e+05,1.271267e+00,9.486262e-01,9.482863e-01,1.105364e-03,1.084539e-08,3.800455e+01,8.056429e+00,2.994812e+01,3.962642e+01,1.703937e+02
1.258967e+06,1.457138e+01,1.098475e+05,1.271383e+00,9.486538e-01,9.482864e-01,1.105472e-03,1.084539e-08,3.800608e+01,8.056681e+00,2.994940e+01,3.962710e+01,1.703977e+02
1.258977e+06,1.457150e+01,1.098575e+05,1.271499e+00,9.486676e-01,9.482865e-01,1.105581e-03,1.084538e-08,3.800596e+01,8.056721e+00,2.994923e+01,3.962651e+01,1.704017e+02
1.258987e+06,1.457161e+01,1.098675e+05,1.271614e+00,9.486623e-01,9.482866e-01,1.105689e-03,1.084538e-08,3.800355e+01,8.056466e+00,2.994708e+01,3.962416e+01,1.704057e+02
1.258997e+06,1.457173e+01,1.098775e+05,1.271730e+00,9.486570e-01,9.482867e-01,1.105798e-03,1.084538e-08,3.800114e+01,8.056211e+00,2.994493e+01,3.962182e+01,1.704097e+02
1.259007e+06,1.457185e+01,1.098875e+05,1.271846e+00,9.486517e-01,9.482869e-01,1.105906e-03,1.084538e-08,3.799874e+01,8.055956e+00,2.994278e+01,3.961947e+01,1.704137e+02
1.259017e+06,1.457196e+01,1.098975e+05,1.271962e+00,9.486464e-01,9.482870e-01,1.106015e-03,1.084538e-08,3.799633e+01,8.055701e+00,2.994063e+01,3.961712e+01,1.704178e+02
1.259027e+06,1.457208e+01,1.099075e+05,1.272077e+00,9.486411e-01,9.482871e-01,1.106123e-03,1.084538e-08,3.799393e+01,8.055445e+00,2.993848e+01,3.961478e+01,1.704218e+02
1.259037e+06,1.457219e+01,1.099175e+05,1.272193e+00,9.486358e-01,9.482872e-01,1.106231e-03,1.084538e-08,3.799152e+01,8.055190e+00,2.993633e+01,3.961243e+01,1.704258e+02
1.259047e+06,1.457231e+01,1.099275e+05,1.272309e+00,9.486305e-01,9.482873e-01,1.106340e-03,1.084538e-08,3.798911e+01,8.054935e+00,2.993418e+01,3.961009e+01,1.704298e+02
1.259057e+06,1.457242e+01,1.099375e+05,1.272425e+00,9.486252e-01,9.482874e-01,1.106448e-03,1.084537e-08,3.798671e+01,8.054680e+00,2.993203e+01,3.960774e+01,1.704338e+02
1.259067e+06,1.457254e+01,1.099475e+05,1.272540e+00,9.486199e-01,9.482875e-01,1.106557e-03,1.084537e-08,3.798430e+01,8.054425e+00,2.992988e+01,3.960539e+01,1.704379e+02
1.259077e+06,1.457266e+01,1.099575e+05,1.272656e+00,9.486146e-01,9.482876e-01,1.106665e-03,1.084537e-08,3.798190e+01,8.054170e+00,2.992773e+01,3.960305e+01,1.704419e+02
1.259087e+06,1.457277e+01,1.099675e+05,1.272772e+00,9.486093e-01,9.482877e-01,1.106774e-03,1.084537e-08,3.797949e+01,8.053915e+00,2.992558e+01,3.960070e+01,1.704459e+02
1.259097e+06,1.457289e+01,1.099775e+05,1.272888e+00,9.486040e-01,9.482878e-01,1.106882e-03,1.084537e-08,3.797708e+01,8.053660e+00,2.992342e+01,3.959835e+01,1.704499e+02
1.259107e+06,1.457300e+01,1.099875e+05,1.273003e+00,9.485987e-01,9.482879e-01,1.106991e-03,1.084537e-08,3.797468e+01,8.053405e+00,2.992127e+01,3.959601e+01,1.704539e+02
1.259117e+06,1.457312e+01,1.099975e+05,1.273119e+00,9.485934e-01,9.482880e-01,1.107099e-03,1.084537e-08,3.797227e+01,8.053150e+00,2.991912e+01,3.959366e+01,1.704580e+02
1.259127e+06,1.457323e+01,1.100075e+05,1.273235e+00,9.485881e-01,9.482881e-01,1.107208e-03,1.084537e-08,3.796987e+01,8.052895e+00,2.991697e+01,3.959132e+01,1.704620e+02
1.259137e+06,1.457335e+01,1.100175e+05,1.273351e+00,9.485828e-01,9.482882e-01,1.107316e-03,1.084537e-08,3.796746e+01,8.052640e+00,2.991482e+01,3.958897e+01,1.704660e+02
1.259147e+06,1.457347e+01,1.100275e+05,1.273466e+00,9.485775e-01,9.482883e-01,1.107425e-03,1.084536e-08,3.796506e+01,8.052385e+00,2.991267e+01,3.958662e+01,1.704700e+02
1.259157e+06,1.457358e+01,1.100375e+05,1.273582e+00,9.485722e-01,9.482884e-01,1.107533e-03,1.084536e-08,3.796265e+01,8.052130e+00,2.991052e+01,3.958428e+01,1.704740e+02
1.259167e+06,1.457370e+01,1.100475e+05,1.273698e+00,9.485669e-01,9.482885e-01,1.107641e-03,1.084536e-08,3.796024e+01,8.051875e+00,2.990837e+01,3.958193e+01,1.704780e+02
1.259177e+06,1.457381e+01,1.100575e+05,1.273814e+00,9.485616e-01,9.482886e-01,1.107750e-03,1.084536e-08,3.795784e+01,8.051620e+00,2.990622e+01,3.957958e+01,1.704821e+02
1.259187e+06,1.457393e+01,1.100675e+05,1.273929e+00,9.485564e-01,9.482887e-01,1.107858e-03,1.084536e-08,3.795543e+01,8.051365e+00,2.990407e+01,3.957724e+01,1.704861e+02
1.259197e+06,1.457405e+01,1.100775e+05,1.274045e+00,9.485511e-01,9.482888e-01,1.107967e-03,1.084536e-08,3.795303e+01,8.051110e+00,2.990192e+01,3.957489e+01,1.704901e+02
1.259207e+06,1.457416e+01,1.100875e+05,1.274161e+00,9.485458e-01,9.482889e-01,1.108075e-03,1.084536e-08,3.795062e+01,8.050855e+00,2.989976e+01,3.957254e+01,1.704941e+02
1.259217e+06,1.457428e+01,1.100975e+05,1.274277e+00,9.485404e-01,9.482890e-01,1.108184e-03,1.084536e-08,3.794821e+01,8.050600e+00,2.989761e+01,3.957020e+01,1.704981e+02
1.259227e+06,1.457439e+01,1.101075e+05,1.274392e+00,9.485344e-01,9.482891e-01,1.108292e-03,1.084535e-08,3.794826e+01,8.050483e+00,2.989777e+01,3.957045e+01,1.705022e+02
1.259237e+06,1.457451e+01,1.101175e+05,1.274508e+00,9.485277e-01,9.482892e-01,1.108401e-03,1.084535e-08,3.795040e+01,8.050483e+00,2.989991e+01,3.957293e+01,1.705062e+02
1.259247e+06,1.457462e+01,1.101275e+05,1.274624e+00,9.485210e-01,9.482893e-01,1.108509e-03,1.084535e-08,3.795254e+01,8.050483e+00,2.990205e+01,3.957541e+01,1.705102e+02
1.259257e+06,1.457474e+01,1.101375e+05,1.274740e+00,9.485142e-01,9.482894e-01,1.108618e-03,1.084535e-08,3.795468e+01,8.050483e+00,2.990420e+01,3.957789e+01,1.705142e+02
1.259267e+06,1.457486e+01,1.101475e+05,1.274855e+00,9.485075e-01,9.482895e-01,1.108726e-03,1.084535e-08,3.795682e+01,8.050483e+00,2.990634e+01,3.958037e+01,1.705182e+02
1.259277e+06,1.457497e+01,1.101575e+05,1.274971e+00,9.485008e-01,9.482896e-01,1.108835e-03,1.084535e-08,3.795896e+01,8.050483e+00,2.990848e+01,3.958285e+01,1.705222e+02
1.259288e+06,1.457509e+01,1.101675e+05,1.275087e+00,9.484941e-01,9.482897e-01,1.108943e-03,1.084535e-08,3.796110e+01,8.050483e+00,2.991062e+01,3.958533e+01,1.705262e+02
1.259298e+06,1.457520e+01,1.101775e+05,1.275203e+00,9.484874e-01,9.482898e-01,1.109051e-03,1.084535e-08,3.796324e+01,8.050483e+00,2.991276e+01,3.958781e+01,1.705302e+02
1.259308e+06,1.457532e+01,1.101875e+05,1.275318e+00,9.484807e-01,9.482899e-01,1.109160e-03,1.084535e-08,3.796538e+01,8.050483e+00,2.991490e+01,3.959029e+01,1.705342e+02
1.259318e+06,1.457543e+01,1.101975e+05,1.275434e+00,9.484739e-01,9.482900e-01,1.109268e-03,1.084534e-08,3.796752e+01,8.050483e+00,2.991704e+01,3.959277e+01,1.705382e+02
1.259328e+06,1.457555e+01,1.102075e+05,1.275550e+00,9.484672e-01,9.482901e-01,1.109377e-03,1.084534e-08,3.796966e+01,8.050483e+00,2.991918e+01,3.959525e+01,1.705422e+02
1.259338e+06,1.457567e+01,1.102175e+05,1.275666e+00,9.484605e-01,9.482902e-01,1.109485e-03,1.084534e-08,3.797180e+01,8.050483e+00,2.992132e+01,3.959773e+01,1.705462e+02
1.259348e+06,1.457578e+01,1.102275e+05,1.275781e+00,9.484538e-01,9.482903e-01,1.109594e-03,1.084534e-08,3.797394e+01,8.050483e+00,2.992346e+01,3.960021e+01,1.705502e+02
1.259358e+06,1.457590e+01,1.102375e+05,1.275897e+00,9.484471e-01,9.482905e-01,1.109702e-03,1.084534e-08,3.797608e+01,8.050483e+00,2.992560e+01,3.960269e+01,1.705542e+02
1.259368e+06,1.457601e+01,1.102475e+05,1.276013e+00,9.484404e-01,9.482906e-01,1.109811e-03,1.084534e-08,3.797823e+01,8.050483e+00,2.992774e+01,3.960517e+01,1.705582e+02
1.259378e+06,1.457613e+01,1.102575e+05,1.276129e+00,9.484336e-01,9.482907e-01,1.109919e-03,1.084534e-08,3.798037e+01,8.050483e+00,2.992988e+01,3.960765e+01,1.705622e+02
1.259388e+06,1.457624e+01,1.102675e+05,1.276244e+00,9.484269e-01,9.482908e-01,1.110028e-03,1.084534e-08,3.798251e+01,8.050483e+00,2.993202e+01,3.961014e+01,1.705662e+02
1.259398e+06,1.457636e+01,1.102775e+05,1.276360e+00,9.484202e-01,9.482909e-01,1.110136e-03,1.084533e-08,3.798465e+01,8.050483e+00,2.993416e+01,3.961262e+01,1.705702e+02
1.259408e+06,1.457648e+01,1.102875e+05,1.276476e+00,9.484135e-01,9.482910e-01,1.110245e-03,1.084533e-08,3.798679e+01,8.050483e+00,2.993631e+01,3.961510e+01,1.705742e+02
1.259418e+06,1.457659e+01,1.102975e+05,1.276592e+00,9.484068e-01,9.482911e-01,1.110353e-03,1.084533e-08,3.798893e+01,8.050483e+00,2.993845e+01,3.961758e+01,1.705783e+02
1.259428e+06,1.457671e+01,1.103075e+05,1.276707e+00,9.484001e-01,9.482912e-01,1.110461e-03,1.084533e-08,3.799107e+01,8.050483e+00,2.994059e+01,3.962006e+01,1.705823e+02
1.259438e+06,1.457682e+01,1.103175e+05,1.276823e+00,9.483933e-01,9.482913e-01,1.110570e-03,1.084533e-08,3.799321e+01,8.050483e+00,2.994273e+01,3.962254e+01,1.705863e+02
1.259448e+06,1.457694e+01,1.103275e+05,1.276939e+00,9.483866e-01,9.482914e-01,1.110678e-03,1.084533e-08,3.799535e+01,8.050483e+00,2.994487e+01,3.962502e+01,1.705903e+02
1.259458e+06,1.457705e+01,1.103375e+05,1.277055e+00,9.483799e-01,9.482915e-01,1.110787e-03,1.084533e-08,3.799749e+01,8.050483e+00,2.994701e+01,3.962750e+01,1.705943e+02
1.259468e+06,1.457717e+01,1.103475e+05,1.277170e+00,9.483714e-01,9.482916e-01,1.110895e-03,1.084533e-08,3.799963e+01,8.050483e+00,2.994915e+01,3.963004e+01,1.705983e+02
1.259478e+06,1.457729e+01,1.103575e+05,1.277286e+00,9.483670e-01,9.482917e-01,1.111004e-03,1.084533e-08,3.799997e+01,8.050628e+00,2.994934e+01,3.963053e+01,1.706000e+02
1.259488e+06,1.457740e+01,1.103675e+05,1.277402e+00,9.483668e-01,9.482918e-01,1.111112e-03,1.084532e-08,3.799894e+01,8.050882e+00,2.994806e+01,3.962944e+01,1.706000e+02
1.259498e+06,1.457752e+01,1.103775e+05,1.277518e+00,9.483666e-01,9.482919e-01,1.111221e-03,1.084532e-08,3.799791e+01,8.051136e+00,2.994677e+01,3.962835e+01,1.706000e+02
1.259508e+06,1.457763e+01,1.103875e+05,1.277633e+00,9.483664e-01,9.482920e-01,1.111329e-03,1.084532e-08,3.799688e+01,8.051390e+00,2.994549e+01,3.962726e+01,1.706000e+02
1.259518e+06,1.457775e+01,1.103975e+05,1.277749e+00,9.483662e-01,9.482921e-01,1.111438e-03,1.084532e-08,3.799586e+01,8.051644e+00,2.994421e+01,3.962617e+01,1.706000e+02
1.259528e+06,1.457786e+01,1.104075e+05,1.277865e+00,9.483660e-01,9.482922e-01,1.111546e-03,1.084532e-08,3.799483e+01,8.051898e+00,2.994293e+01,3.962508e+01,1.706000e+02
1.259538e+06,1.457798e+01,1.104175e+05,1.277981e+00,9.483658e-01,9.482923e-01,1.111655e-03,1.084532e-08,3.799380e+01,8.052152e+00,2.994165e+01,3.962399e+01,1.706000e+02
1.259548e+06,1.457810e+01,1.104275e+05,1.278096e+00,9.483656e-01,9.482924e-01,1.111763e-03,1.084532e-08,3.799277e+01,8.052407e+00,2.994037e+01,3.962290e+01,1.706000e+02
1.259558e+06,1.457821e+01,1.104375e+05,1.278212e+00,9.483654e-01,9.482925e-01,1.111871e-03,1.084532e-08,3.799175e+01,8.052661e+00,2.993908e+01,3.962181e+01,1.706000e+02
1.259568e+06,1.457833e+01,1.104475e+05,1.278328e+00,9.483652e-01,9.482926e-01,1.111980e-03,1.084531e-08,3.799072e+01,8.052915e+00,2.993780e+01,3.962072e+01,1.706000e+02
1.259578e+06,1.457844e+01,1.104575e+05,1.278444e+00,9.483650e-01,9.482927e-01,1.112088e-03,1.084531e-08,3.798969e+01,8.053169e+00,2.993652e+01,3.961963e+01,1.706000e+02
1.259588e+06,1.457856e+01,1.104675e+05,1.278559e+00,9.483648e-01,9.482928e-01,1.112197e-03,1.084531e-08,3.798866e+01,8.053423e+00,2.993524e+01,3.961854e+01,1.706000e+02
1.259598e+06,1.457868e+01,1.104775e+05,1.278675e+00,9.483645e-01,9.482929e-01,1.112305e-03,1.084531e-08,3.798764e+01,8.053677e+00,2.993396e+01,3.961744e+01,1.706000e+02
1.259608e+06,1.457879e+01,1.104875e+05,1.278791e+00,9.483643e-01,9.482930e-01,1.112414e-03,1.084531e-08,3.798661e+01,8.053931e+00,2.993268e+01,3.961635e+01,1.706000e+02
1.259618e+06,1.457891e+01,1.104975e+05,1.278907e+00,9.483641e-01,9.482931e-01,1.112522e-03,1.084531e-08,3.798558e+01,8.054185e+00,2.993139e+01,3.961526e+01,1.706000e+02
1.259628e+06,1.457902e+01,1.105075e+05,1.279022e+00,9.483639e-01,9.482932e-01,1.112631e-03,1.084531e-08,3.798455e+01,8.054440e+00,2.993011e+01,3.961417e+01,1.706000e+02
1.259638e+06,1.457914e+01,1.105175e+05,1.279138e+00,9.483637e-01,9.482933e-01,1.112739e-03,1.084531e-08,3.798353e+01,8.054694e+00,2.992883e+01,3.961308e+01,1.706000e+02
1.259648e+06,1.457925e+01,1.105275e+05,1.279254e+00,9.483635e-01,9.482934e-01,1.112848e-03,1.084531e-08,3.798250e+01,8.054948e+00,2.992755e+01,3.961199e+01,1.706000e+02
1.259658e+06,1.457937e+01,1.105375e+05,1.279370e+00,9.483633e-01,9.482935e-01,1.112956e-03,1.084530e-08,3.798147e+01,8.055202e+00,2.992627e+01,3.961090e+01,1.706000e+02
1.259668e+06,1.457949e+01,1.105475e+05,1.279485e+00,9.483631e-01,9.482936e-01,1.113065e-03,1.084530e-08,3.798044e+01,8.055456e+00,2.992499e+01,3.960981e+01,1.706000e+02
1.259678e+06,1.457960e+01,1.105575e+05,1.279601e+00,9.483629e-01,9.482937e-01,1.113173e-03,1.084530e-08,3.797941e+01,8.055710e+00,2.992370e+01,3.960872e+01,1.706000e+02
1.259688e+06,1.457972e+01,1.105675e+05,1.279717e+00,9.483627e-01,9.482938e-01,1.113281e-03,1.084530e-08,3.797839e+01,8.055964e+00,2.992242e+01,3.960763e+01,1.706000e+02
1.259698e+06,1.457983e+01,1.105775e+05,1.279833e+00,9.483625e-01,9.482939e-01,1.113390e-03,1.084530e-08,3.797736e+01,8.056218e+00,2.992114e+01,3.960654e+01,1.706000e+02
1.259708e+06,1.457995e+01,1.105875e+05,1.279948e+00,9.483623e-01,9.482941e-01,1.113498e-03,1.084530e-08,3.797633e+01,8.056472e+00,2.991986e+01,3.960545e+01,1.706000e+02
1.259718e+06,1.458006e+01,1.105975e+05,1.280064e+00,9.483602e-01,9.482942e-01,1.113607e-03,1.084530e-08,3.797530e+01,8.056727e+00,2.991858e+01,3.960442e+01,1.706000e+02
1.259728e+06,1.458018e+01,1.106075e+05,1.280180e+00,9.483545e-01,9.482943e-01,1.113715e-03,1.084530e-08,3.797407e+01,8.056675e+00,2.991740e+01,3.960331e+01,1.705976e+02
1.259738e+06,1.458030e+01,1.106175e+05,1.280295e+00,9.483474e-01,9.482944e-01,1.113824e-03,1.084529e-08,3.797271e+01,8.056422e+00,2.991629e+01,3.960212e+01,1.705936e+02
1.259748e+06,1.458041e+01,1.106275e+05,1.280411e+00,9.483403e-01,9.482945e-01,1.113932e-03,1.084529e-08,3.797134e+01,8.056168e+00,2.991517e+01,3.960094e+01,1.705896e+02
1.259758e+06,1.458053e+01,1.106375e+05,1.280527e+00,9.483332e-01,9.482946e-01,1.114041e-03,1.084529e-08,3.796998e+01,8.055915e+00,2.991406e+01,3.959975e+01,1.705856e+02
1.259768e+06,1.458064e+01,1.106475e+05,1.280643e+00,9.483261e-01,9.482947e-01,1.114149e-03,1.084529e-08,3.796861e+01,8.055662e+00,2.991295e+01,3.959856e+01,1.705816e+02
1.259778e+06,1.458076e+01,1.106575e+05,1.280758e+00,9.483190e-01,9.482948e-01,1.114258e-03,1.084529e-08,3.796725e+01,8.055409e+00,2.991184e+01,3.959737e+01,1.705776e+02
1.259788e+06,1.458087e+01,1.106675e+05,1.280874e+00,9.483119e-01,9.482949e-01,1.114366e-03,1.084529e-08,3.796588e+01,8.055156e+00,2.991073e+01,3.959618e+01,1.705736e+02
1.259798e+06,1.458099e+01,1.106775e+05,1.280990e+00,9.483048e-01,9.482950e-01,1.114474e-03,1.084529e-08,3.796452e+01,8.054902e+00,2.990961e+01,3.959499e+01,1.705697e+02
1.259808e+06,1.458111e+01,1.106875e+05,1.281106e+00,9.482977e-01,9.482951e-01,1.114583e-03,1.084529e-08,3.796315e+01,8.054649e+00,2.990850e+01,3.959380e+01,1.705657e+02
1.259818e+06,1.458122e+01,1.106975e+05,1.281221e+00,9.482906e-01,9.482952e-01,1.114691e-03,1.084529e-08,3.796179e+01,8.054396e+00,2.990739e+01,3.959261e+01,1.705617e+02
1.259828e+06,1.458134e+01,1.107075e+05,1.281337e+00,9.482835e-01,9.482953e-01,1.114800e-03,1.084528e-08,3.796042e+01,8.054143e+00,2.990628e+01,3.959142e+01,1.705577e+02
1.259838e+06,1.458145e+01,1.107175e+05,1.281453e+00,9.482764e-01,9.482954e-01,1.114908e-03,1.084528e-08,3.795906e+01,8.053889e+00,2.990517e+01,3.959023e+01,1.705537e+02
1.259848e+06,1.458157e+01,1.107275e+05,1.281569e+00,9.482693e-01,9.482955e-01,1.115017e-03,1.084528e-08,3.795769e+01,8.053636e+00,2.990405e+01,3.958904e+01,1.705497e+02
1.259858e+06,1.458168e+01,1.107375e+05,1.281684e+00,9.482622e-01,9.482956e-01,1.115125e-03,1.084528e-08,3.795632e+01,8.053383e+00,2.990294e+01,3.958785e+01,1.705457e+02
1.259868e+06,1.458180e+01,1.107475e+05,1.281800e+00,9.482551e-01,9.482957e-01,1.115234e-03,1.084528e-08,3.795496e+01,8.053130e+00,2.990183e+01,3.958666e+01,1.705417e+02
1.259878e+06,1.458192e+01,1.107575e+05,1.281916e+00,9.482480e-01,9.482958e-01,1.115342e-03,1.084528e-08,3.795359e+01,8.052876e+00,2.990072e+01,3.958547e+01,1.705377e+02
1.259888e+06,1.458203e+01,1.107675e+05,1.282032e+00,9.482409e-01,9.482959e-01,1.115451e-03,1.084528e-08,3.795223e+01,8.052623e+00,2.989961e+01,3.958428e+01,1.705337e+02
1.259898e+06,1.458215e+01,1.107775e+05,1.282147e+00,9.482338e-01,9.482960e-01,1.115559e-03,1.084528e-08,3.795086e+01,8.052370e+00,2.989849e+01,3.958309e+01,1.705297e+02
1.259908e+06,1.458226e+01,1.107875e+05,1.282263e+00,9.482267e-01,9.482961e-01,1.115668e-03,1.084527e-08,3.794950e+01,8.052117e+00,2.989738e+01,3.958190e+01,1.705258e+02
1.259918e+06,1.458238e+01,1.107975e+05,1.282379e+00,9.482196e-01,9.482962e-01,1.115776e-03,1.084527e-08,3.794813e+01,8.051863e+00,2.989627e+01,3.958071e+01,1.705218e+02
1.259928e+06,1.458249e+01,1.108075e+05,1.282495e+00,9.482124e-01,9.482963e-01,1.115884e-03,1.084527e-08,3.794677e+01,8.051610e+00,2.989516e+01,3.957952e+01,1.705178e+02
1.259938e+06,1.458261e+01,1.108175e+05,1.282610e+00,9.482053e-01,9.482964e-01,1.115993e-03,1.084527e-08,3.794540e+01,8.051357e+00,2.989405e+01,3.957833e+01,1.705138e+02
1.259948e+06,1.458273e+01,1.108275e+05,1.282726e+00,9.481982e-01,9.482965e-01,1.116101e-03,1.084527e-08,3.794404e+01,8.051104e+00,2.989293e+01,3.957714e+01,1.705098e+02
1.259958e+06,1.458284e+01,1.108375e+05,1.282842e+00,9.481911e-01,9.482966e-01,1.116210e-03,1.084527e-08,3.794267e+01,8.050850e+00,2.989182e+01,3.957595e+01,1.705058e+02
1.259968e+06,1.458296e+01,1.108475e+05,1.282958e+00,9.481858e-01,9.482967e-01,1.116318e-03,1.084527e-08,3.794131e+01,8.050597e+00,2.989071e+01,3.957470e+01,1.705018e+02
1.259978e+06,1.458307e+01,1.108575e+05,1.283073e+00,9.481827e-01,9.482968e-01,1.116427e-03,1.084527e-08,3.794111e+01,8.050483e+00,2.989063e+01,3.957461e+01,1.705000e+02
1.259988e+06,1.458319e+01,1.108675e+05,1.283189e+00,9.481803e-01,9.482969e-01,1.116535e-03,1.084527e-08,3.794188e+01,8.050483e+00,2.989140e+01,3.957550e+01,1.705000e+02
1.259998e+06,1.458330e+01,1.108775e+05,1.283305e+00,9.481779e-01,9.482970e-01,1.116644e-03,1.084526e-08,3.794265e+01,8.050483e+00,2.989217e+01,3.957639e+01,1.705000e+02
1.260008e+06,1.458342e+01,1.108875e+05,1.283421e+00,9.481756e-01,9.482971e-01,1.116752e-03,1.084526e-08,3.794342e+01,8.050483e+00,2.989294e+01,3.957728e+01,1.705000e+02
1.260018e+06,1.458354e+01,1.108976e+05,1.283536e+00,9.481732e-01,9.482972e-01,1.116861e-03,1.084526e-08,3.794419e+01,8.050483e+00,2.989371e+01,3.957817e+01,1.705000e+02
1.260028e+06,1.458365e+01,1.109076e+05,1.283652e+00,9.481708e-01,9.482973e-01,1.116969e-03,1.084526e-08,3.794497e+01,8.050483e+00,2.989448e+01,3.957907e+01,1.705000e+02
1.260038e+06,1.458377e+01,1.109176e+05,1.283768e+00,9.481684e-01,9.482974e-01,1.117078e-03,1.084526e-08,3.794574e+01,8.050483e+00,2.989525e+01,3.957996e+01,1.705000e+02
1.260048e+06,1.458388e+01,1.109276e+05,1.283884e+00,9.481661e-01,9.482975e-01,1.117186e-03,1.084526e-08,3.794651e+01,8.050483e+00,2.989602e+01,3.958085e+01,1.705000e+02
1.260058e+06,1.458400e+01,1.109376e+05,1.283999e+00,9.481637e-01,9.482977e-01,1.117294e-03,1.084526e-08,3.794728e+01,8.050483e+00,2.989679e+01,3.958174e+01,1.705000e+02
1.260068e+06,1.458412e+01,1.109476e+05,1.284115e+00,9.481613e-01,9.482978e-01,1.117403e-03,1.084526e-08,3.794805e+01,8.050483e+00,2.989757e+01,3.958263e+01,1.705000e+02
1.260078e+06,1.458423e+01,1.109576e+05,1.284231e+00,9.481589e-01,9.482979e-01,1.117511e-03,1.084525e-08,3.794882e+01,8.050483e+00,2.989834e+01,3.958353e+01,1.705000e+02
1.260088e+06,1.458435e+01,1.109676e+05,1.284347e+00,9.481565e-01,9.482980e-01,1.117620e-03,1.084525e-08,3.794959e+01,8.050483e+00,2.989911e+01,3.958442e+01,1.705000e+02
1.260098e+06,1.458446e+01,1.109776e+05,1.284462e+00,9.481542e-01,9.482981e-01,1.117728e-03,1.084525e-08,3.795036e+01,8.050483e+00,2.989988e+01,3.958531e+01,1.705000e+02
1.260108e+06,1.458458e+01,1.109876e+05,1.284578e+00,9.481518e-01,9.482982e-01,1.117837e-03,1.084525e-08,3.795113e+01,8.050483e+00,2.990065e+01,3.958620e+01,1.705000e+02
1.260118e+06,1.458469e+01,1.109976e+05,1.284694e+00,9.481494e-01,9.482983e-01,1.117945e-03,1.084525e-08,3.795190e+01,8.050483e+00,2.990142e+01,3.958709e+01,1.705000e+02
1.260128e+06,1.458481e+01,1.110076e+05,1.284810e+00,9.481470e-01,9.482984e-01,1.118054e-03,1.084525e-08,3.795267e+01,8.050483e+00,2.990219e+01,3.958798e+01,1.705000e+02
1.260138e+06,1.458493e+01,1.110176e+05,1.284925e+00,9.481447e-01,9.482985e-01,1.118162e-03,1.084525e-08,3.795344e+01,8.050483e+00,2.990296e+01,3.958888e+01,1.705000e+02
1.260148e+06,1.458504e+01,1.110276e+05,1.285041e+00,9.481423e-01,9.482986e-01,1.118271e-03,1.084525e-08,3.795421e+01,8.050483e+00,2.990373e+01,3.958977e+01,1.705000e+02
1.260158e+06,1.458516e+01,1.110376e+05,1.285157e+00,9.481399e-01,9.482987e-01,1.118379e-03,1.084525e-08,3.795498e+01,8.050483e+00,2.990450e+01,3.959066e+01,1.705000e+02
1.260168e+06,1.458527e+01,1.110476e+05,1.285273e+00,9.481375e-01,9.482988e-01,1.118488e-03,1.084524e-08,3.795575e+01,8.050483e+00,2.990527e+01,3.959155e+01,1.705000e+02
1.260178e+06,1.458539e+01,1.110576e+05,1.285388e+00,9.481351e-01,9.482989e-01,1.118596e-03,1.084524e-08,3.795653e+01,8.050483e+00,2.990604e+01,3.959244e+01,1.705000e+02
1.260188e+06,1.458550e+01,1.110676e+05,1.285504e+00,9.481328e-01,9.482990e-01,1.118704e-03,1.084524e-08,3.795730e+01,8.050483e+00,2.990681e+01,3.959334e+01,1.705000e+02
1.260198e+06,1.458562e+01,1.110776e+05,1.285620e+00,9.481304e-01,9.482991e-01,1.118813e-03,1.084524e-08,3.795807e+01,8.050483e+00,2.990758e+01,3.959423e+01,1.705000e+02
1.260208e+06,1.458574e+01,1.110876e+05,1.285736e+00,9.481280e-01,9.482992e-01,1.118921e-03,1.084524e-08,3.795884e+01,8.050483e+00,2.990835e+01,3.959512e+01,1.705000e+02
1.260218e+06,1.458585e+01,1.110976e+05,1.285851e+00,9.481256e-01,9.482993e-01,1.119030e-03,1.084524e-08,3.795961e+01,8.050483e+00,2.990912e+01,3.959601e+01,1.705000e+02
1.260228e+06,1.458597e+01,1.111076e+05,1.285967e+00,9.481309e-01,9.482994e-01,1.119138e-03,1.084524e-08,3.795993e+01,8.050336e+00,2.990960e+01,3.959619e+01,1.705000e+02
1.260238e+06,1.458608e+01,1.111176e+05,1.286083e+00,9.481417e-01,9.482995e-01,1.119247e-03,1.084524e-08,3.795993e+01,8.050083e+00,2.990985e+01,3.959584e+01,1.705000e+02
1.260248e+06,1.458620e+01,1.111276e+05,1.286199e+00,9.481525e-01,9.482996e-01,1.119355e-03,1.084523e-08,3.795993e+01,8.049829e+00,2.991010e+01,3.959549e+01,1.705000e+02
1.260258e+06,1.458631e+01,1.111376e+05,1.286314e+00,9.481633e-01,9.482997e-01,1.119464e-03,1.084523e-08,3.795993e+01,8.049576e+00,2.991035e+01,3.959515e+01,1.705000e+02
1.260268e+06,1.458643e+01,1.111476e+05,1.286430e+00,9.481742e-01,9.482998e-01,1.119572e-03,1.084523e-08,3.795993e+01,8.049323e+00,2.991061e+01,3.959480e+01,1.705000e+02
1.260278e+06,1.458655e+01,1.111576e+05,1.286546e+00,9.481850e-01,9.482999e-01,1.119681e-03,1.084523e-08,3.795993e+01,8.049070e+00,2.991086e+01,3.959446e+01,1.705000e+02
1.260288e+06,1.458666e+01,1.111676e+05,1.286662e+00,9.481958e-01,9.483000e-01,1.119789e-03,1.084523e-08,3.795993e+01,8.048816e+00,2.991111e+01,3.959411e+01,1.705000e+02
1.260298e+06,1.458678e+01,1.111776e+05,1.286777e+00,9.482066e-01,9.483001e-01,1.119897e-03,1.084523e-08,3.795993e+01,8.048563e+00,2.991137e+01,3.959376e+01,1.705000e+02
1.260308e+06,1.458689e+01,1.111876e+05,1.286893e+00,9.482174e-01,9.483002e-01,1.120006e-03,1.084523e-08,3.795993e+01,8.048310e+00,2.991162e+01,3.959342e+01,1.705000e+02
1.260318e+06,1.458701e+01,1.111976e+05,1.287009e+00,9.482282e-01,9.483003e-01,1.120114e-03,1.084523e-08,3.795993e+01,8.048057e+00,2.991187e+01,3.959307e+01,1.705000e+02
1.260328e+06,1.458712e+01,1.112076e+05,1.287125e+00,9.482390e-01,9.483004e-01,1.120223e-03,1.084523e-08,3.795993e+01,8.047803e+00,2.991213e+01,3.959273e+01,1.705000e+02
1.260338e+06,1.458724e+01,1.112176e+05,1.287240e+00,9.482498e-01,9.483005e-01,1.120331e-03,1.084522e-08,3.795993e+01,8.047550e+00,2.991238e+01,3.959238e+01,1.705000e+02
1.260348e+06,1.458736e+01,1.112276e+05,1.287356e+00,9.482606e-01,9.483006e-01,1.120440e-03,1.084522e-08,3.795993e+01,8.047297e+00,2.991263e+01,3.959204e+01,1.705000e+02
1.260358e+06,1.458747e+01,1.112376e+05,1.287472e+00,9.482714e-01,9.483007e-01,1.120548e-03,1.084522e-08,3.795993e+01,8.047044e+00,2.991289e+01,3.959169e+01,1.705000e+02
1.260368e+06,1.458759e+01,1.112476e+05,1.287588e+00,9.482822e-01,9.483008e-01,1.120657e-03,1.084522e-08,3.795993e+01,8.046790e+00,2.991314e+01,3.959134e+01,1.705000e+02
1.260378e+06,1.458770e+01,1.112576e+05,1.287703e+00,9.482931e-01,9.483009e-01,1.120765e-03,1.084522e-08,3.795993e+01,8.046537e+00,2.991339e+01,3.959100e+01,1.705000e+02
1.260388e+06,1.458782e+01,1.112676e+05,1.287819e+00,9.483039e-01,9.483010e-01,1.120874e-03,1.084522e-08,3.795993e+01,8.046284e+00,2.991365e+01,3.959065e+01,1.705000e+02
1.260398e+06,1.458793e+01,1.112776e+05,1.287935e+00,9.483147e-01,9.483011e-01,1.120982e-03,1.084522e-08,3.795993e+01,8.046031e+00,2.991390e+01,3.959031e+01,1.705000e+02
1.260408e+06,1.458805e+01,1.112876e+05,1.288051e+00,9.483255e-01,9.483013e-01,1.121091e-03,1.084522e-08,3.795993e+01,8.045777e+00,2.991415e+01,3.958996e+01,1.705000e+02
1.260418e+06,1.458817e+01,1.112976e+05,1.288166e+00,9.483363e-01,9.483014e-01,1.121199e-03,1.084521e-08,3.795993e+01,8.045524e+00,2.991441e+01,3.958962e+01,1.705000e+02
1.260428e+06,1.458828e+01,1.113076e+05,1.288282e+00,9.483471e-01,9.483015e-01,1.121307e-03,1.084521e-08,3.795993e+01,8.045271e+00,2.991466e+01,3.958927e+01,1.705000e+02
1.260438e+06,1.458840e+01,1.113176e+05,1.288398e+00,9.483579e-01,9.483016e-01,1.121416e-03,1.084521e-08,3.795993e+01,8.045018e+00,2.991491e+01,3.958892e+01,1.705000e+02
1.260448e+06,1.458851e+01,1.113276e+05,1.288514e+00,9.483687e-01,9.483017e-01,1.121524e-03,1.084521e-08,3.795993e+01,8.044764e+00,2.991517e+01,3.958858e+01,1.705000e+02
1.260458e+06,1.458863e+01,1.113376e+05,1.288629e+00,9.483795e-01,9.483018e-01,1.121633e-03,1.084521e-08,3.795993e+01,8.044511e+00,2.991542e+01,3.958823e+01,1.705000e+02
1.260468e+06,1.458875e+01,1.113476e+05,1.288745e+00,9.483903e-01,9.483019e-01,1.121741e-03,1.084521e-08,3.795993e+01,8.044258e+00,2.991567e+01,3.958789e+01,1.705000e+02
1.260478e+06,1.458886e+01,1.113576e+05,1.288861e+00,9.483972e-01,9.483020e-01,1.121850e-03,1.084521e-08,3.795980e+01,8.044138e+00,2.991566e+01,3.958752e+01,1.705000e+02
1.260488e+06,1.458898e+01,1.113676e+05,1.288977e+00,9.484005e-01,9.483021e-01,1.121958e-03,1.084521e-08,3.795954e+01,8.044138e+00,2.991540e+01,3.958714e+01,1.705000e+02
1.260498e+06,1.458909e+01,1.113776e+05,1.289092e+00,9.484038e-01,9.483022e-01,1.122067e-03,1.084521e-08,3.795928e+01,8.044138e+00,2.991515e+01,3.958676e+01,1.705000e+02
1.260508e+06,1.458921e+01,1.113876e+05,1.289208e+00,9.484071e-01,9.483023e-01,1.122175e-03,1.084520e-08,3.795903e+01,8.044138e+00,2.991489e+01,3.958638e+01,1.705000e+02
1.260518e+06,1.458932e+01,1.113976e+05,1.289324e+00,9.484104e-01,9.483024e-01,1.122284e-03,1.084520e-08,3.795877e+01,8.044138e+00,2.991463e+01,3.958600e+01,1.705000e+02
1.260528e+06,1.458944e+01,1.114076e+05,1.289440e+00,9.484137e-01,9.483025e-01,1.122392e-03,1.084520e-08,3.795852e+01,8.044138e+00,2.991438e+01,3.958563e+01,1.705000e+02
1.260538e+06,1.458956e+01,1.114176e+05,1.289555e+00,9.484170e-01,9.483026e-01,1.122501e-03,1.084520e-08,3.795826e+01,8.044138e+00,2.991412e+01,3.958525e+01,1.705000e+02
1.260548e+06,1.458967e+01,1.114276e+05,1.289671e+00,9.484203e-01,9.483027e-01,1.122609e-03,1.084520e-08,3.795800e+01,8.044138e+00,2.991387e+01,3.958487e+01,1.705000e+02
1.260558e+06,1.458979e+01,1.114376e+05,1.289787e+00,9.484236e-01,9.483028e-01,1.122717e-03,1.084520e-08,3.795775e+01,8.044138e+00,2.991361e+01,3.958449e+01,1.705000e+02
1.260568e+06,1.458990e+01,1.114476e+05,1.289903e+00,9.484269e-01,9.483029e-01,1.122826e-03,1.084520e-08,3.795749e+01,8.044138e+00,2.991335e+01,3.958411e+01,1.705000e+02
1.260578e+06,1.459002e+01,1.114576e+05,1.290018e+00,9.484302e-01,9.483030e-01,1.122934e-03,1.084520e-08,3.795724e+01,8.044138e+00,2.991310e+01,3.958373e+01,1.705000e+02
1.260588e+06,1.459013e+01,1.114676e+05,1.290134e+00,9.484335e-01,9.483031e-01,1.123043e-03,1.084519e-08,3.795698e+01,8.044138e+00,2.991284e+01,3.958335e+01,1.705000e+02
1.260598e+06,1.459025e+01,1.114776e+05,1.290250e+00,9.484368e-01,9.483032e-01,1.123151e-03,1.084519e-08,3.795672e+01,8.044138e+00,2.991259e+01,3.958297e+01,1.705000e+02
1.260608e+06,1.459037e+01,1.114876e+05,1.290366e+00,9.484401e-01,9.483033e-01,1.123260e-03,1.084519e-08,3.795647e+01,8.044138e+00,2.991233e+01,3.958259e+01,1.705000e+02
1.260618e+06,1.459048e+01,1.114976e+05,1.290481e+00,9.484434e-01,9.483034e-01,1.123368e-03,1.084519e-08,3.795621e+01,8.044138e+00,2.991207e+01,3.958221e+01,1.705000e+02
1.260628e+06,1.459060e+01,1.115076e+05,1.290597e+00,9.484467e-01,9.483035e-01,1.123477e-03,1.084519e-08,3.795596e+01,8.044138e+00,2.991182e+01,3.958183e+01,1.705000e+02
1.260638e+06,1.459071e+01,1.115176e+05,1.290713e+00,9.484500e-01,9.483036e-01,1.123585e-03,1.084519e-08,3.795570e+01,8.044138e+00,2.991156e+01,3.958145e+01,1.705000e+02
1.260648e+06,1.459083e+01,1.115276e+05,1.290829e+00,9.484533e-01,9.483037e-01,1.123694e-03,1.084519e-08,3.795544e+01,8.044138e+00,2.991131e+01,3.958107e+01,1.705000e+02
1.260658e+06,1.459094e+01,1.115376e+05,1.290944e+00,9.484566e-01,9.483038e-01,1.123802e-03,1.084519e-08,3.795519e+01,8.044138e+00,2.991105e+01,3.958069e+01,1.705000e+02
1.260668e+06,1.459106e+01,1.115476e+05,1.291060e+00,9.484599e-01,9.483039e-01,1.123910e-03,1.084519e-08,3.795493e+01,8.044138e+00,2.991079e+01,3.958031e+01,1.705000e+02
1.260678e+06,1.459118e+01,1.115576e+05,1.291176e+00,9.484632e-01,9.483040e-01,1.124019e-03,1.084518e-08,3.795468e+01,8.044138e+00,2.991054e+01,3.957993e+01,1.705000e+02
1.260688e+06,1.459129e+01,1.115676e+05,1.291292e+00,9.484665e-01,9.483041e-01,1.124127e-03,1.084518e-08,3.795442e+01,8.044138e+00,2.991028e+01,3.957955e+01,1.705000e+02
1.260698e+06,1.459141e+01,1.115776e+05,1.291407e+00,9.484698e-01,9.483042e-01,1.124236e-03,1.084518e-08,3.795416e+01,8.044138e+00,2.991003e+01,3.957917e+01,1.705000e+02
1.260708e+06,1.459152e+01,1.115876e+05,1.291523e+00,9.484731e-01,9.483043e-01,1.124344e-03,1.084518e-08,3.795391e+01,8.044138e+00,2.990977e+01,3.957879e+01,1.705000e+02
1.260718e+06,1.459164e+01,1.115976e+05,1.291639e+00,9.484764e-01,9.483044e-01,1.124453e-03,1.084518e-08,3.795365e+01,8.044138e+00,2.990951e+01,3.957841e+01,1.705000e+02
1.260728e+06,1.459175e+01,1.116076e+05,1.291755e+00,9.484781e-01,9.483045e-01,1.124561e-03,1.084518e-08,3.795392e+01,8.044138e+00,2.990978e+01,3.957864e+01,1.705000e+02
1.260738e+06,1.459187e+01,1.116176e+05,1.291870e+00,9.484781e-01,9.483046e-01,1.124670e-03,1.084518e-08,3.795478e+01,8.044138e+00,2.991064e+01,3.957955e+01,1.705000e+02
1.260748e+06,1.459199e+01,1.116276e+05,1.291986e+00,9.484781e-01,9.483047e-01,1.124778e-03,1.084518e-08,3.795564e+01,8.044138e+00,2.991150e+01,3.958045e+01,1.705000e+02
1.260758e+06,1.459210e+01,1.116376e+05,1.292102e+00,9.484781e-01,9.483049e-01,1.124887e-03,1.084517e-08,3.795650e+01,8.044138e+00,2.991236e+01,3.958136e+01,1.705000e+02
1.260768e+06,1.459222e+01,1.116476e+05,1.292218e+00,9.484781e-01,9.483050e-01,1.124995e-03,1.084517e-08,3.795736e+01,8.044138e+00,2.991322e+01,3.958226e+01,1.705000e+02
1.260778e+06,1.459233e+01,1.116576e+05,1.292333e+00,9.484781e-01,9.483051e-01,1.125104e-03,1.084517e-08,3.795822e+01,8.044138e+00,2.991408e+01,3.958317e+01,1.705000e+02
1.260788e+06,1.459245e+01,1.116676e+05,1.292449e+00,9.484781e-01,9.483052e-01,1.125212e-03,1.084517e-08,3.795908e+01,8.044138e+00,2.991494e+01,3.958408e+01,1.705000e+02
1.260798e+06,1.459256e+01,1.116776e+05,1.292565e+00,9.484781e-01,9.483053e-01,1.125320e-03,1.084517e-08,3.795994e+01,8.044138e+00,2.991580e+01,3.958498e+01,1.705000e+02
1.260808e+06,1.459268e+01,1.116876e+05,1.292681e+00,9.484781e-01,9.483054e-01,1.125429e-03,1.084517e-08,3.796080e+01,8.044138e+00,2.991666e+01,3.958589e+01,1.705000e+02
1.260818e+06,1.459280e+01,1.116976e+05,1.292796e+00,9.484781e-01,9.483055e-01,1.125537e-03,1.084517e-08,3.796166e+01,8.044138e+00,2.991752e+01,3.958679e+01,1.705000e+02
1.260828e+06,1.459291e+01,1.117076e+05,1.292912e+00,9.484781e-01,9.483056e-01,1.125646e-03,1.084517e-08,3.796252e+01,8.044138e+00,2.991838e+01,3.958770e+01,1.705000e+02
1.260838e+06,1.459303e+01,1.117176e+05,1.293028e+00,9.484781e-01,9.483057e-01,1.125754e-03,1.084517e-08,3.796337e+01,8.044138e+00,2.991924e+01,3.958860e+01,1.705000e+02
1.260848e+06,1.459314e+01,1.117276e+05,1.293144e+00,9.484781e-01,9.483058e-01,1.125863e-03,1.084516e-08,3.796423e+01,8.044138e+00,2.992010e+01,3.958951e+01,1.705000e+02
1.260858e+06,1.459326e+01,1.117376e+05,1.293259e+00,9.484781e-01,9.483059e-01,1.125971e-03,1.084516e-08,3.796509e+01,8.044138e+00,2.992095e+01,3.959042e+01,1.705000e+02
1.260868e+06,1.459338e+01,1.117476e+05,1.293375e+00,9.484781e-01,9.483060e-01,1.126080e-03,1.084516e-08,3.796595e+01,8.044138e+00,2.992181e+01,3.959132e+01,1.705000e+02
1.260878e+06,1.459349e+01,1.117576e+05,1.293491e+00,9.484781e-01,9.483061e-01,1.126188e-03,1.084516e-08,3.796681e+01,8.044138e+00,2.992267e+01,3.959223e+01,1.705000e+02
1.260888e+06,1.459361e+01,1.117676e+05,1.293607e+00,9.484781e-01,9.483062e-01,1.126297e-03,1.084516e-08,3.796767e+01,8.044138e+00,2.992353e+01,3.959313e+01,1.705000e+02
1.260898e+06,1.459372e+01,1.117776e+05,1.293722e+00,9.484781e-01,9.483063e-01,1.126405e-03,1.084516e-08,3.796853e+01,8.044138e+00,2.992439e+01,3.959404e+01,1.705000e+02
1.260908e+06,1.459384e+01,1.117876e+05,1.293838e+00,9.484781e-01,9.483064e-01,1.126514e-03,1.084516e-08,3.796939e+01,8.044138e+00,2.992525e+01,3.959495e+01,1.705000e+02
1.260918e+06,1.459395e+01,1.117976e+05,1.293954e+00,9.484781e-01,9.483065e-01,1.126622e-03,1.084516e-08,3.797025e+01,8.044138e+00,2.992611e+01,3.959585e+01,1.705000e+02
1.260928e+06,1.459407e+01,1.118076e+05,1.294070e+00,9.484781e-01,9.483066e-01,1.126730e-03,1.084515e-08,3.797111e+01,8.044138e+00,2.992697e+01,3.959676e+01,1.705000e+02
1.260938e+06,1.459419e+01,1.118176e+05,1.294185e+00,9.484781e-01,9.483067e-01,1.126839e-03,1.084515e-08,3.797197e+01,8.044138e+00,2.992783e+01,3.959766e+01,1.705000e+02
1.260948e+06,1.459430e+01,1.118276e+05,1.294301e+00,9.484781e-01,9.483068e-01,1.126947e-03,1.084515e-08,3.797283e+01,8.044138e+00,2.992869e+01,3.959857e+01,1.705000e+02
1.260958e+06,1.459442e+01,1.118376e+05,1.294417e+00,9.484781e-01,9.483069e-01,1.127056e-03,1.084515e-08,3.797369e+01,8.044138e+00,2.992955e+01,3.959948e+01,1.705000e+02
1.260968e+06,1.459453e+01,1.118476e+05,1.294533e+00,9.484781e-01,9.483070e-01,1.127164e-03,1.084515e-08,3.797454e+01,8.044138e+00,2.993041e+01,3.960038e+01,1.705000e+02
1.260978e+06,1.459465e+01,1.118576e+05,1.294648e+00,9.484766e-01,9.483071e-01,1.127273e-03,1.084515e-08,3.797550e+01,8.044138e+00,2.993136e+01,3.960144e+01,1.705000e+02
1.260988e+06,1.459476e+01,1.118676e+05,1.294764e+00,9.484740e-01,9.483072e-01,1.127381e-03,1.084515e-08,3.797652e+01,8.044138e+00,2.993238e+01,3.960260e+01,1.705000e+02
1.260998e+06,1.459488e+01,1.118776e+05,1.294880e+00,9.484715e-01,9.483073e-01,1.127490e-03,1.084515e-08,3.797754e+01,8.044138e+00,2.993340e+01,3.960376e+01,1.705000e+02
1.261008e+06,1.459500e+01,1.118876e+05,1.294996e+00,9.484689e-01,9.483074e-01,1.127598e-03,1.084515e-08,3.797856e+01,8.044138e+00,2.993442e+01,3.960492e+01,1.705000e+02
1.261018e+06,1.459511e+01,1.118976e+05,1.295111e+00,9.484663e-01,9.483075e-01,1.127707e-03,1.084514e-08,3.797958e+01,8.044138e+00,2.993544e+01,3.960608e+01,1.705000e+02
1.261028e+06,1.459523e+01,1.119076e+05,1.295227e+00,9.484638e-01,9.483076e-01,1.127815e-03,1.084514e-08,3.798060e+01,8.044138e+00,2.993646e+01,3.960724e+01,1.705000e+02
1.261038e+06,1.459534e+01,1.119176e+05,1.295343e+00,9.484612e-01,9.483077e-01,1.127923e-03,1.084514e-08,3.798162e+01,8.044138e+00,2.993748e+01,3.960841e+01,1.705000e+02
1.261048e+06,1.459546e+01,1.119276e+05,1.295459e+00,9.484586e-01,9.483078e-01,1.128032e-03,1.084514e-08,3.798264e+01,8.044138e+00,2.993850e+01,3.960957e+01,1.705000e+02
1.261058e+06,1.459557e+01,1.119376e+05,1.295574e+00,9.484561e-01,9.483079e-01,1.128140e-03,1.084514e-08,3.798366e+01,8.044138e+00,2.993952e+01,3.961073e+01,1.705000e+02
1.261068e+06,1.459569e+01,1.119476e+05,1.295690e+00,9.484535e-01,9.483080e-01,1.128249e-03,1.084514e-08,3.798468e+01,8.044138e+00,2.994055e+01,3.961189e+01,1.705000e+02
1.261078e+06,1.459581e+01,1.119576e+05,1.295806e+00,9.484509e-01,9.483081e-01,1.128357e-03,1.084514e-08,3.798570e+01,8.044138e+00,2.994157e+01,3.961305e+01,1.705000e+02
1.261088e+06,1.459592e+01,1.119676e+05,1.295922e+00,9.484484e-01,9.483082e-01,1.128466e-03,1.084514e-08,3.798672e+01,8.044138e+00,2.994259e+01,3.961421e+01,1.705000e+02
1.261098e+06,1.459604e+01,1.119776e+05,1.296037e+00,9.484458e-01,9.483083e-01,1.128574e-03,1.084513e-08,3.798774e+01,8.044138e+00,2.994361e+01,3.961537e+01,1.705000e+02
1.261108e+06,1.459615e+01,1.119876e+05,1.296153e+00,9.484432e-01,9.483085e-01,1.128683e-03,1.084513e-08,3.798876e+01,8.044138e+00,2.994463e+01,3.961654e+01,1.705000e+02
1.261118e+06,1.459627e+01,1.119976e+05,1.296269e+00,9.484407e-01,9.483086e-01,1.128791e-03,1.084513e-08,3.798979e+01,8.044138e+00,2.994565e+01,3.961770e+01,1.705000e+02
1.261128e+06,1.459638e+01,1.120076e+05,1.296385e+00,9.484381e-01,9.483087e-01,1.128900e-03,1.084513e-08,3.799081e+01,8.044138e+00,2.994667e+01,3.961886e+01,1.705000e+02
1.261138e+06,1.459650e+01,1.120176e+05,1.296500e+00,9.484355e-01,9.483088e-01,1.129008e-03,1.084513e-08,3.799183e+01,8.044138e+00,2.994769e+01,3.962002e+01,1.705000e+02
1.261148e+06,1.459662e+01,1.120276e+05,1.296616e+00,9.484330e-01,9.483089e-01,1.129117e-03,1.084513e-08,3.799285e+01,8.044138e+00,2.994871e+01,3.962118e+01,1.705000e+02
1.261158e+06,1.459673e+01,1.120376e+05,1.296732e+00,9.484304e-01,9.483090e-01,1.129225e-03,1.084513e-08,3.799387e+01,8.044138e+00,2.994973e+01,3.962234e+01,1.705000e+02
1.261168e+06,1.459685e+01,1.120476e+05,1.296848e+00,9.484279e-01,9.483091e-01,1.129333e-03,1.084513e-08,3.799489e+01,8.044138e+00,2.995075e+01,3.962350e+01,1.705000e+02
1.261178e+06,1.459696e+01,1.120576e+05,1.296963e+00,9.484253e-01,9.483092e-01,1.129442e-03,1.084513e-08,3.799591e+01,8.044138e+00,2.995177e+01,3.962466e+01,1.705000e+02
1.261188e+06,1.459708e+01,1.120676e+05,1.297079e+00,9.484227e-01,9.483093e-01,1.129550e-03,1.084512e-08,3.799693e+01,8.044138e+00,2.995279e+01,3.962583e+01,1.705000e+02
1.261198e+06,1.459719e+01,1.120776e+05,1.297195e+00,9.484202e-01,9.483094e-01,1.129659e-03,1.084512e-08,3.799795e+01,8.044138e+00,2.995381e+01,3.962699e+01,1.705000e+02
1.261208e+06,1.459731e+01,1.120876e+05,1.297311e+00,9.484176e-01,9.483095e-01,1.129767e-03,1.084512e-08,3.799897e+01,8.044138e+00,2.995483e+01,3.962815e+01,1.705000e+02
1.261218e+06,1.459743e+01,1.120976e+05,1.297426e+00,9.484150e-01,9.483096e-01,1.129876e-03,1.084512e-08,3.799999e+01,8.044138e+00,2.995585e+01,3.962931e+01,1.705000e+02
1.261228e+06,1.459754e+01,1.121076e+05,1.297542e+00,9.484136e-01,9.483097e-01,1.129984e-03,1.084512e-08,3.800044e+01,8.044253e+00,2.995618e+01,3.962982e+01,1.705000e+02
1.261238e+06,1.459766e+01,1.121176e+05,1.297658e+00,9.484136e-01,9.483098e-01,1.130093e-03,1.084512e-08,3.800018e+01,8.044508e+00,2.995567e+01,3.962954e+01,1.705000e+02
1.261248e+06,1.459777e+01,1.121276e+05,1.297774e+00,9.484136e-01,9.483099e-01,1.130201e-03,1.084512e-08,3.799992e+01,8.044763e+00,2.995516e+01,3.962925e+01,1.705000e+02
1.261258e+06,1.459789e+01,1.121376e+05,1.297889e+00,9.484136e-01,9.483100e-01,1.130310e-03,1.084512e-08,3.799966e+01,8.045018e+00,2.995464e+01,3.962896e+01,1.705000e+02
1.261268e+06,1.459801e+01,1.121476e+05,1.298005e+00,9.484136e-01,9.483101e-01,1.130418e-03,1.084511e-08,3.799940e+01,8.045273e+00,2.995413e+01,3.962868e+01,1.705000e+02
1.261278e+06,1.459812e+01,1.121576e+05,1.298121e+00,9.484136e-01,9.483102e-01,1.130526e-03,1.084511e-08,3.799915e+01,8.045528e+00,2.995362e+01,3.962839e+01,1.705000e+02
1.261288e+06,1.459824e+01,1.121676e+05,1.298237e+00,9.484136e-01,9.483103e-01,1.130635e-03,1.084511e-08,3.799889e+01,8.045783e+00,2.995311e+01,3.962811e+01,1.705000e+02
1.261298e+06,1.459835e+01,1.121776e+05,1.298352e+00,9.484136e-01,9.483104e-01,1.130743e-03,1.084511e-08,3.799863e+01,8.046038e+00,2.995259e+01,3.962782e+01,1.705000e+02
1.261308e+06,1.459847e+01,1.121876e+05,1.298468e+00,9.484136e-01,9.483105e-01,1.130852e-03,1.084511e-08,3.799837e+01,8.046293e+00,2.995208e+01,3.962754e+01,1.705000e+02
1.261318e+06,1.459858e+01,1.121976e+05,1.298584e+00,9.484136e-01,9.483106e-01,1.130960e-03,1.084511e-08,3.799812e+01,8.046548e+00,2.995157e+01,3.962725e+01,1.705000e+02
1.261328e+06,1.459870e+01,1.122076e+05,1.298700e+00,9.484136e-01,9.483107e-01,1.131069e-03,1.084511e-08,3.799786e+01,8.046803e+00,2.995106e+01,3.962696e+01,1.705000e+02
1.261338e+06,1.459882e+01,1.122176e+05,1.298815e+00,9.484136e-01,9.483108e-01,1.131177e-03,1.084511e-08,3.799760e+01,8.047058e+00,2.995054e+01,3.962668e+01,1.705000e+02
1.261348e+06,1.459893e+01,1.122276e+05,1.298931e+00,9.484136e-01,9.483109e-01,1.131286e-03,1.084511e-08,3.799734e+01,8.047313e+00,2.995003e+01,3.962639e+01,1.705000e+02
1.261358e+06,1.459905e+01,1.122376e+05,1.299047e+00,9.484136e-01,9.483110e-01,1.131394e-03,1.084510e-08,3.799708e+01,8.047568e+00,2.994952e+01,3.962611e+01,1.705000e+02
1.261368e+06,1.459916e+01,1.122476e+05,1.299163e+00,9.484136e-01,9.483111e-01,1.131503e-03,1.084510e-08,3.799683e+01,8.047823e+00,2.994900e+01,3.962582e+01,1.705000e+02
1.261378e+06,1.459928e+01,1.122576e+05,1.299278e+00,9.484136e-01,9.483112e-01,1.131611e-03,1.084510e-08,3.799657e+01,8.048078e+00,2.994849e+01,3.962554e+01,1.705000e+02
1.261388e+06,1.459939e+01,1.122676e+05,1.299394e+00,9.484136e-01,9.483113e-01,1.131720e-03,1.084510e-08,3.799631e+01,8.048333e+00,2.994798e+01,3.962525e+01,1.705000e+02
1.261398e+06,1.459951e+01,1.122776e+05,1.299510e+00,9.484136e-01,9.483114e-01,1.131828e-03,1.084510e-08,3.799605e+01,8.048588e+00,2.994747e+01,3.962496e+01,1.705000e+02
1.261408e+06,1.459963e+01,1.122876e+05,1.299626e+00,9.484136e-01,9.483115e-01,1.131936e-03,1.084510e-08,3.799580e+01,8.048843e+00,2.994695e+01,3.962468e+01,1.705000e+02
1.261418e+06,1.459974e+01,1.122976e+05,1.299741e+00,9.484136e-01,9.483116e-01,1.132045e-03,1.084510e-08,3.799554e+01,8.049098e+00,2.994644e+01,3.962439e+01,1.705000e+02
1.261428e+06,1.459986e+01,1.123076e+05,1.299857e+00,9.484136e-01,9.483117e-01,1.132153e-03,1.084510e-08,3.799528e+01,8.049353e+00,2.994593e+01,3.962411e+01,1.705000e+02
1.261438e+06,1.459997e+01,1.123176e+05,1.299973e+00,9.484136e-01,9.483118e-01,1.132262e-03,1.084509e-08,3.799502e+01,8.049608e+00,2.994541e+01,3.962382e+01,1.705000e+02
1.261448e+06,1.460009e+01,1.123276e+05,1.300089e+00,9.484136e-01,9.483119e-01,1.132370e-03,1.084509e-08,3.799476e+01,8.049863e+00,2.994490e+01,3.962354e+01,1.705000e+02
1.261458e+06,1.460020e+01,1.123376e+05,1.300204e+00,9.484136e-01,9.483121e-01,1.132479e-03,1.084509e-08,3.799451e+01,8.050118e+00,2.994439e+01,3.962325e+01,1.705000e+02
1.261468e+06,1.460032e+01,1.123476e+05,1.300320e+00,9.484136e-01,9.483122e-01,1.132587e-03,1.084509e-08,3.799425e+01,8.050373e+00,2.994388e+01,3.962297e+01,1.705000e+02
1.261478e+06,1.460044e+01,1.123576e+05,1.300436e+00,9.484145e-01,9.483123e-01,1.132696e-03,1.084509e-08,3.799370e+01,8.050483e+00,2.994322e+01,3.962235e+01,1.705000e+02
1.261488e+06,1.460055e+01,1.123677e+05,1.300552e+00,9.484160e-01,9.483124e-01,1.132804e-03,1.084509e-08,3.799293e+01,8.050483e+00,2.994245e+01,3.962149e+01,1.705000e+02
1.261498e+06,1.460067e+01,1.123777e+05,1.300667e+00,9.484176e-01,9.483125e-01,1.132913e-03,1.084509e-08,3.799216e+01,8.050483e+00,2.994168e+01,3.962062e+01,1.705000e+02
1.261508e+06,1.460078e+01,1.123877e+05,1.300783e+00,9.484191e-01,9.483126e-01,1.133021e-03,1.084509e-08,3.799139e+01,8.050483e+00,2.994091e+01,3.961976e+01,1.705000e+02
1.261518e+06,1.460090e+01,1.123977e+05,1.300899e+00,9.484207e-01,9.483127e-01,1.133129e-03,1.084509e-08,3.799062e+01,8.050483e+00,2.994013e+01,3.961889e+01,1.705000e+02
1.261528e+06,1.460101e+01,1.124077e+05,1.301015e+00,9.484222e-01,9.483128e-01,1.133238e-03,1.084508e-08,3.798985e+01,8.050483e+00,2.993936e+01,3.961803e+01,1.705000e+02
1.261538e+06,1.460113e+01,1.124177e+05,1.301130e+00,9.484238e-01,9.483129e-01,1.133346e-03,1.084508e-08,3.798908e+01,8.050483e+00,2.993859e+01,3.961717e+01,1.705000e+02
1.261548e+06,1.460125e+01,1.124277e+05,1.301246e+00,9.484253e-01,9.483130e-01,1.133455e-03,1.084508e-08,3.798831e+01,8.050483e+00,2.993782e+01,3.961630e+01,1.705000e+02
1.261558e+06,1.460136e+01,1.124377e+05,1.301362e+00,9.484269e-01,9.483131e-01,1.133563e-03,1.084508e-08,3.798753e+01,8.050483e+00,2.993705e+01,3.961544e+01,1.705000e+02
1.261568e+06,1.460148e+01,1.124477e+05,1.301477e+00,9.484284e-01,9.483132e-01,1.133672e-03,1.084508e-08,3.798676e+01,8.050483e+00,2.993628e+01,3.961457e+01,1.705000e+02
1.261578e+06,1.460159e+01,1.124577e+05,1.301593e+00,9.484300e-01,9.483133e-01,1.133780e-03,1.084508e-08,3.798599e+01,8.050483e+00,2.993551e+01,3.961371e+01,1.705000e+02
1.261588e+06,1.460171e+01,1.124677e+05,1.301709e+00,9.484315e-01,9.483134e-01,1.133889e-03,1.084508e-08,3.798522e+01,8.050483e+00,2.993474e+01,3.961285e+01,1.705000e+02
1.261598e+06,1.460182e+01,1.124777e+05,1.301825e+00,9.484331e-01,9.483135e-01,1.133997e-03,1.084508e-08,3.798445e+01,8.050483e+00,2.993397e+01,3.961198e+01,1.705000e+02
1.261608e+06,1.460194e+01,1.124877e+05,1.301940e+00,9.484346e-01,9.483136e-01,1.134106e-03,1.084507e-08,3.798368e+01,8.050483e+00,2.993320e+01,3.961112e+01,1.705000e+02
1.261618e+06,1.460206e+01,1.124977e+05,1.302056e+00,9.484362e-01,9.483137e-01,1.134214e-03,1.084507e-08,3.798291e+01,8.050483e+00,2.993243e+01,3.961025e+01,1.705000e+02
1.261628e+06,1.460217e+01,1.125077e+05,1.302172e+00,9.484377e-01,9.483138e-01,1.134323e-03,1.084507e-08,3.798214e+01,8.050483e+00,2.993166e+01,3.960939e+01,1.705000e+02
1.261638e+06,1.460229e+01,1.125177e+05,1.302288e+00,9.484393e-01,9.483139e-01,1.134431e-03,1.084507e-08,3.798137e+01,8.050483e+00,2.993089e+01,3.960853e+01,1.705000e+02
1.261648e+06,1.460240e+01,1.125277e+05,1.302403e+00,9.484408e-01,9.483140e-01,1.134539e-03,1.084507e-08,3.798060e+01,8.050483e+00,2.993012e+01,3.960766e+01,1.705000e+02
1.261658e+06,1.460252e+01,1.125377e+05,1.302519e+00,9.484424e-01,9.483141e-01,1.134648e-03,1.084507e-08,3.797983e+01,8.050483e+00,2.992935e+01,3.960680e+01,1.705000e+02
1.261668e+06,1.460263e+01,1.125477e+05,1.302635e+00,9.484439e-01,9.483142e-01,1.134756e-03,1.084507e-08,3.797906e+01,8.050483e+00,2.992858e+01,3.960593e+01,1.705000e+02
1.261678e+06,1.460275e+01,1.125577e+05,1.302751e+00,9.484455e-01,9.483143e-01,1.134865e-03,1.084507e-08,3.797829e+01,8.050483e+00,2.992780e+01,3.960507e+01,1.705000e+02
1.261688e+06,1.460287e+01,1.125677e+05,1.302866e+00,9.484470e-01,9.483144e-01,1.134973e-03,1.084507e-08,3.797752e+01,8.050483e+00,2.992703e+01,3.960421e+01,1.705000e+02
1.261698e+06,1.460298e+01,1.125777e+05,1.302982e+00,9.484485e-01,9.483145e-01,1.135082e-03,1.084506e-08,3.797675e+01,8.050483e+00,2.992626e+01,3.960334e+01,1.705000e+02
1.261708e+06,1.460310e+01,1.125877e+05,1.303098e+00,9.484501e-01,9.483146e-01,1.135190e-03,1.084506e-08,3.797598e+01,8.050483e+00,2.992549e+01,3.960248e+01,1.705000e+02
1.261718e+06,1.460321e+01,1.125977e+05,1.303214e+00,9.484555e-01,9.483147e-01,1.135299e-03,1.084506e-08,3.797520e+01,8.050483e+00,2.992472e+01,3.960149e+01,1.705000e+02
1.261728e+06,1.460333e+01,1.126077e+05,1.303329e+00,9.484654e-01,9.483148e-01,1.135407e-03,1.084506e-08,3.797520e+01,8.050483e+00,2.992472e+01,3.960116e+01,1.705048e+02
1.261738e+06,1.460345e+01,1.126177e+05,1.303445e+00,9.484766e-01,9.483149e-01,1.135516e-03,1.084506e-08,3.797572e+01,8.050483e+00,2.992523e+01,3.960132e+01,1.705128e+02
1.261748e+06,1.460356e+01,1.126277e+05,1.303561e+00,9.484878e-01,9.483150e-01,1.135624e-03,1.084506e-08,3.797623e+01,8.050483e+00,2.992575e+01,3.960149e+01,1.705208e+02
1.261758e+06,1.460368e+01,1.126377e+05,1.303677e+00,9.484991e-01,9.483151e-01,1.135732e-03,1.084506e-08,3.797674e+01,8.050483e+00,2.992626e+01,3.960165e+01,1.705287e+02
1.261768e+06,1.460379e+01,1.126477e+05,1.303792e+00,9.485103e-01,9.483152e-01,1.135841e-03,1.084506e-08,3.797725e+01,8.050483e+00,2.992677e+01,3.960182e+01,1.705367e+02
1.261778e+06,1.460391e+01,1.126577e+05,1.303908e+00,9.485215e-01,9.483153e-01,1.135949e-03,1.084505e-08,3.797776e+01,8.050483e+00,2.992728e+01,3.960199e+01,1.705447e+02
1.261788e+06,1.460402e+01,1.126677e+05,1.304024e+00,9.485328e-01,9.483154e-01,1.136058e-03,1.084505e-08,3.797828e+01,8.050483e+00,2.992779e+01,3.960215e+01,1.705527e+02
1.261798e+06,1.460414e+01,1.126777e+05,1.304140e+00,9.485440e-01,9.483155e-01,1.136166e-03,1.084505e-08,3.797879e+01,8.050483e+00,2.992831e+01,3.960232e+01,1.705607e+02
1.261808e+06,1.460426e+01,1.126877e+05,1.304255e+00,9.485552e-01,9.483157e-01,1.136275e-03,1.084505e-08,3.797930e+01,8.050483e+00,2.992882e+01,3.960249e+01,1.705687e+02
1.261818e+06,1.460437e+01,1.126977e+05,1.304371e+00,9.485665e-01,9.483158e-01,1.136383e-03,1.084505e-08,3.797981e+01,8.050483e+00,2.992933e+01,3.960265e+01,1.705766e+02
1.261828e+06,1.460449e+01,1.127077e+05,1.304487e+00,9.485777e-01,9.483159e-01,1.136492e-03,1.084505e-08,3.798032e+01,8.050483e+00,2.992984e+01,3.960282e+01,1.705846e+02
1.261838e+06,1.460460e+01,1.127177e+05,1.304603e+00,9.485889e-01,9.483160e-01,1.136600e-03,1.084505e-08,3.798084e+01,8.050483e+00,2.993035e+01,3.960298e+01,1.705926e+02
1.261848e+06,1.460472e+01,1.127277e+05,1.304718e+00,9.486001e-01,9.483161e-01,1.136709e-03,1.084505e-08,3.798135e+01,8.050483e+00,2.993087e+01,3.960315e+01,1.706006e+02
1.261858e+06,1.460483e+01,1.127377e+05,1.304834e+00,9.486114e-01,9.483162e-01,1.136817e-03,1.084505e-08,3.798186e+01,8.050483e+00,2.993138e+01,3.960332e+01,1.706086e+02
1.261868e+06,1.460495e+01,1.127477e+05,1.304950e+00,9.486226e-01,9.483163e-01,1.136926e-03,1.084504e-08,3.798237e+01,8.050483e+00,2.993189e+01,3.960348e+01,1.706165e+02
1.261878e+06,1.460507e+01,1.127577e+05,1.305066e+00,9.486338e-01,9.483164e-01,1.137034e-03,1.084504e-08,3.798288e+01,8.050483e+00,2.993240e+01,3.960365e+01,1.706245e+02
1.261888e+06,1.460518e+01,1.127677e+05,1.305181e+00,9.486451e-01,9.483165e-01,1.137142e-03,1.084504e-08,3.798340e+01,8.050483e+00,2.993291e+01,3.960382e+01,1.706325e+02
1.261898e+06,1.460530e+01,1.127777e+05,1.305297e+00,9.486563e-01,9.483166e-01,1.137251e-03,1.084504e-08,3.798391e+01,8.050483e+00,2.993342e+01,3.960398e+01,1.706405e+02
1.261908e+06,1.460541e+01,1.127877e+05,1.305413e+00,9.486675e-01,9.483167e-01,1.137359e-03,1.084504e-08,3.798442e+01,8.050483e+00,2.993394e+01,3.960415e+01,1.706485e+02
1.261918e+06,1.460553e+01,1.127977e+05,1.305529e+00,9.486788e-01,9.483168e-01,1.137468e-03,1.084504e-08,3.798493e+01,8.050483e+00,2.993445e+01,3.960431e+01,1.706565e+02
1.261928e+06,1.460564e+01,1.128077e+05,1.305644e+00,9.486900e-01,9.483169e-01,1.137576e-03,1.084504e-08,3.798544e+01,8.050483e+00,2.993496e+01,3.960448e+01,1.706644e+02
1.261938e+06,1.460576e+01,1.128177e+05,1.305760e+00,9.487012e-01,9.483170e-01,1.137685e-03,1.084504e-08,3.798596e+01,8.050483e+00,2.993547e+01,3.960465e+01,1.706724e+02
1.261948e+06,1.460588e+01,1.128277e+05,1.305876e+00,9.487124e-01,9.483171e-01,1.137793e-03,1.084503e-08,3.798647e+01,8.050483e+00,2.993598e+01,3.960481e+01,1.706804e+02
1.261958e+06,1.460599e+01,1.128377e+05,1.305992e+00,9.487237e-01,9.483172e-01,1.137902e-03,1.084503e-08,3.798698e+01,8.050483e+00,2.993650e+01,3.960498e+01,1.706884e+02
1.261968e+06,1.460611e+01,1.128477e+05,1.306107e+00,9.487314e-01,9.483173e-01,1.138010e-03,1.084503e-08,3.798749e+01,8.050483e+00,2.993701e+01,3.960526e+01,1.706964e+02
1.261978e+06,1.460622e+01,1.128577e+05,1.306223e+00,9.487273e-01,9.483174e-01,1.138119e-03,1.084503e-08,3.798712e+01,8.050621e+00,2.993649e+01,3.960499e+01,1.707000e+02
1.261988e+06,1.460634e+01,1.128677e+05,1.306339e+00,9.487157e-01,9.483175e-01,1.138227e-03,1.084503e-08,3.798600e+01,8.050876e+00,2.993513e+01,3.960419e+01,1.707000e+02
1.261998e+06,1.460645e+01,1.128777e+05,1.306455e+00,9.487041e-01,9.483176e-01,1.138335e-03,1.084503e-08,3.798489e+01,8.051130e+00,2.993376e+01,3.960339e+01,1.707000e+02
1.262008e+06,1.460657e+01,1.128877e+05,1.306570e+00,9.486926e-01,9.483177e-01,1.138444e-03,1.084503e-08,3.798378e+01,8.051384e+00,2.993239e+01,3.960259e+01,1.707000e+02
1.262018e+06,1.460669e+01,1.128977e+05,1.306686e+00,9.486810e-01,9.483178e-01,1.138552e-03,1.084503e-08,3.798266e+01,8.051638e+00,2.993103e+01,3.960179e+01,1.707000e+02
1.262028e+06,1.460680e+01,1.129077e+05,1.306802e+00,9.486694e-01,9.483179e-01,1.138661e-03,1.084503e-08,3.798155e+01,8.051892e+00,2.992966e+01,3.960098e+01,1.707000e+02
1.262038e+06,1.460692e+01,1.129177e+05,1.306918e+00,9.486579e-01,9.483180e-01,1.138769e-03,1.084502e-08,3.798044e+01,8.052146e+00,2.992829e+01,3.960018e+01,1.707000e+02
1.262048e+06,1.460703e+01,1.129277e+05,1.307033e+00,9.486463e-01,9.483181e-01,1.138878e-03,1.084502e-08,3.797932e+01,8.052400e+00,2.992692e+01,3.959938e+01,1.707000e+02
1.262058e+06,1.460715e+01,1.129377e+05,1.307149e+00,9.486347e-01,9.483182e-01,1.138986e-03,1.084502e-08,3.797821e+01,8.052654e+00,2.992556e+01,3.959858e+01,1.707000e+02
1.262068e+06,1.460726e+01,1.129477e+05,1.307265e+00,9.486231e-01,9.483183e-01,1.139095e-03,1.084502e-08,3.797710e+01,8.052909e+00,2.992419e+01,3.959777e+01,1.707000e+02
1.262078e+06,1.460738e+01,1.129577e+05,1.307381e+00,9.486116e-01,9.483184e-01,1.139203e-03,1.084502e-08,3.797598e+01,8.053163e+00,2.992282e+01,3.959697e+01,1.707000e+02
1.262088e+06,1.460750e+01,1.129677e+05,1.307496e+00,9.486000e-01,9.483185e-01,1.139312e-03,1.084502e-08,3.797487e+01,8.053417e+00,2.992145e+01,3.959617e+01,1.707000e+02
1.262098e+06,1.460761e+01,1.129777e+05,1.307612e+00,9.485884e-01,9.483186e-01,1.139420e-03,1.084502e-08,3.797376e+01,8.053671e+00,2.992009e+01,3.959537e+01,1.707000e+02
1.262108e+06,1.460773e+01,1.129877e+05,1.307728e+00,9.485768e-01,9.483187e-01,1.139528e-03,1.084502e-08,3.797265e+01,8.053925e+00,2.991872e+01,3.959457e+01,1.707000e+02
1.262118e+06,1.460784e+01,1.129977e+05,1.307844e+00,9.485653e-01,9.483188e-01,1.139637e-03,1.084501e-08,3.797153e+01,8.054179e+00,2.991735e+01,3.959376e+01,1.707000e+02
1.262128e+06,1.460796e+01,1.130077e+05,1.307959e+00,9.485537e-01,9.483189e-01,1.139745e-03,1.084501e-08,3.797042e+01,8.054433e+00,2.991599e+01,3.959296e+01,1.707000e+02
1.262138e+06,1.460808e+01,1.130177e+05,1.308075e+00,9.485421e-01,9.483190e-01,1.139854e-03,1.084501e-08,3.796931e+01,8.054687e+00,2.991462e+01,3.959216e+01,1.707000e+02
1.262148e+06,1.460819e+01,1.130277e+05,1.308191e+00,9.485305e-01,9.483191e-01,1.139962e-03,1.084501e-08,3.796819e+01,8.054942e+00,2.991325e+01,3.959136e+01,1.707000e+02
1.262158e+06,1.460831e+01,1.130377e+05,1.308307e+00,9.485190e-01,9.483193e-01,1.140071e-03,1.084501e-08,3.796708e+01,8.055196e+00,2.991188e+01,3.959055e+01,1.707000e+02
1.262168e+06,1.460842e+01,1.130477e+05,1.308422e+00,9.485074e-01,9.483194e-01,1.140179e-03,1.084501e-08,3.796597e+01,8.055450e+00,2.991052e+01,3.958975e+01,1.707000e+02
1.262178e+06,1.460854e+01,1.130577e+05,1.308538e+00,9.484958e-01,9.483195e-01,1.140288e-03,1.084501e-08,3.796485e+01,8.055704e+00,2.990915e+01,3.958895e+01,1.707000e+02
1.262188e+06,1.460865e+01,1.130677e+05,1.308654e+00,9.484842e-01,9.483196e-01,1.140396e-03,1.084501e-08,3.796374e+01,8.055958e+00,2.990778e+01,3.958814e+01,1.707000e+02
1.262198e+06,1.460877e+01,1.130777e+05,1.308770e+00,9.484727e-01,9.483197e-01,1.140505e-03,1.084501e-08,3.796263e+01,8.056212e+00,2.990641e+01,3.958734e+01,1.707000e+02
1.262208e+06,1.460889e+01,1.130877e+05,1.308885e+00,9.484611e-01,9.483198e-01,1.140613e-03,1.084500e-08,3.796151e+01,8.056466e+00,2.990505e+01,3.958654e+01,1.707000e+02
1.262218e+06,1.460900e+01,1.130977e+05,1.309001e+00,9.484477e-01,9.483199e-01,1.140722e-03,1.084500e-08,3.796040e+01,8.056720e+00,2.990368e+01,3.958580e+01,1.707000e+02
1.262228e+06,1.460912e+01,1.131077e+05,1.309117e+00,9.484334e-01,9.483200e-01,1.140830e-03,1.084500e-08,3.795993e+01,8.056828e+00,2.990310e+01,3.958577e+01,1.706977e+02
1.262238e+06,1.460923e+01,1.131177e+05,1.309233e+00,9.484196e-01,9.483201e-01,1.140938e-03,1.084500e-08,3.795993e+01,8.056828e+00,2.990310e+01,3.958623e+01,1.706937e+02
1.262248e+06,1.460935e+01,1.131277e+05,1.309348e+00,9.484057e-01,9.483202e-01,1.141047e-03,1.084500e-08,3.795993e+01,8.056828e+00,2.990310e+01,3.958669e+01,1.706897e+02
1.262258e+06,1.460946e+01,1.131377e+05,1.309464e+00,9.483919e-01,9.483203e-01,1.141155e-03,1.084500e-08,3.795993e+01,8.056828e+00,2.990310e+01,3.958715e+01,1.706857e+02
1.262268e+06,1.460958e+01,1.131477e+05,1.309580e+00,9.483781e-01,9.483204e-01,1.141264e-03,1.084500e-08,3.795993e+01,8.056828e+00,2.990310e+01,3.958761e+01,1.706817e+02
1.262278e+06,1.460970e+01,1.131577e+05,1.309696e+00,9.483642e-01,9.483205e-01,1.141372e-03,1.084500e-08,3.795993e+01,8.056828e+00,2.990310e+01,3.958807e+01,1.706777e+02
1.262288e+06,1.460981e+01,1.131677e+05,1.309811e+00,9.483504e-01,9.483206e-01,1.141481e-03,1.084499e-08,3.795993e+01,8.056828e+00,2.990310e+01,3.958853e+01,1.706737e+02
1.262298e+06,1.460993e+01,1.131777e+05,1.309927e+00,9.483365e-01,9.483207e-01,1.141589e-03,1.084499e-08,3.795993e+01,8.056828e+00,2.990310e+01,3.958899e+01,1.706696e+02
1.262308e+06,1.461004e+01,1.131877e+05,1.310043e+00,9.483227e-01,9.483208e-01,1.141698e-03,1.084499e-08,3.795993e+01,8.056828e+00,2.990310e+01,3.958945e+01,1.706656e+02
1.262318e+06,1.461016e+01,1.131977e+05,1.310159e+00,9.483088e-01,9.483209e-01,1.141806e-03,1.084499e-08,3.795993e+01,8.056828e+00,2.990310e+01,3.958991e+01,1.706616e+02
1.262328e+06,1.461027e+01,1.132077e+05,1.310274e+00,9.482950e-01,9.483210e-01,1.141915e-03,1.084499e-08,3.795993e+01,8.056828e+00,2.990310e+01,3.959037e+01,1.706576e+02
1.262338e+06,1.461039e+01,1.132177e+05,1.310390e+00,9.482812e-01,9.483211e-01,1.142023e-03,1.084499e-08,3.795993e+01,8.056828e+00,2.990310e+01,3.959083e+01,1.706536e+02
1.262348e+06,1.461051e+01,1.132277e+05,1.310506e+00,9.482673e-01,9.483212e-01,1.142131e-03,1.084499e-08,3.795993e+01,8.056828e+00,2.990310e+01,3.959129e+01,1.706496e+02
1.262358e+06,1.461062e+01,1.132377e+05,1.310622e+00,9.482535e-01,9.483213e-01,1.142240e-03,1.084499e-08,3.795993e+01,8.056828e+00,2.990310e+01,3.959175e+01,1.706456e+02
1.262368e+06,1.461074e+01,1.132477e+05,1.310737e+00,9.482396e-01,9.483214e-01,1.142348e-03,1.084499e-08,3.795993e+01,8.056828e+00,2.990310e+01,3.959221e+01,1.706416e+02
1.262378e+06,1.461085e+01,1.132577e+05,1.310853e+00,9.482258e-01,9.483215e-01,1.142457e-03,1.084498e-08,3.795993e+01,8.056828e+00,2.990310e+01,3.959267e+01,1.706376e+02
1.262388e+06,1.461097e+01,1.132677e+05,1.310969e+00,9.482119e-01,9.483216e-01,1.142565e-03,1.084498e-08,3.795993e+01,8.056828e+00,2.990310e+01,3.959314e+01,1.706336e+02
1.262398e+06,1.461108e+01,1.132777e+05,1.311085e+00,9.481981e-01,9.483217e-01,1.142674e-03,1.084498e-08,3.795993e+01,8.056828e+00,2.990310e+01,3.959360e+01,1.706296e+02
1.262408e+06,1.461120e+01,1.132877e+05,1.311200e+00,9.481843e-01,9.483218e-01,1.142782e-03,1.084498e-08,3.795993e+01,8.056828e+00,2.990310e+01,3.959406e+01,1.706256e+02
1.262418e+06,1.461132e+01,1.132977e+05,1.311316e+00,9.481704e-01,9.483219e-01,1.142891e-03,1.084498e-08,3.795993e+01,8.056828e+00,2.990310e+01,3.959452e+01,1.706216e+02
1.262428e+06,1.461143e+01,1.133077e+05,1.311432e+00,9.481566e-01,9.483220e-01,1.142999e-03,1.084498e-08,3.795993e+01,8.056828e+00,2.990310e+01,3.959498e+01,1.706176e+02
1.262438e+06,1.461155e+01,1.133177e+05,1.311548e+00,9.481427e-01,9.483221e-01,1.143108e-03,1.084498e-08,3.795993e+01,8.056828e+00,2.990310e+01,3.959544e+01,1.706136e+02
1.262448e+06,1.461166e+01,1.133277e+05,1.311663e+00,9.481289e-01,9.483222e-01,1.143216e-03,1.084498e-08,3.795993e+01,8.056828e+00,2.990310e+01,3.959590e+01,1.706096e+02
1.262458e+06,1.461178e+01,1.133377e+05,1.311779e+00,9.481150e-01,9.483223e-01,1.143324e-03,1.084497e-08,3.795993e+01,8.056828e+00,2.990310e+01,3.959636e+01,1.706056e+02
1.262468e+06,1.461189e+01,1.133477e+05,1.311895e+00,9.481012e-01,9.483224e-01,1.143433e-03,1.084497e-08,3.795993e+01,8.056828e+00,2.990310e+01,3.959682e+01,1.706016e+02
1.262478e+06,1.461201e+01,1.133577e+05,1.312011e+00,9.480974e-01,9.483225e-01,1.143541e-03,1.084497e-08,3.796030e+01,8.056828e+00,2.990347e+01,3.959733e+01,1.705976e+02
1.262488e+06,1.461213e+01,1.133677e+05,1.312126e+00,9.480999e-01,9.483226e-01,1.143650e-03,1.084497e-08,3.796089e+01,8.056828e+00,2.990407e+01,3.959788e+01,1.705936e+02
1.262498e+06,1.461224e+01,1.133777e+05,1.312242e+00,9.481025e-01,9.483227e-01,1.143758e-03,1.084497e-08,3.796149e+01,8.056828e+00,2.990466e+01,3.959842e+01,1.705896e+02
1.262508e+06,1.461236e+01,1.133877e+05,1.312358e+00,9.481051e-01,9.483228e-01,1.143867e-03,1.084497e-08,3.796209e+01,8.056828e+00,2.990526e+01,3.959896e+01,1.705856e+02
1.262518e+06,1.461247e+01,1.133977e+05,1.312474e+00,9.481076e-01,9.483230e-01,1.143975e-03,1.084497e-08,3.796268e+01,8.056828e+00,2.990586e+01,3.959951e+01,1.705816e+02
1.262528e+06,1.461259e+01,1.134077e+05,1.312589e+00,9.481102e-01,9.483231e-01,1.144084e-03,1.084497e-08,3.796328e+01,8.056828e+00,2.990645e+01,3.960005e+01,1.705776e+02
1.262538e+06,1.461271e+01,1.134177e+05,1.312705e+00,9.481128e-01,9.483232e-01,1.144192e-03,1.084497e-08,3.796388e+01,8.056828e+00,2.990705e+01,3.960060e+01,1.705736e+02
1.262548e+06,1.461282e+01,1.134277e+05,1.312821e+00,9.481153e-01,9.483233e-01,1.144301e-03,1.084496e-08,3.796448e+01,8.056828e+00,2.990765e+01,3.960114e+01,1.705696e+02
1.262558e+06,1.461294e+01,1.134377e+05,1.312937e+00,9.481179e-01,9.483234e-01,1.144409e-03,1.084496e-08,3.796507e+01,8.056828e+00,2.990825e+01,3.960169e+01,1.705656e+02
1.262568e+06,1.461305e+01,1.134477e+05,1.313052e+00,9.481205e-01,9.483235e-01,1.144518e-03,1.084496e-08,3.796567e+01,8.056828e+00,2.990884e+01,3.960223e+01,1.705616e+02
1.262578e+06,1.461317e+01,1.134577e+05,1.313168e+00,9.481230e-01,9.483236e-01,1.144626e-03,1.084496e-08,3.796627e+01,8.056828e+00,2.990944e+01,3.960278e+01,1.705577e+02
1.262588e+06,1.461328e+01,1.134677e+05,1.313284e+00,9.481256e-01,9.483237e-01,1.144734e-03,1.084496e-08,3.796687e+01,8.056828e+00,2.991004e+01,3.960332e+01,1.705537e+02
1.262598e+06,1.461340e+01,1.134777e+05,1.313400e+00,9.481282e-01,9.483238e-01,1.144843e-03,1.084496e-08,3.796746e+01,8.056828e+00,2.991064e+01,3.960387e+01,1.705497e+02
1.262608e+06,1.461352e+01,1.134877e+05,1.313515e+00,9.481307e-01,9.483239e-01,1.144951e-03,1.084496e-08,3.796806e+01,8.056828e+00,2.991123e+01,3.960441e+01,1.705457e+02
1.262618e+06,1.461363e+01,1.134977e+05,1.313631e+00,9.481333e-01,9.483240e-01,1.145060e-03,1.084496e-08,3.796866e+01,8.056828e+00,2.991183e+01,3.960496e+01,1.705417e+02
1.262628e+06,1.461375e+01,1.135077e+05,1.313747e+00,9.481358e-01,9.483241e-01,1.145168e-03,1.084495e-08,3.796926e+01,8.056828e+00,2.991243e+01,3.960550e+01,1.705377e+02
1.262638e+06,1.461386e+01,1.135177e+05,1.313863e+00,9.481384e-01,9.483242e-01,1.145277e-03,1.084495e-08,3.796985e+01,8.056828e+00,2.991303e+01,3.960605e+01,1.705337e+02
1.262648e+06,1.461398e+01,1.135277e+05,1.313978e+00,9.481410e-01,9.483243e-01,1.145385e-03,1.084495e-08,3.797045e+01,8.056828e+00,2.991362e+01,3.960659e+01,1.705297e+02
1.262658e+06,1.461409e+01,1.135377e+05,1.314094e+00,9.481435e-01,9.483244e-01,1.145494e-03,1.084495e-08,3.797105e+01,8.056828e+00,2.991422e+01,3.960713e+01,1.705257e+02
1.262668e+06,1.461421e+01,1.135477e+05,1.314210e+00,9.481461e-01,9.483245e-01,1.145602e-03,1.084495e-08,3.797164e+01,8.056828e+00,2.991482e+01,3.960768e+01,1.705217e+02
1.262678e+06,1.461433e+01,1.135577e+05,1.314326e+00,9.481487e-01,9.483246e-01,1.145711e-03,1.084495e-08,3.797224e+01,8.056828e+00,2.991541e+01,3.960822e+01,1.705177e+02
1.262688e+06,1.461444e+01,1.135677e+05,1.314441e+00,9.481512e-01,9.483247e-01,1.145819e-03,1.084495e-08,3.797284e+01,8.056828e+00,2.991601e+01,3.960877e+01,1.705137e+02
1.262698e+06,1.461456e+01,1.135777e+05,1.314557e+00,9.481538e-01,9.483248e-01,1.145927e-03,1.084495e-08,3.797344e+01,8.056828e+00,2.991661e+01,3.960931e+01,1.705098e+02
1.262708e+06,1.461467e+01,1.135877e+05,1.314673e+00,9.481564e-01,9.483249e-01,1.146036e-03,1.084495e-08,3.797403e+01,8.056828e+00,2.991721e+01,3.960986e+01,1.705058e+02
1.262718e+06,1.461479e+01,1.135977e+05,1.314789e+00,9.481607e-01,9.483250e-01,1.146144e-03,1.084494e-08,3.797463e+01,8.056828e+00,2.991780e+01,3.961034e+01,1.705018e+02
1.262728e+06,1.461490e+01,1.136077e+05,1.314904e+00,9.481680e-01,9.483251e-01,1.146253e-03,1.084494e-08,3.797456e+01,8.056968e+00,2.991760e+01,3.961002e+01,1.705000e+02
1.262738e+06,1.461502e+01,1.136177e+05,1.315020e+00,9.481764e-01,9.483252e-01,1.146361e-03,1.084494e-08,3.797397e+01,8.057222e+00,2.991675e+01,3.960910e+01,1.705000e+02
1.262748e+06,1.461514e+01,1.136277e+05,1.315136e+00,9.481848e-01,9.483253e-01,1.146470e-03,1.084494e-08,3.797337e+01,8.057475e+00,2.991590e+01,3.960817e+01,1.705000e+02
1.262758e+06,1.461525e+01,1.136377e+05,1.315252e+00,9.481933e-01,9.483254e-01,1.146578e-03,1.084494e-08,3.797277e+01,8.057728e+00,2.991504e+01,3.960725e+01,1.705000e+02
1.262768e+06,1.461537e+01,1.136477e+05,1.315367e+00,9.482017e-01,9.483255e-01,1.146687e-03,1.084494e-08,3.797218e+01,8.057981e+00,2.991419e+01,3.960632e+01,1.705000e+02
1.262778e+06,1.461548e+01,1.136577e+05,1.315483e+00,9.482102e-01,9.483256e-01,1.146795e-03,1.084494e-08,3.797158e+01,8.058235e+00,2.991334e+01,3.960540e+01,1.705000e+02
1.262788e+06,1.461560e+01,1.136677e+05,1.315599e+00,9.482186e-01,9.483257e-01,1.146904e-03,1.084494e-08,3.797098e+01,8.058488e+00,2.991249e+01,3.960448e+01,1.705000e+02
1.262798e+06,1.461571e+01,1.136777e+05,1.315715e+00,9.482271e-01,9.483258e-01,1.147012e-03,1.084493e-08,3.797038e+01,8.058741e+00,2.991164e+01,3.960355e+01,1.705000e+02
1.262808e+06,1.461583e+01,1.136877e+05,1.315830e+00,9.482355e-01,9.483259e-01,1.147120e-03,1.084493e-08,3.796979e+01,8.058994e+00,2.991079e+01,3.960263e+01,1.705000e+02
1.262818e+06,1.461595e+01,1.136977e+05,1.315946e+00,9.482440e-01,9.483260e-01,1.147229e-03,1.084493e-08,3.796919e+01,8.059248e+00,2.990994e+01,3.960170e+01,1.705000e+02
1.262828e+06,1.461606e+01,1.137077e+05,1.316062e+00,9.482524e-01,9.483261e-01,1.147337e-03,1.084493e-08,3.796859e+01,8.059501e+00,2.990909e+01,3.960078e+01,1.705000e+02
1.262838e+06,1.461618e+01,1.137177e+05,1.316178e+00,9.482609e-01,9.483262e-01,1.147446e-03,1.084493e-08,3.796799e+01,8.059754e+00,2.990824e+01,3.959985e+01,1.705000e+02
1.262848e+06,1.461629e+01,1.137277e+05,1.316293e+00,9.482693e-01,9.483263e-01,1.147554e-03,1.084493e-08,3.796740e+01,8.060007e+00,2.990739e+01,3.959893e+01,1.705000e+02
1.262858e+06,1.461641e+01,1.137377e+05,1.316409e+00,9.482777e-01,9.483264e-01,1.147663e-03,1.084493e-08,3.796680e+01,8.060261e+00,2.990654e+01,3.959800e+01,1.705000e+02
1.262868e+06,1.461652e+01,1.137477e+05,1.316525e+00,9.482862e-01,9.483266e-01,1.147771e-03,1.084493e-08,3.796620e+01,8.060514e+00,2.990569e+01,3.959708e+01,1.705000e+02
1.262878e+06,1.461664e+01,1.137577e+05,1.316641e+00,9.482946e-01,9.483267e-01,1.147880e-03,1.084493e-08,3.796560e+01,8.060767e+00,2.990484e+01,3.959615e+01,1.705000e+02
1.262888e+06,1.461676e+01,1.137677e+05,1.316756e+00,9.483031e-01,9.483268e-01,1.147988e-03,1.084492e-08,3.796501e+01,8.061020e+00,2.990399e+01,3.959523e+01,1.705000e+02
1.262898e+06,1.461687e+01,1.137777e+05,1.316872e+00,9.483115e-01,9.483269e-01,1.148097e-03,1.084492e-08,3.796441e+01,8.061273e+00,2.990314e+01,3.959430e+01,1.705000e+02
1.262908e+06,1.461699e+01,1.137877e+05,1.316988e+00,9.483200e-01,9.483270e-01,1.148205e-03,1.084492e-08,3.796381e+01,8.061527e+00,2.990229e+01,3.959338e+01,1.705000e+02
1.262918e+06,1.461710e+01,1.137977e+05,1.317104e+00,9.483284e-01,9.483271e-01,1.148314e-03,1.084492e-08,3.796322e+01,8.061780e+00,2.990144e+01,3.959246e+01,1.705000e+02
1.262928e+06,1.461722e+01,1.138077e+05,1.317219e+00,9.483369e-01,9.483272e-01,1.148422e-03,1.084492e-08,3.796262e+01,8.062033e+00,2.990058e+01,3.959153e+01,1.705000e+02
1.262938e+06,1.461734e+01,1.138177e+05,1.317335e+00,9.483453e-01,9.483273e-01,1.148530e-03,1.084492e-08,3.796202e+01,8.062286e+00,2.989973e+01,3.959061e+01,1.705000e+02
1.262948e+06,1.461745e+01,1.138277e+05,1.317451e+00,9.483537e-01,9.483274e-01,1.148639e-03,1.084492e-08,3.796142e+01,8.062540e+00,2.989888e+01,3.958968e+01,1.705000e+02
1.262958e+06,1.461757e+01,1.138378e+05,1.317567e+00,9.483622e-01,9.483275e-01,1.148747e-03,1.084492e-08,3.796083e+01,8.062793e+00,2.989803e+01,3.958876e+01,1.705000e+02
1.262968e+06,1.461768e+01,1.138478e+05,1.317682e+00,9.483690e-01,9.483276e-01,1.148856e-03,1.084491e-08,3.796023e+01,8.063046e+00,2.989718e+01,3.958789e+01,1.705000e+02
1.262978e+06,1.461780e+01,1.138578e+05,1.317798e+00,9.483666e-01,9.483277e-01,1.148964e-03,1.084491e-08,3.795980e+01,8.063172e+00,2.989663e+01,3.958751e+01,1.704980e+02
1.262988e+06,1.461791e+01,1.138678e+05,1.317914e+00,9.483565e-01,9.483278e-01,1.149073e-03,1.084491e-08,3.795954e+01,8.063172e+00,2.989637e+01,3.958757e+01,1.704940e+02
1.262998e+06,1.461803e+01,1.138778e+05,1.318030e+00,9.483465e-01,9.483279e-01,1.149181e-03,1.084491e-08,3.795929e+01,8.063172e+00,2.989611e+01,3.958764e+01,1.704899e+02
1.263008e+06,1.461815e+01,1.138878e+05,1.318145e+00,9.483364e-01,9.483280e-01,1.149290e-03,1.084491e-08,3.795903e+01,8.063172e+00,2.989586e+01,3.958770e+01,1.704859e+02
1.263018e+06,1.461826e+01,1.138978e+05,1.318261e+00,9.483263e-01,9.483281e-01,1.149398e-03,1.084491e-08,3.795877e+01,8.063172e+00,2.989560e+01,3.958776e+01,1.704819e+02
1.263028e+06,1.461838e+01,1.139078e+05,1.318377e+00,9.483163e-01,9.483282e-01,1.149507e-03,1.084491e-08,3.795851e+01,8.063172e+00,2.989534e+01,3.958782e+01,1.704779e+02
1.263038e+06,1.461849e+01,1.139178e+05,1.318493e+00,9.483062e-01,9.483283e-01,1.149615e-03,1.084491e-08,3.795826e+01,8.063172e+00,2.989508e+01,3.958789e+01,1.704739e+02
1.263048e+06,1.461861e+01,1.139278e+05,1.318608e+00,9.482962e-01,9.483284e-01,1.149723e-03,1.084491e-08,3.795800e+01,8.063172e+00,2.989482e+01,3.958795e+01,1.704699e+02
1.263058e+06,1.461872e+01,1.139378e+05,1.318724e+00,9.482861e-01,9.483285e-01,1.149832e-03,1.084490e-08,3.795774e+01,8.063172e+00,2.989457e+01,3.958801e+01,1.704658e+02
1.263068e+06,1.461884e+01,1.139478e+05,1.318840e+00,9.482760e-01,9.483286e-01,1.149940e-03,1.084490e-08,3.795748e+01,8.063172e+00,2.989431e+01,3.958807e+01,1.704618e+02
1.263078e+06,1.461896e+01,1.139578e+05,1.318956e+00,9.482660e-01,9.483287e-01,1.150049e-03,1.084490e-08,3.795722e+01,8.063172e+00,2.989405e+01,3.958814e+01,1.704578e+02
1.263088e+06,1.461907e+01,1.139678e+05,1.319071e+00,9.482559e-01,9.483288e-01,1.150157e-03,1.084490e-08,3.795697e+01,8.063172e+00,2.989379e+01,3.958820e+01,1.704538e+02
1.263098e+06,1.461919e+01,1.139778e+05,1.319187e+00,9.482458e-01,9.483289e-01,1.150266e-03,1.084490e-08,3.795671e+01,8.063172e+00,2.989354e+01,3.958826e+01,1.704498e+02
1.263108e+06,1.461930e+01,1.139878e+05,1.319303e+00,9.482358e-01,9.483290e-01,1.150374e-03,1.084490e-08,3.795645e+01,8.063172e+00,2.989328e+01,3.958833e+01,1.704457e+02
1.263118e+06,1.461942e+01,1.139978e+05,1.319419e+00,9.482257e-01,9.483291e-01,1.150483e-03,1.084490e-08,3.795619e+01,8.063172e+00,2.989302e+01,3.958839e+01,1.704417e+02
1.263128e+06,1.461953e+01,1.140078e+05,1.319534e+00,9.482157e-01,9.483292e-01,1.150591e-03,1.084490e-08,3.795594e+01,8.063172e+00,2.989276e+01,3.958845e+01,1.704377e+02
1.263138e+06,1.461965e+01,1.140178e+05,1.319650e+00,9.482056e-01,9.483293e-01,1.150700e-03,1.084489e-08,3.795568e+01,8.063172e+00,2.989250e+01,3.958851e+01,1.704337e+02
1.263148e+06,1.461977e+01,1.140278e+05,1.319766e+00,9.481955e-01,9.483294e-01,1.150808e-03,1.084489e-08,3.795542e+01,8.063172e+00,2.989225e+01,3.958858e+01,1.704297e+02
1.263158e+06,1.461988e+01,1.140378e+05,1.319882e+00,9.481855e-01,9.483295e-01,1.150916e-03,1.084489e-08,3.795516e+01,8.063172e+00,2.989199e+01,3.958864e+01,1.704256e+02
1.263168e+06,1.462000e+01,1.140478e+05,1.319997e+00,9.481754e-01,9.483296e-01,1.151025e-03,1.084489e-08,3.795490e+01,8.063172e+00,2.989173e+01,3.958870e+01,1.704216e+02
1.263178e+06,1.462011e+01,1.140578e+05,1.320113e+00,9.481654e-01,9.483297e-01,1.151133e-03,1.084489e-08,3.795465e+01,8.063172e+00,2.989147e+01,3.958876e+01,1.704176e+02
1.263188e+06,1.462023e+01,1.140678e+05,1.320229e+00,9.481553e-01,9.483298e-01,1.151242e-03,1.084489e-08,3.795439e+01,8.063172e+00,2.989122e+01,3.958883e+01,1.704136e+02
1.263198e+06,1.462034e+01,1.140778e+05,1.320345e+00,9.481452e-01,9.483299e-01,1.151350e-03,1.084489e-08,3.795413e+01,8.063172e+00,2.989096e+01,3.958889e+01,1.704096e+02
1.263208e+06,1.462046e+01,1.140878e+05,1.320460e+00,9.481352e-01,9.483300e-01,1.151459e-03,1.084489e-08,3.795387e+01,8.063172e+00,2.989070e+01,3.958895e+01,1.704055e+02
1.263218e+06,1.462058e+01,1.140978e+05,1.320576e+00,9.481291e-01,9.483302e-01,1.151567e-03,1.084489e-08,3.795362e+01,8.063172e+00,2.989044e+01,3.958888e+01,1.704015e+02
1.263228e+06,1.462069e+01,1.141078e+05,1.320692e+00,9.481328e-01,9.483303e-01,1.151676e-03,1.084488e-08,3.795468e+01,8.063172e+00,2.989150e+01,3.958988e+01,1.704025e+02
1.263238e+06,1.462081e+01,1.141178e+05,1.320808e+00,9.481410e-01,9.483304e-01,1.151784e-03,1.084488e-08,3.795655e+01,8.063172e+00,2.989338e+01,3.959158e+01,1.704064e+02
1.263248e+06,1.462092e+01,1.141278e+05,1.320923e+00,9.481492e-01,9.483305e-01,1.151893e-03,1.084488e-08,3.795842e+01,8.063172e+00,2.989525e+01,3.959328e+01,1.704104e+02
1.263258e+06,1.462104e+01,1.141378e+05,1.321039e+00,9.481574e-01,9.483306e-01,1.152001e-03,1.084488e-08,3.796029e+01,8.063172e+00,2.989712e+01,3.959498e+01,1.704144e+02
1.263268e+06,1.462115e+01,1.141478e+05,1.321155e+00,9.481656e-01,9.483307e-01,1.152109e-03,1.084488e-08,3.796216e+01,8.063172e+00,2.989899e+01,3.959668e+01,1.704184e+02
1.263278e+06,1.462127e+01,1.141578e+05,1.321271e+00,9.481738e-01,9.483308e-01,1.152218e-03,1.084488e-08,3.796403e+01,8.063172e+00,2.990086e+01,3.959838e+01,1.704224e+02
1.263288e+06,1.462139e+01,1.141678e+05,1.321386e+00,9.481821e-01,9.483309e-01,1.152326e-03,1.084488e-08,3.796590e+01,8.063172e+00,2.990273e+01,3.960008e+01,1.704263e+02
1.263298e+06,1.462150e+01,1.141778e+05,1.321502e+00,9.481903e-01,9.483310e-01,1.152435e-03,1.084488e-08,3.796777e+01,8.063172e+00,2.990460e+01,3.960178e+01,1.704303e+02
1.263308e+06,1.462162e+01,1.141878e+05,1.321618e+00,9.481985e-01,9.483311e-01,1.152543e-03,1.084487e-08,3.796964e+01,8.063172e+00,2.990647e+01,3.960348e+01,1.704343e+02
1.263318e+06,1.462173e+01,1.141978e+05,1.321734e+00,9.482067e-01,9.483312e-01,1.152652e-03,1.084487e-08,3.797151e+01,8.063172e+00,2.990834e+01,3.960518e+01,1.704383e+02
1.263328e+06,1.462185e+01,1.142078e+05,1.321849e+00,9.482149e-01,9.483313e-01,1.152760e-03,1.084487e-08,3.797339e+01,8.063172e+00,2.991021e+01,3.960688e+01,1.704422e+02
1.263338e+06,1.462197e+01,1.142178e+05,1.321965e+00,9.482231e-01,9.483314e-01,1.152869e-03,1.084487e-08,3.797526e+01,8.063172e+00,2.991208e+01,3.960858e+01,1.704462e+02
1.263348e+06,1.462208e+01,1.142278e+05,1.322081e+00,9.482313e-01,9.483315e-01,1.152977e-03,1.084487e-08,3.797713e+01,8.063172e+00,2.991396e+01,3.961028e+01,1.704502e+02
1.263358e+06,1.462220e+01,1.142378e+05,1.322197e+00,9.482395e-01,9.483316e-01,1.153086e-03,1.084487e-08,3.797900e+01,8.063172e+00,2.991583e+01,3.961198e+01,1.704542e+02
1.263368e+06,1.462231e+01,1.142478e+05,1.322312e+00,9.482478e-01,9.483317e-01,1.153194e-03,1.084487e-08,3.798087e+01,8.063172e+00,2.991770e+01,3.961368e+01,1.704582e+02
1.263378e+06,1.462243e+01,1.142578e+05,1.322428e+00,9.482560e-01,9.483318e-01,1.153303e-03,1.084487e-08,3.798274e+01,8.063172e+00,2.991957e+01,3.961538e+01,1.704621e+02
1.263388e+06,1.462254e+01,1.142678e+05,1.322544e+00,9.482642e-01,9.483319e-01,1.153411e-03,1.084487e-08,3.798461e+01,8.063172e+00,2.992144e+01,3.961708e+01,1.704661e+02
1.263398e+06,1.462266e+01,1.142778e+05,1.322659e+00,9.482724e-01,9.483320e-01,1.153519e-03,1.084486e-08,3.798648e+01,8.063172e+00,2.992331e+01,3.961878e+01,1.704701e+02
1.263408e+06,1.462278e+01,1.142878e+05,1.322775e+00,9.482806e-01,9.483321e-01,1.153628e-03,1.084486e-08,3.798835e+01,8.063172e+00,2.992518e+01,3.962048e+01,1.704741e+02
1.263418e+06,1.462289e+01,1.142978e+05,1.322891e+00,9.482888e-01,9.483322e-01,1.153736e-03,1.084486e-08,3.799022e+01,8.063172e+00,2.992705e+01,3.962218e+01,1.704780e+02
1.263428e+06,1.462301e+01,1.143078e+05,1.323007e+00,9.482970e-01,9.483323e-01,1.153845e-03,1.084486e-08,3.799209e+01,8.063172e+00,2.992892e+01,3.962388e+01,1.704820e+02
1.263438e+06,1.462312e+01,1.143178e+05,1.323122e+00,9.483052e-01,9.483324e-01,1.153953e-03,1.084486e-08,3.799397e+01,8.063172e+00,2.993079e+01,3.962558e+01,1.704860e+02
1.263448e+06,1.462324e+01,1.143278e+05,1.323238e+00,9.483135e-01,9.483325e-01,1.154062e-03,1.084486e-08,3.799584e+01,8.063172e+00,2.993266e+01,3.962728e+01,1.704900e+02
1.263458e+06,1.462335e+01,1.143378e+05,1.323354e+00,9.483217e-01,9.483326e-01,1.154170e-03,1.084486e-08,3.799771e+01,8.063172e+00,2.993453e+01,3.962897e+01,1.704940e+02
1.263468e+06,1.462347e+01,1.143478e+05,1.323470e+00,9.483284e-01,9.483327e-01,1.154279e-03,1.084486e-08,3.799958e+01,8.063172e+00,2.993641e+01,3.963072e+01,1.704979e+02
1.263478e+06,1.462359e+01,1.143578e+05,1.323585e+00,9.483306e-01,9.483328e-01,1.154387e-03,1.084485e-08,3.799993e+01,8.063050e+00,2.993688e+01,3.963103e+01,1.705000e+02
1.263488e+06,1.462370e+01,1.143678e+05,1.323701e+00,9.483297e-01,9.483329e-01,1.154496e-03,1.084485e-08,3.799865e+01,8.062795e+00,2.993585e+01,3.962972e+01,1.705000e+02
1.263498e+06,1.462382e+01,1.143778e+05,1.323817e+00,9.483289e-01,9.483330e-01,1.154604e-03,1.084485e-08,3.799736e+01,8.062540e+00,2.993482e+01,3.962840e+01,1.705000e+02
1.263508e+06,1.462393e+01,1.143878e+05,1.323933e+00,9.483281e-01,9.483331e-01,1.154712e-03,1.084485e-08,3.799607e+01,8.062285e+00,2.993378e+01,3.962708e+01,1.705000e+02
1.263518e+06,1.462405e+01,1.143978e+05,1.324048e+00,9.483273e-01,9.483332e-01,1.154821e-03,1.084485e-08,3.799478e+01,8.062030e+00,2.993275e+01,3.962576e+01,1.705000e+02
1.263528e+06,1.462416e+01,1.144078e+05,1.324164e+00,9.483264e-01,9.483333e-01,1.154929e-03,1.084485e-08,3.799349e+01,8.061775e+00,2.993171e+01,3.962445e+01,1.705000e+02
1.263538e+06,1.462428e+01,1.144178e+05,1.324280e+00,9.483256e-01,9.483334e-01,1.155038e-03,1.084485e-08,3.799220e+01,8.061520e+00,2.993068e+01,3.962313e+01,1.705000e+02
1.263548e+06,1.462440e+01,1.144278e+05,1.324396e+00,9.483248e-01,9.483335e-01,1.155146e-03,1.084485e-08,3.799091e+01,8.061265e+00,2.992965e+01,3.962181e+01,1.705000e+02
1.263558e+06,1.462451e+01,1.144378e+05,1.324511e+00,9.483239e-01,9.483336e-01,1.155255e-03,1.084485e-08,3.798962e+01,8.061010e+00,2.992861e+01,3.962049e+01,1.705000e+02
1.263568e+06,1.462463e+01,1.144478e+05,1.324627e+00,9.483231e-01,9.483338e-01,1.155363e-03,1.084484e-08,3.798833e+01,8.060755e+00,2.992758e+01,3.961917e+01,1.705000e+02
1.263578e+06,1.462474e+01,1.144578e+05,1.324743e+00,9.483223e-01,9.483339e-01,1.155472e-03,1.084484e-08,3.798705e+01,8.060500e+00,2.992655e+01,3.961786e+01,1.705000e+02
1.263588e+06,1.462486e+01,1.144678e+05,1.324859e+00,9.483215e-01,9.483340e-01,1.155580e-03,1.084484e-08,3.798576e+01,8.060245e+00,2.992551e+01,3.961654e+01,1.705000e+02
1.263598e+06,1.462497e+01,1.144778e+05,1.324974e+00,9.483206e-01,9.483341e-01,1.155689e-03,1.084484e-08,3.798447e+01,8.059990e+00,2.992448e+01,3.961522e+01,1.705000e+02
1.263608e+06,1.462509e+01,1.144878e+05,1.325090e+00,9.483198e-01,9.483342e-01,1.155797e-03,1.084484e-08,3.798318e+01,8.059735e+00,2.992344e+01,3.961390e+01,1.705000e+02
1.263618e+06,1.462521e+01,1.144978e+05,1.325206e+00,9.483190e-01,9.483343e-01,1.155905e-03,1.084484e-08,3.798189e+01,8.059480e+00,2.992241e+01,3.961259e+01,1.705000e+02
1.263628e+06,1.462532e+01,1.145078e+05,1.325322e+00,9.483181e-01,9.483344e-01,1.156014e-03,1.084484e-08,3.798060e+01,8.059225e+00,2.992138e+01,3.961127e+01,1.705000e+02
1.263638e+06,1.462544e+01,1.145178e+05,1.325437e+00,9.483173e-01,9.483345e-01,1.156122e-03,1.084484e-08,3.797931e+01,8.058970e+00,2.992034e+01,3.960995e+01,1.705000e+02
1.263648e+06,1.462555e+01,1.145278e+05,1.325553e+00,9.483165e-01,9.483346e-01,1.156231e-03,1.084483e-08,3.797802e+01,8.058715e+00,2.991931e+01,3.960863e+01,1.705000e+02
1.263658e+06,1.462567e+01,1.145378e+05,1.325669e+00,9.483157e-01,9.483347e-01,1.156339e-03,1.084483e-08,3.797673e+01,8.058460e+00,2.991827e+01,3.960732e+01,1.705000e+02
1.263668e+06,1.462578e+01,1.145478e+05,1.325785e+00,9.483148e-01,9.483348e-01,1.156448e-03,1.084483e-08,3.797545e+01,8.058205e+00,2.991724e+01,3.960600e+01,1.705000e+02
1.263678e+06,1.462590e+01,1.145578e+05,1.325900e+00,9.483140e-01,9.483349e-01,1.156556e-03,1.084483e-08,3.797416e+01,8.057950e+00,2.991621e+01,3.960468e+01,1.705000e+02
1.263688e+06,1.462602e+01,1.145678e+05,1.326016e+00,9.483132e-01,9.483350e-01,1.156665e-03,1.084483e-08,3.797287e+01,8.057695e+00,2.991517e+01,3.960336e+01,1.705000e+02
1.263698e+06,1.462613e+01,1.145778e+05,1.326132e+00,9.483123e-01,9.483351e-01,1.156773e-03,1.084483e-08,3.797158e+01,8.057440e+00,2.991414e+01,3.960205e+01,1.705000e+02
1.263708e+06,1.462625e+01,1.145878e+05,1.326248e+00,9.483115e-01,9.483352e-01,1.156882e-03,1.084483e-08,3.797029e+01,8.057185e+00,2.991310e+01,3.960073e+01,1.705000e+02
1.263718e+06,1.462636e+01,1.145978e+05,1.326363e+00,9.483107e-01,9.483353e-01,1.156990e-03,1.084483e-08,3.796900e+01,8.056930e+00,2.991207e+01,3.959941e+01,1.705000e+02
1.263728e+06,1.462648e+01,1.146078e+05,1.326479e+00,9.483079e-01,9.483354e-01,1.157098e-03,1.084483e-08,3.796782e+01,8.056677e+00,2.991115e+01,3.959827e+01,1.705000e+02
1.263738e+06,1.462659e+01,1.146178e+05,1.326595e+00,9.483038e-01,9.483355e-01,1.157207e-03,1.084482e-08,3.796672e+01,8.056424e+00,2.991029e+01,3.959726e+01,1.705000e+02
1.263748e+06,1.462671e+01,1.146278e+05,1.326711e+00,9.482997e-01,9.483356e-01,1.157315e-03,1.084482e-08,3.796561e+01,8.056172e+00,2.990944e+01,3.959624e+01,1.705000e+02
1.263758e+06,1.462683e+01,1.146378e+05,1.326826e+00,9.482956e-01,9.483357e-01,1.157424e-03,1.084482e-08,3.796451e+01,8.055920e+00,2.990859e+01,3.959523e+01,1.705000e+02
1.263768e+06,1.462694e+01,1.146478e+05,1.326942e+00,9.482915e-01,9.483358e-01,1.157532e-03,1.084482e-08,3.796340e+01,8.055667e+00,2.990773e+01,3.959421e+01,1.705000e+02
1.263778e+06,1.462706e+01,1.146578e+05,1.327058e+00,9.482874e-01,9.483359e-01,1.157641e-03,1.084482e-08,3.796229e+01,8.055415e+00,2.990688e+01,3.959320e+01,1.705000e+02
1.263788e+06,1.462717e+01,1.146678e+05,1.327174e+00,9.482833e-01,9.483360e-01,1.157749e-03,1.084482e-08,3.796119e+01,8.055162e+00,2.990603e+01,3.959218e+01,1.705000e+02
1.263798e+06,1.462729e+01,1.146778e+05,1.327289e+00,9.482792e-01,9.483361e-01,1.157858e-03,1.084482e-08,3.796008e+01,8.054910e+00,2.990517e+01,3.959117e+01,1.705000e+02
1.263808e+06,1.462741e+01,1.146878e+05,1.327405e+00,9.482750e-01,9.483362e-01,1.157966e-03,1.084482e-08,3.795898e+01,8.054658e+00,2.990432e+01,3.959015e+01,1.705000e+02
1.263818e+06,1.462752e+01,1.146978e+05,1.327521e+00,9.482709e-01,9.483363e-01,1.158075e-03,1.084481e-08,3.795787e+01,8.054405e+00,2.990347e+01,3.958913e+01,1.705000e+02
1.263828e+06,1.462764e+01,1.147078e+05,1.327637e+00,9.482668e-01,9.483364e-01,1.158183e-03,1.084481e-08,3.795677e+01,8.054153e+00,2.990261e+01,3.958812e+01,1.705000e+02
1.263838e+06,1.462775e+01,1.147178e+05,1.327752e+00,9.482627e-01,9.483365e-01,1.158291e-03,1.084481e-08,3.795566e+01,8.053901e+00,2.990176e+01,3.958710e+01,1.705000e+02
1.263848e+06,1.462787e+01,1.147278e+05,1.327868e+00,9.482586e-01,9.483366e-01,1.158400e-03,1.084481e-08,3.795456e+01,8.053648e+00,2.990091e+01,3.958609e+01,1.705000e+02
1.263858e+06,1.462798e+01,1.147378e+05,1.327984e+00,9.482545e-01,9.483367e-01,1.158508e-03,1.084481e-08,3.795345e+01,8.053396e+00,2.990005e+01,3.958507e+01,1.705000e+02
1.263868e+06,1.462810e+01,1.147478e+05,1.328100e+00,9.482504e-01,9.483368e-01,1.158617e-03,1.084481e-08,3.795234e+01,8.053143e+00,2.989920e+01,3.958406e+01,1.705000e+02
1.263878e+06,1.462822e+01,1.147578e+05,1.328215e+00,9.482463e-01,9.483369e-01,1.158725e-03,1.084481e-08,3.795124e+01,8.052891e+00,2.989835e+01,3.958304e+01,1.705000e+02
1.263888e+06,1.462833e+01,1.147678e+05,1.328331e+00,9.482422e-01,9.483370e-01,1.158834e-03,1.084481e-08,3.795013e+01,8.052639e+00,2.989750e+01,3.958203e+01,1.705000e+02
1.263898e+06,1.462845e+01,1.147778e+05,1.328447e+00,9.482381e-01,9.483371e-01,1.158942e-03,1.084481e-08,3.794903e+01,8.052386e+00,2.989664e+01,3.958101e+01,1.705000e+02
1.263908e+06,1.462856e+01,1.147878e+05,1.328563e+00,9.482340e-01,9.483372e-01,1.159051e-03,1.084480e-08,3.794792e+01,8.052134e+00,2.989579e+01,3.957999e+01,1.705000e+02
1.263918e+06,1.462868e+01,1.147978e+05,1.328678e+00,9.482299e-01,9.483374e-01,1.159159e-03,1.084480e-08,3.794682e+01,8.051882e+00,2.989494e+01,3.957898e+01,1.705000e+02
1.263928e+06,1.462879e+01,1.148078e+05,1.328794e+00,9.482258e-01,9.483375e-01,1.159268e-03,1.084480e-08,3.794571e+01,8.051629e+00,2.989408e+01,3.957796e+01,1.705000e+02
1.263938e+06,1.462891e+01,1.148178e+05,1.328910e+00,9.482217e-01,9.483376e-01,1.159376e-03,1.084480e-08,3.794461e+01,8.051377e+00,2.989323e+01,3.957695e+01,1.705000e+02
1.263948e+06,1.462903e+01,1.148278e+05,1.329026e+00,9.482176e-01,9.483377e-01,1.159484e-03,1.084480e-08,3.794350e+01,8.051125e+00,2.989238e+01,3.957593e+01,1.705000e+02
1.263958e+06,1.462914e+01,1.148378e+05,1.329141e+00,9.482134e-01,9.483378e-01,1.159593e-03,1.084480e-08,3.794240e+01,8.050872e+00,2.989152e+01,3.957492e+01,1.705000e+02
1.263968e+06,1.462926e+01,1.148478e+05,1.329257e+00,9.482093e-01,9.483379e-01,1.159701e-03,1.084480e-08,3.794129e+01,8.050620e+00,2.989067e+01,3.957390e+01,1.705000e+02
1.263978e+06,1.462937e+01,1.148578e+05,1.329373e+00,9.482090e-01,9.483380e-01,1.159810e-03,1.084480e-08,3.794120e+01,8.050366e+00,2.989083e+01,3.957383e+01,1.705000e+02
1.263988e+06,1.462949e+01,1.148678e+05,1.329489e+00,9.482132e-01,9.483381e-01,1.159918e-03,1.084479e-08,3.794232e+01,8.050111e+00,2.989221e+01,3.957489e+01,1.705000e+02
1.263998e+06,1.462960e+01,1.148778e+05,1.329604e+00,9.482173e-01,9.483382e-01,1.160027e-03,1.084479e-08,3.794343e+01,8.049856e+00,2.989358e+01,3.957594e+01,1.705000e+02
1.264008e+06,1.462972e+01,1.148878e+05,1.329720e+00,9.482215e-01,9.483383e-01,1.160135e-03,1.084479e-08,3.794455e+01,8.049601e+00,2.989495e+01,3.957699e+01,1.705000e+02
1.264018e+06,1.462984e+01,1.148978e+05,1.329836e+00,9.482256e-01,9.483384e-01,1.160244e-03,1.084479e-08,3.794567e+01,8.049346e+00,2.989632e+01,3.957805e+01,1.705000e+02
1.264028e+06,1.462995e+01,1.149078e+05,1.329952e+00,9.482298e-01,9.483385e-01,1.160352e-03,1.084479e-08,3.794679e+01,8.049091e+00,2.989769e+01,3.957910e+01,1.705000e+02
1.264038e+06,1.463007e+01,1.149178e+05,1.330067e+00,9.482339e-01,9.483386e-01,1.160461e-03,1.084479e-08,3.794790e+01,8.048836e+00,2.989907e+01,3.958016e+01,1.705000e+02
1.264048e+06,1.463018e+01,1.149278e+05,1.330183e+00,9.482381e-01,9.483387e-01,1.160569e-03,1.084479e-08,3.794902e+01,8.048581e+00,2.990044e+01,3.958121e+01,1.705000e+02
1.264058e+06,1.463030e+01,1.149378e+05,1.330299e+00,9.482422e-01,9.483388e-01,1.160677e-03,1.084479e-08,3.795014e+01,8.048326e+00,2.990181e+01,3.958226e+01,1.705000e+02
1.264068e+06,1.463041e+01,1.149478e+05,1.330415e+00,9.482464e-01,9.483389e-01,1.160786e-03,1.084479e-08,3.795125e+01,8.048071e+00,2.990318e+01,3.958332e+01,1.705000e+02
1.264078e+06,1.463053e+01,1.149578e+05,1.330530e+00,9.482505e-01,9.483390e-01,1.160894e-03,1.084478e-08,3.795237e+01,8.047816e+00,2.990455e+01,3.958437e+01,1.705000e+02
1.264088e+06,1.463065e+01,1.149678e+05,1.330646e+00,9.482547e-01,9.483391e-01,1.161003e-03,1.084478e-08,3.795349e+01,8.047561e+00,2.990593e+01,3.958543e+01,1.705000e+02
1.264098e+06,1.463076e+01,1.149778e+05,1.330762e+00,9.482588e-01,9.483392e-01,1.161111e-03,1.084478e-08,3.795460e+01,8.047306e+00,2.990730e+01,3.958648e+01,1.705000e+02
1.264108e+06,1.463088e+01,1.149878e+05,1.330878e+00,9.482629e-01,9.483393e-01,1.161220e-03,1.084478e-08,3.795572e+01,8.047051e+00,2.990867e+01,3.958753e+01,1.705000e+02
1.264118e+06,1.463099e+01,1.149978e+05,1.330993e+00,9.482671e-01,9.483394e-01,1.161328e-03,1.084478e-08,3.795684e+01,8.046796e+00,2.991004e+01,3.958859e+01,1.705000e+02
1.264128e+06,1.463111e+01,1.150078e+05,1.331109e+00,9.482712e-01,9.483395e-01,1.161437e-03,1.084478e-08,3.795796e+01,8.046541e+00,2.991141e+01,3.958964e+01,1.705000e+02
1.264138e+06,1.463122e+01,1.150178e+05,1.331225e+00,9.482754e-01,9.483396e-01,1.161545e-03,1.084478e-08,3.795907e+01,8.046286e+00,2.991279e+01,3.959069e+01,1.705000e+02
1.264148e+06,1.463134e+01,1.150278e+05,1.331341e+00,9.482795e-01,9.483397e-01,1.161654e-03,1.084478e-08,3.796019e+01,8.046031e+00,2.991416e+01,3.959175e+01,1.705000e+02
1.264158e+06,1.463146e+01,1.150378e+05,1.331456e+00,9.482837e-01,9.483398e-01,1.161762e-03,1.084477e-08,3.796131e+01,8.045776e+00,2.991553e+01,3.959280e+01,1.705000e+02
1.264168e+06,1.463157e+01,1.150478e+05,1.331572e+00,9.482878e-01,9.483399e-01,1.161870e-03,1.084477e-08,3.796242e+01,8.045521e+00,2.991690e+01,3.959386e+01,1.705000e+02
1.264178e+06,1.463169e+01,1.150578e+05,1.331688e+00,9.482920e-01,9.483400e-01,1.161979e-03,1.084477e-08,3.796354e+01,8.045266e+00,2.991827e+01,3.959491e+01,1.705000e+02
1.264188e+06,1.463180e+01,1.150678e+05,1.331804e+00,9.482961e-01,9.483401e-01,1.162087e-03,1.084477e-08,3.796466e+01,8.045011e+00,2.991965e+01,3.959596e+01,1.705000e+02
1.264198e+06,1.463192e+01,1.150778e+05,1.331919e+00,9.483003e-01,9.483402e-01,1.162196e-03,1.084477e-08,3.796577e+01,8.044756e+00,2.992102e+01,3.959702e+01,1.705000e+02
1.264208e+06,1.463204e+01,1.150878e+05,1.332035e+00,9.483044e-01,9.483403e-01,1.162304e-03,1.084477e-08,3.796689e+01,8.044501e+00,2.992239e+01,3.959807e+01,1.705000e+02
1.264218e+06,1.463215e+01,1.150978e+05,1.332151e+00,9.483123e-01,9.483404e-01,1.162413e-03,1.084477e-08,3.796801e+01,8.044246e+00,2.992376e+01,3.959900e+01,1.705000e+02
1.264228e+06,1.463227e+01,1.151078e+05,1.332267e+00,9.483188e-01,9.483405e-01,1.162521e-03,1.084477e-08,3.796922e+01,8.044138e+00,2.992508e+01,3.960007e+01,1.705046e+02
1.264238e+06,1.463238e+01,1.151178e+05,1.332382e+00,9.483225e-01,9.483406e-01,1.162630e-03,1.084477e-08,3.797051e+01,8.044138e+00,2.992637e+01,3.960130e+01,1.705126e+02
1.264248e+06,1.463250e+01,1.151278e+05,1.332498e+00,9.483261e-01,9.483407e-01,1.162738e-03,1.084476e-08,3.797179e+01,8.044138e+00,2.992765e+01,3.960254e+01,1.705206e+02
1.264258e+06,1.463261e+01,1.151378e+05,1.332614e+00,9.483297e-01,9.483408e-01,1.162847e-03,1.084476e-08,3.797308e+01,8.044138e+00,2.992894e+01,3.960377e+01,1.705286e+02
1.264268e+06,1.463273e+01,1.151478e+05,1.332730e+00,9.483333e-01,9.483410e-01,1.162955e-03,1.084476e-08,3.797436e+01,8.044138e+00,2.993022e+01,3.960500e+01,1.705367e+02
1.264278e+06,1.463285e+01,1.151578e+05,1.332845e+00,9.483370e-01,9.483411e-01,1.163064e-03,1.084476e-08,3.797564e+01,8.044138e+00,2.993151e+01,3.960624e+01,1.705447e+02
1.264288e+06,1.463296e+01,1.151678e+05,1.332961e+00,9.483406e-01,9.483412e-01,1.163172e-03,1.084476e-08,3.797693e+01,8.044138e+00,2.993279e+01,3.960747e+01,1.705527e+02
1.264298e+06,1.463308e+01,1.151778e+05,1.333077e+00,9.483442e-01,9.483413e-01,1.163280e-03,1.084476e-08,3.797821e+01,8.044138e+00,2.993408e+01,3.960871e+01,1.705607e+02
1.264308e+06,1.463319e+01,1.151878e+05,1.333193e+00,9.483478e-01,9.483414e-01,1.163389e-03,1.084476e-08,3.797950e+01,8.044138e+00,2.993536e+01,3.960994e+01,1.705687e+02
1.264318e+06,1.463331e+01,1.151978e+05,1.333308e+00,9.483514e-01,9.483415e-01,1.163497e-03,1.084476e-08,3.798078e+01,8.044138e+00,2.993664e+01,3.961117e+01,1.705767e+02
1.264328e+06,1.463342e+01,1.152078e+05,1.333424e+00,9.483551e-01,9.483416e-01,1.163606e-03,1.084475e-08,3.798207e+01,8.044138e+00,2.993793e+01,3.961241e+01,1.705847e+02
1.264338e+06,1.463354e+01,1.152178e+05,1.333540e+00,9.483587e-01,9.483417e-01,1.163714e-03,1.084475e-08,3.798335e+01,8.044138e+00,2.993921e+01,3.961364e+01,1.705927e+02
1.264348e+06,1.463366e+01,1.152278e+05,1.333656e+00,9.483623e-01,9.483418e-01,1.163823e-03,1.084475e-08,3.798464e+01,8.044138e+00,2.994050e+01,3.961487e+01,1.706007e+02
1.264358e+06,1.463377e+01,1.152378e+05,1.333771e+00,9.483659e-01,9.483419e-01,1.163931e-03,1.084475e-08,3.798592e+01,8.044138e+00,2.994178e+01,3.961611e+01,1.706087e+02
1.264368e+06,1.463389e+01,1.152478e+05,1.333887e+00,9.483696e-01,9.483420e-01,1.164040e-03,1.084475e-08,3.798720e+01,8.044138e+00,2.994307e+01,3.961734e+01,1.706168e+02
1.264378e+06,1.463400e+01,1.152578e+05,1.334003e+00,9.483732e-01,9.483421e-01,1.164148e-03,1.084475e-08,3.798849e+01,8.044138e+00,2.994435e+01,3.961858e+01,1.706248e+02
1.264388e+06,1.463412e+01,1.152678e+05,1.334119e+00,9.483768e-01,9.483422e-01,1.164257e-03,1.084475e-08,3.798977e+01,8.044138e+00,2.994563e+01,3.961981e+01,1.706328e+02
1.264398e+06,1.463423e+01,1.152778e+05,1.334234e+00,9.483804e-01,9.483423e-01,1.164365e-03,1.084475e-08,3.799106e+01,8.044138e+00,2.994692e+01,3.962104e+01,1.706408e+02
1.264408e+06,1.463435e+01,1.152878e+05,1.334350e+00,9.483841e-01,9.483424e-01,1.164473e-03,1.084475e-08,3.799234e+01,8.044138e+00,2.994820e+01,3.962228e+01,1.706488e+02
1.264418e+06,1.463447e+01,1.152978e+05,1.334466e+00,9.483877e-01,9.483425e-01,1.164582e-03,1.084474e-08,3.799363e+01,8.044138e+00,2.994949e+01,3.962351e+01,1.706568e+02
1.264428e+06,1.463458e+01,1.153079e+05,1.334582e+00,9.483913e-01,9.483426e-01,1.164690e-03,1.084474e-08,3.799491e+01,8.044138e+00,2.995077e+01,3.962474e+01,1.706648e+02
1.264438e+06,1.463470e+01,1.153179e+05,1.334697e+00,9.483949e-01,9.483427e-01,1.164799e-03,1.084474e-08,3.799619e+01,8.044138e+00,2.995206e+01,3.962598e+01,1.706728e+02
1.264448e+06,1.463481e+01,1.153279e+05,1.334813e+00,9.483985e-01,9.483428e-01,1.164907e-03,1.084474e-08,3.799748e+01,8.044138e+00,2.995334e+01,3.962721e+01,1.706808e+02
1.264458e+06,1.463493e+01,1.153379e+05,1.334929e+00,9.484022e-01,9.483429e-01,1.165016e-03,1.084474e-08,3.799876e+01,8.044138e+00,2.995463e+01,3.962845e+01,1.706888e+02
1.264468e+06,1.463504e+01,1.153479e+05,1.335045e+00,9.483999e-01,9.483430e-01,1.165124e-03,1.084474e-08,3.800005e+01,8.044138e+00,2.995591e+01,3.962987e+01,1.706969e+02
1.264478e+06,1.463516e+01,1.153579e+05,1.335160e+00,9.483987e-01,9.483431e-01,1.165233e-03,1.084474e-08,3.799956e+01,8.044138e+00,2.995543e+01,3.962941e+01,1.706976e+02
1.264488e+06,1.463528e+01,1.153679e+05,1.335276e+00,9.484004e-01,9.483432e-01,1.165341e-03,1.084474e-08,3.799794e+01,8.044138e+00,2.995380e+01,3.962763e+01,1.706936e+02
1.264498e+06,1.463539e+01,1.153779e+05,1.335392e+00,9.484022e-01,9.483433e-01,1.165450e-03,1.084473e-08,3.799631e+01,8.044138e+00,2.995217e+01,3.962586e+01,1.706896e+02
1.264508e+06,1.463551e+01,1.153879e+05,1.335508e+00,9.484039e-01,9.483434e-01,1.165558e-03,1.084473e-08,3.799468e+01,8.044138e+00,2.995054e+01,3.962408e+01,1.706856e+02
1.264518e+06,1.463562e+01,1.153979e+05,1.335623e+00,9.484057e-01,9.483435e-01,1.165666e-03,1.084473e-08,3.799306e+01,8.044138e+00,2.994892e+01,3.962231e+01,1.706815e+02
1.264528e+06,1.463574e+01,1.154079e+05,1.335739e+00,9.484074e-01,9.483436e-01,1.165775e-03,1.084473e-08,3.799143e+01,8.044138e+00,2.994729e+01,3.962054e+01,1.706775e+02
1.264538e+06,1.463585e+01,1.154179e+05,1.335855e+00,9.484092e-01,9.483437e-01,1.165883e-03,1.084473e-08,3.798980e+01,8.044138e+00,2.994566e+01,3.961876e+01,1.706735e+02
1.264548e+06,1.463597e+01,1.154279e+05,1.335971e+00,9.484109e-01,9.483438e-01,1.165992e-03,1.084473e-08,3.798817e+01,8.044138e+00,2.994404e+01,3.961699e+01,1.706695e+02
1.264558e+06,1.463609e+01,1.154379e+05,1.336086e+00,9.484127e-01,9.483439e-01,1.166100e-03,1.084473e-08,3.798655e+01,8.044138e+00,2.994241e+01,3.961522e+01,1.706655e+02
1.264568e+06,1.463620e+01,1.154479e+05,1.336202e+00,9.484144e-01,9.483440e-01,1.166209e-03,1.084473e-08,3.798492e+01,8.044138e+00,2.994078e+01,3.961344e+01,1.706615e+02
1.264578e+06,1.463632e+01,1.154579e+05,1.336318e+00,9.484162e-01,9.483441e-01,1.166317e-03,1.084473e-08,3.798329e+01,8.044138e+00,2.993916e+01,3.961167e+01,1.706575e+02
1.264588e+06,1.463643e+01,1.154679e+05,1.336434e+00,9.484179e-01,9.483442e-01,1.166426e-03,1.084472e-08,3.798167e+01,8.044138e+00,2.993753e+01,3.960989e+01,1.706535e+02
1.264598e+06,1.463655e+01,1.154779e+05,1.336549e+00,9.484197e-01,9.483443e-01,1.166534e-03,1.084472e-08,3.798004e+01,8.044138e+00,2.993590e+01,3.960812e+01,1.706495e+02
1.264608e+06,1.463667e+01,1.154879e+05,1.336665e+00,9.484214e-01,9.483444e-01,1.166643e-03,1.084472e-08,3.797841e+01,8.044138e+00,2.993428e+01,3.960635e+01,1.706455e+02
1.264618e+06,1.463678e+01,1.154979e+05,1.336781e+00,9.484232e-01,9.483446e-01,1.166751e-03,1.084472e-08,3.797679e+01,8.044138e+00,2.993265e+01,3.960457e+01,1.706415e+02
1.264628e+06,1.463690e+01,1.155079e+05,1.336897e+00,9.484249e-01,9.483447e-01,1.166859e-03,1.084472e-08,3.797516e+01,8.044138e+00,2.993102e+01,3.960280e+01,1.706375e+02
1.264638e+06,1.463701e+01,1.155179e+05,1.337012e+00,9.484267e-01,9.483448e-01,1.166968e-03,1.084472e-08,3.797353e+01,8.044138e+00,2.992939e+01,3.960103e+01,1.706335e+02
1.264648e+06,1.463713e+01,1.155279e+05,1.337128e+00,9.484284e-01,9.483449e-01,1.167076e-03,1.084472e-08,3.797191e+01,8.044138e+00,2.992777e+01,3.959925e+01,1.706295e+02
1.264658e+06,1.463724e+01,1.155379e+05,1.337244e+00,9.484302e-01,9.483450e-01,1.167185e-03,1.084472e-08,3.797028e+01,8.044138e+00,2.992614e+01,3.959748e+01,1.706255e+02
1.264668e+06,1.463736e+01,1.155479e+05,1.337360e+00,9.484319e-01,9.483451e-01,1.167293e-03,1.084471e-08,3.796865e+01,8.044138e+00,2.992451e+01,3.959571e+01,1.706215e+02
1.264678e+06,1.463748e+01,1.155579e+05,1.337475e+00,9.484337e-01,9.483452e-01,1.167402e-03,1.084471e-08,3.796702e+01,8.044138e+00,2.992289e+01,3.959393e+01,1.706175e+02
1.264688e+06,1.463759e+01,1.155679e+05,1.337591e+00,9.484354e-01,9.483453e-01,1.167510e-03,1.084471e-08,3.796540e+01,8.044138e+00,2.992126e+01,3.959216e+01,1.706135e+02
1.264698e+06,1.463771e+01,1.155779e+05,1.337707e+00,9.484372e-01,9.483454e-01,1.167619e-03,1.084471e-08,3.796377e+01,8.044138e+00,2.991963e+01,3.959038e+01,1.706095e+02
1.264708e+06,1.463782e+01,1.155879e+05,1.337823e+00,9.484389e-01,9.483455e-01,1.167727e-03,1.084471e-08,3.796214e+01,8.044138e+00,2.991801e+01,3.958861e+01,1.706054e+02
1.264718e+06,1.463794e+01,1.155979e+05,1.337938e+00,9.484427e-01,9.483456e-01,1.167836e-03,1.084471e-08,3.796052e+01,8.044138e+00,2.991638e+01,3.958677e+01,1.706014e+02
1.264728e+06,1.463805e+01,1.156079e+05,1.338054e+00,9.484410e-01,9.483457e-01,1.167944e-03,1.084471e-08,3.795960e+01,8.044300e+00,2.991530e+01,3.958586e+01,1.706000e+02
1.264738e+06,1.463817e+01,1.156179e+05,1.338170e+00,9.484354e-01,9.483458e-01,1.168052e-03,1.084471e-08,3.795909e+01,8.044553e+00,2.991454e+01,3.958549e+01,1.706000e+02
1.264748e+06,1.463829e+01,1.156279e+05,1.338286e+00,9.484298e-01,9.483459e-01,1.168161e-03,1.084471e-08,3.795858e+01,8.044806e+00,2.991377e+01,3.958512e+01,1.706000e+02
1.264758e+06,1.463840e+01,1.156379e+05,1.338401e+00,9.484243e-01,9.483460e-01,1.168269e-03,1.084470e-08,3.795807e+01,8.045060e+00,2.991301e+01,3.958475e+01,1.706000e+02
1.264768e+06,1.463852e+01,1.156479e+05,1.338517e+00,9.484187e-01,9.483461e-01,1.168378e-03,1.084470e-08,3.795756e+01,8.045313e+00,2.991224e+01,3.958438e+01,1.706000e+02
1.264778e+06,1.463863e+01,1.156579e+05,1.338633e+00,9.484132e-01,9.483462e-01,1.168486e-03,1.084470e-08,3.795704e+01,8.045566e+00,2.991148e+01,3.958401e+01,1.706000e+02
1.264788e+06,1.463875e+01,1.156679e+05,1.338749e+00,9.484076e-01,9.483463e-01,1.168595e-03,1.084470e-08,3.795653e+01,8.045819e+00,2.991071e+01,3.958364e+01,1.706000e+02
1.264798e+06,1.463886e+01,1.156779e+05,1.338864e+00,9.484020e-01,9.483464e-01,1.168703e-03,1.084470e-08,3.795602e+01,8.046073e+00,2.990995e+01,3.958327e+01,1.706000e+02
1.264808e+06,1.463898e+01,1.156879e+05,1.338980e+00,9.483965e-01,9.483465e-01,1.168812e-03,1.084470e-08,3.795551e+01,8.046326e+00,2.990918e+01,3.958291e+01,1.706000e+02
1.264818e+06,1.463910e+01,1.156979e+05,1.339096e+00,9.483909e-01,9.483466e-01,1.168920e-03,1.084470e-08,3.795500e+01,8.046579e+00,2.990842e+01,3.958254e+01,1.706000e+02
1.264828e+06,1.463921e+01,1.157079e+05,1.339212e+00,9.483854e-01,9.483467e-01,1.169029e-03,1.084470e-08,3.795448e+01,8.046832e+00,2.990765e+01,3.958217e+01,1.706000e+02
1.264838e+06,1.463933e+01,1.157179e+05,1.339327e+00,9.483798e-01,9.483468e-01,1.169137e-03,1.084469e-08,3.795397e+01,8.047086e+00,2.990689e+01,3.958180e+01,1.706000e+02
1.264848e+06,1.463944e+01,1.157279e+05,1.339443e+00,9.483743e-01,9.483469e-01,1.169245e-03,1.084469e-08,3.795346e+01,8.047339e+00,2.990612e+01,3.958143e+01,1.706000e+02
1.264858e+06,1.463956e+01,1.157379e+05,1.339559e+00,9.483687e-01,9.483470e-01,1.169354e-03,1.084469e-08,3.795295e+01,8.047592e+00,2.990536e+01,3.958106e+01,1.706000e+02
1.264868e+06,1.463967e+01,1.157479e+05,1.339675e+00,9.483631e-01,9.483471e-01,1.169462e-03,1.084469e-08,3.795244e+01,8.047845e+00,2.990459e+01,3.958069e+01,1.706000e+02
1.264878e+06,1.463979e+01,1.157579e+05,1.339790e+00,9.483576e-01,9.483472e-01,1.169571e-03,1.084469e-08,3.795192e+01,8.048099e+00,2.990382e+01,3.958032e+01,1.706000e+02
1.264888e+06,1.463991e+01,1.157679e+05,1.339906e+00,9.483520e-01,9.483473e-01,1.169679e-03,1.084469e-08,3.795141e+01,8.048352e+00,2.990306e+01,3.957996e+01,1.706000e+02
1.264898e+06,1.464002e+01,1.157779e+05,1.340022e+00,9.483465e-01,9.483474e-01,1.169788e-03,1.084469e-08,3.795090e+01,8.048605e+00,2.990229e+01,3.957959e+01,1.706000e+02
1.264908e+06,1.464014e+01,1.157879e+05,1.340138e+00,9.483409e-01,9.483475e-01,1.169896e-03,1.084469e-08,3.795039e+01,8.048858e+00,2.990153e+01,3.957922e+01,1.706000e+02
1.264918e+06,1.464025e+01,1.157979e+05,1.340253e+00,9.483353e-01,9.483476e-01,1.170005e-03,1.084469e-08,3.794988e+01,8.049112e+00,2.990076e+01,3.957885e+01,1.706000e+02
1.264928e+06,1.464037e+01,1.158079e+05,1.340369e+00,9.483298e-01,9.483477e-01,1.170113e-03,1.084468e-08,3.794936e+01,8.049365e+00,2.990000e+01,3.957848e+01,1.706000e+02
1.264938e+06,1.464048e+01,1.158179e+05,1.340485e+00,9.483242e-01,9.483478e-01,1.170222e-03,1.084468e-08,3.794885e+01,8.049618e+00,2.989923e+01,3.957811e+01,1.706000e+02
1.264948e+06,1.464060e+01,1.158279e+05,1.340601e+00,9.483187e-01,9.483479e-01,1.170330e-03,1.084468e-08,3.794834e+01,8.049871e+00,2.989847e+01,3.957774e+01,1.706000e+02
1.264958e+06,1.464072e+01,1.158379e+05,1.340716e+00,9.483131e-01,9.483480e-01,1.170438e-03,1.084468e-08,3.794783e+01,8.050125e+00,2.989770e+01,3.957737e+01,1.706000e+02
1.264968e+06,1.464083e+01,1.158479e+05,1.340832e+00,9.483094e-01,9.483482e-01,1.170547e-03,1.084468e-08,3.794732e+01,8.050378e+00,2.989694e+01,3.957694e+01,1.706000e+02
1.264978e+06,1.464095e+01,1.158579e+05,1.340948e+00,9.483146e-01,9.483483e-01,1.170655e-03,1.084468e-08,3.794821e+01,8.050632e+00,2.989757e+01,3.957770e+01,1.706023e+02
1.264988e+06,1.464106e+01,1.158679e+05,1.341064e+00,9.483250e-01,9.483484e-01,1.170764e-03,1.084468e-08,3.795009e+01,8.050886e+00,2.989920e+01,3.957932e+01,1.706064e+02
1.264998e+06,1.464118e+01,1.158779e+05,1.341179e+00,9.483354e-01,9.483485e-01,1.170872e-03,1.084468e-08,3.795197e+01,8.051140e+00,2.990083e+01,3.958095e+01,1.706104e+02
1.265008e+06,1.464130e+01,1.158879e+05,1.341295e+00,9.483459e-01,9.483486e-01,1.170981e-03,1.084467e-08,3.795386e+01,8.051394e+00,2.990246e+01,3.958257e+01,1.706144e+02
1.265018e+06,1.464141e+01,1.158979e+05,1.341411e+00,9.483563e-01,9.483487e-01,1.171089e-03,1.084467e-08,3.795574e+01,8.051648e+00,2.990409e+01,3.958420e+01,1.706184e+02
1.265028e+06,1.464153e+01,1.159079e+05,1.341527e+00,9.483668e-01,9.483488e-01,1.171198e-03,1.084467e-08,3.795763e+01,8.051902e+00,2.990572e+01,3.958582e+01,1.706224e+02
1.265038e+06,1.464164e+01,1.159179e+05,1.341642e+00,9.483772e-01,9.483489e-01,1.171306e-03,1.084467e-08,3.795951e+01,8.052156e+00,2.990735e+01,3.958745e+01,1.706264e+02
1.265048e+06,1.464176e+01,1.159279e+05,1.341758e+00,9.483876e-01,9.483490e-01,1.171415e-03,1.084467e-08,3.796139e+01,8.052410e+00,2.990898e+01,3.958907e+01,1.706304e+02
1.265058e+06,1.464187e+01,1.159379e+05,1.341874e+00,9.483981e-01,9.483491e-01,1.171523e-03,1.084467e-08,3.796328e+01,8.052665e+00,2.991061e+01,3.959070e+01,1.706344e+02
1.265068e+06,1.464199e+01,1.159479e+05,1.341990e+00,9.484085e-01,9.483492e-01,1.171631e-03,1.084467e-08,3.796516e+01,8.052919e+00,2.991224e+01,3.959233e+01,1.706384e+02
1.265078e+06,1.464211e+01,1.159579e+05,1.342105e+00,9.484190e-01,9.483493e-01,1.171740e-03,1.084467e-08,3.796704e+01,8.053173e+00,2.991387e+01,3.959395e+01,1.706424e+02
1.265088e+06,1.464222e+01,1.159679e+05,1.342221e+00,9.484294e-01,9.483494e-01,1.171848e-03,1.084467e-08,3.796893e+01,8.053427e+00,2.991550e+01,3.959558e+01,1.706464e+02
1.265098e+06,1.464234e+01,1.159779e+05,1.342337e+00,9.484398e-01,9.483495e-01,1.171957e-03,1.084466e-08,3.797081e+01,8.053681e+00,2.991713e+01,3.959720e+01,1.706504e+02
1.265108e+06,1.464245e+01,1.159879e+05,1.342453e+00,9.484503e-01,9.483496e-01,1.172065e-03,1.084466e-08,3.797270e+01,8.053935e+00,2.991876e+01,3.959883e+01,1.706544e+02
1.265118e+06,1.464257e+01,1.159979e+05,1.342568e+00,9.484607e-01,9.483497e-01,1.172174e-03,1.084466e-08,3.797458e+01,8.054189e+00,2.992039e+01,3.960045e+01,1.706584e+02
1.265128e+06,1.464268e+01,1.160079e+05,1.342684e+00,9.484711e-01,9.483498e-01,1.172282e-03,1.084466e-08,3.797646e+01,8.054443e+00,2.992202e+01,3.960208e+01,1.706624e+02
1.265138e+06,1.464280e+01,1.160179e+05,1.342800e+00,9.484816e-01,9.483499e-01,1.172391e-03,1.084466e-08,3.797835e+01,8.054697e+00,2.992365e+01,3.960370e+01,1.706664e+02
1.265148e+06,1.464292e+01,1.160279e+05,1.342916e+00,9.484920e-01,9.483500e-01,1.172499e-03,1.084466e-08,3.798023e+01,8.054952e+00,2.992528e+01,3.960533e+01,1.706704e+02
1.265158e+06,1.464303e+01,1.160379e+05,1.343031e+00,9.485025e-01,9.483501e-01,1.172607e-03,1.084466e-08,3.798211e+01,8.055206e+00,2.992691e+01,3.960695e+01,1.706744e+02
1.265168e+06,1.464315e+01,1.160479e+05,1.343147e+00,9.485129e-01,9.483502e-01,1.172716e-03,1.084466e-08,3.798400e+01,8.055460e+00,2.992854e+01,3.960858e+01,1.706784e+02
1.265178e+06,1.464326e+01,1.160579e+05,1.343263e+00,9.485233e-01,9.483503e-01,1.172824e-03,1.084465e-08,3.798588e+01,8.055714e+00,2.993017e+01,3.961020e+01,1.706824e+02
1.265188e+06,1.464338e+01,1.160679e+05,1.343378e+00,9.485338e-01,9.483504e-01,1.172933e-03,1.084465e-08,3.798777e+01,8.055968e+00,2.993180e+01,3.961183e+01,1.706865e+02
1.265198e+06,1.464349e+01,1.160779e+05,1.343494e+00,9.485442e-01,9.483505e-01,1.173041e-03,1.084465e-08,3.798965e+01,8.056222e+00,2.993343e+01,3.961345e+01,1.706905e+02
1.265208e+06,1.464361e+01,1.160879e+05,1.343610e+00,9.485546e-01,9.483506e-01,1.173150e-03,1.084465e-08,3.799153e+01,8.056476e+00,2.993506e+01,3.961508e+01,1.706945e+02
1.265218e+06,1.464373e+01,1.160979e+05,1.343726e+00,9.485611e-01,9.483507e-01,1.173258e-03,1.084465e-08,3.799342e+01,8.056730e+00,2.993669e+01,3.961683e+01,1.706985e+02
1.265228e+06,1.464384e+01,1.161079e+05,1.343841e+00,9.485578e-01,9.483508e-01,1.173367e-03,1.084465e-08,3.799329e+01,8.056828e+00,2.993647e+01,3.961681e+01,1.706975e+02
1.265238e+06,1.464396e+01,1.161179e+05,1.343957e+00,9.485498e-01,9.483509e-01,1.173475e-03,1.084465e-08,3.799193e+01,8.056828e+00,2.993510e+01,3.961563e+01,1.706935e+02
1.265248e+06,1.464407e+01,1.161279e+05,1.344073e+00,9.485419e-01,9.483510e-01,1.173584e-03,1.084465e-08,3.799056e+01,8.056828e+00,2.993374e+01,3.961446e+01,1.706896e+02
1.265258e+06,1.464419e+01,1.161379e+05,1.344189e+00,9.485340e-01,9.483511e-01,1.173692e-03,1.084465e-08,3.798920e+01,8.056828e+00,2.993237e+01,3.961328e+01,1.706856e+02
1.265268e+06,1.464430e+01,1.161479e+05,1.344304e+00,9.485260e-01,9.483512e-01,1.173800e-03,1.084464e-08,3.798783e+01,8.056828e+00,2.993101e+01,3.961211e+01,1.706816e+02
1.265278e+06,1.464442e+01,1.161579e+05,1.344420e+00,9.485181e-01,9.483513e-01,1.173909e-03,1.084464e-08,3.798647e+01,8.056828e+00,2.992964e+01,3.961093e+01,1.706776e+02
1.265288e+06,1.464454e+01,1.161679e+05,1.344536e+00,9.485102e-01,9.483514e-01,1.174017e-03,1.084464e-08,3.798510e+01,8.056828e+00,2.992828e+01,3.960976e+01,1.706736e+02
1.265298e+06,1.464465e+01,1.161779e+05,1.344652e+00,9.485022e-01,9.483515e-01,1.174126e-03,1.084464e-08,3.798374e+01,8.056828e+00,2.992691e+01,3.960858e+01,1.706696e+02
1.265308e+06,1.464477e+01,1.161879e+05,1.344767e+00,9.484943e-01,9.483516e-01,1.174234e-03,1.084464e-08,3.798237e+01,8.056828e+00,2.992554e+01,3.960741e+01,1.706656e+02
1.265318e+06,1.464488e+01,1.161979e+05,1.344883e+00,9.484864e-01,9.483518e-01,1.174343e-03,1.084464e-08,3.798101e+01,8.056828e+00,2.992418e+01,3.960623e+01,1.706616e+02
1.265328e+06,1.464500e+01,1.162079e+05,1.344999e+00,9.484784e-01,9.483519e-01,1.174451e-03,1.084464e-08,3.797964e+01,8.056828e+00,2.992281e+01,3.960506e+01,1.706576e+02
1.265338e+06,1.464511e+01,1.162179e+05,1.345115e+00,9.484705e-01,9.483520e-01,1.174560e-03,1.084464e-08,3.797828e+01,8.056828e+00,2.992145e+01,3.960388e+01,1.706536e+02
1.265348e+06,1.464523e+01,1.162279e+05,1.345230e+00,9.484626e-01,9.483521e-01,1.174668e-03,1.084463e-08,3.797691e+01,8.056828e+00,2.992008e+01,3.960270e+01,1.706496e+02
1.265358e+06,1.464535e+01,1.162379e+05,1.345346e+00,9.484546e-01,9.483522e-01,1.174777e-03,1.084463e-08,3.797555e+01,8.056828e+00,2.991872e+01,3.960153e+01,1.706456e+02
1.265368e+06,1.464546e+01,1.162479e+05,1.345462e+00,9.484467e-01,9.483523e-01,1.174885e-03,1.084463e-08,3.797418e+01,8.056828e+00,2.991735e+01,3.960035e+01,1.706417e+02
1.265378e+06,1.464558e+01,1.162579e+05,1.345578e+00,9.484388e-01,9.483524e-01,1.174993e-03,1.084463e-08,3.797281e+01,8.056828e+00,2.991599e+01,3.959918e+01,1.706377e+02
1.265388e+06,1.464569e+01,1.162679e+05,1.345693e+00,9.484308e-01,9.483525e-01,1.175102e-03,1.084463e-08,3.797145e+01,8.056828e+00,2.991462e+01,3.959800e+01,1.706337e+02
1.265398e+06,1.464581e+01,1.162779e+05,1.345809e+00,9.484229e-01,9.483526e-01,1.175210e-03,1.084463e-08,3.797008e+01,8.056828e+00,2.991326e+01,3.959683e+01,1.706297e+02
1.265408e+06,1.464592e+01,1.162879e+05,1.345925e+00,9.484150e-01,9.483527e-01,1.175319e-03,1.084463e-08,3.796872e+01,8.056828e+00,2.991189e+01,3.959565e+01,1.706257e+02
1.265418e+06,1.464604e+01,1.162979e+05,1.346041e+00,9.484070e-01,9.483528e-01,1.175427e-03,1.084463e-08,3.796735e+01,8.056828e+00,2.991053e+01,3.959447e+01,1.706217e+02
1.265428e+06,1.464616e+01,1.163079e+05,1.346156e+00,9.483991e-01,9.483529e-01,1.175536e-03,1.084463e-08,3.796599e+01,8.056828e+00,2.990916e+01,3.959330e+01,1.706177e+02
1.265438e+06,1.464627e+01,1.163179e+05,1.346272e+00,9.483912e-01,9.483530e-01,1.175644e-03,1.084462e-08,3.796462e+01,8.056828e+00,2.990780e+01,3.959212e+01,1.706137e+02
1.265448e+06,1.464639e+01,1.163279e+05,1.346388e+00,9.483833e-01,9.483531e-01,1.175753e-03,1.084462e-08,3.796326e+01,8.056828e+00,2.990643e+01,3.959095e+01,1.706097e+02
1.265458e+06,1.464650e+01,1.163379e+05,1.346504e+00,9.483753e-01,9.483532e-01,1.175861e-03,1.084462e-08,3.796189e+01,8.056828e+00,2.990506e+01,3.958977e+01,1.706057e+02
1.265468e+06,1.464662e+01,1.163479e+05,1.346619e+00,9.483638e-01,9.483533e-01,1.175970e-03,1.084462e-08,3.796053e+01,8.056828e+00,2.990370e+01,3.958871e+01,1.706017e+02
1.265478e+06,1.464674e+01,1.163579e+05,1.346735e+00,9.483467e-01,9.483534e-01,1.176078e-03,1.084462e-08,3.796027e+01,8.056828e+00,2.990344e+01,3.958901e+01,1.705933e+02
1.265488e+06,1.464685e+01,1.163679e+05,1.346851e+00,9.483276e-01,9.483535e-01,1.176186e-03,1.084462e-08,3.796086e+01,8.056828e+00,2.990404e+01,3.959027e+01,1.705813e+02
1.265498e+06,1.464697e+01,1.163779e+05,1.346967e+00,9.483084e-01,9.483536e-01,1.176295e-03,1.084462e-08,3.796146e+01,8.056828e+00,2.990463e+01,3.959154e+01,1.705693e+02
1.265508e+06,1.464708e+01,1.163879e+05,1.347082e+00,9.482893e-01,9.483537e-01,1.176403e-03,1.084462e-08,3.796206e+01,8.056828e+00,2.990523e+01,3.959281e+01,1.705573e+02
1.265518e+06,1.464720e+01,1.163979e+05,1.347198e+00,9.482701e-01,9.483538e-01,1.176512e-03,1.084461e-08,3.796266e+01,8.056828e+00,2.990583e+01,3.959408e+01,1.705454e+02
1.265528e+06,1.464731e+01,1.164079e+05,1.347314e+00,9.482509e-01,9.483539e-01,1.176620e-03,1.084461e-08,3.796325e+01,8.056828e+00,2.990643e+01,3.959534e+01,1.705334e+02
1.265538e+06,1.464743e+01,1.164179e+05,1.347430e+00,9.482318e-01,9.483540e-01,1.176729e-03,1.084461e-08,3.796385e+01,8.056828e+00,2.990702e+01,3.959661e+01,1.705214e+02
1.265548e+06,1.464755e+01,1.164279e+05,1.347545e+00,9.482126e-01,9.483541e-01,1.176837e-03,1.084461e-08,3.796445e+01,8.056828e+00,2.990762e+01,3.959788e+01,1.705094e+02
1.265558e+06,1.464766e+01,1.164379e+05,1.347661e+00,9.481935e-01,9.483542e-01,1.176946e-03,1.084461e-08,3.796505e+01,8.056828e+00,2.990822e+01,3.959914e+01,1.704975e+02
1.265568e+06,1.464778e+01,1.164479e+05,1.347777e+00,9.481743e-01,9.483543e-01,1.177054e-03,1.084461e-08,3.796564e+01,8.056828e+00,2.990882e+01,3.960041e+01,1.704855e+02
1.265578e+06,1.464789e+01,1.164579e+05,1.347893e+00,9.481552e-01,9.483544e-01,1.177163e-03,1.084461e-08,3.796624e+01,8.056828e+00,2.990941e+01,3.960168e+01,1.704735e+02
1.265588e+06,1.464801e+01,1.164679e+05,1.348008e+00,9.481360e-01,9.483545e-01,1.177271e-03,1.084461e-08,3.796684e+01,8.056828e+00,2.991001e+01,3.960295e+01,1.704615e+02
1.265598e+06,1.464812e+01,1.164779e+05,1.348124e+00,9.481168e-01,9.483546e-01,1.177379e-03,1.084461e-08,3.796744e+01,8.056828e+00,2.991061e+01,3.960421e+01,1.704496e+02
1.265608e+06,1.464824e+01,1.164879e+05,1.348240e+00,9.480977e-01,9.483547e-01,1.177488e-03,1.084460e-08,3.796803e+01,8.056828e+00,2.991121e+01,3.960548e+01,1.704376e+02
1.265618e+06,1.464836e+01,1.164979e+05,1.348356e+00,9.480785e-01,9.483548e-01,1.177596e-03,1.084460e-08,3.796863e+01,8.056828e+00,2.991180e+01,3.960675e+01,1.704256e+02
1.265628e+06,1.464847e+01,1.165079e+05,1.348471e+00,9.480594e-01,9.483549e-01,1.177705e-03,1.084460e-08,3.796923e+01,8.056828e+00,2.991240e+01,3.960802e+01,1.704136e+02
1.265638e+06,1.464859e+01,1.165179e+05,1.348587e+00,9.480402e-01,9.483550e-01,1.177813e-03,1.084460e-08,3.796982e+01,8.056828e+00,2.991300e+01,3.960928e+01,1.704017e+02
1.265648e+06,1.464870e+01,1.165279e+05,1.348703e+00,9.480210e-01,9.483551e-01,1.177922e-03,1.084460e-08,3.797042e+01,8.056828e+00,2.991359e+01,3.961055e+01,1.703897e+02
1.265658e+06,1.464882e+01,1.165379e+05,1.348819e+00,9.480019e-01,9.483552e-01,1.178030e-03,1.084460e-08,3.797102e+01,8.056828e+00,2.991419e+01,3.961182e+01,1.703777e+02
1.265668e+06,1.464893e+01,1.165479e+05,1.348934e+00,9.479827e-01,9.483554e-01,1.178139e-03,1.084460e-08,3.797162e+01,8.056828e+00,2.991479e+01,3.961309e+01,1.703657e+02
1.265678e+06,1.464905e+01,1.165579e+05,1.349050e+00,9.479636e-01,9.483555e-01,1.178247e-03,1.084460e-08,3.797221e+01,8.056828e+00,2.991539e+01,3.961435e+01,1.703538e+02
1.265688e+06,1.464917e+01,1.165679e+05,1.349166e+00,9.479444e-01,9.483556e-01,1.178356e-03,1.084459e-08,3.797281e+01,8.056828e+00,2.991598e+01,3.961562e+01,1.703418e+02
1.265698e+06,1.464928e+01,1.165779e+05,1.349282e+00,9.479253e-01,9.483557e-01,1.178464e-03,1.084459e-08,3.797341e+01,8.056828e+00,2.991658e+01,3.961689e+01,1.703298e+02
1.265708e+06,1.464940e+01,1.165879e+05,1.349397e+00,9.479061e-01,9.483558e-01,1.178572e-03,1.084459e-08,3.797401e+01,8.056828e+00,2.991718e+01,3.961816e+01,1.703179e+02
1.265718e+06,1.464951e+01,1.165979e+05,1.349513e+00,9.478951e-01,9.483559e-01,1.178681e-03,1.084459e-08,3.797460e+01,8.056828e+00,2.991778e+01,3.961916e+01,1.703059e+02
1.265728e+06,1.464963e+01,1.166079e+05,1.349629e+00,9.479128e-01,9.483560e-01,1.178789e-03,1.084459e-08,3.797529e+01,8.056828e+00,2.991846e+01,3.961929e+01,1.703041e+02
1.265738e+06,1.464974e+01,1.166179e+05,1.349745e+00,9.479505e-01,9.483561e-01,1.178898e-03,1.084459e-08,3.797606e+01,8.056828e+00,2.991924e+01,3.961885e+01,1.703121e+02
1.265748e+06,1.464986e+01,1.166279e+05,1.349860e+00,9.479883e-01,9.483562e-01,1.179006e-03,1.084459e-08,3.797684e+01,8.056828e+00,2.992001e+01,3.961841e+01,1.703202e+02
1.265758e+06,1.464998e+01,1.166379e+05,1.349976e+00,9.480260e-01,9.483563e-01,1.179115e-03,1.084459e-08,3.797761e+01,8.056828e+00,2.992078e+01,3.961797e+01,1.703282e+02
1.265768e+06,1.465009e+01,1.166479e+05,1.350092e+00,9.480638e-01,9.483564e-01,1.179223e-03,1.084459e-08,3.797838e+01,8.056828e+00,2.992156e+01,3.961753e+01,1.703362e+02
1.265778e+06,1.465021e+01,1.166579e+05,1.350208e+00,9.481016e-01,9.483565e-01,1.179332e-03,1.084458e-08,3.797916e+01,8.056828e+00,2.992233e+01,3.961708e+01,1.703443e+02
1.265788e+06,1.465032e+01,1.166679e+05,1.350323e+00,9.481393e-01,9.483566e-01,1.179440e-03,1.084458e-08,3.797993e+01,8.056828e+00,2.992310e+01,3.961664e+01,1.703523e+02
1.265798e+06,1.465044e+01,1.166779e+05,1.350439e+00,9.481771e-01,9.483567e-01,1.179549e-03,1.084458e-08,3.798070e+01,8.056828e+00,2.992388e+01,3.961620e+01,1.703604e+02
1.265808e+06,1.465055e+01,1.166879e+05,1.350555e+00,9.482148e-01,9.483568e-01,1.179657e-03,1.084458e-08,3.798148e+01,8.056828e+00,2.992465e+01,3.961576e+01,1.703684e+02
1.265818e+06,1.465067e+01,1.166979e+05,1.350671e+00,9.482526e-01,9.483569e-01,1.179765e-03,1.084458e-08,3.798225e+01,8.056828e+00,2.992542e+01,3.961532e+01,1.703764e+02
1.265828e+06,1.465079e+01,1.167079e+05,1.350786e+00,9.482904e-01,9.483570e-01,1.179874e-03,1.084458e-08,3.798302e+01,8.056828e+00,2.992620e+01,3.961488e+01,1.703845e+02
1.265838e+06,1.465090e+01,1.167179e+05,1.350902e+00,9.483281e-01,9.483571e-01,1.179982e-03,1.084458e-08,3.798380e+01,8.056828e+00,2.992697e+01,3.961444e+01,1.703925e+02
1.265848e+06,1.465102e+01,1.167279e+05,1.351018e+00,9.483659e-01,9.483572e-01,1.180091e-03,1.084458e-08,3.798457e+01,8.056828e+00,2.992774e+01,3.961400e+01,1.704005e+02
1.265858e+06,1.465113e+01,1.167379e+05,1.351134e+00,9.484036e-01,9.483573e-01,1.180199e-03,1.084457e-08,3.798534e+01,8.056828e+00,2.992852e+01,3.961356e+01,1.704086e+02
1.265868e+06,1.465125e+01,1.167479e+05,1.351249e+00,9.484414e-01,9.483574e-01,1.180308e-03,1.084457e-08,3.798612e+01,8.056828e+00,2.992929e+01,3.961311e+01,1.704166e+02
1.265878e+06,1.465137e+01,1.167579e+05,1.351365e+00,9.484792e-01,9.483575e-01,1.180416e-03,1.084457e-08,3.798689e+01,8.056828e+00,2.993006e+01,3.961267e+01,1.704247e+02
1.265888e+06,1.465148e+01,1.167679e+05,1.351481e+00,9.485169e-01,9.483576e-01,1.180525e-03,1.084457e-08,3.798766e+01,8.056828e+00,2.993084e+01,3.961223e+01,1.704327e+02
1.265898e+06,1.465160e+01,1.167780e+05,1.351597e+00,9.485547e-01,9.483577e-01,1.180633e-03,1.084457e-08,3.798844e+01,8.056828e+00,2.993161e+01,3.961179e+01,1.704407e+02
1.265908e+06,1.465171e+01,1.167880e+05,1.351712e+00,9.485924e-01,9.483578e-01,1.180742e-03,1.084457e-08,3.798921e+01,8.056828e+00,2.993238e+01,3.961135e+01,1.704488e+02
1.265918e+06,1.465183e+01,1.167980e+05,1.351828e+00,9.486302e-01,9.483579e-01,1.180850e-03,1.084457e-08,3.798998e+01,8.056828e+00,2.993316e+01,3.961091e+01,1.704568e+02
1.265928e+06,1.465194e+01,1.168080e+05,1.351944e+00,9.486680e-01,9.483580e-01,1.180958e-03,1.084457e-08,3.799076e+01,8.056828e+00,2.993393e+01,3.961047e+01,1.704649e+02
1.265938e+06,1.465206e+01,1.168180e+05,1.352060e+00,9.487057e-01,9.483581e-01,1.181067e-03,1.084457e-08,3.799153e+01,8.056828e+00,2.993470e+01,3.961003e+01,1.704729e+02
1.265948e+06,1.465218e+01,1.168280e+05,1.352175e+00,9.487435e-01,9.483582e-01,1.181175e-03,1.084456e-08,3.799230e+01,8.056828e+00,2.993548e+01,3.960959e+01,1.704809e+02
1.265958e+06,1.465229e+01,1.168380e+05,1.352291e+00,9.487812e-01,9.483583e-01,1.181284e-03,1.084456e-08,3.799308e+01,8.056828e+00,2.993625e+01,3.960915e+01,1.704890e+02
1.265968e+06,1.465241e+01,1.168480e+05,1.352407e+00,9.488150e-01,9.483584e-01,1.181392e-03,1.084456e-08,3.799385e+01,8.056828e+00,2.993702e+01,3.960884e+01,1.704970e+02
1.265978e+06,1.465252e+01,1.168580e+05,1.352523e+00,9.488163e-01,9.483585e-01,1.181501e-03,1.084456e-08,3.799366e+01,8.056828e+00,2.993683e+01,3.960859e+01,1.705000e+02
1.265988e+06,1.465264e+01,1.168680e+05,1.352638e+00,9.487999e-01,9.483586e-01,1.181609e-03,1.084456e-08,3.799289e+01,8.056828e+00,2.993606e+01,3.960833e+01,1.705000e+02
1.265998e+06,1.465275e+01,1.168780e+05,1.352754e+00,9.487835e-01,9.483587e-01,1.181718e-03,1.084456e-08,3.799213e+01,8.056828e+00,2.993530e+01,3.960807e+01,1.705000e+02
1.266008e+06,1.465287e+01,1.168880e+05,1.352870e+00,9.487670e-01,9.483588e-01,1.181826e-03,1.084456e-08,3.799136e+01,8.056828e+00,2.993453e+01,3.960781e+01,1.705000e+02
1.266018e+06,1.465299e+01,1.168980e+05,1.352986e+00,9.487506e-01,9.483590e-01,1.181934e-03,1.084456e-08,3.799060e+01,8.056828e+00,2.993377e+01,3.960755e+01,1.705000e+02
1.266028e+06,1.465310e+01,1.169080e+05,1.353101e+00,9.487342e-01,9.483591e-01,1.182043e-03,1.084455e-08,3.798983e+01,8.056828e+00,2.993300e+01,3.960729e+01,1.705000e+02
1.266038e+06,1.465322e+01,1.169180e+05,1.353217e+00,9.487178e-01,9.483592e-01,1.182151e-03,1.084455e-08,3.798907e+01,8.056828e+00,2.993224e+01,3.960703e+01,1.705000e+02
1.266048e+06,1.465333e+01,1.169280e+05,1.353333e+00,9.487013e-01,9.483593e-01,1.182260e-03,1.084455e-08,3.798830e+01,8.056828e+00,2.993147e+01,3.960677e+01,1.705000e+02
1.266058e+06,1.465345e+01,1.169380e+05,1.353449e+00,9.486849e-01,9.483594e-01,1.182368e-03,1.084455e-08,3.798753e+01,8.056828e+00,2.993071e+01,3.960651e+01,1.705000e+02
1.266068e+06,1.465356e+01,1.169480e+05,1.353564e+00,9.486685e-01,9.483595e-01,1.182477e-03,1.084455e-08,3.798677e+01,8.056828e+00,2.992994e+01,3.960625e+01,1.705000e+02
1.266078e+06,1.465368e+01,1.169580e+05,1.353680e+00,9.486520e-01,9.483596e-01,1.182585e-03,1.084455e-08,3.798600e+01,8.056828e+00,2.992918e+01,3.960599e+01,1.705000e+02
1.266088e+06,1.465380e+01,1.169680e+05,1.353796e+00,9.486356e-01,9.483597e-01,1.182694e-03,1.084455e-08,3.798524e+01,8.056828e+00,2.992841e+01,3.960573e+01,1.705000e+02
1.266098e+06,1.465391e+01,1.169780e+05,1.353912e+00,9.486192e-01,9.483598e-01,1.182802e-03,1.084455e-08,3.798447e+01,8.056828e+00,2.992765e+01,3.960547e+01,1.705000e+02
1.266108e+06,1.465403e+01,1.169880e+05,1.354027e+00,9.486028e-01,9.483599e-01,1.182911e-03,1.084455e-08,3.798371e+01,8.056828e+00,2.992688e+01,3.960521e+01,1.705000e+02
1.266118e+06,1.465414e+01,1.169980e+05,1.354143e+00,9.485863e-01,9.483600e-01,1.183019e-03,1.084454e-08,3.798294e+01,8.056828e+00,2.992612e+01,3.960495e+01,1.705000e+02
1.266128e+06,1.465426e+01,1.170080e+05,1.354259e+00,9.485699e-01,9.483601e-01,1.183127e-03,1.084454e-08,3.798218e+01,8.056828e+00,2.992535e+01,3.960469e+01,1.705000e+02
1.266138e+06,1.465437e+01,1.170180e+05,1.354375e+00,9.485535e-01,9.483602e-01,1.183236e-03,1.084454e-08,3.798141e+01,8.056828e+00,2.992458e+01,3.960443e+01,1.705000e+02
1.266148e+06,1.465449e+01,1.170280e+05,1.354490e+00,9.485370e-01,9.483603e-01,1.183344e-03,1.084454e-08,3.798065e+01,8.056828e+00,2.992382e+01,3.960417e+01,1.705000e+02
1.266158e+06,1.465461e+01,1.170380e+05,1.354606e+00,9.485206e-01,9.483604e-01,1.183453e-03,1.084454e-08,3.797988e+01,8.056828e+00,2.992305e+01,3.960391e+01,1.705000e+02
1.266168e+06,1.465472e+01,1.170480e+05,1.354722e+00,9.485042e-01,9.483605e-01,1.183561e-03,1.084454e-08,3.797912e+01,8.056828e+00,2.992229e+01,3.960365e+01,1.705000e+02
1.266178e+06,1.465484e+01,1.170580e+05,1.354838e+00,9.484878e-01,9.483606e-01,1.183670e-03,1.084454e-08,3.797835e+01,8.056828e+00,2.992152e+01,3.960338e+01,1.705000e+02
1.266188e+06,1.465495e+01,1.170680e+05,1.354953e+00,9.484713e-01,9.483607e-01,1.183778e-03,1.084454e-08,3.797759e+01,8.056828e+00,2.992076e+01,3.960312e+01,1.705000e+02
1.266198e+06,1.465507e+01,1.170780e+05,1.355069e+00,9.484549e-01,9.483608e-01,1.183887e-03,1.084453e-08,3.797682e+01,8.056828e+00,2.991999e+01,3.960286e+01,1.705000e+02
1.266208e+06,1.465518e+01,1.170880e+05,1.355185e+00,9.484385e-01,9.483609e-01,1.183995e-03,1.084453e-08,3.797605e+01,8.056828e+00,2.991923e+01,3.960260e+01,1.705000e+02
1.266218e+06,1.465530e+01,1.170980e+05,1.355301e+00,9.484205e-01,9.483610e-01,1.184104e-03,1.084453e-08,3.797529e+01,8.056828e+00,2.991846e+01,3.960239e+01,1.705000e+02
1.266228e+06,1.465542e+01,1.171080e+05,1.355416e+00,9.484052e-01,9.483611e-01,1.184212e-03,1.084453e-08,3.797502e+01,8.056703e+00,2.991832e+01,3.960263e+01,1.704980e+02
1.266238e+06,1.465553e+01,1.171180e+05,1.355532e+00,9.483947e-01,9.483612e-01,1.184320e-03,1.084453e-08,3.797528e+01,8.056448e+00,2.991883e+01,3.960326e+01,1.704940e+02
1.266248e+06,1.465565e+01,1.171280e+05,1.355648e+00,9.483841e-01,9.483613e-01,1.184429e-03,1.084453e-08,3.797554e+01,8.056193e+00,2.991934e+01,3.960390e+01,1.704900e+02
1.266258e+06,1.465576e+01,1.171380e+05,1.355764e+00,9.483735e-01,9.483614e-01,1.184537e-03,1.084453e-08,3.797580e+01,8.055938e+00,2.991986e+01,3.960454e+01,1.704860e+02
1.266268e+06,1.465588e+01,1.171480e+05,1.355879e+00,9.483629e-01,9.483615e-01,1.184646e-03,1.084453e-08,3.797605e+01,8.055683e+00,2.992037e+01,3.960518e+01,1.704820e+02
1.266278e+06,1.465600e+01,1.171580e+05,1.355995e+00,9.483523e-01,9.483616e-01,1.184754e-03,1.084453e-08,3.797631e+01,8.055428e+00,2.992088e+01,3.960581e+01,1.704779e+02
1.266288e+06,1.465611e+01,1.171680e+05,1.356111e+00,9.483418e-01,9.483617e-01,1.184863e-03,1.084452e-08,3.797657e+01,8.055173e+00,2.992140e+01,3.960645e+01,1.704739e+02
1.266298e+06,1.465623e+01,1.171780e+05,1.356227e+00,9.483312e-01,9.483618e-01,1.184971e-03,1.084452e-08,3.797683e+01,8.054918e+00,2.992191e+01,3.960709e+01,1.704699e+02
1.266308e+06,1.465634e+01,1.171880e+05,1.356342e+00,9.483206e-01,9.483619e-01,1.185080e-03,1.084452e-08,3.797708e+01,8.054663e+00,2.992242e+01,3.960773e+01,1.704659e+02
1.266318e+06,1.465646e+01,1.171980e+05,1.356458e+00,9.483100e-01,9.483620e-01,1.185188e-03,1.084452e-08,3.797734e+01,8.054408e+00,2.992293e+01,3.960837e+01,1.704619e+02
1.266328e+06,1.465657e+01,1.172080e+05,1.356574e+00,9.482994e-01,9.483621e-01,1.185297e-03,1.084452e-08,3.797760e+01,8.054153e+00,2.992345e+01,3.960900e+01,1.704579e+02
1.266338e+06,1.465669e+01,1.172180e+05,1.356690e+00,9.482889e-01,9.483622e-01,1.185405e-03,1.084452e-08,3.797786e+01,8.053898e+00,2.992396e+01,3.960964e+01,1.704538e+02
1.266348e+06,1.465681e+01,1.172280e+05,1.356805e+00,9.482783e-01,9.483623e-01,1.185513e-03,1.084452e-08,3.797812e+01,8.053643e+00,2.992447e+01,3.961028e+01,1.704498e+02
1.266358e+06,1.465692e+01,1.172380e+05,1.356921e+00,9.482677e-01,9.483624e-01,1.185622e-03,1.084452e-08,3.797837e+01,8.053388e+00,2.992498e+01,3.961092e+01,1.704458e+02
1.266368e+06,1.465704e+01,1.172480e+05,1.357037e+00,9.482571e-01,9.483626e-01,1.185730e-03,1.084451e-08,3.797863e+01,8.053133e+00,2.992550e+01,3.961155e+01,1.704418e+02
1.266378e+06,1.465715e+01,1.172580e+05,1.357153e+00,9.482465e-01,9.483627e-01,1.185839e-03,1.084451e-08,3.797889e+01,8.052878e+00,2.992601e+01,3.961219e+01,1.704378e+02
1.266388e+06,1.465727e+01,1.172680e+05,1.357268e+00,9.482360e-01,9.483628e-01,1.185947e-03,1.084451e-08,3.797915e+01,8.052623e+00,2.992652e+01,3.961283e+01,1.704337e+02
1.266398e+06,1.465738e+01,1.172780e+05,1.357384e+00,9.482254e-01,9.483629e-01,1.186056e-03,1.084451e-08,3.797940e+01,8.052368e+00,2.992704e+01,3.961347e+01,1.704297e+02
1.266408e+06,1.465750e+01,1.172880e+05,1.357500e+00,9.482148e-01,9.483630e-01,1.186164e-03,1.084451e-08,3.797966e+01,8.052113e+00,2.992755e+01,3.961411e+01,1.704257e+02
1.266418e+06,1.465762e+01,1.172980e+05,1.357616e+00,9.482042e-01,9.483631e-01,1.186273e-03,1.084451e-08,3.797992e+01,8.051858e+00,2.992806e+01,3.961474e+01,1.704217e+02
1.266428e+06,1.465773e+01,1.173080e+05,1.357731e+00,9.481936e-01,9.483632e-01,1.186381e-03,1.084451e-08,3.798018e+01,8.051603e+00,2.992857e+01,3.961538e+01,1.704177e+02
1.266438e+06,1.465785e+01,1.173180e+05,1.357847e+00,9.481831e-01,9.483633e-01,1.186490e-03,1.084451e-08,3.798044e+01,8.051348e+00,2.992909e+01,3.961602e+01,1.704136e+02
1.266448e+06,1.465796e+01,1.173280e+05,1.357963e+00,9.481725e-01,9.483634e-01,1.186598e-03,1.084451e-08,3.798069e+01,8.051093e+00,2.992960e+01,3.961666e+01,1.704096e+02
1.266458e+06,1.465808e+01,1.173380e+05,1.358079e+00,9.481619e-01,9.483635e-01,1.186706e-03,1.084450e-08,3.798095e+01,8.050838e+00,2.993011e+01,3.961730e+01,1.704056e+02
1.266468e+06,1.465819e+01,1.173480e+05,1.358194e+00,9.481552e-01,9.483636e-01,1.186815e-03,1.084450e-08,3.798121e+01,8.050583e+00,2.993063e+01,3.961781e+01,1.704016e+02
1.266478e+06,1.465831e+01,1.173580e+05,1.358310e+00,9.481628e-01,9.483637e-01,1.186923e-03,1.084450e-08,3.798147e+01,8.050483e+00,2.993098e+01,3.961783e+01,1.704024e+02
1.266488e+06,1.465843e+01,1.173680e+05,1.358426e+00,9.481782e-01,9.483638e-01,1.187032e-03,1.084450e-08,3.798172e+01,8.050483e+00,2.993124e+01,3.961759e+01,1.704064e+02
1.266498e+06,1.465854e+01,1.173780e+05,1.358542e+00,9.481935e-01,9.483639e-01,1.187140e-03,1.084450e-08,3.798198e+01,8.050483e+00,2.993149e+01,3.961735e+01,1.704104e+02
1.266508e+06,1.465866e+01,1.173880e+05,1.358657e+00,9.482089e-01,9.483640e-01,1.187249e-03,1.084450e-08,3.798223e+01,8.050483e+00,2.993175e+01,3.961710e+01,1.704144e+02
1.266518e+06,1.465877e+01,1.173980e+05,1.358773e+00,9.482242e-01,9.483641e-01,1.187357e-03,1.084450e-08,3.798249e+01,8.050483e+00,2.993201e+01,3.961686e+01,1.704184e+02
1.266528e+06,1.465889e+01,1.174080e+05,1.358889e+00,9.482396e-01,9.483642e-01,1.187466e-03,1.084450e-08,3.798275e+01,8.050483e+00,2.993226e+01,3.961662e+01,1.704224e+02
1.266538e+06,1.465900e+01,1.174180e+05,1.359005e+00,9.482549e-01,9.483643e-01,1.187574e-03,1.084449e-08,3.798300e+01,8.050483e+00,2.993252e+01,3.961638e+01,1.704264e+02
1.266548e+06,1.465912e+01,1.174280e+05,1.359120e+00,9.482702e-01,9.483644e-01,1.187682e-03,1.084449e-08,3.798326e+01,8.050483e+00,2.993277e+01,3.961614e+01,1.704304e+02
1.266558e+06,1.465924e+01,1.174380e+05,1.359236e+00,9.482856e-01,9.483645e-01,1.187791e-03,1.084449e-08,3.798351e+01,8.050483e+00,2.993303e+01,3.961590e+01,1.704343e+02
1.266568e+06,1.465935e+01,1.174480e+05,1.359352e+00,9.483009e-01,9.483646e-01,1.187899e-03,1.084449e-08,3.798377e+01,8.050483e+00,2.993329e+01,3.961566e+01,1.704383e+02
1.266578e+06,1.465947e+01,1.174580e+05,1.359468e+00,9.483163e-01,9.483647e-01,1.188008e-03,1.084449e-08,3.798403e+01,8.050483e+00,2.993354e+01,3.961542e+01,1.704423e+02
1.266588e+06,1.465958e+01,1.174680e+05,1.359583e+00,9.483316e-01,9.483648e-01,1.188116e-03,1.084449e-08,3.798428e+01,8.050483e+00,2.993380e+01,3.961518e+01,1.704463e+02
1.266598e+06,1.465970e+01,1.174780e+05,1.359699e+00,9.483470e-01,9.483649e-01,1.188225e-03,1.084449e-08,3.798454e+01,8.050483e+00,2.993405e+01,3.961494e+01,1.704503e+02
1.266608e+06,1.465981e+01,1.174880e+05,1.359815e+00,9.483623e-01,9.483650e-01,1.188333e-03,1.084449e-08,3.798479e+01,8.050483e+00,2.993431e+01,3.961470e+01,1.704543e+02
1.266618e+06,1.465993e+01,1.174980e+05,1.359931e+00,9.483777e-01,9.483651e-01,1.188442e-03,1.084449e-08,3.798505e+01,8.050483e+00,2.993457e+01,3.961446e+01,1.704583e+02
1.266628e+06,1.466005e+01,1.175080e+05,1.360046e+00,9.483930e-01,9.483652e-01,1.188550e-03,1.084448e-08,3.798531e+01,8.050483e+00,2.993482e+01,3.961421e+01,1.704623e+02
1.266638e+06,1.466016e+01,1.175180e+05,1.360162e+00,9.484083e-01,9.483653e-01,1.188659e-03,1.084448e-08,3.798556e+01,8.050483e+00,2.993508e+01,3.961397e+01,1.704663e+02
1.266648e+06,1.466028e+01,1.175280e+05,1.360278e+00,9.484237e-01,9.483654e-01,1.188767e-03,1.084448e-08,3.798582e+01,8.050483e+00,2.993533e+01,3.961373e+01,1.704703e+02
1.266658e+06,1.466039e+01,1.175380e+05,1.360394e+00,9.484390e-01,9.483655e-01,1.188875e-03,1.084448e-08,3.798607e+01,8.050483e+00,2.993559e+01,3.961349e+01,1.704743e+02
1.266668e+06,1.466051e+01,1.175480e+05,1.360509e+00,9.484544e-01,9.483656e-01,1.188984e-03,1.084448e-08,3.798633e+01,8.050483e+00,2.993585e+01,3.961325e+01,1.704783e+02
1.266678e+06,1.466063e+01,1.175580e+05,1.360625e+00,9.484697e-01,9.483657e-01,1.189092e-03,1.084448e-08,3.798659e+01,8.050483e+00,2.993610e+01,3.961301e+01,1.704822e+02
1.266688e+06,1.466074e+01,1.175680e+05,1.360741e+00,9.484851e-01,9.483658e-01,1.189201e-03,1.084448e-08,3.798684e+01,8.050483e+00,2.993636e+01,3.961277e+01,1.704862e+02
1.266698e+06,1.466086e+01,1.175780e+05,1.360857e+00,9.485004e-01,9.483659e-01,1.189309e-03,1.084448e-08,3.798710e+01,8.050483e+00,2.993661e+01,3.961253e+01,1.704902e+02
1.266708e+06,1.466097e+01,1.175880e+05,1.360972e+00,9.485158e-01,9.483660e-01,1.189418e-03,1.084447e-08,3.798735e+01,8.050483e+00,2.993687e+01,3.961229e+01,1.704942e+02
1.266718e+06,1.466109e+01,1.175980e+05,1.361088e+00,9.485311e-01,9.483662e-01,1.189526e-03,1.084447e-08,3.798761e+01,8.050483e+00,2.993713e+01,3.961205e+01,1.704982e+02
1.266728e+06,1.466120e+01,1.176080e+05,1.361204e+00,9.485338e-01,9.483663e-01,1.189635e-03,1.084447e-08,3.798787e+01,8.050483e+00,2.993738e+01,3.961223e+01,1.705022e+02
1.266738e+06,1.466132e+01,1.176180e+05,1.361320e+00,9.485261e-01,9.483664e-01,1.189743e-03,1.084447e-08,3.798812e+01,8.050483e+00,2.993764e+01,3.961275e+01,1.705062e+02
1.266748e+06,1.466144e+01,1.176280e+05,1.361435e+00,9.485185e-01,9.483665e-01,1.189852e-03,1.084447e-08,3.798838e+01,8.050483e+00,2.993790e+01,3.961328e+01,1.705102e+02
1.266758e+06,1.466155e+01,1.176380e+05,1.361551e+00,9.485109e-01,9.483666e-01,1.189960e-03,1.084447e-08,3.798864e+01,8.050483e+00,2.993815e+01,3.961380e+01,1.705142e+02
1.266768e+06,1.466167e+01,1.176480e+05,1.361667e+00,9.485032e-01,9.483667e-01,1.190068e-03,1.084447e-08,3.798889e+01,8.050483e+00,2.993841e+01,3.961433e+01,1.705182e+02
1.266778e+06,1.466178e+01,1.176580e+05,1.361783e+00,9.484956e-01,9.483668e-01,1.190177e-03,1.084447e-08,3.798915e+01,8.050483e+00,2.993867e+01,3.961485e+01,1.705222e+02
1.266788e+06,1.466190e+01,1.176680e+05,1.361898e+00,9.484879e-01,9.483669e-01,1.190285e-03,1.084447e-08,3.798941e+01,8.050483e+00,2.993892e+01,3.961538e+01,1.705262e+02
1.266798e+06,1.466201e+01,1.176780e+05,1.362014e+00,9.484803e-01,9.483670e-01,1.190394e-03,1.084446e-08,3.798966e+01,8.050483e+00,2.993918e+01,3.961590e+01,1.705302e+02
1.266808e+06,1.466213e+01,1.176880e+05,1.362130e+00,9.484727e-01,9.483671e-01,1.190502e-03,1.084446e-08,3.798992e+01,8.050483e+00,2.993944e+01,3.961643e+01,1.705342e+02
1.266818e+06,1.466225e+01,1.176980e+05,1.362246e+00,9.484650e-01,9.483672e-01,1.190611e-03,1.084446e-08,3.799018e+01,8.050483e+00,2.993969e+01,3.961696e+01,1.705383e+02
1.266828e+06,1.466236e+01,1.177080e+05,1.362361e+00,9.484574e-01,9.483673e-01,1.190719e-03,1.084446e-08,3.799043e+01,8.050483e+00,2.993995e+01,3.961748e+01,1.705423e+02
1.266838e+06,1.466248e+01,1.177180e+05,1.362477e+00,9.484497e-01,9.483674e-01,1.190828e-03,1.084446e-08,3.799069e+01,8.050483e+00,2.994021e+01,3.961801e+01,1.705463e+02
1.266848e+06,1.466259e+01,1.177280e+05,1.362593e+00,9.484421e-01,9.483675e-01,1.190936e-03,1.084446e-08,3.799095e+01,8.050483e+00,2.994047e+01,3.961853e+01,1.705503e+02
1.266858e+06,1.466271e+01,1.177380e+05,1.362709e+00,9.484345e-01,9.483676e-01,1.191044e-03,1.084446e-08,3.799121e+01,8.050483e+00,2.994072e+01,3.961906e+01,1.705543e+02
1.266868e+06,1.466282e+01,1.177480e+05,1.362824e+00,9.484268e-01,9.483677e-01,1.191153e-03,1.084446e-08,3.799146e+01,8.050483e+00,2.994098e+01,3.961958e+01,1.705583e+02
1.266878e+06,1.466294e+01,1.177580e+05,1.362940e+00,9.484192e-01,9.483678e-01,1.191261e-03,1.084445e-08,3.799172e+01,8.050483e+00,2.994124e+01,3.962011e+01,1.705623e+02
1.266888e+06,1.466306e+01,1.177680e+05,1.363056e+00,9.484115e-01,9.483679e-01,1.191370e-03,1.084445e-08,3.799198e+01,8.050483e+00,2.994149e+01,3.962063e+01,1.705663e+02
1.266898e+06,1.466317e+01,1.177780e+05,1.363172e+00,9.484039e-01,9.483680e-01,1.191478e-03,1.084445e-08,3.799223e+01,8.050483e+00,2.994175e+01,3.962116e+01,1.705703e+02
1.266908e+06,1.466329e+01,1.177880e+05,1.363287e+00,9.483962e-01,9.483681e-01,1.191587e-03,1.084445e-08,3.799249e+01,8.050483e+00,2.994201e+01,3.962168e+01,1.705743e+02
1.266918e+06,1.466340e+01,1.177980e+05,1.363403e+00,9.483886e-01,9.483682e-01,1.191695e-03,1.084445e-08,3.799275e+01,8.050483e+00,2.994226e+01,3.962221e+01,1.705783e+02
1.266928e+06,1.466352e+01,1.178080e+05,1.363519e+00,9.483810e-01,9.483683e-01,1.191804e-03,1.084445e-08,3.799300e+01,8.050483e+00,2.994252e+01,3.962273e+01,1.705823e+02
1.266938e+06,1.466363e+01,1.178180e+05,1.363635e+00,9.483733e-01,9.483684e-01,1.191912e-03,1.084445e-08,3.799326e+01,8.050483e+00,2.994278e+01,3.962326e+01,1.705863e+02
1.266948e+06,1.466375e+01,1.178280e+05,1.363750e+00,9.483657e-01,9.483685e-01,1.192021e-03,1.084445e-08,3.799352e+01,8.050483e+00,2.994303e+01,3.962378e+01,1.705903e+02
1.266958e+06,1.466387e+01,1.178380e+05,1.363866e+00,9.483580e-01,9.483686e-01,1.192129e-03,1.084445e-08,3.799377e+01,8.050483e+00,2.994329e+01,3.962431e+01,1.705943e+02
1.266968e+06,1.466398e+01,1.178480e+05,1.363982e+00,9.483504e-01,9.483687e-01,1.192237e-03,1.084444e-08,3.799403e+01,8.050483e+00,2.994355e+01,3.962483e+01,1.705983e+02
1.266978e+06,1.466410e+01,1.178580e+05,1.364098e+00,9.483520e-01,9.483688e-01,1.192346e-03,1.084444e-08,3.799319e+01,8.050631e+00,2.994256e+01,3.962389e+01,1.706023e+02
1.266988e+06,1.466421e+01,1.178680e+05,1.364213e+00,9.483601e-01,9.483689e-01,1.192454e-03,1.084444e-08,3.799156e+01,8.050885e+00,2.994068e+01,3.962188e+01,1.706063e+02
1.266998e+06,1.466433e+01,1.178780e+05,1.364329e+00,9.483683e-01,9.483690e-01,1.192563e-03,1.084444e-08,3.798994e+01,8.051139e+00,2.993880e+01,3.961988e+01,1.706103e+02
1.267008e+06,1.466444e+01,1.178880e+05,1.364445e+00,9.483765e-01,9.483691e-01,1.192671e-03,1.084444e-08,3.798831e+01,8.051393e+00,2.993692e+01,3.961788e+01,1.706144e+02
1.267018e+06,1.466456e+01,1.178980e+05,1.364560e+00,9.483846e-01,9.483692e-01,1.192780e-03,1.084444e-08,3.798668e+01,8.051647e+00,2.993503e+01,3.961588e+01,1.706184e+02
1.267028e+06,1.466468e+01,1.179080e+05,1.364676e+00,9.483928e-01,9.483693e-01,1.192888e-03,1.084444e-08,3.798505e+01,8.051902e+00,2.993315e+01,3.961388e+01,1.706224e+02
1.267038e+06,1.466479e+01,1.179180e+05,1.364792e+00,9.484010e-01,9.483694e-01,1.192997e-03,1.084444e-08,3.798343e+01,8.052156e+00,2.993127e+01,3.961188e+01,1.706264e+02
1.267048e+06,1.466491e+01,1.179280e+05,1.364908e+00,9.484091e-01,9.483695e-01,1.193105e-03,1.084443e-08,3.798180e+01,8.052410e+00,2.992939e+01,3.960988e+01,1.706304e+02
1.267058e+06,1.466502e+01,1.179380e+05,1.365023e+00,9.484173e-01,9.483696e-01,1.193214e-03,1.084443e-08,3.798017e+01,8.052664e+00,2.992751e+01,3.960788e+01,1.706344e+02
1.267068e+06,1.466514e+01,1.179480e+05,1.365139e+00,9.484255e-01,9.483698e-01,1.193322e-03,1.084443e-08,3.797855e+01,8.052918e+00,2.992563e+01,3.960588e+01,1.706384e+02
1.267078e+06,1.466525e+01,1.179580e+05,1.365255e+00,9.484336e-01,9.483699e-01,1.193430e-03,1.084443e-08,3.797692e+01,8.053172e+00,2.992375e+01,3.960388e+01,1.706424e+02
1.267088e+06,1.466537e+01,1.179680e+05,1.365371e+00,9.484418e-01,9.483700e-01,1.193539e-03,1.084443e-08,3.797529e+01,8.053426e+00,2.992187e+01,3.960187e+01,1.706464e+02
1.267098e+06,1.466549e+01,1.179780e+05,1.365486e+00,9.484499e-01,9.483701e-01,1.193647e-03,1.084443e-08,3.797367e+01,8.053680e+00,2.991999e+01,3.959987e+01,1.706504e+02
1.267108e+06,1.466560e+01,1.179880e+05,1.365602e+00,9.484581e-01,9.483702e-01,1.193756e-03,1.084443e-08,3.797204e+01,8.053935e+00,2.991810e+01,3.959787e+01,1.706544e+02
1.267118e+06,1.466572e+01,1.179980e+05,1.365718e+00,9.484663e-01,9.483703e-01,1.193864e-03,1.084443e-08,3.797041e+01,8.054189e+00,2.991622e+01,3.959587e+01,1.706584e+02
1.267128e+06,1.466583e+01,1.180080e+05,1.365834e+00,9.484744e-01,9.483704e-01,1.193973e-03,1.084443e-08,3.796879e+01,8.054443e+00,2.991434e+01,3.959387e+01,1.706624e+02
1.267138e+06,1.466595e+01,1.180180e+05,1.365949e+00,9.484826e-01,9.483705e-01,1.194081e-03,1.084442e-08,3.796716e+01,8.054697e+00,2.991246e+01,3.959187e+01,1.706664e+02
1.267148e+06,1.466607e+01,1.180280e+05,1.366065e+00,9.484908e-01,9.483706e-01,1.194190e-03,1.084442e-08,3.796553e+01,8.054951e+00,2.991058e+01,3.958987e+01,1.706704e+02
1.267158e+06,1.466618e+01,1.180380e+05,1.366181e+00,9.484989e-01,9.483707e-01,1.194298e-03,1.084442e-08,3.796390e+01,8.055205e+00,2.990870e+01,3.958787e+01,1.706744e+02
1.267168e+06,1.466630e+01,1.180480e+05,1.366297e+00,9.485071e-01,9.483708e-01,1.194407e-03,1.084442e-08,3.796228e+01,8.055459e+00,2.990682e+01,3.958587e+01,1.706784e+02
1.267178e+06,1.466641e+01,1.180580e+05,1.366412e+00,9.485153e-01,9.483709e-01,1.194515e-03,1.084442e-08,3.796065e+01,8.055713e+00,2.990494e+01,3.958387e+01,1.706824e+02
1.267188e+06,1.466653e+01,1.180680e+05,1.366528e+00,9.485234e-01,9.483710e-01,1.194623e-03,1.084442e-08,3.795902e+01,8.055967e+00,2.990306e+01,3.958187e+01,1.706864e+02
1.267198e+06,1.466664e+01,1.180780e+05,1.366644e+00,9.485316e-01,9.483711e-01,1.194732e-03,1.084442e-08,3.795740e+01,8.056222e+00,2.990118e+01,3.957987e+01,1.706904e+02
1.267208e+06,1.466676e+01,1.180880e+05,1.366760e+00,9.485398e-01,9.483712e-01,1.194840e-03,1.084442e-08,3.795577e+01,8.056476e+00,2.989929e+01,3.957787e+01,1.706945e+02
1.267218e+06,1.466688e+01,1.180980e+05,1.366875e+00,9.485420e-01,9.483713e-01,1.194949e-03,1.084441e-08,3.795414e+01,8.056730e+00,2.989741e+01,3.957606e+01,1.706985e+02
1.267228e+06,1.466699e+01,1.181080e+05,1.366991e+00,9.485275e-01,9.483714e-01,1.195057e-03,1.084441e-08,3.795404e+01,8.056828e+00,2.989722e+01,3.957644e+01,1.706951e+02
1.267238e+06,1.466711e+01,1.181180e+05,1.367107e+00,9.485049e-01,9.483715e-01,1.195166e-03,1.084441e-08,3.795490e+01,8.056828e+00,2.989807e+01,3.957809e+01,1.706871e+02
1.267248e+06,1.466722e+01,1.181280e+05,1.367223e+00,9.484823e-01,9.483716e-01,1.195274e-03,1.084441e-08,3.795576e+01,8.056828e+00,2.989893e+01,3.957975e+01,1.706791e+02
1.267258e+06,1.466734e+01,1.181380e+05,1.367338e+00,9.484596e-01,9.483717e-01,1.195383e-03,1.084441e-08,3.795661e+01,8.056828e+00,2.989979e+01,3.958140e+01,1.706710e+02
1.267268e+06,1.466745e+01,1.181480e+05,1.367454e+00,9.484370e-01,9.483718e-01,1.195491e-03,1.084441e-08,3.795747e+01,8.056828e+00,2.990064e+01,3.958306e+01,1.706630e+02
1.267278e+06,1.466757e+01,1.181580e+05,1.367570e+00,9.484144e-01,9.483719e-01,1.195599e-03,1.084441e-08,3.795833e+01,8.056828e+00,2.990150e+01,3.958471e+01,1.706550e+02
1.267288e+06,1.466769e+01,1.181680e+05,1.367686e+00,9.483917e-01,9.483720e-01,1.195708e-03,1.084441e-08,3.795918e+01,8.056828e+00,2.990235e+01,3.958637e+01,1.706470e+02
1.267298e+06,1.466780e+01,1.181780e+05,1.367801e+00,9.483691e-01,9.483721e-01,1.195816e-03,1.084441e-08,3.796004e+01,8.056828e+00,2.990321e+01,3.958802e+01,1.706390e+02
1.267308e+06,1.466792e+01,1.181880e+05,1.367917e+00,9.483465e-01,9.483722e-01,1.195925e-03,1.084440e-08,3.796089e+01,8.056828e+00,2.990407e+01,3.958968e+01,1.706310e+02
1.267318e+06,1.466803e+01,1.181980e+05,1.368033e+00,9.483239e-01,9.483723e-01,1.196033e-03,1.084440e-08,3.796175e+01,8.056828e+00,2.990492e+01,3.959133e+01,1.706230e+02
1.267328e+06,1.466815e+01,1.182080e+05,1.368149e+00,9.483012e-01,9.483724e-01,1.196142e-03,1.084440e-08,3.796261e+01,8.056828e+00,2.990578e+01,3.959299e+01,1.706150e+02
1.267338e+06,1.466826e+01,1.182180e+05,1.368264e+00,9.482786e-01,9.483725e-01,1.196250e-03,1.084440e-08,3.796346e+01,8.056828e+00,2.990664e+01,3.959464e+01,1.706070e+02
1.267348e+06,1.466838e+01,1.182280e+05,1.368380e+00,9.482560e-01,9.483726e-01,1.196359e-03,1.084440e-08,3.796432e+01,8.056828e+00,2.990749e+01,3.959630e+01,1.705989e+02
1.267358e+06,1.466850e+01,1.182380e+05,1.368496e+00,9.482333e-01,9.483727e-01,1.196467e-03,1.084440e-08,3.796518e+01,8.056828e+00,2.990835e+01,3.959795e+01,1.705909e+02
1.267368e+06,1.466861e+01,1.182481e+05,1.368612e+00,9.482107e-01,9.483728e-01,1.196576e-03,1.084440e-08,3.796603e+01,8.056828e+00,2.990920e+01,3.959961e+01,1.705829e+02
1.267378e+06,1.466873e+01,1.182581e+05,1.368727e+00,9.481881e-01,9.483729e-01,1.196684e-03,1.084440e-08,3.796689e+01,8.056828e+00,2.991006e+01,3.960127e+01,1.705749e+02
1.267388e+06,1.466884e+01,1.182681e+05,1.368843e+00,9.481654e-01,9.483730e-01,1.196792e-03,1.084439e-08,3.796774e+01,8.056828e+00,2.991092e+01,3.960292e+01,1.705669e+02
1.267398e+06,1.466896e+01,1.182781e+05,1.368959e+00,9.481428e-01,9.483731e-01,1.196901e-03,1.084439e-08,3.796860e+01,8.056828e+00,2.991177e+01,3.960458e+01,1.705589e+02
1.267408e+06,1.466907e+01,1.182881e+05,1.369075e+00,9.481202e-01,9.483732e-01,1.197009e-03,1.084439e-08,3.796946e+01,8.056828e+00,2.991263e+01,3.960623e+01,1.705509e+02
1.267418e+06,1.466919e+01,1.182981e+05,1.369190e+00,9.480975e-01,9.483734e-01,1.197118e-03,1.084439e-08,3.797031e+01,8.056828e+00,2.991349e+01,3.960789e+01,1.705429e+02
1.267428e+06,1.466931e+01,1.183081e+05,1.369306e+00,9.480749e-01,9.483735e-01,1.197226e-03,1.084439e-08,3.797117e+01,8.056828e+00,2.991434e+01,3.960955e+01,1.705349e+02
1.267438e+06,1.466942e+01,1.183181e+05,1.369422e+00,9.480523e-01,9.483736e-01,1.197335e-03,1.084439e-08,3.797203e+01,8.056828e+00,2.991520e+01,3.961120e+01,1.705269e+02
1.267448e+06,1.466954e+01,1.183281e+05,1.369538e+00,9.480297e-01,9.483737e-01,1.197443e-03,1.084439e-08,3.797288e+01,8.056828e+00,2.991605e+01,3.961286e+01,1.705188e+02
1.267458e+06,1.466965e+01,1.183381e+05,1.369653e+00,9.480070e-01,9.483738e-01,1.197552e-03,1.084439e-08,3.797374e+01,8.056828e+00,2.991691e+01,3.961452e+01,1.705108e+02
1.267468e+06,1.466977e+01,1.183481e+05,1.369769e+00,9.479927e-01,9.483739e-01,1.197660e-03,1.084439e-08,3.797459e+01,8.056828e+00,2.991777e+01,3.961590e+01,1.705028e+02
1.267478e+06,1.466988e+01,1.183581e+05,1.369885e+00,9.480086e-01,9.483740e-01,1.197768e-03,1.084438e-08,3.797556e+01,8.056828e+00,2.991873e+01,3.961638e+01,1.705052e+02
1.267488e+06,1.467000e+01,1.183681e+05,1.370001e+00,9.480386e-01,9.483741e-01,1.197877e-03,1.084438e-08,3.797658e+01,8.056828e+00,2.991976e+01,3.961647e+01,1.705132e+02
1.267498e+06,1.467012e+01,1.183781e+05,1.370116e+00,9.480685e-01,9.483742e-01,1.197985e-03,1.084438e-08,3.797761e+01,8.056828e+00,2.992078e+01,3.961655e+01,1.705211e+02
1.267508e+06,1.467023e+01,1.183881e+05,1.370232e+00,9.480985e-01,9.483743e-01,1.198094e-03,1.084438e-08,3.797863e+01,8.056828e+00,2.992180e+01,3.961663e+01,1.705291e+02
1.267518e+06,1.467035e+01,1.183981e+05,1.370348e+00,9.481285e-01,9.483744e-01,1.198202e-03,1.084438e-08,3.797966e+01,8.056828e+00,2.992283e+01,3.961671e+01,1.705371e+02
1.267528e+06,1.467046e+01,1.184081e+05,1.370464e+00,9.481584e-01,9.483745e-01,1.198311e-03,1.084438e-08,3.798068e+01,8.056828e+00,2.992385e+01,3.961680e+01,1.705451e+02
1.267538e+06,1.467058e+01,1.184181e+05,1.370579e+00,9.481884e-01,9.483746e-01,1.198419e-03,1.084438e-08,3.798170e+01,8.056828e+00,2.992488e+01,3.961688e+01,1.705531e+02
1.267548e+06,1.467070e+01,1.184281e+05,1.370695e+00,9.482184e-01,9.483747e-01,1.198528e-03,1.084438e-08,3.798273e+01,8.056828e+00,2.992590e+01,3.961696e+01,1.705610e+02
1.267558e+06,1.467081e+01,1.184381e+05,1.370811e+00,9.482483e-01,9.483748e-01,1.198636e-03,1.084437e-08,3.798375e+01,8.056828e+00,2.992692e+01,3.961704e+01,1.705690e+02
1.267568e+06,1.467093e+01,1.184481e+05,1.370927e+00,9.482783e-01,9.483749e-01,1.198745e-03,1.084437e-08,3.798478e+01,8.056828e+00,2.992795e+01,3.961713e+01,1.705770e+02
1.267578e+06,1.467104e+01,1.184581e+05,1.371042e+00,9.483083e-01,9.483750e-01,1.198853e-03,1.084437e-08,3.798580e+01,8.056828e+00,2.992897e+01,3.961721e+01,1.705850e+02
1.267588e+06,1.467116e+01,1.184681e+05,1.371158e+00,9.483382e-01,9.483751e-01,1.198961e-03,1.084437e-08,3.798682e+01,8.056828e+00,2.993000e+01,3.961729e+01,1.705930e+02
1.267598e+06,1.467127e+01,1.184781e+05,1.371274e+00,9.483682e-01,9.483752e-01,1.199070e-03,1.084437e-08,3.798785e+01,8.056828e+00,2.993102e+01,3.961737e+01,1.706010e+02
1.267608e+06,1.467139e+01,1.184881e+05,1.371390e+00,9.483982e-01,9.483753e-01,1.199178e-03,1.084437e-08,3.798887e+01,8.056828e+00,2.993204e+01,3.961746e+01,1.706089e+02
1.267618e+06,1.467151e+01,1.184981e+05,1.371505e+00,9.484281e-01,9.483754e-01,1.199287e-03,1.084437e-08,3.798990e+01,8.056828e+00,2.993307e+01,3.961754e+01,1.706169e+02
1.267628e+06,1.467162e+01,1.185081e+05,1.371621e+00,9.484581e-01,9.483755e-01,1.199395e-03,1.084437e-08,3.799092e+01,8.056828e+00,2.993409e+01,3.961762e+01,1.706249e+02
1.267638e+06,1.467174e+01,1.185181e+05,1.371737e+00,9.484881e-01,9.483756e-01,1.199504e-03,1.084437e-08,3.799194e+01,8.056828e+00,2.993512e+01,3.961770e+01,1.706329e+02
1.267648e+06,1.467185e+01,1.185281e+05,1.371853e+00,9.485180e-01,9.483757e-01,1.199612e-03,1.084436e-08,3.799297e+01,8.056828e+00,2.993614e+01,3.961779e+01,1.706409e+02
1.267658e+06,1.467197e+01,1.185381e+05,1.371968e+00,9.485480e-01,9.483758e-01,1.199721e-03,1.084436e-08,3.799399e+01,8.056828e+00,2.993716e+01,3.961787e+01,1.706489e+02
1.267668e+06,1.467208e+01,1.185481e+05,1.372084e+00,9.485780e-01,9.483759e-01,1.199829e-03,1.084436e-08,3.799502e+01,8.056828e+00,2.993819e+01,3.961795e+01,1.706568e+02
1.267678e+06,1.467220e+01,1.185581e+05,1.372200e+00,9.486079e-01,9.483760e-01,1.199938e-03,1.084436e-08,3.799604e+01,8.056828e+00,2.993921e+01,3.961803e+01,1.706648e+02
1.267688e+06,1.467232e+01,1.185681e+05,1.372316e+00,9.486379e-01,9.483761e-01,1.200046e-03,1.084436e-08,3.799706e+01,8.056828e+00,2.994024e+01,3.961812e+01,1.706728e+02
1.267698e+06,1.467243e+01,1.185781e+05,1.372431e+00,9.486679e-01,9.483762e-01,1.200154e-03,1.084436e-08,3.799809e+01,8.056828e+00,2.994126e+01,3.961820e+01,1.706808e+02
1.267708e+06,1.467255e+01,1.185881e+05,1.372547e+00,9.486978e-01,9.483763e-01,1.200263e-03,1.084436e-08,3.799911e+01,8.056828e+00,2.994228e+01,3.961828e+01,1.706888e+02
1.267718e+06,1.467266e+01,1.185981e+05,1.372663e+00,9.487240e-01,9.483764e-01,1.200371e-03,1.084436e-08,3.800014e+01,8.056828e+00,2.994331e+01,3.961849e+01,1.706968e+02
1.267728e+06,1.467278e+01,1.186081e+05,1.372779e+00,9.487273e-01,9.483765e-01,1.200480e-03,1.084435e-08,3.800025e+01,8.056828e+00,2.994342e+01,3.961850e+01,1.707000e+02
1.267738e+06,1.467289e+01,1.186181e+05,1.372894e+00,9.487165e-01,9.483766e-01,1.200588e-03,1.084435e-08,3.799974e+01,8.056828e+00,2.994291e+01,3.961832e+01,1.707000e+02
1.267748e+06,1.467301e+01,1.186281e+05,1.373010e+00,9.487058e-01,9.483767e-01,1.200697e-03,1.084435e-08,3.799922e+01,8.056828e+00,2.994240e+01,3.961813e+01,1.707000e+02
1.267758e+06,1.467313e+01,1.186381e+05,1.373126e+00,9.486951e-01,9.483768e-01,1.200805e-03,1.084435e-08,3.799871e+01,8.056828e+00,2.994188e+01,3.961795e+01,1.707000e+02
1.267768e+06,1.467324e+01,1.186481e+05,1.373242e+00,9.486844e-01,9.483770e-01,1.200914e-03,1.084435e-08,3.799820e+01,8.056828e+00,2.994137e+01,3.961777e+01,1.707000e+02
1.267778e+06,1.467336e+01,1.186581e+05,1.373357e+00,9.486737e-01,9.483771e-01,1.201022e-03,1.084435e-08,3.799769e+01,8.056828e+00,2.994086e+01,3.961758e+01,1.707000e+02
1.267788e+06,1.467347e+01,1.186681e+05,1.373473e+00,9.486630e-01,9.483772e-01,1.201130e-03,1.084435e-08,3.799718e+01,8.056828e+00,2.994035e+01,3.961740e+01,1.707000e+02
1.267798e+06,1.467359e+01,1.186781e+05,1.373589e+00,9.486523e-01,9.483773e-01,1.201239e-03,1.084435e-08,3.799666e+01,8.056828e+00,2.993984e+01,3.961722e+01,1.707000e+02
1.267808e+06,1.467370e+01,1.186881e+05,1.373705e+00,9.486416e-01,9.483774e-01,1.201347e-03,1.084435e-08,3.799615e+01,8.056828e+00,2.993932e+01,3.961703e+01,1.707000e+02
1.267818e+06,1.467382e+01,1.186981e+05,1.373820e+00,9.486309e-01,9.483775e-01,1.201456e-03,1.084434e-08,3.799564e+01,8.056828e+00,2.993881e+01,3.961685e+01,1.707000e+02
1.267828e+06,1.467394e+01,1.187081e+05,1.373936e+00,9.486201e-01,9.483776e-01,1.201564e-03,1.084434e-08,3.799513e+01,8.056828e+00,2.993830e+01,3.961667e+01,1.707000e+02
1.267838e+06,1.467405e+01,1.187181e+05,1.374052e+00,9.486094e-01,9.483777e-01,1.201673e-03,1.084434e-08,3.799462e+01,8.056828e+00,2.993779e+01,3.961648e+01,1.707000e+02
1.267848e+06,1.467417e+01,1.187281e+05,1.374168e+00,9.485987e-01,9.483778e-01,1.201781e-03,1.084434e-08,3.799410e+01,8.056828e+00,2.993728e+01,3.961630e+01,1.707000e+02
1.267858e+06,1.467428e+01,1.187381e+05,1.374283e+00,9.485880e-01,9.483779e-01,1.201890e-03,1.084434e-08,3.799359e+01,8.056828e+00,2.993676e+01,3.961612e+01,1.707000e+02
1.267868e+06,1.467440e+01,1.187481e+05,1.374399e+00,9.485773e-01,9.483780e-01,1.201998e-03,1.084434e-08,3.799308e+01,8.056828e+00,2.993625e+01,3.961593e+01,1.707000e+02
1.267878e+06,1.467451e+01,1.187581e+05,1.374515e+00,9.485666e-01,9.483781e-01,1.202107e-03,1.084434e-08,3.799257e+01,8.056828e+00,2.993574e+01,3.961575e+01,1.707000e+02
1.267888e+06,1.467463e+01,1.187681e+05,1.374631e+00,9.485559e-01,9.483782e-01,1.202215e-03,1.084434e-08,3.799206e+01,8.056828e+00,2.993523e+01,3.961557e+01,1.707000e+02
1.267898e+06,1.467475e+01,1.187781e+05,1.374746e+00,9.485452e-01,9.483783e-01,1.202323e-03,1.084433e-08,3.799154e+01,8.056828e+00,2.993472e+01,3.961538e+01,1.707000e+02
1.267908e+06,1.467486e+01,1.187881e+05,1.374862e+00,9.485345e-01,9.483784e-01,1.202432e-03,1.084433e-08,3.799103e+01,8.056828e+00,2.993420e+01,3.961520e+01,1.707000e+02
1.267918e+06,1.467498e+01,1.187981e+05,1.374978e+00,9.485238e-01,9.483785e-01,1.202540e-03,1.084433e-08,3.799052e+01,8.056828e+00,2.993369e+01,3.961502e+01,1.707000e+02
1.267928e+06,1.467509e+01,1.188081e+05,1.375094e+00,9.485130e-01,9.483786e-01,1.202649e-03,1.084433e-08,3.799001e+01,8.056828e+00,2.993318e+01,3.961483e+01,1.707000e+02
1.267938e+06,1.467521e+01,1.188181e+05,1.375209e+00,9.485023e-01,9.483787e-01,1.202757e-03,1.084433e-08,3.798950e+01,8.056828e+00,2.993267e+01,3.961465e+01,1.707000e+02
1.267948e+06,1.467533e+01,1.188281e+05,1.375325e+00,9.484916e-01,9.483788e-01,1.202866e-03,1.084433e-08,3.798898e+01,8.056828e+00,2.993216e+01,3.961447e+01,1.707000e+02
1.267958e+06,1.467544e+01,1.188381e+05,1.375441e+00,9.484809e-01,9.483789e-01,1.202974e-03,1.084433e-08,3.798847e+01,8.056828e+00,2.993164e+01,3.961428e+01,1.707000e+02
1.267968e+06,1.467556e+01,1.188481e+05,1.375557e+00,9.484667e-01,9.483790e-01,1.203083e-03,1.084433e-08,3.798796e+01,8.056828e+00,2.993113e+01,3.961422e+01,1.707000e+02
1.267978e+06,1.467567e+01,1.188581e+05,1.375672e+00,9.484527e-01,9.483791e-01,1.203191e-03,1.084433e-08,3.798772e+01,8.056828e+00,2.993090e+01,3.961443e+01,1.706957e+02
1.267988e+06,1.467579e+01,1.188681e+05,1.375788e+00,9.484414e-01,9.483792e-01,1.203299e-03,1.084432e-08,3.798772e+01,8.056828e+00,2.993090e+01,3.961481e+01,1.706876e+02
1.267998e+06,1.467590e+01,1.188781e+05,1.375904e+00,9.484301e-01,9.483793e-01,1.203408e-03,1.084432e-08,3.798772e+01,8.056828e+00,2.993090e+01,3.961518e+01,1.706796e+02
1.268008e+06,1.467602e+01,1.188881e+05,1.376020e+00,9.484188e-01,9.483794e-01,1.203516e-03,1.084432e-08,3.798772e+01,8.056828e+00,2.993090e+01,3.961556e+01,1.706716e+02
1.268018e+06,1.467614e+01,1.188981e+05,1.376135e+00,9.484075e-01,9.483795e-01,1.203625e-03,1.084432e-08,3.798772e+01,8.056828e+00,2.993090e+01,3.961594e+01,1.706635e+02
1.268028e+06,1.467625e+01,1.189081e+05,1.376251e+00,9.483962e-01,9.483796e-01,1.203733e-03,1.084432e-08,3.798772e+01,8.056828e+00,2.993090e+01,3.961631e+01,1.706555e+02
1.268038e+06,1.467637e+01,1.189181e+05,1.376367e+00,9.483849e-01,9.483797e-01,1.203842e-03,1.084432e-08,3.798772e+01,8.056828e+00,2.993090e+01,3.961669e+01,1.706474e+02
1.268048e+06,1.467648e+01,1.189281e+05,1.376483e+00,9.483736e-01,9.483798e-01,1.203950e-03,1.084432e-08,3.798772e+01,8.056828e+00,2.993090e+01,3.961707e+01,1.706394e+02
1.268058e+06,1.467660e+01,1.189381e+05,1.376598e+00,9.483623e-01,9.483799e-01,1.204059e-03,1.084432e-08,3.798772e+01,8.056828e+00,2.993090e+01,3.961744e+01,1.706314e+02
1.268068e+06,1.467671e+01,1.189481e+05,1.376714e+00,9.483510e-01,9.483800e-01,1.204167e-03,1.084431e-08,3.798772e+01,8.056828e+00,2.993090e+01,3.961782e+01,1.706233e+02
1.268078e+06,1.467683e+01,1.189581e+05,1.376830e+00,9.483397e-01,9.483801e-01,1.204276e-03,1.084431e-08,3.798772e+01,8.056828e+00,2.993090e+01,3.961819e+01,1.706153e+02
1.268088e+06,1.467695e+01,1.189681e+05,1.376946e+00,9.483284e-01,9.483802e-01,1.204384e-03,1.084431e-08,3.798772e+01,8.056828e+00,2.993090e+01,3.961857e+01,1.706073e+02
1.268098e+06,1.467706e+01,1.189781e+05,1.377061e+00,9.483171e-01,9.483803e-01,1.204492e-03,1.084431e-08,3.798772e+01,8.056828e+00,2.993090e+01,3.961895e+01,1.705992e+02
1.268108e+06,1.467718e+01,1.189881e+05,1.377177e+00,9.483058e-01,9.483804e-01,1.204601e-03,1.084431e-08,3.798772e+01,8.056828e+00,2.993090e+01,3.961932e+01,1.705912e+02
1.268118e+06,1.467729e+01,1.189981e+05,1.377293e+00,9.482945e-01,9.483805e-01,1.204709e-03,1.084431e-08,3.798772e+01,8.056828e+00,2.993090e+01,3.961970e+01,1.705831e+02
1.268128e+06,1.467741e+01,1.190081e+05,1.377409e+00,9.482832e-01,9.483807e-01,1.204818e-03,1.084431e-08,3.798772e+01,8.056828e+00,2.993090e+01,3.962007e+01,1.705751e+02
1.268138e+06,1.467752e+01,1.190181e+05,1.377524e+00,9.482719e-01,9.483808e-01,1.204926e-03,1.084431e-08,3.798772e+01,8.056828e+00,2.993090e+01,3.962045e+01,1.705671e+02
1.268148e+06,1.467764e+01,1.190281e+05,1.377640e+00,9.482606e-01,9.483809e-01,1.205035e-03,1.084431e-08,3.798772e+01,8.056828e+00,2.993090e+01,3.962083e+01,1.705590e+02
1.268158e+06,1.467776e+01,1.190381e+05,1.377756e+00,9.482493e-01,9.483810e-01,1.205143e-03,1.084430e-08,3.798772e+01,8.056828e+00,2.993090e+01,3.962120e+01,1.705510e+02
1.268168e+06,1.467787e+01,1.190481e+05,1.377872e+00,9.482380e-01,9.483811e-01,1.205252e-03,1.084430e-08,3.798772e+01,8.056828e+00,2.993090e+01,3.962158e+01,1.705429e+02
1.268178e+06,1.467799e+01,1.190581e+05,1.377987e+00,9.482267e-01,9.483812e-01,1.205360e-03,1.084430e-08,3.798772e+01,8.056828e+00,2.993090e+01,3.962196e+01,1.705349e+02
1.268188e+06,1.467810e+01,1.190681e+05,1.378103e+00,9.482154e-01,9.483813e-01,1.205469e-03,1.084430e-08,3.798772e+01,8.056828e+00,2.993090e+01,3.962233e+01,1.705269e+02
1.268198e+06,1.467822e+01,1.190781e+05,1.378219e+00,9.482041e-01,9.483814e-01,1.205577e-03,1.084430e-08,3.798772e+01,8.056828e+00,2.993090e+01,3.962271e+01,1.705188e+02
1.268208e+06,1.467833e+01,1.190881e+05,1.378335e+00,9.481928e-01,9.483815e-01,1.205685e-03,1.084430e-08,3.798772e+01,8.056828e+00,2.993090e+01,3.962308e+01,1.705108e+02
1.268218e+06,1.467845e+01,1.190981e+05,1.378450e+00,9.481857e-01,9.483816e-01,1.205794e-03,1.084430e-08,3.798772e+01,8.056828e+00,2.993090e+01,3.962332e+01,1.705028e+02
1.268228e+06,1.467857e+01,1.191081e+05,1.378566e+00,9.481862e-01,9.483817e-01,1.205902e-03,1.084430e-08,3.798756e+01,8.056828e+00,2.993073e+01,3.962313e+01,1.705000e+02
1.268238e+06,1.467868e+01,1.191181e+05,1.378682e+00,9.481894e-01,9.483818e-01,1.206011e-03,1.084429e-08,3.798730e+01,8.056828e+00,2.993047e+01,3.962275e+01,1.705000e+02
1.268248e+06,1.467880e+01,1.191281e+05,1.378798e+00,9.481927e-01,9.483819e-01,1.206119e-03,1.084429e-08,3.798705e+01,8.056828e+00,2.993022e+01,3.962237e+01,1.705000e+02
1.268258e+06,1.467891e+01,1.191381e+05,1.378913e+00,9.481960e-01,9.483820e-01,1.206228e-03,1.084429e-08,3.798679e+01,8.056828e+00,2.992996e+01,3.962199e+01,1.705000e+02
1.268268e+06,1.467903e+01,1.191481e+05,1.379029e+00,9.481993e-01,9.483821e-01,1.206336e-03,1.084429e-08,3.798654e+01,8.056828e+00,2.992971e+01,3.962161e+01,1.705000e+02
1.268278e+06,1.467914e+01,1.191581e+05,1.379145e+00,9.482026e-01,9.483822e-01,1.206445e-03,1.084429e-08,3.798628e+01,8.056828e+00,2.992945e+01,3.962124e+01,1.705000e+02
1.268288e+06,1.467926e+01,1.191681e+05,1.379261e+00,9.482059e-01,9.483823e-01,1.206553e-03,1.084429e-08,3.798603e+01,8.056828e+00,2.992920e+01,3.962086e+01,1.705000e+02
1.268298e+06,1.467938e+01,1.191781e+05,1.379376e+00,9.482091e-01,9.483824e-01,1.206661e-03,1.084429e-08,3.798577e+01,8.056828e+00,2.992894e+01,3.962048e+01,1.705000e+02
1.268308e+06,1.467949e+01,1.191881e+05,1.379492e+00,9.482124e-01,9.483825e-01,1.206770e-03,1.084429e-08,3.798552e+01,8.056828e+00,2.992869e+01,3.962010e+01,1.705000e+02
1.268318e+06,1.467961e+01,1.191981e+05,1.379608e+00,9.482157e-01,9.483826e-01,1.206878e-03,1.084429e-08,3.798526e+01,8.056828e+00,2.992843e+01,3.961972e+01,1.705000e+02
1.268328e+06,1.467972e+01,1.192081e+05,1.379724e+00,9.482190e-01,9.483827e-01,1.206987e-03,1.084428e-08,3.798501e+01,8.056828e+00,2.992818e+01,3.961934e+01,1.705000e+02
1.268338e+06,1.467984e+01,1.192181e+05,1.379839e+00,9.482223e-01,9.483828e-01,1.207095e-03,1.084428e-08,3.798475e+01,8.056828e+00,2.992792e+01,3.961897e+01,1.705000e+02
1.268348e+06,1.467996e+01,1.192281e+05,1.379955e+00,9.482255e-01,9.483829e-01,1.207204e-03,1.084428e-08,3.798450e+01,8.056828e+00,2.992767e+01,3.961859e+01,1.705000e+02
1.268358e+06,1.468007e+01,1.192381e+05,1.380071e+00,9.482288e-01,9.483830e-01,1.207312e-03,1.084428e-08,3.798424e+01,8.056828e+00,2.992741e+01,3.961821e+01,1.705000e+02
1.268368e+06,1.468019e+01,1.192481e+05,1.380187e+00,9.482321e-01,9.483831e-01,1.207421e-03,1.084428e-08,3.798398e+01,8.056828e+00,2.992716e+01,3.961783e+01,1.705000e+02
1.268378e+06,1.468030e+01,1.192581e+05,1.380302e+00,9.482354e-01,9.483832e-01,1.207529e-03,1.084428e-08,3.798373e+01,8.056828e+00,2.992690e+01,3.961745e+01,1.705000e+02
1.268388e+06,1.468042e+01,1.192681e+05,1.380418e+00,9.482387e-01,9.483833e-01,1.207638e-03,1.084428e-08,3.798347e+01,8.056828e+00,2.992665e+01,3.961708e+01,1.705000e+02
1.268398e+06,1.468053e+01,1.192781e+05,1.380534e+00,9.482419e-01,9.483834e-01,1.207746e-03,1.084428e-08,3.798322e+01,8.056828e+00,2.992639e+01,3.961670e+01,1.705000e+02
1.268408e+06,1.468065e+01,1.192881e+05,1.380650e+00,9.482452e-01,9.483835e-01,1.207854e-03,1.084427e-08,3.798296e+01,8.056828e+00,2.992614e+01,3.961632e+01,1.705000e+02
1.268418e+06,1.468077e+01,1.192981e+05,1.380765e+00,9.482485e-01,9.483836e-01,1.207963e-03,1.084427e-08,3.798271e+01,8.056828e+00,2.992588e+01,3.961594e+01,1.705000e+02
1.268428e+06,1.468088e+01,1.193081e+05,1.380881e+00,9.482518e-01,9.483837e-01,1.208071e-03,1.084427e-08,3.798245e+01,8.056828e+00,2.992563e+01,3.961556e+01,1.705000e+02
1.268438e+06,1.468100e+01,1.193181e+05,1.380997e+00,9.482551e-01,9.483838e-01,1.208180e-03,1.084427e-08,3.798220e+01,8.056828e+00,2.992537e+01,3.961518e+01,1.705000e+02
1.268448e+06,1.468111e+01,1.193281e+05,1.381113e+00,9.482583e-01,9.483839e-01,1.208288e-03,1.084427e-08,3.798194e+01,8.056828e+00,2.992512e+01,3.961481e+01,1.705000e+02
1.268458e+06,1.468123e+01,1.193381e+05,1.381228e+00,9.482616e-01,9.483840e-01,1.208397e-03,1.084427e-08,3.798169e+01,8.056828e+00,2.992486e+01,3.961443e+01,1.705000e+02
1.268468e+06,1.468134e+01,1.193481e+05,1.381344e+00,9.482666e-01,9.483841e-01,1.208505e-03,1.084427e-08,3.798143e+01,8.056828e+00,2.992461e+01,3.961399e+01,1.705000e+02
1.268478e+06,1.468146e+01,1.193581e+05,1.381460e+00,9.482761e-01,9.483843e-01,1.208614e-03,1.084427e-08,3.798104e+01,8.056696e+00,2.992435e+01,3.961327e+01,1.705021e+02
1.268488e+06,1.468158e+01,1.193681e+05,1.381576e+00,9.482884e-01,9.483844e-01,1.208722e-03,1.084427e-08,3.798053e+01,8.056441e+00,2.992409e+01,3.961233e+01,1.705061e+02
1.268498e+06,1.468169e+01,1.193781e+05,1.381691e+00,9.483008e-01,9.483845e-01,1.208830e-03,1.084426e-08,3.798001e+01,8.056186e+00,2.992383e+01,3.961139e+01,1.705101e+02
1.268508e+06,1.468181e+01,1.193881e+05,1.381807e+00,9.483131e-01,9.483846e-01,1.208939e-03,1.084426e-08,3.797950e+01,8.055931e+00,2.992357e+01,3.961045e+01,1.705141e+02
1.268518e+06,1.468192e+01,1.193981e+05,1.381923e+00,9.483255e-01,9.483847e-01,1.209047e-03,1.084426e-08,3.797898e+01,8.055676e+00,2.992331e+01,3.960951e+01,1.705182e+02
1.268528e+06,1.468204e+01,1.194081e+05,1.382039e+00,9.483378e-01,9.483848e-01,1.209156e-03,1.084426e-08,3.797847e+01,8.055421e+00,2.992305e+01,3.960857e+01,1.705222e+02
1.268538e+06,1.468215e+01,1.194181e+05,1.382154e+00,9.483501e-01,9.483849e-01,1.209264e-03,1.084426e-08,3.797795e+01,8.055166e+00,2.992278e+01,3.960763e+01,1.705262e+02
1.268548e+06,1.468227e+01,1.194281e+05,1.382270e+00,9.483625e-01,9.483850e-01,1.209373e-03,1.084426e-08,3.797744e+01,8.054911e+00,2.992252e+01,3.960669e+01,1.705302e+02
1.268558e+06,1.468239e+01,1.194381e+05,1.382386e+00,9.483748e-01,9.483851e-01,1.209481e-03,1.084426e-08,3.797692e+01,8.054656e+00,2.992226e+01,3.960575e+01,1.705342e+02
1.268568e+06,1.468250e+01,1.194481e+05,1.382502e+00,9.483872e-01,9.483852e-01,1.209590e-03,1.084426e-08,3.797640e+01,8.054401e+00,2.992200e+01,3.960481e+01,1.705382e+02
1.268578e+06,1.468262e+01,1.194581e+05,1.382617e+00,9.483995e-01,9.483853e-01,1.209698e-03,1.084425e-08,3.797589e+01,8.054146e+00,2.992174e+01,3.960387e+01,1.705423e+02
1.268588e+06,1.468273e+01,1.194681e+05,1.382733e+00,9.484119e-01,9.483854e-01,1.209807e-03,1.084425e-08,3.797537e+01,8.053891e+00,2.992148e+01,3.960293e+01,1.705463e+02
1.268598e+06,1.468285e+01,1.194781e+05,1.382849e+00,9.484242e-01,9.483855e-01,1.209915e-03,1.084425e-08,3.797486e+01,8.053636e+00,2.992122e+01,3.960199e+01,1.705503e+02
1.268608e+06,1.468296e+01,1.194881e+05,1.382965e+00,9.484365e-01,9.483856e-01,1.210023e-03,1.084425e-08,3.797434e+01,8.053381e+00,2.992096e+01,3.960105e+01,1.705543e+02
1.268618e+06,1.468308e+01,1.194981e+05,1.383080e+00,9.484489e-01,9.483857e-01,1.210132e-03,1.084425e-08,3.797383e+01,8.053126e+00,2.992070e+01,3.960011e+01,1.705583e+02
1.268628e+06,1.468320e+01,1.195081e+05,1.383196e+00,9.484612e-01,9.483858e-01,1.210240e-03,1.084425e-08,3.797331e+01,8.052871e+00,2.992044e+01,3.959917e+01,1.705624e+02
1.268638e+06,1.468331e+01,1.195181e+05,1.383312e+00,9.484736e-01,9.483859e-01,1.210349e-03,1.084425e-08,3.797280e+01,8.052616e+00,2.992018e+01,3.959823e+01,1.705664e+02
1.268648e+06,1.468343e+01,1.195281e+05,1.383428e+00,9.484859e-01,9.483860e-01,1.210457e-03,1.084425e-08,3.797228e+01,8.052361e+00,2.991992e+01,3.959729e+01,1.705704e+02
1.268658e+06,1.468354e+01,1.195381e+05,1.383543e+00,9.484983e-01,9.483861e-01,1.210566e-03,1.084425e-08,3.797176e+01,8.052106e+00,2.991966e+01,3.959635e+01,1.705744e+02
1.268668e+06,1.468366e+01,1.195481e+05,1.383659e+00,9.485106e-01,9.483862e-01,1.210674e-03,1.084424e-08,3.797125e+01,8.051851e+00,2.991940e+01,3.959541e+01,1.705784e+02
1.268678e+06,1.468377e+01,1.195581e+05,1.383775e+00,9.485230e-01,9.483863e-01,1.210783e-03,1.084424e-08,3.797073e+01,8.051596e+00,2.991914e+01,3.959447e+01,1.705825e+02
1.268688e+06,1.468389e+01,1.195681e+05,1.383891e+00,9.485353e-01,9.483864e-01,1.210891e-03,1.084424e-08,3.797022e+01,8.051341e+00,2.991888e+01,3.959353e+01,1.705865e+02
1.268698e+06,1.468401e+01,1.195781e+05,1.384006e+00,9.485476e-01,9.483865e-01,1.210999e-03,1.084424e-08,3.796970e+01,8.051086e+00,2.991862e+01,3.959259e+01,1.705905e+02
1.268708e+06,1.468412e+01,1.195881e+05,1.384122e+00,9.485600e-01,9.483866e-01,1.211108e-03,1.084424e-08,3.796919e+01,8.050831e+00,2.991836e+01,3.959165e+01,1.705945e+02
1.268718e+06,1.468424e+01,1.195981e+05,1.384238e+00,9.485683e-01,9.483867e-01,1.211216e-03,1.084424e-08,3.796867e+01,8.050576e+00,2.991810e+01,3.959084e+01,1.705985e+02
1.268728e+06,1.468435e+01,1.196081e+05,1.384354e+00,9.485627e-01,9.483868e-01,1.211325e-03,1.084424e-08,3.796778e+01,8.050483e+00,2.991730e+01,3.959009e+01,1.705975e+02
1.268738e+06,1.468447e+01,1.196181e+05,1.384469e+00,9.485505e-01,9.483869e-01,1.211433e-03,1.084424e-08,3.796668e+01,8.050483e+00,2.991619e+01,3.958933e+01,1.705935e+02
1.268748e+06,1.468459e+01,1.196281e+05,1.384585e+00,9.485382e-01,9.483870e-01,1.211542e-03,1.084423e-08,3.796557e+01,8.050483e+00,2.991509e+01,3.958858e+01,1.705895e+02
1.268758e+06,1.468470e+01,1.196381e+05,1.384701e+00,9.485260e-01,9.483871e-01,1.211650e-03,1.084423e-08,3.796446e+01,8.050483e+00,2.991398e+01,3.958782e+01,1.705855e+02
1.268768e+06,1.468482e+01,1.196481e+05,1.384817e+00,9.485138e-01,9.483872e-01,1.211759e-03,1.084423e-08,3.796336e+01,8.050483e+00,2.991288e+01,3.958706e+01,1.705816e+02
1.268778e+06,1.468493e+01,1.196581e+05,1.384932e+00,9.485016e-01,9.483873e-01,1.211867e-03,1.084423e-08,3.796225e+01,8.050483e+00,2.991177e+01,3.958630e+01,1.705776e+02
1.268788e+06,1.468505e+01,1.196681e+05,1.385048e+00,9.484894e-01,9.483874e-01,1.211976e-03,1.084423e-08,3.796115e+01,8.050483e+00,2.991066e+01,3.958554e+01,1.705736e+02
1.268798e+06,1.468516e+01,1.196781e+05,1.385164e+00,9.484772e-01,9.483875e-01,1.212084e-03,1.084423e-08,3.796004e+01,8.050483e+00,2.990956e+01,3.958478e+01,1.705696e+02
1.268808e+06,1.468528e+01,1.196881e+05,1.385279e+00,9.484649e-01,9.483876e-01,1.212192e-03,1.084423e-08,3.795894e+01,8.050483e+00,2.990845e+01,3.958402e+01,1.705657e+02
1.268818e+06,1.468540e+01,1.196981e+05,1.385395e+00,9.484527e-01,9.483877e-01,1.212301e-03,1.084423e-08,3.795783e+01,8.050483e+00,2.990735e+01,3.958326e+01,1.705617e+02
1.268828e+06,1.468551e+01,1.197082e+05,1.385511e+00,9.484405e-01,9.483879e-01,1.212409e-03,1.084423e-08,3.795673e+01,8.050483e+00,2.990624e+01,3.958250e+01,1.705577e+02
1.268838e+06,1.468563e+01,1.197182e+05,1.385627e+00,9.484283e-01,9.483880e-01,1.212518e-03,1.084422e-08,3.795562e+01,8.050483e+00,2.990514e+01,3.958174e+01,1.705537e+02
1.268848e+06,1.468574e+01,1.197282e+05,1.385742e+00,9.484161e-01,9.483881e-01,1.212626e-03,1.084422e-08,3.795451e+01,8.050483e+00,2.990403e+01,3.958098e+01,1.705497e+02
1.268858e+06,1.468586e+01,1.197382e+05,1.385858e+00,9.484039e-01,9.483882e-01,1.212735e-03,1.084422e-08,3.795341e+01,8.050483e+00,2.990293e+01,3.958022e+01,1.705458e+02
1.268868e+06,1.468597e+01,1.197482e+05,1.385974e+00,9.483916e-01,9.483883e-01,1.212843e-03,1.084422e-08,3.795230e+01,8.050483e+00,2.990182e+01,3.957946e+01,1.705418e+02
1.268878e+06,1.468609e+01,1.197582e+05,1.386090e+00,9.483794e-01,9.483884e-01,1.212952e-03,1.084422e-08,3.795120e+01,8.050483e+00,2.990072e+01,3.957870e+01,1.705378e+02
1.268888e+06,1.468621e+01,1.197682e+05,1.386205e+00,9.483672e-01,9.483885e-01,1.213060e-03,1.084422e-08,3.795009e+01,8.050483e+00,2.989961e+01,3.957794e+01,1.705338e+02
1.268898e+06,1.468632e+01,1.197782e+05,1.386321e+00,9.483550e-01,9.483886e-01,1.213168e-03,1.084422e-08,3.794899e+01,8.050483e+00,2.989850e+01,3.957718e+01,1.705299e+02
1.268908e+06,1.468644e+01,1.197882e+05,1.386437e+00,9.483428e-01,9.483887e-01,1.213277e-03,1.084422e-08,3.794788e+01,8.050483e+00,2.989740e+01,3.957642e+01,1.705259e+02
1.268918e+06,1.468655e+01,1.197982e+05,1.386553e+00,9.483306e-01,9.483888e-01,1.213385e-03,1.084421e-08,3.794678e+01,8.050483e+00,2.989629e+01,3.957566e+01,1.705219e+02
1.268928e+06,1.468667e+01,1.198082e+05,1.386668e+00,9.483184e-01,9.483889e-01,1.213494e-03,1.084421e-08,3.794567e+01,8.050483e+00,2.989519e+01,3.957490e+01,1.705179e+02
1.268938e+06,1.468678e+01,1.198182e+05,1.386784e+00,9.483061e-01,9.483890e-01,1.213602e-03,1.084421e-08,3.794457e+01,8.050483e+00,2.989408e+01,3.957415e+01,1.705139e+02
1.268948e+06,1.468690e+01,1.198282e+05,1.386900e+00,9.482939e-01,9.483891e-01,1.213711e-03,1.084421e-08,3.794346e+01,8.050483e+00,2.989298e+01,3.957339e+01,1.705100e+02
1.268958e+06,1.468702e+01,1.198382e+05,1.387016e+00,9.482817e-01,9.483892e-01,1.213819e-03,1.084421e-08,3.794235e+01,8.050483e+00,2.989187e+01,3.957263e+01,1.705060e+02
1.268968e+06,1.468713e+01,1.198482e+05,1.387131e+00,9.482711e-01,9.483893e-01,1.213928e-03,1.084421e-08,3.794125e+01,8.050483e+00,2.989077e+01,3.957181e+01,1.705020e+02
1.268978e+06,1.468725e+01,1.198582e+05,1.387247e+00,9.482681e-01,9.483894e-01,1.214036e-03,1.084421e-08,3.794094e+01,8.050483e+00,2.989046e+01,3.957159e+01,1.705000e+02
1.268988e+06,1.468736e+01,1.198682e+05,1.387363e+00,9.482714e-01,9.483895e-01,1.214144e-03,1.084421e-08,3.794146e+01,8.050483e+00,2.989098e+01,3.957202e+01,1.705000e+02
1.268998e+06,1.468748e+01,1.198782e+05,1.387479e+00,9.482748e-01,9.483896e-01,1.214253e-03,1.084421e-08,3.794198e+01,8.050483e+00,2.989149e+01,3.957246e+01,1.705000e+02
1.269008e+06,1.468759e+01,1.198882e+05,1.387594e+00,9.482781e-01,9.483897e-01,1.214361e-03,1.084420e-08,3.794249e+01,8.050483e+00,2.989201e+01,3.957289e+01,1.705000e+02
1.269018e+06,1.468771e+01,1.198982e+05,1.387710e+00,9.482814e-01,9.483898e-01,1.214470e-03,1.084420e-08,3.794301e+01,8.050483e+00,2.989252e+01,3.957332e+01,1.705000e+02
1.269028e+06,1.468783e+01,1.199082e+05,1.387826e+00,9.482847e-01,9.483899e-01,1.214578e-03,1.084420e-08,3.794352e+01,8.050483e+00,2.989304e+01,3.957376e+01,1.705000e+02
1.269038e+06,1.468794e+01,1.199182e+05,1.387942e+00,9.482880e-01,9.483900e-01,1.214687e-03,1.084420e-08,3.794404e+01,8.050483e+00,2.989356e+01,3.957419e+01,1.705000e+02
1.269048e+06,1.468806e+01,1.199282e+05,1.388057e+00,9.482913e-01,9.483901e-01,1.214795e-03,1.084420e-08,3.794455e+01,8.050483e+00,2.989407e+01,3.957462e+01,1.705000e+02
1.269058e+06,1.468817e+01,1.199382e+05,1.388173e+00,9.482947e-01,9.483902e-01,1.214904e-03,1.084420e-08,3.794507e+01,8.050483e+00,2.989459e+01,3.957506e+01,1.705000e+02
1.269068e+06,1.468829e+01,1.199482e+05,1.388289e+00,9.482980e-01,9.483903e-01,1.215012e-03,1.084420e-08,3.794558e+01,8.050483e+00,2.989510e+01,3.957549e+01,1.705000e+02
1.269078e+06,1.468840e+01,1.199582e+05,1.388405e+00,9.483013e-01,9.483904e-01,1.215121e-03,1.084420e-08,3.794610e+01,8.050483e+00,2.989562e+01,3.957592e+01,1.705000e+02
1.269088e+06,1.468852e+01,1.199682e+05,1.388520e+00,9.483046e-01,9.483905e-01,1.215229e-03,1.084419e-08,3.794662e+01,8.050483e+00,2.989613e+01,3.957636e+01,1.705000e+02
1.269098e+06,1.468864e+01,1.199782e+05,1.388636e+00,9.483079e-01,9.483906e-01,1.215337e-03,1.084419e-08,3.794713e+01,8.050483e+00,2.989665e+01,3.957679e+01,1.705000e+02
1.269108e+06,1.468875e+01,1.199882e+05,1.388752e+00,9.483112e-01,9.483907e-01,1.215446e-03,1.084419e-08,3.794765e+01,8.050483e+00,2.989716e+01,3.957722e+01,1.705000e+02
1.269118e+06,1.468887e+01,1.199982e+05,1.388868e+00,9.483146e-01,9.483908e-01,1.215554e-03,1.084419e-08,3.794816e+01,8.050483e+00,2.989768e+01,3.957766e+01,1.705000e+02
1.269128e+06,1.468898e+01,1.200082e+05,1.388983e+00,9.483179e-01,9.483909e-01,1.215663e-03,1.084419e-08,3.794868e+01,8.050483e+00,2.989819e+01,3.957809e+01,1.705000e+02
1.269138e+06,1.468910e+01,1.200182e+05,1.389099e+00,9.483212e-01,9.483910e-01,1.215771e-03,1.084419e-08,3.794919e+01,8.050483e+00,2.989871e+01,3.957853e+01,1.705000e+02
1.269148e+06,1.468921e+01,1.200282e+05,1.389215e+00,9.483245e-01,9.483911e-01,1.215880e-03,1.084419e-08,3.794971e+01,8.050483e+00,2.989923e+01,3.957896e+01,1.705000e+02
1.269158e+06,1.468933e+01,1.200382e+05,1.389331e+00,9.483278e-01,9.483912e-01,1.215988e-03,1.084419e-08,3.795022e+01,8.050483e+00,2.989974e+01,3.957939e+01,1.705000e+02
1.269168e+06,1.468945e+01,1.200482e+05,1.389446e+00,9.483311e-01,9.483913e-01,1.216097e-03,1.084419e-08,3.795074e+01,8.050483e+00,2.990026e+01,3.957983e+01,1.705000e+02
1.269178e+06,1.468956e+01,1.200582e+05,1.389562e+00,9.483344e-01,9.483915e-01,1.216205e-03,1.084418e-08,3.795126e+01,8.050483e+00,2.990077e+01,3.958026e+01,1.705000e+02
1.269188e+06,1.468968e+01,1.200682e+05,1.389678e+00,9.483378e-01,9.483916e-01,1.216313e-03,1.084418e-08,3.795177e+01,8.050483e+00,2.990129e+01,3.958069e+01,1.705000e+02
1.269198e+06,1.468979e+01,1.200782e+05,1.389794e+00,9.483411e-01,9.483917e-01,1.216422e-03,1.084418e-08,3.795229e+01,8.050483e+00,2.990180e+01,3.958113e+01,1.705000e+02
1.269208e+06,1.468991e+01,1.200882e+05,1.389909e+00,9.483444e-01,9.483918e-01,1.216530e-03,1.084418e-08,3.795280e+01,8.050483e+00,2.990232e+01,3.958156e+01,1.705000e+02
1.269218e+06,1.469003e+01,1.200982e+05,1.390025e+00,9.483477e-01,9.483919e-01,1.216639e-03,1.084418e-08,3.795332e+01,8.050483e+00,2.990283e+01,3.958199e+01,1.705000e+02
1.269228e+06,1.469014e+01,1.201082e+05,1.390141e+00,9.483490e-01,9.483920e-01,1.216747e-03,1.084418e-08,3.795388e+01,8.050483e+00,2.990340e+01,3.958255e+01,1.705000e+02
1.269238e+06,1.469026e+01,1.201182e+05,1.390257e+00,9.483490e-01,9.483921e-01,1.216856e-03,1.084418e-08,3.795448e+01,8.050483e+00,2.990400e+01,3.958318e+01,1.705000e+02
1.269248e+06,1.469037e+01,1.201282e+05,1.390372e+00,9.483490e-01,9.483922e-01,1.216964e-03,1.084418e-08,3.795508e+01,8.050483e+00,2.990460e+01,3.958381e+01,1.705000e+02
1.269258e+06,1.469049e+01,1.201382e+05,1.390488e+00,9.483490e-01,9.483923e-01,1.217073e-03,1.084417e-08,3.795568e+01,8.050483e+00,2.990520e+01,3.958444e+01,1.705000e+02
1.269268e+06,1.469060e+01,1.201482e+05,1.390604e+00,9.483490e-01,9.483924e-01,1.217181e-03,1.084417e-08,3.795628e+01,8.050483e+00,2.990580e+01,3.958508e+01,1.705000e+02
1.269278e+06,1.469072e+01,1.201582e+05,1.390720e+00,9.483490e-01,9.483925e-01,1.217290e-03,1.084417e-08,3.795688e+01,8.050483e+00,2.990640e+01,3.958571e+01,1.705000e+02
1.269288e+06,1.469084e+01,1.201682e+05,1.390835e+00,9.483490e-01,9.483926e-01,1.217398e-03,1.084417e-08,3.795748e+01,8.050483e+00,2.990700e+01,3.958634e+01,1.705000e+02
1.269298e+06,1.469095e+01,1.201782e+05,1.390951e+00,9.483490e-01,9.483927e-01,1.217506e-03,1.084417e-08,3.795808e+01,8.050483e+00,2.990760e+01,3.958697e+01,1.705000e+02
1.269308e+06,1.469107e+01,1.201882e+05,1.391067e+00,9.483490e-01,9.483928e-01,1.217615e-03,1.084417e-08,3.795868e+01,8.050483e+00,2.990820e+01,3.958760e+01,1.705000e+02
1.269318e+06,1.469118e+01,1.201982e+05,1.391183e+00,9.483490e-01,9.483929e-01,1.217723e-03,1.084417e-08,3.795928e+01,8.050483e+00,2.990880e+01,3.958824e+01,1.705000e+02
1.269328e+06,1.469130e+01,1.202082e+05,1.391298e+00,9.483490e-01,9.483930e-01,1.217832e-03,1.084417e-08,3.795988e+01,8.050483e+00,2.990940e+01,3.958887e+01,1.705000e+02
1.269338e+06,1.469141e+01,1.202182e+05,1.391414e+00,9.483490e-01,9.483931e-01,1.217940e-03,1.084417e-08,3.796048e+01,8.050483e+00,2.991000e+01,3.958950e+01,1.705000e+02
1.269348e+06,1.469153e+01,1.202282e+05,1.391530e+00,9.483490e-01,9.483932e-01,1.218049e-03,1.084416e-08,3.796108e+01,8.050483e+00,2.991059e+01,3.959013e+01,1.705000e+02
1.269358e+06,1.469165e+01,1.202382e+05,1.391646e+00,9.483490e-01,9.483933e-01,1.218157e-03,1.084416e-08,3.796168e+01,8.050483e+00,2.991119e+01,3.959076e+01,1.705000e+02
1.269368e+06,1.469176e+01,1.202482e+05,1.391761e+00,9.483490e-01,9.483934e-01,1.218266e-03,1.084416e-08,3.796228e+01,8.050483e+00,2.991179e+01,3.959140e+01,1.705000e+02
1.269378e+06,1.469188e+01,1.202582e+05,1.391877e+00,9.483490e-01,9.483935e-01,1.218374e-03,1.084416e-08,3.796288e+01,8.050483e+00,2.991239e+01,3.959203e+01,1.705000e+02
1.269388e+06,1.469199e+01,1.202682e+05,1.391993e+00,9.483490e-01,9.483936e-01,1.218482e-03,1.084416e-08,3.796347e+01,8.050483e+00,2.991299e+01,3.959266e+01,1.705000e+02
1.269398e+06,1.469211e+01,1.202782e+05,1.392109e+00,9.483490e-01,9.483937e-01,1.218591e-03,1.084416e-08,3.796407e+01,8.050483e+00,2.991359e+01,3.959329e+01,1.705000e+02
1.269408e+06,1.469222e+01,1.202882e+05,1.392224e+00,9.483490e-01,9.483938e-01,1.218699e-03,1.084416e-08,3.796467e+01,8.050483e+00,2.991419e+01,3.959392e+01,1.705000e+02
1.269418e+06,1.469234e+01,1.202982e+05,1.392340e+00,9.483490e-01,9.483939e-01,1.218808e-03,1.084416e-08,3.796527e+01,8.050483e+00,2.991479e+01,3.959456e+01,1.705000e+02
1.269428e+06,1.469246e+01,1.203082e+05,1.392456e+00,9.483490e-01,9.483940e-01,1.218916e-03,1.084415e-08,3.796587e+01,8.050483e+00,2.991539e+01,3.959519e+01,1.705000e+02
1.269438e+06,1.469257e+01,1.203182e+05,1.392572e+00,9.483490e-01,9.483941e-01,1.219025e-03,1.084415e-08,3.796647e+01,8.050483e+00,2.991599e+01,3.959582e+01,1.705000e+02
1.269448e+06,1.469269e+01,1.203282e+05,1.392687e+00,9.483490e-01,9.483942e-01,1.219133e-03,1.084415e-08,3.796707e+01,8.050483e+00,2.991659e+01,3.959645e+01,1.705000e+02
1.269458e+06,1.469280e+01,1.203382e+05,1.392803e+00,9.483490e-01,9.483943e-01,1.219242e-03,1.084415e-08,3.796767e+01,8.050483e+00,2.991719e+01,3.959708e+01,1.705000e+02
1.269468e+06,1.469292e+01,1.203482e+05,1.392919e+00,9.483469e-01,9.483944e-01,1.219350e-03,1.084415e-08,3.796827e+01,8.050483e+00,2.991779e+01,3.959778e+01,1.705000e+02
1.269478e+06,1.469303e+01,1.203582e+05,1.393035e+00,9.483412e-01,9.483945e-01,1.219459e-03,1.084415e-08,3.796760e+01,8.050646e+00,2.991696e+01,3.959726e+01,1.704974e+02
1.269488e+06,1.469315e+01,1.203682e+05,1.393150e+00,9.483341e-01,9.483946e-01,1.219567e-03,1.084415e-08,3.796624e+01,8.050899e+00,2.991534e+01,3.959604e+01,1.704934e+02
1.269498e+06,1.469327e+01,1.203782e+05,1.393266e+00,9.483270e-01,9.483947e-01,1.219675e-03,1.084415e-08,3.796487e+01,8.051153e+00,2.991372e+01,3.959483e+01,1.704894e+02
1.269508e+06,1.469338e+01,1.203882e+05,1.393382e+00,9.483199e-01,9.483948e-01,1.219784e-03,1.084415e-08,3.796351e+01,8.051406e+00,2.991210e+01,3.959361e+01,1.704855e+02
1.269518e+06,1.469350e+01,1.203982e+05,1.393498e+00,9.483128e-01,9.483949e-01,1.219892e-03,1.084414e-08,3.796214e+01,8.051659e+00,2.991048e+01,3.959239e+01,1.704815e+02
1.269528e+06,1.469361e+01,1.204082e+05,1.393613e+00,9.483057e-01,9.483951e-01,1.220001e-03,1.084414e-08,3.796078e+01,8.051912e+00,2.990886e+01,3.959118e+01,1.704775e+02
1.269538e+06,1.469373e+01,1.204182e+05,1.393729e+00,9.482986e-01,9.483952e-01,1.220109e-03,1.084414e-08,3.795941e+01,8.052166e+00,2.990724e+01,3.958996e+01,1.704735e+02
1.269548e+06,1.469384e+01,1.204282e+05,1.393845e+00,9.482915e-01,9.483953e-01,1.220218e-03,1.084414e-08,3.795804e+01,8.052419e+00,2.990563e+01,3.958874e+01,1.704695e+02
1.269558e+06,1.469396e+01,1.204382e+05,1.393961e+00,9.482844e-01,9.483954e-01,1.220326e-03,1.084414e-08,3.795668e+01,8.052672e+00,2.990401e+01,3.958752e+01,1.704655e+02
1.269568e+06,1.469408e+01,1.204482e+05,1.394076e+00,9.482773e-01,9.483955e-01,1.220435e-03,1.084414e-08,3.795531e+01,8.052925e+00,2.990239e+01,3.958631e+01,1.704615e+02
1.269578e+06,1.469419e+01,1.204582e+05,1.394192e+00,9.482702e-01,9.483956e-01,1.220543e-03,1.084414e-08,3.795395e+01,8.053179e+00,2.990077e+01,3.958509e+01,1.704575e+02
1.269588e+06,1.469431e+01,1.204682e+05,1.394308e+00,9.482631e-01,9.483957e-01,1.220651e-03,1.084414e-08,3.795258e+01,8.053432e+00,2.989915e+01,3.958387e+01,1.704535e+02
1.269598e+06,1.469442e+01,1.204782e+05,1.394424e+00,9.482560e-01,9.483958e-01,1.220760e-03,1.084413e-08,3.795122e+01,8.053685e+00,2.989753e+01,3.958265e+01,1.704495e+02
1.269608e+06,1.469454e+01,1.204882e+05,1.394539e+00,9.482488e-01,9.483959e-01,1.220868e-03,1.084413e-08,3.794985e+01,8.053938e+00,2.989591e+01,3.958144e+01,1.704455e+02
1.269618e+06,1.469466e+01,1.204982e+05,1.394655e+00,9.482417e-01,9.483960e-01,1.220977e-03,1.084413e-08,3.794849e+01,8.054192e+00,2.989430e+01,3.958022e+01,1.704415e+02
1.269628e+06,1.469477e+01,1.205082e+05,1.394771e+00,9.482346e-01,9.483961e-01,1.221085e-03,1.084413e-08,3.794712e+01,8.054445e+00,2.989268e+01,3.957900e+01,1.704376e+02
1.269638e+06,1.469489e+01,1.205182e+05,1.394887e+00,9.482275e-01,9.483962e-01,1.221194e-03,1.084413e-08,3.794576e+01,8.054698e+00,2.989106e+01,3.957779e+01,1.704336e+02
1.269648e+06,1.469500e+01,1.205282e+05,1.395002e+00,9.482204e-01,9.483963e-01,1.221302e-03,1.084413e-08,3.794439e+01,8.054951e+00,2.988944e+01,3.957657e+01,1.704296e+02
1.269658e+06,1.469512e+01,1.205382e+05,1.395118e+00,9.482133e-01,9.483964e-01,1.221411e-03,1.084413e-08,3.794303e+01,8.055204e+00,2.988782e+01,3.957535e+01,1.704256e+02
1.269668e+06,1.469523e+01,1.205482e+05,1.395234e+00,9.482062e-01,9.483965e-01,1.221519e-03,1.084413e-08,3.794166e+01,8.055458e+00,2.988620e+01,3.957413e+01,1.704216e+02
1.269678e+06,1.469535e+01,1.205582e+05,1.395350e+00,9.481991e-01,9.483966e-01,1.221627e-03,1.084413e-08,3.794030e+01,8.055711e+00,2.988458e+01,3.957292e+01,1.704176e+02
1.269688e+06,1.469547e+01,1.205682e+05,1.395465e+00,9.481920e-01,9.483967e-01,1.221736e-03,1.084412e-08,3.793893e+01,8.055964e+00,2.988297e+01,3.957170e+01,1.704136e+02
1.269698e+06,1.469558e+01,1.205782e+05,1.395581e+00,9.481849e-01,9.483968e-01,1.221844e-03,1.084412e-08,3.793757e+01,8.056217e+00,2.988135e+01,3.957048e+01,1.704096e+02
1.269708e+06,1.469570e+01,1.205882e+05,1.395697e+00,9.481778e-01,9.483969e-01,1.221953e-03,1.084412e-08,3.793620e+01,8.056471e+00,2.987973e+01,3.956926e+01,1.704056e+02
1.269718e+06,1.469581e+01,1.205982e+05,1.395813e+00,9.481745e-01,9.483970e-01,1.222061e-03,1.084412e-08,3.793483e+01,8.056724e+00,2.987811e+01,3.956792e+01,1.704016e+02
1.269728e+06,1.469593e+01,1.206082e+05,1.395928e+00,9.481775e-01,9.483971e-01,1.222170e-03,1.084412e-08,3.793584e+01,8.056828e+00,2.987902e+01,3.956888e+01,1.704024e+02
1.269738e+06,1.469604e+01,1.206182e+05,1.396044e+00,9.481831e-01,9.483972e-01,1.222278e-03,1.084412e-08,3.793850e+01,8.056828e+00,2.988167e+01,3.957149e+01,1.704064e+02
1.269748e+06,1.469616e+01,1.206282e+05,1.396160e+00,9.481886e-01,9.483973e-01,1.222387e-03,1.084412e-08,3.794115e+01,8.056828e+00,2.988433e+01,3.957411e+01,1.704104e+02
1.269758e+06,1.469628e+01,1.206382e+05,1.396276e+00,9.481942e-01,9.483974e-01,1.222495e-03,1.084412e-08,3.794381e+01,8.056828e+00,2.988698e+01,3.957672e+01,1.704144e+02
1.269768e+06,1.469639e+01,1.206482e+05,1.396391e+00,9.481998e-01,9.483975e-01,1.222604e-03,1.084411e-08,3.794646e+01,8.056828e+00,2.988963e+01,3.957933e+01,1.704184e+02
1.269778e+06,1.469651e+01,1.206582e+05,1.396507e+00,9.482054e-01,9.483976e-01,1.222712e-03,1.084411e-08,3.794912e+01,8.056828e+00,2.989229e+01,3.958195e+01,1.704224e+02
1.269788e+06,1.469662e+01,1.206682e+05,1.396623e+00,9.482110e-01,9.483977e-01,1.222820e-03,1.084411e-08,3.795177e+01,8.056828e+00,2.989494e+01,3.958456e+01,1.704264e+02
1.269798e+06,1.469674e+01,1.206782e+05,1.396739e+00,9.482166e-01,9.483978e-01,1.222929e-03,1.084411e-08,3.795442e+01,8.056828e+00,2.989760e+01,3.958718e+01,1.704304e+02
1.269808e+06,1.469685e+01,1.206882e+05,1.396854e+00,9.482221e-01,9.483979e-01,1.223037e-03,1.084411e-08,3.795708e+01,8.056828e+00,2.990025e+01,3.958979e+01,1.704344e+02
1.269818e+06,1.469697e+01,1.206982e+05,1.396970e+00,9.482277e-01,9.483980e-01,1.223146e-03,1.084411e-08,3.795973e+01,8.056828e+00,2.990291e+01,3.959240e+01,1.704384e+02
1.269828e+06,1.469709e+01,1.207082e+05,1.397086e+00,9.482333e-01,9.483981e-01,1.223254e-03,1.084411e-08,3.796239e+01,8.056828e+00,2.990556e+01,3.959502e+01,1.704424e+02
1.269838e+06,1.469720e+01,1.207182e+05,1.397202e+00,9.482389e-01,9.483982e-01,1.223363e-03,1.084411e-08,3.796504e+01,8.056828e+00,2.990822e+01,3.959763e+01,1.704464e+02
1.269848e+06,1.469732e+01,1.207282e+05,1.397317e+00,9.482445e-01,9.483983e-01,1.223471e-03,1.084411e-08,3.796770e+01,8.056828e+00,2.991087e+01,3.960024e+01,1.704504e+02
1.269858e+06,1.469743e+01,1.207382e+05,1.397433e+00,9.482500e-01,9.483984e-01,1.223580e-03,1.084410e-08,3.797035e+01,8.056828e+00,2.991352e+01,3.960286e+01,1.704544e+02
1.269868e+06,1.469755e+01,1.207482e+05,1.397549e+00,9.482556e-01,9.483985e-01,1.223688e-03,1.084410e-08,3.797301e+01,8.056828e+00,2.991618e+01,3.960547e+01,1.704584e+02
1.269878e+06,1.469766e+01,1.207582e+05,1.397665e+00,9.482612e-01,9.483987e-01,1.223796e-03,1.084410e-08,3.797566e+01,8.056828e+00,2.991883e+01,3.960808e+01,1.704624e+02
1.269888e+06,1.469778e+01,1.207682e+05,1.397780e+00,9.482668e-01,9.483988e-01,1.223905e-03,1.084410e-08,3.797831e+01,8.056828e+00,2.992149e+01,3.961070e+01,1.704664e+02
1.269898e+06,1.469790e+01,1.207782e+05,1.397896e+00,9.482724e-01,9.483989e-01,1.224013e-03,1.084410e-08,3.798097e+01,8.056828e+00,2.992414e+01,3.961331e+01,1.704705e+02
1.269908e+06,1.469801e+01,1.207882e+05,1.398012e+00,9.482780e-01,9.483990e-01,1.224122e-03,1.084410e-08,3.798362e+01,8.056828e+00,2.992680e+01,3.961592e+01,1.704745e+02
1.269918e+06,1.469813e+01,1.207982e+05,1.398128e+00,9.482835e-01,9.483991e-01,1.224230e-03,1.084410e-08,3.798628e+01,8.056828e+00,2.992945e+01,3.961854e+01,1.704785e+02
1.269928e+06,1.469824e+01,1.208082e+05,1.398243e+00,9.482891e-01,9.483992e-01,1.224339e-03,1.084410e-08,3.798893e+01,8.056828e+00,2.993211e+01,3.962115e+01,1.704825e+02
1.269938e+06,1.469836e+01,1.208182e+05,1.398359e+00,9.482947e-01,9.483993e-01,1.224447e-03,1.084409e-08,3.799159e+01,8.056828e+00,2.993476e+01,3.962376e+01,1.704865e+02
1.269948e+06,1.469847e+01,1.208282e+05,1.398475e+00,9.483003e-01,9.483994e-01,1.224556e-03,1.084409e-08,3.799424e+01,8.056828e+00,2.993741e+01,3.962638e+01,1.704905e+02
1.269958e+06,1.469859e+01,1.208382e+05,1.398591e+00,9.483059e-01,9.483995e-01,1.224664e-03,1.084409e-08,3.799690e+01,8.056828e+00,2.994007e+01,3.962899e+01,1.704945e+02
1.269968e+06,1.469871e+01,1.208482e+05,1.398706e+00,9.483134e-01,9.483996e-01,1.224772e-03,1.084409e-08,3.799955e+01,8.056828e+00,2.994272e+01,3.963154e+01,1.704985e+02
1.269978e+06,1.469882e+01,1.208582e+05,1.398822e+00,9.483236e-01,9.483997e-01,1.224881e-03,1.084409e-08,3.799938e+01,8.056985e+00,2.994240e+01,3.963101e+01,1.705050e+02
1.269988e+06,1.469894e+01,1.208682e+05,1.398938e+00,9.483346e-01,9.483998e-01,1.224989e-03,1.084409e-08,3.799751e+01,8.057239e+00,2.994027e+01,3.962865e+01,1.705130e+02
1.269998e+06,1.469905e+01,1.208782e+05,1.399054e+00,9.483456e-01,9.483999e-01,1.225098e-03,1.084409e-08,3.799563e+01,8.057492e+00,2.993814e+01,3.962629e+01,1.705209e+02
1.270008e+06,1.469917e+01,1.208882e+05,1.399169e+00,9.483567e-01,9.484000e-01,1.225206e-03,1.084409e-08,3.799375e+01,8.057745e+00,2.993601e+01,3.962393e+01,1.705289e+02
1.270018e+06,1.469929e+01,1.208982e+05,1.399285e+00,9.483677e-01,9.484001e-01,1.225315e-03,1.084409e-08,3.799187e+01,8.057998e+00,2.993388e+01,3.962157e+01,1.705369e+02
1.270028e+06,1.469940e+01,1.209082e+05,1.399401e+00,9.483787e-01,9.484002e-01,1.225423e-03,1.084408e-08,3.799000e+01,8.058252e+00,2.993174e+01,3.961921e+01,1.705449e+02
1.270038e+06,1.469952e+01,1.209182e+05,1.399517e+00,9.483897e-01,9.484003e-01,1.225532e-03,1.084408e-08,3.798812e+01,8.058505e+00,2.992961e+01,3.961685e+01,1.705529e+02
1.270048e+06,1.469963e+01,1.209282e+05,1.399632e+00,9.484008e-01,9.484004e-01,1.225640e-03,1.084408e-08,3.798624e+01,8.058758e+00,2.992748e+01,3.961449e+01,1.705609e+02
1.270058e+06,1.469975e+01,1.209382e+05,1.399748e+00,9.484118e-01,9.484005e-01,1.225749e-03,1.084408e-08,3.798436e+01,8.059011e+00,2.992535e+01,3.961213e+01,1.705688e+02
1.270068e+06,1.469986e+01,1.209482e+05,1.399864e+00,9.484228e-01,9.484006e-01,1.225857e-03,1.084408e-08,3.798249e+01,8.059264e+00,2.992322e+01,3.960977e+01,1.705768e+02
1.270078e+06,1.469998e+01,1.209582e+05,1.399980e+00,9.484338e-01,9.484007e-01,1.225965e-03,1.084408e-08,3.798061e+01,8.059518e+00,2.992109e+01,3.960741e+01,1.705848e+02
1.270088e+06,1.470010e+01,1.209682e+05,1.400095e+00,9.484448e-01,9.484008e-01,1.226074e-03,1.084408e-08,3.797873e+01,8.059771e+00,2.991896e+01,3.960505e+01,1.705928e+02
1.270098e+06,1.470021e+01,1.209782e+05,1.400211e+00,9.484559e-01,9.484009e-01,1.226182e-03,1.084408e-08,3.797685e+01,8.060024e+00,2.991683e+01,3.960269e+01,1.706008e+02
1.270108e+06,1.470033e+01,1.209882e+05,1.400327e+00,9.484669e-01,9.484010e-01,1.226291e-03,1.084407e-08,3.797498e+01,8.060277e+00,2.991470e+01,3.960034e+01,1.706087e+02
1.270118e+06,1.470044e+01,1.209982e+05,1.400443e+00,9.484779e-01,9.484011e-01,1.226399e-03,1.084407e-08,3.797310e+01,8.060531e+00,2.991257e+01,3.959798e+01,1.706167e+02
1.270128e+06,1.470056e+01,1.210082e+05,1.400558e+00,9.484889e-01,9.484012e-01,1.226508e-03,1.084407e-08,3.797122e+01,8.060784e+00,2.991044e+01,3.959562e+01,1.706247e+02
1.270138e+06,1.470067e+01,1.210182e+05,1.400674e+00,9.484999e-01,9.484013e-01,1.226616e-03,1.084407e-08,3.796935e+01,8.061037e+00,2.990831e+01,3.959326e+01,1.706327e+02
1.270148e+06,1.470079e+01,1.210282e+05,1.400790e+00,9.485110e-01,9.484014e-01,1.226725e-03,1.084407e-08,3.796747e+01,8.061290e+00,2.990618e+01,3.959090e+01,1.706407e+02
1.270158e+06,1.470091e+01,1.210382e+05,1.400906e+00,9.485220e-01,9.484015e-01,1.226833e-03,1.084407e-08,3.796559e+01,8.061544e+00,2.990405e+01,3.958854e+01,1.706487e+02
1.270168e+06,1.470102e+01,1.210482e+05,1.401021e+00,9.485330e-01,9.484016e-01,1.226941e-03,1.084407e-08,3.796371e+01,8.061797e+00,2.990192e+01,3.958618e+01,1.706566e+02
1.270178e+06,1.470114e+01,1.210582e+05,1.401137e+00,9.485440e-01,9.484017e-01,1.227050e-03,1.084407e-08,3.796184e+01,8.062050e+00,2.989979e+01,3.958382e+01,1.706646e+02
1.270188e+06,1.470125e+01,1.210682e+05,1.401253e+00,9.485551e-01,9.484018e-01,1.227158e-03,1.084407e-08,3.795996e+01,8.062303e+00,2.989766e+01,3.958146e+01,1.706726e+02
1.270198e+06,1.470137e+01,1.210782e+05,1.401369e+00,9.485661e-01,9.484019e-01,1.227267e-03,1.084406e-08,3.795808e+01,8.062557e+00,2.989553e+01,3.957910e+01,1.706806e+02
1.270208e+06,1.470148e+01,1.210882e+05,1.401484e+00,9.485771e-01,9.484020e-01,1.227375e-03,1.084406e-08,3.795620e+01,8.062810e+00,2.989339e+01,3.957674e+01,1.706886e+02
1.270218e+06,1.470160e+01,1.210982e+05,1.401600e+00,9.485845e-01,9.484021e-01,1.227484e-03,1.084406e-08,3.795433e+01,8.063063e+00,2.989126e+01,3.957450e+01,1.706966e+02
1.270228e+06,1.470172e+01,1.211082e+05,1.401716e+00,9.485794e-01,9.484023e-01,1.227592e-03,1.084406e-08,3.795323e+01,8.063172e+00,2.989005e+01,3.957350e+01,1.707000e+02
1.270238e+06,1.470183e+01,1.211182e+05,1.401832e+00,9.485671e-01,9.484024e-01,1.227701e-03,1.084406e-08,3.795271e+01,8.063172e+00,2.988954e+01,3.957337e+01,1.707000e+02
1.270248e+06,1.470195e+01,1.211282e+05,1.401947e+00,9.485547e-01,9.484025e-01,1.227809e-03,1.084406e-08,3.795220e+01,8.063172e+00,2.988903e+01,3.957324e+01,1.707000e+02
1.270258e+06,1.470206e+01,1.211382e+05,1.402063e+00,9.485423e-01,9.484026e-01,1.227917e-03,1.084406e-08,3.795168e+01,8.063172e+00,2.988851e+01,3.957311e+01,1.707000e+02
1.270268e+06,1.470218e+01,1.211482e+05,1.402179e+00,9.485299e-01,9.484027e-01,1.228026e-03,1.084406e-08,3.795117e+01,8.063172e+00,2.988800e+01,3.957298e+01,1.707000e+02
1.270278e+06,1.470229e+01,1.211582e+05,1.402295e+00,9.485175e-01,9.484028e-01,1.228134e-03,1.084405e-08,3.795066e+01,8.063172e+00,2.988748e+01,3.957285e+01,1.707000e+02
1.270288e+06,1.470241e+01,1.211682e+05,1.402410e+00,9.485051e-01,9.484029e-01,1.228243e-03,1.084405e-08,3.795014e+01,8.063172e+00,2.988697e+01,3.957272e+01,1.707000e+02
1.270298e+06,1.470253e+01,1.211783e+05,1.402526e+00,9.484927e-01,9.484030e-01,1.228351e-03,1.084405e-08,3.794963e+01,8.063172e+00,2.988646e+01,3.957259e+01,1.707000e+02
1.270308e+06,1.470264e+01,1.211883e+05,1.402642e+00,9.484803e-01,9.484031e-01,1.228460e-03,1.084405e-08,3.794912e+01,8.063172e+00,2.988594e+01,3.957246e+01,1.707000e+02
1.270318e+06,1.470276e+01,1.211983e+05,1.402758e+00,9.484679e-01,9.484032e-01,1.228568e-03,1.084405e-08,3.794860e+01,8.063172e+00,2.988543e+01,3.957234e+01,1.707000e+02
1.270328e+06,1.470287e+01,1.212083e+05,1.402873e+00,9.484555e-01,9.484033e-01,1.228677e-03,1.084405e-08,3.794809e+01,8.063172e+00,2.988492e+01,3.957221e+01,1.707000e+02
1.270338e+06,1.470299e+01,1.212183e+05,1.402989e+00,9.484431e-01,9.484034e-01,1.228785e-03,1.084405e-08,3.794757e+01,8.063172e+00,2.988440e+01,3.957208e+01,1.707000e+02
1.270348e+06,1.470310e+01,1.212283e+05,1.403105e+00,9.484307e-01,9.484035e-01,1.228894e-03,1.084405e-08,3.794706e+01,8.063172e+00,2.988389e+01,3.957195e+01,1.707000e+02
1.270358e+06,1.470322e+01,1.212383e+05,1.403221e+00,9.484183e-01,9.484036e-01,1.229002e-03,1.084405e-08,3.794655e+01,8.063172e+00,2.988337e+01,3.957182e+01,1.707000e+02
1.270368e+06,1.470334e+01,1.212483e+05,1.403336e+00,9.484059e-01,9.484037e-01,1.229110e-03,1.084404e-08,3.794603e+01,8.063172e+00,2.988286e+01,3.957169e+01,1.707000e+02
1.270378e+06,1.470345e+01,1.212583e+05,1.403452e+00,9.483935e-01,9.484038e-01,1.229219e-03,1.084404e-08,3.794552e+01,8.063172e+00,2.988235e+01,3.957156e+01,1.707000e+02
1.270388e+06,1.470357e+01,1.212683e+05,1.403568e+00,9.483811e-01,9.484039e-01,1.229327e-03,1.084404e-08,3.794500e+01,8.063172e+00,2.988183e+01,3.957143e+01,1.707000e+02
1.270398e+06,1.470368e+01,1.212783e+05,1.403684e+00,9.483687e-01,9.484040e-01,1.229436e-03,1.084404e-08,3.794449e+01,8.063172e+00,2.988132e+01,3.957130e+01,1.707000e+02
1.270408e+06,1.470380e+01,1.212883e+05,1.403799e+00,9.483563e-01,9.484041e-01,1.229544e-03,1.084404e-08,3.794398e+01,8.063172e+00,2.988081e+01,3.957117e+01,1.707000e+02
1.270418e+06,1.470392e+01,1.212983e+05,1.403915e+00,9.483439e-01,9.484042e-01,1.229653e-03,1.084404e-08,3.794346e+01,8.063172e+00,2.988029e+01,3.957104e+01,1.707000e+02
1.270428e+06,1.470403e+01,1.213083e+05,1.404031e+00,9.483315e-01,9.484043e-01,1.229761e-03,1.084404e-08,3.794295e+01,8.063172e+00,2.987978e+01,3.957091e+01,1.707000e+02
1.270438e+06,1.470415e+01,1.213183e+05,1.404147e+00,9.483191e-01,9.484044e-01,1.229870e-03,1.084404e-08,3.794244e+01,8.063172e+00,2.987926e+01,3.957078e+01,1.707000e+02
1.270448e+06,1.470426e+01,1.213283e+05,1.404262e+00,9.483067e-01,9.484045e-01,1.229978e-03,1.084403e-08,3.794192e+01,8.063172e+00,2.987875e+01,3.957065e+01,1.707000e+02
1.270458e+06,1.470438e+01,1.213383e+05,1.404378e+00,9.482943e-01,9.484046e-01,1.230086e-03,1.084403e-08,3.794141e+01,8.063172e+00,2.987824e+01,3.957052e+01,1.707000e+02
1.270468e+06,1.470449e+01,1.213483e+05,1.404494e+00,9.482820e-01,9.484047e-01,1.230195e-03,1.084403e-08,3.794089e+01,8.063172e+00,2.987772e+01,3.957039e+01,1.707000e+02
1.270478e+06,1.470461e+01,1.213583e+05,1.404610e+00,9.482770e-01,9.484048e-01,1.230303e-03,1.084403e-08,3.794197e+01,8.063172e+00,2.987880e+01,3.957169e+01,1.707000e+02
1.270488e+06,1.470473e+01,1.213683e+05,1.404725e+00,9.482770e-01,9.484049e-01,1.230412e-03,1.084403e-08,3.794410e+01,8.063172e+00,2.988093e+01,3.957394e+01,1.707000e+02
1.270498e+06,1.470484e+01,1.213783e+05,1.404841e+00,9.482770e-01,9.484050e-01,1.230520e-03,1.084403e-08,3.794624e+01,8.063172e+00,2.988307e+01,3.957619e+01,1.707000e+02
1.270508e+06,1.470496e+01,1.213883e+05,1.404957e+00,9.482770e-01,9.484051e-01,1.230629e-03,1.084403e-08,3.794837e+01,8.063172e+00,2.988520e+01,3.957843e+01,1.707000e+02
1.270518e+06,1.470507e+01,1.213983e+05,1.405073e+00,9.482770e-01,9.484052e-01,1.230737e-03,1.084403e-08,3.795050e+01,8.063172e+00,2.988733e+01,3.958068e+01,1.707000e+02
1.270528e+06,1.470519e+01,1.214083e+05,1.405188e+00,9.482770e-01,9.484053e-01,1.230846e-03,1.084403e-08,3.795264e+01,8.063172e+00,2.988946e+01,3.958293e+01,1.707000e+02
1.270538e+06,1.470530e+01,1.214183e+05,1.405304e+00,9.482770e-01,9.484054e-01,1.230954e-03,1.084402e-08,3.795477e+01,8.063172e+00,2.989160e+01,3.958518e+01,1.707000e+02
1.270548e+06,1.470542e+01,1.214283e+05,1.405420e+00,9.482770e-01,9.484055e-01,1.231062e-03,1.084402e-08,3.795690e+01,8.063172e+00,2.989373e+01,3.958743e+01,1.707000e+02
1.270558e+06,1.470554e+01,1.214383e+05,1.405536e+00,9.482770e-01,9.484056e-01,1.231171e-03,1.084402e-08,3.795904e+01,8.063172e+00,2.989586e+01,3.958968e+01,1.707000e+02
1.270568e+06,1.470565e+01,1.214483e+05,1.405651e+00,9.482770e-01,9.484057e-01,1.231279e-03,1.084402e-08,3.796117e+01,8.063172e+00,2.989800e+01,3.959193e+01,1.707000e+02
1.270578e+06,1.470577e+01,1.214583e+05,1.405767e+00,9.482770e-01,9.484059e-01,1.231388e-03,1.084402e-08,3.796330e+01,8.063172e+00,2.990013e+01,3.959418e+01,1.707000e+02
1.270588e+06,1.470588e+01,1.214683e+05,1.405883e+00,9.482770e-01,9.484060e-01,1.231496e-03,1.084402e-08,3.796544e+01,8.063172e+00,2.990226e+01,3.959643e+01,1.707000e+02
1.270598e+06,1.470600e+01,1.214783e+05,1.405999e+00,9.482770e-01,9.484061e-01,1.231605e-03,1.084402e-08,3.796757e+01,8.063172e+00,2.990440e+01,3.959868e+01,1.707000e+02
1.270608e+06,1.470611e+01,1.214883e+05,1.406114e+00,9.482770e-01,9.484062e-01,1.231713e-03,1.084402e-08,3.796970e+01,8.063172e+00,2.990653e+01,3.960093e+01,1.707000e+02
1.270618e+06,1.470623e+01,1.214983e+05,1.406230e+00,9.482770e-01,9.484063e-01,1.231822e-03,1.084401e-08,3.797184e+01,8.063172e+00,2.990866e+01,3.960318e+01,1.707000e+02
1.270628e+06,1.470635e+01,1.215083e+05,1.406346e+00,9.482770e-01,9.484064e-01,1.231930e-03,1.084401e-08,3.797397e+01,8.063172e+00,2.991080e+01,3.960543e+01,1.707000e+02
1.270638e+06,1.470646e+01,1.215183e+05,1.406461e+00,9.482770e-01,9.484065e-01,1.232038e-03,1.084401e-08,3.797610e+01,8.063172e+00,2.991293e+01,3.960768e+01,1.707000e+02
1.270648e+06,1.470658e+01,1.215283e+05,1.406577e+00,9.482770e-01,9.484066e-01,1.232147e-03,1.084401e-08,3.797824e+01,8.063172e+00,2.991506e+01,3.960993e+01,1.707000e+02
1.270658e+06,1.470669e+01,1.215383e+05,1.406693e+00,9.482770e-01,9.484067e-01,1.232255e-03,1.084401e-08,3.798037e+01,8.063172e+00,2.991720e+01,3.961218e+01,1.707000e+02
1.270668e+06,1.470681e+01,1.215483e+05,1.406809e+00,9.482770e-01,9.484068e-01,1.232364e-03,1.084401e-08,3.798250e+01,8.063172e+00,2.991933e+01,3.961443e+01,1.707000e+02
1.270678e+06,1.470692e+01,1.215583e+05,1.406924e+00,9.482770e-01,9.484069e-01,1.232472e-03,1.084401e-08,3.798464e+01,8.063172e+00,2.992146e+01,3.961668e+01,1.707000e+02
1.270688e+06,1.470704e+01,1.215683e+05,1.407040e+00,9.482770e-01,9.484070e-01,1.232581e-03,1.084401e-08,3.798677e+01,8.063172e+00,2.992360e+01,3.961893e+01,1.707000e+02
1.270698e+06,1.470716e+01,1.215783e+05,1.407156e+00,9.482770e-01,9.484071e-01,1.232689e-03,1.084401e-08,3.798890e+01,8.063172e+00,2.992573e+01,3.962118e+01,1.707000e+02
1.270708e+06,1.470727e+01,1.215883e+05,1.407272e+00,9.482770e-01,9.484072e-01,1.232798e-03,1.084400e-08,3.799104e+01,8.063172e+00,2.992786e+01,3.962343e+01,1.707000e+02
1.270718e+06,1.470739e+01,1.215983e+05,1.407387e+00,9.482770e-01,9.484073e-01,1.232906e-03,1.084400e-08,3.799317e+01,8.063172e+00,2.993000e+01,3.962568e+01,1.707000e+02
1.270728e+06,1.470750e+01,1.216083e+05,1.407503e+00,9.482821e-01,9.484074e-01,1.233015e-03,1.084400e-08,3.799372e+01,8.063172e+00,2.993054e+01,3.962608e+01,1.707000e+02
1.270738e+06,1.470762e+01,1.216183e+05,1.407619e+00,9.482914e-01,9.484075e-01,1.233123e-03,1.084400e-08,3.799294e+01,8.063172e+00,2.992977e+01,3.962496e+01,1.707000e+02
1.270748e+06,1.470773e+01,1.216283e+05,1.407735e+00,9.483008e-01,9.484076e-01,1.233231e-03,1.084400e-08,3.799217e+01,8.063172e+00,2.992900e+01,3.962383e+01,1.707000e+02
1.270758e+06,1.470785e+01,1.216383e+05,1.407850e+00,9.483101e-01,9.484077e-01,1.233340e-03,1.084400e-08,3.799140e+01,8.063172e+00,2.992822e+01,3.962271e+01,1.707000e+02
1.270768e+06,1.470797e+01,1.216483e+05,1.407966e+00,9.483194e-01,9.484078e-01,1.233448e-03,1.084400e-08,3.799062e+01,8.063172e+00,2.992745e+01,3.962158e+01,1.707000e+02
1.270778e+06,1.470808e+01,1.216583e+05,1.408082e+00,9.483287e-01,9.484079e-01,1.233557e-03,1.084400e-08,3.798985e+01,8.063172e+00,2.992668e+01,3.962045e+01,1.707000e+02
1.270788e+06,1.470820e+01,1.216683e+05,1.408198e+00,9.483381e-01,9.484080e-01,1.233665e-03,1.084399e-08,3.798908e+01,8.063172e+00,2.992590e+01,3.961933e+01,1.707000e+02
1.270798e+06,1.470831e+01,1.216783e+05,1.408313e+00,9.483474e-01,9.484081e-01,1.233774e-03,1.084399e-08,3.798830e+01,8.063172e+00,2.992513e+01,3.961820e+01,1.707000e+02
1.270808e+06,1.470843e+01,1.216883e+05,1.408429e+00,9.483567e-01,9.484082e-01,1.233882e-03,1.084399e-08,3.798753e+01,8.063172e+00,2.992436e+01,3.961708e+01,1.707000e+02
1.270818e+06,1.470854e+01,1.216983e+05,1.408545e+00,9.483661e-01,9.484083e-01,1.233991e-03,1.084399e-08,3.798676e+01,8.063172e+00,2.992358e+01,3.961595e+01,1.707000e+02
1.270828e+06,1.470866e+01,1.217083e+05,1.408661e+00,9.483754e-01,9.484084e-01,1.234099e-03,1.084399e-08,3.798598e+01,8.063172e+00,2.992281e+01,3.961482e+01,1.707000e+02
1.270838e+06,1.470878e+01,1.217183e+05,1.408776e+00,9.483847e-01,9.484085e-01,1.234207e-03,1.084399e-08,3.798521e+01,8.063172e+00,2.992204e+01,3.961370e+01,1.707000e+02
1.270848e+06,1.470889e+01,1.217283e+05,1.408892e+00,9.483940e-01,9.484086e-01,1.234316e-03,1.084399e-08,3.798444e+01,8.063172e+00,2.992126e+01,3.961257e+01,1.707000e+02
1.270858e+06,1.470901e+01,1.217383e+05,1.409008e+00,9.484034e-01,9.484087e-01,1.234424e-03,1.084399e-08,3.798366e+01,8.063172e+00,2.992049e+01,3.961145e+01,1.707000e+02
1.270868e+06,1.470912e+01,1.217483e+05,1.409124e+00,9.484127e-01,9.484088e-01,1.234533e-03,1.084399e-08,3.798289e+01,8.063172e+00,2.991972e+01,3.961032e+01,1.707000e+02
1.270878e+06,1.470924e+01,1.217583e+05,1.409239e+00,9.484220e-01,9.484089e-01,1.234641e-03,1.084398e-08,3.798212e+01,8.063172e+00,2.991894e+01,3.960920e+01,1.707000e+02
1.270888e+06,1.470936e+01,1.217683e+05,1.409355e+00,9.484313e-01,9.484090e-01,1.234750e-03,1.084398e-08,3.798134e+01,8.063172e+00,2.991817e+01,3.960807e+01,1.707000e+02
1.270898e+06,1.470947e+01,1.217783e+05,1.409471e+00,9.484407e-01,9.484091e-01,1.234858e-03,1.084398e-08,3.798057e+01,8.063172e+00,2.991740e+01,3.960694e+01,1.707000e+02
1.270908e+06,1.470959e+01,1.217883e+05,1.409587e+00,9.484500e-01,9.484092e-01,1.234967e-03,1.084398e-08,3.797980e+01,8.063172e+00,2.991662e+01,3.960582e+01,1.707000e+02
1.270918e+06,1.470970e+01,1.217983e+05,1.409702e+00,9.484593e-01,9.484093e-01,1.235075e-03,1.084398e-08,3.797902e+01,8.063172e+00,2.991585e+01,3.960469e+01,1.707000e+02
1.270928e+06,1.470982e+01,1.218083e+05,1.409818e+00,9.484687e-01,9.484095e-01,1.235183e-03,1.084398e-08,3.797825e+01,8.063172e+00,2.991508e+01,3.960357e+01,1.707000e+02
1.270938e+06,1.470993e+01,1.218183e+05,1.409934e+00,9.484780e-01,9.484096e-01,1.235292e-03,1.084398e-08,3.797748e+01,8.063172e+00,2.991430e+01,3.960244e+01,1.707000e+02
1.270948e+06,1.471005e+01,1.218283e+05,1.410050e+00,9.484873e-01,9.484097e-01,1.235400e-03,1.084398e-08,3.797670e+01,8.063172e+00,2.991353e+01,3.960132e+01,1.707000e+02
1.270958e+06,1.471017e+01,1.218383e+05,1.410165e+00,9.484966e-01,9.484098e-01,1.235509e-03,1.084397e-08,3.797593e+01,8.063172e+00,2.991276e+01,3.960019e+01,1.707000e+02
1.270968e+06,1.471028e+01,1.218483e+05,1.410281e+00,9.485060e-01,9.484099e-01,1.235617e-03,1.084397e-08,3.797516e+01,8.063172e+00,2.991198e+01,3.959907e+01,1.707000e+02
1.270978e+06,1.471040e+01,1.218583e+05,1.410397e+00,9.485084e-01,9.484100e-01,1.235726e-03,1.084397e-08,3.797450e+01,8.063172e+00,2.991133e+01,3.959829e+01,1.707000e+02
1.270988e+06,1.471051e+01,1.218683e+05,1.410513e+00,9.485074e-01,9.484101e-01,1.235834e-03,1.084397e-08,3.797391e+01,8.063172e+00,2.991073e+01,3.959770e+01,1.707000e+02
1.270998e+06,1.471063e+01,1.218783e+05,1.410628e+00,9.485064e-01,9.484102e-01,1.235943e-03,1.084397e-08,3.797331e+01,8.063172e+00,2.991014e+01,3.959711e+01,1.707000e+02
1.271008e+06,1.471074e+01,1.218883e+05,1.410744e+00,9.485053e-01,9.484103e-01,1.236051e-03,1.084397e-08,3.797272e+01,8.063172e+00,2.990954e+01,3.959651e+01,1.707000e+02
1.271018e+06,1.471086e+01,1.218983e+05,1.410860e+00,9.485043e-01,9.484104e-01,1.236159e-03,1.084397e-08,3.797212e+01,8.063172e+00,2.990895e+01,3.959592e+01,1.707000e+02
1.271028e+06,1.471098e+01,1.219083e+05,1.410976e+00,9.485033e-01,9.484105e-01,1.236268e-03,1.084397e-08,3.797152e+01,8.063172e+00,2.990835e+01,3.959533e+01,1.707000e+02
1.271038e+06,1.471109e+01,1.219183e+05,1.411091e+00,9.485023e-01,9.484106e-01,1.236376e-03,1.084397e-08,3.797093e+01,8.063172e+00,2.990776e+01,3.959473e+01,1.707000e+02
1.271048e+06,1.471121e+01,1.219283e+05,1.411207e+00,9.485012e-01,9.484107e-01,1.236485e-03,1.084396e-08,3.797033e+01,8.063172e+00,2.990716e+01,3.959414e+01,1.707000e+02
1.271058e+06,1.471132e+01,1.219383e+05,1.411323e+00,9.485002e-01,9.484108e-01,1.236593e-03,1.084396e-08,3.796974e+01,8.063172e+00,2.990657e+01,3.959355e+01,1.707000e+02
1.271068e+06,1.471144e+01,1.219483e+05,1.411439e+00,9.484992e-01,9.484109e-01,1.236702e-03,1.084396e-08,3.796914e+01,8.063172e+00,2.990597e+01,3.959295e+01,1.707000e+02
1.271078e+06,1.471155e+01,1.219583e+05,1.411554e+00,9.484981e-01,9.484110e-01,1.236810e-03,1.084396e-08,3.796855e+01,8.063172e+00,2.990538e+01,3.959236e+01,1.707000e+02
1.271088e+06,1.471167e+01,1.219683e+05,1.411670e+00,9.484971e-01,9.484111e-01,1.236919e-03,1.084396e-08,3.796795e+01,8.063172e+00,2.990478e+01,3.959177e+01,1.707000e+02
1.271098e+06,1.471179e+01,1.219783e+05,1.411786e+00,9.484961e-01,9.484112e-01,1.237027e-03,1.084396e-08,3.796736e+01,8.063172e+00,2.990419e+01,3.959117e+01,1.707000e+02
1.271108e+06,1.471190e+01,1.219883e+05,1.411902e+00,9.484951e-01,9.484113e-01,1.237136e-03,1.084396e-08,3.796676e+01,8.063172e+00,2.990359e+01,3.959058e+01,1.707000e+02
1.271118e+06,1.471202e+01,1.219983e+05,1.412017e+00,9.484940e-01,9.484114e-01,1.237244e-03,1.084396e-08,3.796617e+01,8.063172e+00,2.990299e+01,3.958999e+01,1.707000e+02
1.271128e+06,1.471213e+01,1.220083e+05,1.412133e+00,9.484930e-01,9.484115e-01,1.237352e-03,1.084395e-08,3.796557e+01,8.063172e+00,2.990240e+01,3.958939e+01,1.707000e+02
1.271138e+06,1.471225e+01,1.220183e+05,1.412249e+00,9.484920e-01,9.484116e-01,1.237461e-03,1.084395e-08,3.796498e+01,8.063172e+00,2.990180e+01,3.958880e+01,1.707000e+02
1.271148e+06,1.471236e+01,1.220283e+05,1.412365e+00,9.484909e-01,9.484117e-01,1.237569e-03,1.084395e-08,3.796438e+01,8.063172e+00,2.990121e+01,3.958821e+01,1.707000e+02
1.271158e+06,1.471248e+01,1.220383e+05,1.412480e+00,9.484899e-01,9.484118e-01,1.237678e-03,1.084395e-08,3.796379e+01,8.063172e+00,2.990061e+01,3.958761e+01,1.707000e+02
1.271168e+06,1.471260e+01,1.220483e+05,1.412596e+00,9.484889e-01,9.484119e-01,1.237786e-03,1.084395e-08,3.796319e+01,8.063172e+00,2.990002e+01,3.958702e+01,1.707000e+02
1.271178e+06,1.471271e+01,1.220583e+05,1.412712e+00,9.484879e-01,9.484120e-01,1.237895e-03,1.084395e-08,3.796260e+01,8.063172e+00,2.989942e+01,3.958643e+01,1.707000e+02
1.271188e+06,1.471283e+01,1.220683e+05,1.412828e+00,9.484868e-01,9.484121e-01,1.238003e-03,1.084395e-08,3.796200e+01,8.063172e+00,2.989883e+01,3.958583e+01,1.707000e+02
1.271198e+06,1.471294e+01,1.220783e+05,1.412943e+00,9.484858e-01,9.484122e-01,1.238112e-03,1.084395e-08,3.796140e+01,8.063172e+00,2.989823e+01,3.958524e+01,1.707000e+02
1.271208e+06,1.471306e+01,1.220883e+05,1.413059e+00,9.484848e-01,9.484123e-01,1.238220e-03,1.084395e-08,3.796081e+01,8.063172e+00,2.989764e+01,3.958465e+01,1.707000e+02
1.271218e+06,1.471317e+01,1.220983e+05,1.413175e+00,9.484838e-01,9.484124e-01,1.238328e-03,1.084394e-08,3.796021e+01,8.063172e+00,2.989704e+01,3.958405e+01,1.707000e+02
1.271228e+06,1.471329e+01,1.221083e+05,1.413291e+00,9.484885e-01,9.484125e-01,1.238437e-03,1.084394e-08,3.796106e+01,8.063039e+00,2.989802e+01,3.958479e+01,1.707000e+02
1.271238e+06,1.471341e+01,1.221183e+05,1.413406e+00,9.484986e-01,9.484126e-01,1.238545e-03,1.084394e-08,3.796320e+01,8.062784e+00,2.990042e+01,3.958673e+01,1.707000e+02
1.271248e+06,1.471352e+01,1.221283e+05,1.413522e+00,9.485087e-01,9.484127e-01,1.238654e-03,1.084394e-08,3.796535e+01,8.062529e+00,2.990282e+01,3.958868e+01,1.707000e+02
1.271258e+06,1.471364e+01,1.221383e+05,1.413638e+00,9.485187e-01,9.484128e-01,1.238762e-03,1.084394e-08,3.796750e+01,8.062274e+00,2.990523e+01,3.959062e+01,1.707000e+02
1.271268e+06,1.471375e+01,1.221483e+05,1.413754e+00,9.485288e-01,9.484129e-01,1.238871e-03,1.084394e-08,3.796965e+01,8.062019e+00,2.990763e+01,3.959256e+01,1.707000e+02
1.271278e+06,1.471387e+01,1.221583e+05,1.413869e+00,9.485388e-01,9.484131e-01,1.238979e-03,1.084394e-08,3.797180e+01,8.061764e+00,2.991003e+01,3.959451e+01,1.707000e+02
1.271288e+06,1.471399e+01,1.221683e+05,1.413985e+00,9.485489e-01,9.484132e-01,1.239088e-03,1.084394e-08,3.797395e+01,8.061509e+00,2.991244e+01,3.959645e+01,1.707000e+02
1.271298e+06,1.471410e+01,1.221783e+05,1.414101e+00,9.485590e-01,9.484133e-01,1.239196e-03,1.084393e-08,3.797609e+01,8.061254e+00,2.991484e+01,3.959840e+01,1.707000e+02
1.271308e+06,1.471422e+01,1.221883e+05,1.414217e+00,9.485690e-01,9.484134e-01,1.239304e-03,1.084393e-08,3.797824e+01,8.060999e+00,2.991724e+01,3.960034e+01,1.707000e+02
1.271318e+06,1.471433e+01,1.221983e+05,1.414332e+00,9.485791e-01,9.484135e-01,1.239413e-03,1.084393e-08,3.798039e+01,8.060744e+00,2.991965e+01,3.960228e+01,1.707000e+02
1.271328e+06,1.471445e+01,1.222083e+05,1.414448e+00,9.485892e-01,9.484136e-01,1.239521e-03,1.084393e-08,3.798254e+01,8.060489e+00,2.992205e+01,3.960423e+01,1.707000e+02
1.271338e+06,1.471456e+01,1.222183e+05,1.414564e+00,9.485992e-01,9.484137e-01,1.239630e-03,1.084393e-08,3.798469e+01,8.060234e+00,2.992445e+01,3.960617e+01,1.707000e+02
1.271348e+06,1.471468e+01,1.222283e+05,1.414680e+00,9.486093e-01,9.484138e-01,1.239738e-03,1.084393e-08,3.798683e+01,8.059979e+00,2.992686e+01,3.960812e+01,1.707000e+02
1.271358e+06,1.471480e+01,1.222383e+05,1.414795e+00,9.486193e-01,9.484139e-01,1.239847e-03,1.084393e-08,3.798898e+01,8.059724e+00,2.992926e+01,3.961006e+01,1.707000e+02
1.271368e+06,1.471491e+01,1.222483e+05,1.414911e+00,9.486294e-01,9.484140e-01,1.239955e-03,1.084393e-08,3.799113e+01,8.059469e+00,2.993166e+01,3.961200e+01,1.707000e+02
1.271378e+06,1.471503e+01,1.222583e+05,1.415027e+00,9.486395e-01,9.484141e-01,1.240064e-03,1.084393e-08,3.799328e+01,8.059214e+00,2.993406e+01,3.961395e+01,1.707000e+02
1.271388e+06,1.471514e+01,1.222683e+05,1.415143e+00,9.486495e-01,9.484142e-01,1.240172e-03,1.084392e-08,3.799543e+01,8.058959e+00,2.993647e+01,3.961589e+01,1.707000e+02
1.271398e+06,1.471526e+01,1.222783e+05,1.415258e+00,9.486596e-01,9.484143e-01,1.240280e-03,1.084392e-08,3.799757e+01,8.058704e+00,2.993887e+01,3.961783e+01,1.707000e+02
1.271408e+06,1.471537e+01,1.222883e+05,1.415374e+00,9.486696e-01,9.484144e-01,1.240389e-03,1.084392e-08,3.799972e+01,8.058449e+00,2.994127e+01,3.961978e+01,1.707000e+02
1.271418e+06,1.471549e+01,1.222983e+05,1.415490e+00,9.486797e-01,9.484145e-01,1.240497e-03,1.084392e-08,3.800187e+01,8.058194e+00,2.994368e+01,3.962172e+01,1.707000e+02
1.271428e+06,1.471561e+01,1.223083e+05,1.415606e+00,9.486898e-01,9.484146e-01,1.240606e-03,1.084392e-08,3.800402e+01,8.057939e+00,2.994608e+01,3.962366e+01,1.707000e+02
1.271438e+06,1.471572e+01,1.223183e+05,1.415721e+00,9.486998e-01,9.484147e-01,1.240714e-03,1.084392e-08,3.800617e+01,8.057684e+00,2.994848e+01,3.962561e+01,1.707000e+02
1.271448e+06,1.471584e+01,1.223283e+05,1.415837e+00,9.487099e-01,9.484148e-01,1.240823e-03,1.084392e-08,3.800832e+01,8.057429e+00,2.995089e+01,3.962755e+01,1.707000e+02
1.271458e+06,1.471595e+01,1.223383e+05,1.415953e+00,9.487200e-01,9.484149e-01,1.240931e-03,1.084392e-08,3.801046e+01,8.057174e+00,2.995329e+01,3.962949e+01,1.707000e+02
1.271468e+06,1.471607e+01,1.223483e+05,1.416069e+00,9.487321e-01,9.484150e-01,1.241040e-03,1.084391e-08,3.801261e+01,8.056919e+00,2.995569e+01,3.963137e+01,1.707000e+02
1.271478e+06,1.471618e+01,1.223583e+05,1.416184e+00,9.487361e-01,9.484151e-01,1.241148e-03,1.084391e-08,3.801184e+01,8.056828e+00,2.995502e+01,3.963043e+01,1.707026e+02
1.271488e+06,1.471630e+01,1.223683e+05,1.416300e+00,9.487351e-01,9.484152e-01,1.241256e-03,1.084391e-08,3.800945e+01,8.056828e+00,2.995263e+01,3.962794e+01,1.707066e+02
1.271498e+06,1.471642e+01,1.223783e+05,1.416416e+00,9.487341e-01,9.484153e-01,1.241365e-03,1.084391e-08,3.800707e+01,8.056828e+00,2.995024e+01,3.962546e+01,1.707105e+02
1.271508e+06,1.471653e+01,1.223883e+05,1.416532e+00,9.487331e-01,9.484154e-01,1.241473e-03,1.084391e-08,3.800468e+01,8.056828e+00,2.994785e+01,3.962298e+01,1.707145e+02
1.271518e+06,1.471665e+01,1.223983e+05,1.416647e+00,9.487320e-01,9.484155e-01,1.241582e-03,1.084391e-08,3.800229e+01,8.056828e+00,2.994546e+01,3.962049e+01,1.707185e+02
1.271528e+06,1.471676e+01,1.224083e+05,1.416763e+00,9.487310e-01,9.484156e-01,1.241690e-03,1.084391e-08,3.799990e+01,8.056828e+00,2.994307e+01,3.961801e+01,1.707225e+02
1.271538e+06,1.471688e+01,1.224183e+05,1.416879e+00,9.487300e-01,9.484157e-01,1.241799e-03,1.084391e-08,3.799751e+01,8.056828e+00,2.994068e+01,3.961552e+01,1.707265e+02
1.271548e+06,1.471699e+01,1.224283e+05,1.416995e+00,9.487289e-01,9.484158e-01,1.241907e-03,1.084391e-08,3.799512e+01,8.056828e+00,2.993829e+01,3.961304e+01,1.707305e+02
1.271558e+06,1.471711e+01,1.224383e+05,1.417110e+00,9.487279e-01,9.484159e-01,1.242016e-03,1.084390e-08,3.799273e+01,8.056828e+00,2.993590e+01,3.961055e+01,1.707345e+02
1.271568e+06,1.471723e+01,1.224483e+05,1.417226e+00,9.487269e-01,9.484160e-01,1.242124e-03,1.084390e-08,3.799034e+01,8.056828e+00,2.993351e+01,3.960807e+01,1.707385e+02
1.271578e+06,1.471734e+01,1.224583e+05,1.417342e+00,9.487259e-01,9.484161e-01,1.242233e-03,1.084390e-08,3.798795e+01,8.056828e+00,2.993112e+01,3.960559e+01,1.707425e+02
1.271588e+06,1.471746e+01,1.224683e+05,1.417458e+00,9.487248e-01,9.484162e-01,1.242341e-03,1.084390e-08,3.798556e+01,8.056828e+00,2.992873e+01,3.960310e+01,1.707465e+02
1.271598e+06,1.471757e+01,1.224783e+05,1.417573e+00,9.487238e-01,9.484163e-01,1.242449e-03,1.084390e-08,3.798317e+01,8.056828e+00,2.992634e+01,3.960062e+01,1.707505e+02
1.271608e+06,1.471769e+01,1.224883e+05,1.417689e+00,9.487228e-01,9.484164e-01,1.242558e-03,1.084390e-08,3.798078e+01,8.056828e+00,2.992396e+01,3.959813e+01,1.707545e+02
1.271618e+06,1.471780e+01,1.224983e+05,1.417805e+00,9.487218e-01,9.484165e-01,1.242666e-03,1.084390e-08,3.797839e+01,8.056828e+00,2.992157e+01,3.959565e+01,1.707584e+02
1.271628e+06,1.471792e+01,1.225083e+05,1.417921e+00,9.487207e-01,9.484167e-01,1.242775e-03,1.084390e-08,3.797600e+01,8.056828e+00,2.991918e+01,3.959317e+01,1.707624e+02
1.271638e+06,1.471804e+01,1.225183e+05,1.418036e+00,9.487197e-01,9.484168e-01,1.242883e-03,1.084389e-08,3.797362e+01,8.056828e+00,2.991679e+01,3.959068e+01,1.707664e+02
1.271648e+06,1.471815e+01,1.225283e+05,1.418152e+00,9.487187e-01,9.484169e-01,1.242992e-03,1.084389e-08,3.797123e+01,8.056828e+00,2.991440e+01,3.958820e+01,1.707704e+02
1.271658e+06,1.471827e+01,1.225383e+05,1.418268e+00,9.487176e-01,9.484170e-01,1.243100e-03,1.084389e-08,3.796884e+01,8.056828e+00,2.991201e+01,3.958571e+01,1.707744e+02
1.271668e+06,1.471838e+01,1.225483e+05,1.418384e+00,9.487166e-01,9.484171e-01,1.243209e-03,1.084389e-08,3.796645e+01,8.056828e+00,2.990962e+01,3.958323e+01,1.707784e+02
1.271678e+06,1.471850e+01,1.225583e+05,1.418499e+00,9.487156e-01,9.484172e-01,1.243317e-03,1.084389e-08,3.796406e+01,8.056828e+00,2.990723e+01,3.958074e+01,1.707824e+02
1.271688e+06,1.471862e+01,1.225683e+05,1.418615e+00,9.487146e-01,9.484173e-01,1.243425e-03,1.084389e-08,3.796167e+01,8.056828e+00,2.990484e+01,3.957826e+01,1.707864e+02
1.271698e+06,1.471873e+01,1.225783e+05,1.418731e+00,9.487135e-01,9.484174e-01,1.243534e-03,1.084389e-08,3.795928e+01,8.056828e+00,2.990245e+01,3.957578e+01,1.707904e+02
1.271708e+06,1.471885e+01,1.225883e+05,1.418847e+00,9.487125e-01,9.484175e-01,1.243642e-03,1.084389e-08,3.795689e+01,8.056828e+00,2.990006e+01,3.957329e+01,1.707944e+02
1.271718e+06,1.471896e+01,1.225983e+05,1.418962e+00,9.487077e-01,9.484176e-01,1.243751e-03,1.084389e-08,3.795450e+01,8.056828e+00,2.989767e+01,3.957093e+01,1.707984e+02
1.271728e+06,1.471908e+01,1.226083e+05,1.419078e+00,9.486930e-01,9.484177e-01,1.243859e-03,1.084388e-08,3.795447e+01,8.056828e+00,2.989765e+01,3.957139e+01,1.707976e+02
1.271738e+06,1.471919e+01,1.226183e+05,1.419194e+00,9.486731e-01,9.484178e-01,1.243968e-03,1.084388e-08,3.795610e+01,8.056828e+00,2.989927e+01,3.957377e+01,1.707936e+02
1.271748e+06,1.471931e+01,1.226283e+05,1.419310e+00,9.486533e-01,9.484179e-01,1.244076e-03,1.084388e-08,3.795773e+01,8.056828e+00,2.990090e+01,3.957614e+01,1.707896e+02
1.271758e+06,1.471943e+01,1.226383e+05,1.419425e+00,9.486335e-01,9.484180e-01,1.244185e-03,1.084388e-08,3.795936e+01,8.056828e+00,2.990253e+01,3.957851e+01,1.707856e+02
1.271768e+06,1.471954e+01,1.226484e+05,1.419541e+00,9.486136e-01,9.484181e-01,1.244293e-03,1.084388e-08,3.796098e+01,8.056828e+00,2.990415e+01,3.958089e+01,1.707816e+02
1.271778e+06,1.471966e+01,1.226584e+05,1.419657e+00,9.485938e-01,9.484182e-01,1.244401e-03,1.084388e-08,3.796261e+01,8.056828e+00,2.990578e+01,3.958326e+01,1.707776e+02
1.271788e+06,1.471977e+01,1.226684e+05,1.419773e+00,9.485740e-01,9.484183e-01,1.244510e-03,1.084388e-08,3.796424e+01,8.056828e+00,2.990741e+01,3.958564e+01,1.707736e+02
1.271798e+06,1.471989e+01,1.226784e+05,1.419888e+00,9.485541e-01,9.484184e-01,1.244618e-03,1.084388e-08,3.796586e+01,8.056828e+00,2.990904e+01,3.958801e+01,1.707696e+02
1.271808e+06,1.472000e+01,1.226884e+05,1.420004e+00,9.485343e-01,9.484185e-01,1.244727e-03,1.084387e-08,3.796749e+01,8.056828e+00,2.991066e+01,3.959039e+01,1.707656e+02
1.271818e+06,1.472012e+01,1.226984e+05,1.420120e+00,9.485144e-01,9.484186e-01,1.244835e-03,1.084387e-08,3.796912e+01,8.056828e+00,2.991229e+01,3.959276e+01,1.707616e+02
1.271828e+06,1.472024e+01,1.227084e+05,1.420236e+00,9.484946e-01,9.484187e-01,1.244944e-03,1.084387e-08,3.797074e+01,8.056828e+00,2.991392e+01,3.959514e+01,1.707576e+02
1.271838e+06,1.472035e+01,1.227184e+05,1.420351e+00,9.484748e-01,9.484188e-01,1.245052e-03,1.084387e-08,3.797237e+01,8.056828e+00,2.991554e+01,3.959751e+01,1.707536e+02
1.271848e+06,1.472047e+01,1.227284e+05,1.420467e+00,9.484549e-01,9.484189e-01,1.245161e-03,1.084387e-08,3.797400e+01,8.056828e+00,2.991717e+01,3.959989e+01,1.707496e+02
1.271858e+06,1.472058e+01,1.227384e+05,1.420583e+00,9.484351e-01,9.484190e-01,1.245269e-03,1.084387e-08,3.797562e+01,8.056828e+00,2.991880e+01,3.960226e+01,1.707456e+02
1.271868e+06,1.472070e+01,1.227484e+05,1.420699e+00,9.484153e-01,9.484191e-01,1.245377e-03,1.084387e-08,3.797725e+01,8.056828e+00,2.992042e+01,3.960464e+01,1.707416e+02
1.271878e+06,1.472081e+01,1.227584e+05,1.420814e+00,9.483954e-01,9.484192e-01,1.245486e-03,1.084387e-08,3.797888e+01,8.056828e+00,2.992205e+01,3.960701e+01,1.707376e+02
1.271888e+06,1.472093e+01,1.227684e+05,1.420930e+00,9.483756e-01,9.484193e-01,1.245594e-03,1.084387e-08,3.798051e+01,8.056828e+00,2.992368e+01,3.960939e+01,1.707336e+02
1.271898e+06,1.472105e+01,1.227784e+05,1.421046e+00,9.483558e-01,9.484194e-01,1.245703e-03,1.084386e-08,3.798213e+01,8.056828e+00,2.992530e+01,3.961176e+01,1.707296e+02
1.271908e+06,1.472116e+01,1.227884e+05,1.421162e+00,9.483359e-01,9.484195e-01,1.245811e-03,1.084386e-08,3.798376e+01,8.056828e+00,2.992693e+01,3.961414e+01,1.707256e+02
1.271918e+06,1.472128e+01,1.227984e+05,1.421277e+00,9.483161e-01,9.484196e-01,1.245920e-03,1.084386e-08,3.798539e+01,8.056828e+00,2.992856e+01,3.961651e+01,1.707215e+02
1.271928e+06,1.472139e+01,1.228084e+05,1.421393e+00,9.482962e-01,9.484197e-01,1.246028e-03,1.084386e-08,3.798701e+01,8.056828e+00,2.993019e+01,3.961889e+01,1.707175e+02
1.271938e+06,1.472151e+01,1.228184e+05,1.421509e+00,9.482764e-01,9.484198e-01,1.246137e-03,1.084386e-08,3.798864e+01,8.056828e+00,2.993181e+01,3.962127e+01,1.707135e+02
1.271948e+06,1.472162e+01,1.228284e+05,1.421625e+00,9.482566e-01,9.484199e-01,1.246245e-03,1.084386e-08,3.799027e+01,8.056828e+00,2.993344e+01,3.962364e+01,1.707095e+02
1.271958e+06,1.472174e+01,1.228384e+05,1.421740e+00,9.482367e-01,9.484200e-01,1.246353e-03,1.084386e-08,3.799189e+01,8.056828e+00,2.993507e+01,3.962602e+01,1.707055e+02
1.271968e+06,1.472186e+01,1.228484e+05,1.421856e+00,9.482169e-01,9.484201e-01,1.246462e-03,1.084386e-08,3.799352e+01,8.056828e+00,2.993669e+01,3.962839e+01,1.707015e+02
1.271978e+06,1.472197e+01,1.228584e+05,1.421972e+00,9.482091e-01,9.484203e-01,1.246570e-03,1.084385e-08,3.799297e+01,8.056670e+00,2.993630e+01,3.962808e+01,1.706975e+02
1.271988e+06,1.472209e+01,1.228684e+05,1.422088e+00,9.482087e-01,9.484204e-01,1.246679e-03,1.084385e-08,3.799109e+01,8.056416e+00,2.993467e+01,3.962612e+01,1.706935e+02
1.271998e+06,1.472220e+01,1.228784e+05,1.422203e+00,9.482083e-01,9.484205e-01,1.246787e-03,1.084385e-08,3.798920e+01,8.056162e+00,2.993304e+01,3.962416e+01,1.706895e+02
1.272008e+06,1.472232e+01,1.228884e+05,1.422319e+00,9.482079e-01,9.484206e-01,1.246896e-03,1.084385e-08,3.798732e+01,8.055908e+00,2.993141e+01,3.962220e+01,1.706855e+02
1.272018e+06,1.472243e+01,1.228984e+05,1.422435e+00,9.482074e-01,9.484207e-01,1.247004e-03,1.084385e-08,3.798543e+01,8.055653e+00,2.992978e+01,3.962024e+01,1.706815e+02
1.272028e+06,1.472255e+01,1.229084e+05,1.422551e+00,9.482070e-01,9.484208e-01,1.247113e-03,1.084385e-08,3.798355e+01,8.055399e+00,2.992815e+01,3.961829e+01,1.706775e+02
1.272038e+06,1.472267e+01,1.229184e+05,1.422666e+00,9.482066e-01,9.484209e-01,1.247221e-03,1.084385e-08,3.798167e+01,8.055145e+00,2.992652e+01,3.961633e+01,1.706735e+02
1.272048e+06,1.472278e+01,1.229284e+05,1.422782e+00,9.482062e-01,9.484210e-01,1.247329e-03,1.084385e-08,3.797978e+01,8.054891e+00,2.992489e+01,3.961437e+01,1.706695e+02
1.272058e+06,1.472290e+01,1.229384e+05,1.422898e+00,9.482058e-01,9.484211e-01,1.247438e-03,1.084385e-08,3.797790e+01,8.054637e+00,2.992326e+01,3.961241e+01,1.706655e+02
1.272068e+06,1.472301e+01,1.229484e+05,1.423014e+00,9.482054e-01,9.484212e-01,1.247546e-03,1.084384e-08,3.797602e+01,8.054383e+00,2.992163e+01,3.961045e+01,1.706615e+02
1.272078e+06,1.472313e+01,1.229584e+05,1.423129e+00,9.482049e-01,9.484213e-01,1.247655e-03,1.084384e-08,3.797413e+01,8.054129e+00,2.992000e+01,3.960849e+01,1.706575e+02
1.272088e+06,1.472325e+01,1.229684e+05,1.423245e+00,9.482045e-01,9.484214e-01,1.247763e-03,1.084384e-08,3.797225e+01,8.053875e+00,2.991837e+01,3.960653e+01,1.706535e+02
1.272098e+06,1.472336e+01,1.229784e+05,1.423361e+00,9.482041e-01,9.484215e-01,1.247872e-03,1.084384e-08,3.797036e+01,8.053620e+00,2.991674e+01,3.960457e+01,1.706495e+02
1.272108e+06,1.472348e+01,1.229884e+05,1.423477e+00,9.482037e-01,9.484216e-01,1.247980e-03,1.084384e-08,3.796848e+01,8.053366e+00,2.991511e+01,3.960261e+01,1.706454e+02
1.272118e+06,1.472359e+01,1.229984e+05,1.423592e+00,9.482033e-01,9.484217e-01,1.248089e-03,1.084384e-08,3.796660e+01,8.053112e+00,2.991348e+01,3.960066e+01,1.706414e+02
1.272128e+06,1.472371e+01,1.230084e+05,1.423708e+00,9.482029e-01,9.484218e-01,1.248197e-03,1.084384e-08,3.796471e+01,8.052858e+00,2.991185e+01,3.959870e+01,1.706374e+02
1.272138e+06,1.472382e+01,1.230184e+05,1.423824e+00,9.482024e-01,9.484219e-01,1.248305e-03,1.084384e-08,3.796283e+01,8.052604e+00,2.991022e+01,3.959674e+01,1.706334e+02
1.272148e+06,1.472394e+01,1.230284e+05,1.423940e+00,9.482020e-01,9.484220e-01,1.248414e-03,1.084383e-08,3.796094e+01,8.052350e+00,2.990859e+01,3.959478e+01,1.706294e+02
1.272158e+06,1.472406e+01,1.230384e+05,1.424055e+00,9.482016e-01,9.484221e-01,1.248522e-03,1.084383e-08,3.795906e+01,8.052096e+00,2.990697e+01,3.959282e+01,1.706254e+02
1.272168e+06,1.472417e+01,1.230484e+05,1.424171e+00,9.482012e-01,9.484222e-01,1.248631e-03,1.084383e-08,3.795718e+01,8.051842e+00,2.990534e+01,3.959086e+01,1.706214e+02
1.272178e+06,1.472429e+01,1.230584e+05,1.424287e+00,9.482008e-01,9.484223e-01,1.248739e-03,1.084383e-08,3.795529e+01,8.051588e+00,2.990371e+01,3.958890e+01,1.706174e+02
1.272188e+06,1.472440e+01,1.230684e+05,1.424403e+00,9.482004e-01,9.484224e-01,1.248848e-03,1.084383e-08,3.795341e+01,8.051333e+00,2.990208e+01,3.958694e+01,1.706134e+02
1.272198e+06,1.472452e+01,1.230784e+05,1.424518e+00,9.481999e-01,9.484225e-01,1.248956e-03,1.084383e-08,3.795153e+01,8.051079e+00,2.990045e+01,3.958498e+01,1.706094e+02
1.272208e+06,1.472463e+01,1.230884e+05,1.424634e+00,9.481995e-01,9.484226e-01,1.249065e-03,1.084383e-08,3.794964e+01,8.050825e+00,2.989882e+01,3.958302e+01,1.706054e+02
1.272218e+06,1.472475e+01,1.230984e+05,1.424750e+00,9.481991e-01,9.484227e-01,1.249173e-03,1.084383e-08,3.794776e+01,8.050571e+00,2.989719e+01,3.958107e+01,1.706014e+02
1.272228e+06,1.472487e+01,1.231084e+05,1.424866e+00,9.481980e-01,9.484228e-01,1.249282e-03,1.084383e-08,3.794782e+01,8.050647e+00,2.989718e+01,3.958117e+01,1.705974e+02
1.272238e+06,1.472498e+01,1.231184e+05,1.424981e+00,9.481964e-01,9.484229e-01,1.249390e-03,1.084382e-08,3.794893e+01,8.050900e+00,2.989803e+01,3.958237e+01,1.705934e+02
1.272248e+06,1.472510e+01,1.231284e+05,1.425097e+00,9.481949e-01,9.484230e-01,1.249498e-03,1.084382e-08,3.795004e+01,8.051152e+00,2.989888e+01,3.958358e+01,1.705894e+02
1.272258e+06,1.472521e+01,1.231384e+05,1.425213e+00,9.481933e-01,9.484231e-01,1.249607e-03,1.084382e-08,3.795114e+01,8.051405e+00,2.989974e+01,3.958478e+01,1.705855e+02
1.272268e+06,1.472533e+01,1.231484e+05,1.425329e+00,9.481918e-01,9.484232e-01,1.249715e-03,1.084382e-08,3.795225e+01,8.051657e+00,2.990059e+01,3.958598e+01,1.705815e+02
1.272278e+06,1.472544e+01,1.231584e+05,1.425444e+00,9.481902e-01,9.484233e-01,1.249824e-03,1.084382e-08,3.795335e+01,8.051909e+00,2.990144e+01,3.958719e+01,1.705775e+02
1.272288e+06,1.472556e+01,1.231684e+05,1.425560e+00,9.481887e-01,9.484234e-01,1.249932e-03,1.084382e-08,3.795446e+01,8.052162e+00,2.990230e+01,3.958839e+01,1.705735e+02
1.272298e+06,1.472568e+01,1.231784e+05,1.425676e+00,9.481872e-01,9.484235e-01,1.250041e-03,1.084382e-08,3.795556e+01,8.052414e+00,2.990315e+01,3.958959e+01,1.705696e+02
1.272308e+06,1.472579e+01,1.231884e+05,1.425792e+00,9.481856e-01,9.484236e-01,1.250149e-03,1.084382e-08,3.795667e+01,8.052666e+00,2.990400e+01,3.959080e+01,1.705656e+02
1.272318e+06,1.472591e+01,1.231984e+05,1.425907e+00,9.481841e-01,9.484237e-01,1.250258e-03,1.084382e-08,3.795777e+01,8.052919e+00,2.990486e+01,3.959200e+01,1.705616e+02
1.272328e+06,1.472602e+01,1.232084e+05,1.426023e+00,9.481825e-01,9.484239e-01,1.250366e-03,1.084381e-08,3.795888e+01,8.053171e+00,2.990571e+01,3.959321e+01,1.705576e+02
1.272338e+06,1.472614e+01,1.232184e+05,1.426139e+00,9.481810e-01,9.484240e-01,1.250474e-03,1.084381e-08,3.795999e+01,8.053424e+00,2.990656e+01,3.959441e+01,1.705537e+02
1.272348e+06,1.472625e+01,1.232284e+05,1.426255e+00,9.481794e-01,9.484241e-01,1.250583e-03,1.084381e-08,3.796109e+01,8.053676e+00,2.990741e+01,3.959561e+01,1.705497e+02
1.272358e+06,1.472637e+01,1.232384e+05,1.426370e+00,9.481779e-01,9.484242e-01,1.250691e-03,1.084381e-08,3.796220e+01,8.053928e+00,2.990827e+01,3.959682e+01,1.705457e+02
1.272368e+06,1.472649e+01,1.232484e+05,1.426486e+00,9.481763e-01,9.484243e-01,1.250800e-03,1.084381e-08,3.796330e+01,8.054181e+00,2.990912e+01,3.959802e+01,1.705417e+02
1.272378e+06,1.472660e+01,1.232584e+05,1.426602e+00,9.481748e-01,9.484244e-01,1.250908e-03,1.084381e-08,3.796441e+01,8.054433e+00,2.990997e+01,3.959922e+01,1.705377e+02
1.272388e+06,1.472672e+01,1.232684e+05,1.426718e+00,9.481732e-01,9.484245e-01,1.251017e-03,1.084381e-08,3.796551e+01,8.054685e+00,2.991083e+01,3.960043e+01,1.705338e+02
1.272398e+06,1.472683e+01,1.232784e+05,1.426833e+00,9.481717e-01,9.484246e-01,1.251125e-03,1.084381e-08,3.796662e+01,8.054938e+00,2.991168e+01,3.960163e+01,1.705298e+02
1.272408e+06,1.472695e+01,1.232884e+05,1.426949e+00,9.481701e-01,9.484247e-01,1.251234e-03,1.084380e-08,3.796772e+01,8.055190e+00,2.991253e+01,3.960283e+01,1.705258e+02
1.272418e+06,1.472706e+01,1.232984e+05,1.427065e+00,9.481686e-01,9.484248e-01,1.251342e-03,1.084380e-08,3.796883e+01,8.055443e+00,2.991339e+01,3.960404e+01,1.705218e+02
1.272428e+06,1.472718e+01,1.233084e+05,1.427180e+00,9.481670e-01,9.484249e-01,1.251450e-03,1.084380e-08,3.796993e+01,8.055695e+00,2.991424e+01,3.960524e+01,1.705179e+02
1.272438e+06,1.472730e+01,1.233184e+05,1.427296e+00,9.481655e-01,9.484250e-01,1.251559e-03,1.084380e-08,3.797104e+01,8.055947e+00,2.991509e+01,3.960645e+01,1.705139e+02
1.272448e+06,1.472741e+01,1.233284e+05,1.427412e+00,9.481639e-01,9.484251e-01,1.251667e-03,1.084380e-08,3.797215e+01,8.056200e+00,2.991595e+01,3.960765e+01,1.705099e+02
1.272458e+06,1.472753e+01,1.233384e+05,1.427528e+00,9.481624e-01,9.484252e-01,1.251776e-03,1.084380e-08,3.797325e+01,8.056452e+00,2.991680e+01,3.960885e+01,1.705059e+02
1.272468e+06,1.472764e+01,1.233484e+05,1.427643e+00,9.481625e-01,9.484253e-01,1.251884e-03,1.084380e-08,3.797436e+01,8.056704e+00,2.991765e+01,3.961000e+01,1.705019e+02
1.272478e+06,1.472776e+01,1.233584e+05,1.427759e+00,9.481684e-01,9.484254e-01,1.251993e-03,1.084380e-08,3.797529e+01,8.056828e+00,2.991846e+01,3.961078e+01,1.705000e+02
1.272488e+06,1.472787e+01,1.233684e+05,1.427875e+00,9.481785e-01,9.484255e-01,1.252101e-03,1.084380e-08,3.797607e+01,8.056828e+00,2.991924e+01,3.961126e+01,1.705000e+02
1.272498e+06,1.472799e+01,1.233784e+05,1.427991e+00,9.481885e-01,9.484256e-01,1.252210e-03,1.084379e-08,3.797684e+01,8.056828e+00,2.992001e+01,3.961175e+01,1.705000e+02
1.272508e+06,1.472811e+01,1.233884e+05,1.428106e+00,9.481986e-01,9.484257e-01,1.252318e-03,1.084379e-08,3.797761e+01,8.056828e+00,2.992078e+01,3.961223e+01,1.705000e+02
1.272518e+06,1.472822e+01,1.233984e+05,1.428222e+00,9.482087e-01,9.484258e-01,1.252426e-03,1.084379e-08,3.797839e+01,8.056828e+00,2.992156e+01,3.961271e+01,1.705000e+02
1.272528e+06,1.472834e+01,1.234084e+05,1.428338e+00,9.482187e-01,9.484259e-01,1.252535e-03,1.084379e-08,3.797916e+01,8.056828e+00,2.992233e+01,3.961319e+01,1.705000e+02
1.272538e+06,1.472845e+01,1.234184e+05,1.428454e+00,9.482288e-01,9.484260e-01,1.252643e-03,1.084379e-08,3.797993e+01,8.056828e+00,2.992310e+01,3.961367e+01,1.705000e+02
1.272548e+06,1.472857e+01,1.234284e+05,1.428569e+00,9.482388e-01,9.484261e-01,1.252752e-03,1.084379e-08,3.798071e+01,8.056828e+00,2.992388e+01,3.961415e+01,1.705000e+02
1.272558e+06,1.472869e+01,1.234384e+05,1.428685e+00,9.482489e-01,9.484262e-01,1.252860e-03,1.084379e-08,3.798148e+01,8.056828e+00,2.992465e+01,3.961463e+01,1.705000e+02
1.272568e+06,1.472880e+01,1.234484e+05,1.428801e+00,9.482590e-01,9.484263e-01,1.252969e-03,1.084379e-08,3.798225e+01,8.056828e+00,2.992542e+01,3.961511e+01,1.705000e+02
1.272578e+06,1.472892e+01,1.234584e+05,1.428917e+00,9.482690e-01,9.484264e-01,1.253077e-03,1.084378e-08,3.798303e+01,8.056828e+00,2.992620e+01,3.961559e+01,1.705000e+02
1.272588e+06,1.472903e+01,1.234684e+05,1.429032e+00,9.482791e-01,9.484265e-01,1.253186e-03,1.084378e-08,3.798380e+01,8.056828e+00,2.992697e+01,3.961607e+01,1.705000e+02
1.272598e+06,1.472915e+01,1.234784e+05,1.429148e+00,9.482892e-01,9.484266e-01,1.253294e-03,1.084378e-08,3.798457e+01,8.056828e+00,2.992774e+01,3.961655e+01,1.705000e+02
1.272608e+06,1.472926e+01,1.234884e+05,1.429264e+00,9.482992e-01,9.484267e-01,1.253402e-03,1.084378e-08,3.798535e+01,8.056828e+00,2.992852e+01,3.961703e+01,1.705000e+02
1.272618e+06,1.472938e+01,1.234984e+05,1.429380e+00,9.483093e-01,9.484268e-01,1.253511e-03,1.084378e-08,3.798612e+01,8.056828e+00,2.992929e+01,3.961751e+01,1.705000e+02
1.272628e+06,1.472950e+01,1.235084e+05,1.429495e+00,9.483193e-01,9.484269e-01,1.253619e-03,1.084378e-08,3.798689e+01,8.056828e+00,2.993006e+01,3.961799e+01,1.705000e+02
1.272638e+06,1.472961e+01,1.235184e+05,1.429611e+00,9.483294e-01,9.484270e-01,1.253728e-03,1.084378e-08,3.798767e+01,8.056828e+00,2.993084e+01,3.961847e+01,1.705000e+02
1.272648e+06,1.472973e+01,1.235284e+05,1.429727e+00,9.483395e-01,9.484271e-01,1.253836e-03,1.084378e-08,3.798844e+01,8.056828e+00,2.993161e+01,3.961896e+01,1.705000e+02
1.272658e+06,1.472984e+01,1.235384e+05,1.429843e+00,9.483495e-01,9.484272e-01,1.253945e-03,1.084378e-08,3.798921e+01,8.056828e+00,2.993238e+01,3.961944e+01,1.705000e+02
1.272668e+06,1.472996e+01,1.235484e+05,1.429958e+00,9.483596e-01,9.484273e-01,1.254053e-03,1.084377e-08,3.798999e+01,8.056828e+00,2.993316e+01,3.961992e+01,1.705000e+02
1.272678e+06,1.473007e+01,1.235584e+05,1.430074e+00,9.483696e-01,9.484275e-01,1.254162e-03,1.084377e-08,3.799076e+01,8.056828e+00,2.993393e+01,3.962040e+01,1.705000e+02
1.272688e+06,1.473019e+01,1.235684e+05,1.430190e+00,9.483797e-01,9.484276e-01,1.254270e-03,1.084377e-08,3.799153e+01,8.056828e+00,2.993470e+01,3.962088e+01,1.705000e+02
1.272698e+06,1.473031e+01,1.235784e+05,1.430306e+00,9.483898e-01,9.484277e-01,1.254378e-03,1.084377e-08,3.799231e+01,8.056828e+00,2.993548e+01,3.962136e+01,1.705000e+02
1.272708e+06,1.473042e+01,1.235884e+05,1.430421e+00,9.483998e-01,9.484278e-01,1.254487e-03,1.084377e-08,3.799308e+01,8.056828e+00,2.993625e+01,3.962184e+01,1.705000e+02
1.272718e+06,1.473054e+01,1.235984e+05,1.430537e+00,9.484099e-01,9.484279e-01,1.254595e-03,1.084377e-08,3.799385e+01,8.056828e+00,2.993702e+01,3.962232e+01,1.705000e+02
1.272728e+06,1.473065e+01,1.236084e+05,1.430653e+00,9.484132e-01,9.484280e-01,1.254704e-03,1.084377e-08,3.799382e+01,8.056828e+00,2.993699e+01,3.962217e+01,1.705000e+02
1.272738e+06,1.473077e+01,1.236184e+05,1.430769e+00,9.484124e-01,9.484281e-01,1.254812e-03,1.084377e-08,3.799330e+01,8.056828e+00,2.993648e+01,3.962166e+01,1.705000e+02
1.272748e+06,1.473088e+01,1.236284e+05,1.430884e+00,9.484117e-01,9.484282e-01,1.254921e-03,1.084376e-08,3.799279e+01,8.056828e+00,2.993596e+01,3.962114e+01,1.705000e+02
1.272758e+06,1.473100e+01,1.236384e+05,1.431000e+00,9.484110e-01,9.484283e-01,1.255029e-03,1.084376e-08,3.799228e+01,8.056828e+00,2.993545e+01,3.962062e+01,1.705000e+02
1.272768e+06,1.473112e+01,1.236484e+05,1.431116e+00,9.484103e-01,9.484284e-01,1.255138e-03,1.084376e-08,3.799177e+01,8.056828e+00,2.993494e+01,3.962011e+01,1.705000e+02
1.272778e+06,1.473123e+01,1.236584e+05,1.431232e+00,9.484095e-01,9.484285e-01,1.255246e-03,1.084376e-08,3.799126e+01,8.056828e+00,2.993443e+01,3.961959e+01,1.705000e+02
1.272788e+06,1.473135e+01,1.236684e+05,1.431347e+00,9.484088e-01,9.484286e-01,1.255354e-03,1.084376e-08,3.799074e+01,8.056828e+00,2.993392e+01,3.961908e+01,1.705000e+02
1.272798e+06,1.473146e+01,1.236784e+05,1.431463e+00,9.484081e-01,9.484287e-01,1.255463e-03,1.084376e-08,3.799023e+01,8.056828e+00,2.993340e+01,3.961856e+01,1.705000e+02
1.272808e+06,1.473158e+01,1.236884e+05,1.431579e+00,9.484074e-01,9.484288e-01,1.255571e-03,1.084376e-08,3.798972e+01,8.056828e+00,2.993289e+01,3.961805e+01,1.705000e+02
1.272818e+06,1.473169e+01,1.236984e+05,1.431695e+00,9.484066e-01,9.484289e-01,1.255680e-03,1.084376e-08,3.798921e+01,8.056828e+00,2.993238e+01,3.961753e+01,1.705000e+02
1.272828e+06,1.473181e+01,1.237084e+05,1.431810e+00,9.484059e-01,9.484290e-01,1.255788e-03,1.084376e-08,3.798870e+01,8.056828e+00,2.993187e+01,3.961701e+01,1.705000e+02
1.272838e+06,1.473193e+01,1.237184e+05,1.431926e+00,9.484052e-01,9.484291e-01,1.255897e-03,1.084375e-08,3.798818e+01,8.056828e+00,2.993136e+01,3.961650e+01,1.705000e+02
1.272848e+06,1.473204e+01,1.237284e+05,1.432042e+00,9.484045e-01,9.484292e-01,1.256005e-03,1.084375e-08,3.798767e+01,8.056828e+00,2.993084e+01,3.961598e+01,1.705000e+02
1.272858e+06,1.473216e+01,1.237384e+05,1.432158e+00,9.484037e-01,9.484293e-01,1.256114e-03,1.084375e-08,3.798716e+01,8.056828e+00,2.993033e+01,3.961547e+01,1.705000e+02
1.272868e+06,1.473227e+01,1.237484e+05,1.432273e+00,9.484030e-01,9.484294e-01,1.256222e-03,1.084375e-08,3.798665e+01,8.056828e+00,2.992982e+01,3.961495e+01,1.705000e+02
1.272878e+06,1.473239e+01,1.237584e+05,1.432389e+00,9.484023e-01,9.484295e-01,1.256330e-03,1.084375e-08,3.798614e+01,8.056828e+00,2.992931e+01,3.961444e+01,1.705000e+02
1.272888e+06,1.473250e+01,1.237684e+05,1.432505e+00,9.484016e-01,9.484296e-01,1.256439e-03,1.084375e-08,3.798562e+01,8.056828e+00,2.992880e+01,3.961392e+01,1.705000e+02
1.272898e+06,1.473262e+01,1.237784e+05,1.432621e+00,9.484008e-01,9.484297e-01,1.256547e-03,1.084375e-08,3.798511e+01,8.056828e+00,2.992828e+01,3.961340e+01,1.705000e+02
1.272908e+06,1.473274e+01,1.237884e+05,1.432736e+00,9.484001e-01,9.484298e-01,1.256656e-03,1.084375e-08,3.798460e+01,8.056828e+00,2.992777e+01,3.961289e+01,1.705000e+02
1.272918e+06,1.473285e+01,1.237984e+05,1.432852e+00,9.483994e-01,9.484299e-01,1.256764e-03,1.084374e-08,3.798409e+01,8.056828e+00,2.992726e+01,3.961237e+01,1.705000e+02
1.272928e+06,1.473297e+01,1.238084e+05,1.432968e+00,9.483987e-01,9.484300e-01,1.256873e-03,1.084374e-08,3.798358e+01,8.056828e+00,2.992675e+01,3.961186e+01,1.705000e+02
1.272938e+06,1.473308e+01,1.238184e+05,1.433084e+00,9.483979e-01,9.484301e-01,1.256981e-03,1.084374e-08,3.798306e+01,8.056828e+00,2.992624e+01,3.961134e+01,1.705000e+02
1.272948e+06,1.473320e+01,1.238284e+05,1.433199e+00,9.483972e-01,9.484302e-01,1.257090e-03,1.084374e-08,3.798255e+01,8.056828e+00,2.992572e+01,3.961083e+01,1.705000e+02
1.272958e+06,1.473332e+01,1.238384e+05,1.433315e+00,9.483965e-01,9.484303e-01,1.257198e-03,1.084374e-08,3.798204e+01,8.056828e+00,2.992521e+01,3.961031e+01,1.705000e+02
1.272968e+06,1.473343e+01,1.238484e+05,1.433431e+00,9.483995e-01,9.484304e-01,1.257306e-03,1.084374e-08,3.798153e+01,8.056828e+00,2.992470e+01,3.960967e+01,1.705000e+02
1.272978e+06,1.473355e+01,1.238584e+05,1.433547e+00,9.484087e-01,9.484305e-01,1.257415e-03,1.084374e-08,3.798116e+01,8.056974e+00,2.992419e+01,3.960897e+01,1.705046e+02
1.272988e+06,1.473366e+01,1.238684e+05,1.433662e+00,9.484205e-01,9.484306e-01,1.257523e-03,1.084374e-08,3.798090e+01,8.057229e+00,2.992367e+01,3.960829e+01,1.705127e+02
1.272998e+06,1.473378e+01,1.238784e+05,1.433778e+00,9.484324e-01,9.484307e-01,1.257632e-03,1.084374e-08,3.798065e+01,8.057484e+00,2.992316e+01,3.960761e+01,1.705207e+02
1.273008e+06,1.473389e+01,1.238884e+05,1.433894e+00,9.484442e-01,9.484308e-01,1.257740e-03,1.084373e-08,3.798039e+01,8.057739e+00,2.992265e+01,3.960693e+01,1.705287e+02
1.273018e+06,1.473401e+01,1.238984e+05,1.434010e+00,9.484560e-01,9.484309e-01,1.257849e-03,1.084373e-08,3.798013e+01,8.057994e+00,2.992214e+01,3.960625e+01,1.705368e+02
1.273028e+06,1.473413e+01,1.239084e+05,1.434125e+00,9.484678e-01,9.484311e-01,1.257957e-03,1.084373e-08,3.797987e+01,8.058249e+00,2.992162e+01,3.960557e+01,1.705448e+02
1.273038e+06,1.473424e+01,1.239184e+05,1.434241e+00,9.484797e-01,9.484312e-01,1.258066e-03,1.084373e-08,3.797962e+01,8.058504e+00,2.992111e+01,3.960490e+01,1.705529e+02
1.273048e+06,1.473436e+01,1.239284e+05,1.434357e+00,9.484915e-01,9.484313e-01,1.258174e-03,1.084373e-08,3.797936e+01,8.058759e+00,2.992060e+01,3.960422e+01,1.705609e+02
1.273058e+06,1.473447e+01,1.239384e+05,1.434473e+00,9.485033e-01,9.484314e-01,1.258282e-03,1.084373e-08,3.797910e+01,8.059014e+00,2.992009e+01,3.960354e+01,1.705689e+02
1.273068e+06,1.473459e+01,1.239484e+05,1.434588e+00,9.485152e-01,9.484315e-01,1.258391e-03,1.084373e-08,3.797884e+01,8.059269e+00,2.991957e+01,3.960286e+01,1.705770e+02
1.273078e+06,1.473470e+01,1.239584e+05,1.434704e+00,9.485270e-01,9.484316e-01,1.258499e-03,1.084373e-08,3.797858e+01,8.059524e+00,2.991906e+01,3.960218e+01,1.705850e+02
1.273088e+06,1.473482e+01,1.239684e+05,1.434820e+00,9.485388e-01,9.484317e-01,1.258608e-03,1.084372e-08,3.797833e+01,8.059779e+00,2.991855e+01,3.960150e+01,1.705930e+02
1.273098e+06,1.473494e+01,1.239784e+05,1.434936e+00,9.485506e-01,9.484318e-01,1.258716e-03,1.084372e-08,3.797807e+01,8.060034e+00,2.991803e+01,3.960082e+01,1.706011e+02
1.273108e+06,1.473505e+01,1.239884e+05,1.435051e+00,9.485625e-01,9.484319e-01,1.258825e-03,1.084372e-08,3.797781e+01,8.060289e+00,2.991752e+01,3.960014e+01,1.706091e+02
1.273118e+06,1.473517e+01,1.239984e+05,1.435167e+00,9.485743e-01,9.484320e-01,1.258933e-03,1.084372e-08,3.797755e+01,8.060544e+00,2.991701e+01,3.959946e+01,1.706172e+02
1.273128e+06,1.473528e+01,1.240084e+05,1.435283e+00,9.485861e-01,9.484321e-01,1.259042e-03,1.084372e-08,3.797730e+01,8.060799e+00,2.991650e+01,3.959879e+01,1.706252e+02
1.273138e+06,1.473540e+01,1.240184e+05,1.435399e+00,9.485979e-01,9.484322e-01,1.259150e-03,1.084372e-08,3.797704e+01,8.061055e+00,2.991598e+01,3.959811e+01,1.706332e+02
1.273148e+06,1.473551e+01,1.240284e+05,1.435514e+00,9.486098e-01,9.484323e-01,1.259258e-03,1.084372e-08,3.797678e+01,8.061310e+00,2.991547e+01,3.959743e+01,1.706413e+02
1.273158e+06,1.473563e+01,1.240384e+05,1.435630e+00,9.486216e-01,9.484324e-01,1.259367e-03,1.084372e-08,3.797652e+01,8.061565e+00,2.991496e+01,3.959675e+01,1.706493e+02
1.273168e+06,1.473575e+01,1.240484e+05,1.435746e+00,9.486334e-01,9.484325e-01,1.259475e-03,1.084372e-08,3.797626e+01,8.061820e+00,2.991444e+01,3.959607e+01,1.706574e+02
1.273178e+06,1.473586e+01,1.240584e+05,1.435862e+00,9.486453e-01,9.484326e-01,1.259584e-03,1.084371e-08,3.797601e+01,8.062075e+00,2.991393e+01,3.959539e+01,1.706654e+02
1.273188e+06,1.473598e+01,1.240684e+05,1.435977e+00,9.486571e-01,9.484327e-01,1.259692e-03,1.084371e-08,3.797575e+01,8.062330e+00,2.991342e+01,3.959471e+01,1.706734e+02
1.273198e+06,1.473609e+01,1.240784e+05,1.436093e+00,9.486689e-01,9.484328e-01,1.259801e-03,1.084371e-08,3.797549e+01,8.062585e+00,2.991291e+01,3.959403e+01,1.706815e+02
1.273208e+06,1.473621e+01,1.240884e+05,1.436209e+00,9.486807e-01,9.484329e-01,1.259909e-03,1.084371e-08,3.797523e+01,8.062840e+00,2.991239e+01,3.959336e+01,1.706895e+02
1.273218e+06,1.473632e+01,1.240984e+05,1.436325e+00,9.486881e-01,9.484330e-01,1.260018e-03,1.084371e-08,3.797498e+01,8.063095e+00,2.991188e+01,3.959283e+01,1.706975e+02
1.273228e+06,1.473644e+01,1.241084e+05,1.436440e+00,9.486796e-01,9.484331e-01,1.260126e-03,1.084371e-08,3.797543e+01,8.063350e+00,2.991208e+01,3.959357e+01,1.707000e+02
1.273238e+06,1.473656e+01,1.241185e+05,1.436556e+00,9.486651e-01,9.484332e-01,1.260234e-03,1.084371e-08,3.797619e+01,8.063605e+00,2.991259e+01,3.959485e+01,1.707000e+02
1.273248e+06,1.473667e+01,1.241285e+05,1.436672e+00,9.486505e-01,9.484333e-01,1.260343e-03,1.084371e-08,3.797696e+01,8.063860e+00,2.991310e+01,3.959613e+01,1.707000e+02
1.273258e+06,1.473679e+01,1.241385e+05,1.436788e+00,9.486359e-01,9.484334e-01,1.260451e-03,1.084370e-08,3.797772e+01,8.064115e+00,2.991361e+01,3.959740e+01,1.707000e+02
1.273268e+06,1.473690e+01,1.241485e+05,1.436903e+00,9.486213e-01,9.484335e-01,1.260560e-03,1.084370e-08,3.797849e+01,8.064370e+00,2.991412e+01,3.959868e+01,1.707000e+02
1.273278e+06,1.473702e+01,1.241585e+05,1.437019e+00,9.486068e-01,9.484336e-01,1.260668e-03,1.084370e-08,3.797925e+01,8.064625e+00,2.991463e+01,3.959996e+01,1.707000e+02
1.273288e+06,1.473713e+01,1.241685e+05,1.437135e+00,9.485922e-01,9.484337e-01,1.260777e-03,1.084370e-08,3.798002e+01,8.064880e+00,2.991514e+01,3.960123e+01,1.707000e+02
1.273298e+06,1.473725e+01,1.241785e+05,1.437251e+00,9.485776e-01,9.484338e-01,1.260885e-03,1.084370e-08,3.798079e+01,8.065135e+00,2.991565e+01,3.960251e+01,1.707000e+02
1.273308e+06,1.473737e+01,1.241885e+05,1.437366e+00,9.485631e-01,9.484339e-01,1.260994e-03,1.084370e-08,3.798155e+01,8.065391e+00,2.991616e+01,3.960379e+01,1.707000e+02
1.273318e+06,1.473748e+01,1.241985e+05,1.437482e+00,9.485485e-01,9.484340e-01,1.261102e-03,1.084370e-08,3.798232e+01,8.065646e+00,2.991667e+01,3.960507e+01,1.707000e+02
1.273328e+06,1.473760e+01,1.242085e+05,1.437598e+00,9.485339e-01,9.484341e-01,1.261210e-03,1.084370e-08,3.798308e+01,8.065901e+00,2.991718e+01,3.960634e+01,1.707000e+02
1.273338e+06,1.473771e+01,1.242185e+05,1.437714e+00,9.485194e-01,9.484342e-01,1.261319e-03,1.084370e-08,3.798385e+01,8.066156e+00,2.991769e+01,3.960762e+01,1.707000e+02
1.273348e+06,1.473783e+01,1.242285e+05,1.437829e+00,9.485048e-01,9.484343e-01,1.261427e-03,1.084369e-08,3.798461e+01,8.066411e+00,2.991820e+01,3.960890e+01,1.707000e+02
1.273358e+06,1.473795e+01,1.242385e+05,1.437945e+00,9.484902e-01,9.484344e-01,1.261536e-03,1.084369e-08,3.798538e+01,8.066666e+00,2.991871e+01,3.961018e+01,1.707000e+02
1.273368e+06,1.473806e+01,1.242485e+05,1.438061e+00,9.484756e-01,9.484345e-01,1.261644e-03,1.084369e-08,3.798614e+01,8.066921e+00,2.991922e+01,3.961145e+01,1.707000e+02
1.273378e+06,1.473818e+01,1.242585e+05,1.438177e+00,9.484611e-01,9.484347e-01,1.261753e-03,1.084369e-08,3.798691e+01,8.067176e+00,2.991973e+01,3.961273e+01,1.707000e+02
1.273388e+06,1.473829e+01,1.242685e+05,1.438292e+00,9.484465e-01,9.484348e-01,1.261861e-03,1.084369e-08,3.798767e+01,8.067431e+00,2.992024e+01,3.961401e+01,1.707000e+02
1.273398e+06,1.473841e+01,1.242785e+05,1.438408e+00,9.484319e-01,9.484349e-01,1.261970e-03,1.084369e-08,3.798844e+01,8.067687e+00,2.992075e+01,3.961529e+01,1.707000e+02
1.273408e+06,1.473852e+01,1.242885e+05,1.438524e+00,9.484174e-01,9.484350e-01,1.262078e-03,1.084369e-08,3.798920e+01,8.067942e+00,2.992126e+01,3.961657e+01,1.707000e+02
1.273418e+06,1.473864e+01,1.242985e+05,1.438640e+00,9.484028e-01,9.484351e-01,1.262186e-03,1.084369e-08,3.798997e+01,8.068197e+00,2.992177e+01,3.961784e+01,1.707000e+02
1.273428e+06,1.473876e+01,1.243085e+05,1.438755e+00,9.483882e-01,9.484352e-01,1.262295e-03,1.084368e-08,3.799074e+01,8.068452e+00,2.992228e+01,3.961912e+01,1.707000e+02
1.273438e+06,1.473887e+01,1.243185e+05,1.438871e+00,9.483736e-01,9.484353e-01,1.262403e-03,1.084368e-08,3.799150e+01,8.068707e+00,2.992279e+01,3.962040e+01,1.707000e+02
1.273448e+06,1.473899e+01,1.243285e+05,1.438987e+00,9.483591e-01,9.484354e-01,1.262512e-03,1.084368e-08,3.799227e+01,8.068962e+00,2.992330e+01,3.962168e+01,1.707000e+02
1.273458e+06,1.473910e+01,1.243385e+05,1.439103e+00,9.483445e-01,9.484355e-01,1.262620e-03,1.084368e-08,3.799303e+01,8.069217e+00,2.992381e+01,3.962295e+01,1.707000e+02
1.273468e+06,1.473922e+01,1.243485e+05,1.439218e+00,9.483264e-01,9.484356e-01,1.262729e-03,1.084368e-08,3.799380e+01,8.069472e+00,2.992432e+01,3.962435e+01,1.707000e+02
1.273478e+06,1.473933e+01,1.243585e+05,1.439334e+00,9.483144e-01,9.484357e-01,1.262837e-03,1.084368e-08,3.799371e+01,8.069443e+00,2.992427e+01,3.962466e+01,1.706955e+02
1.273488e+06,1.473945e+01,1.243685e+05,1.439450e+00,9.483097e-01,9.484358e-01,1.262946e-03,1.084368e-08,3.799294e+01,8.069186e+00,2.992375e+01,3.962401e+01,1.706875e+02
1.273498e+06,1.473957e+01,1.243785e+05,1.439566e+00,9.483051e-01,9.484359e-01,1.263054e-03,1.084368e-08,3.799216e+01,8.068928e+00,2.992324e+01,3.962337e+01,1.706795e+02
1.273508e+06,1.473968e+01,1.243885e+05,1.439681e+00,9.483004e-01,9.484360e-01,1.263162e-03,1.084368e-08,3.799139e+01,8.068670e+00,2.992272e+01,3.962272e+01,1.706714e+02
1.273518e+06,1.473980e+01,1.243985e+05,1.439797e+00,9.482957e-01,9.484361e-01,1.263271e-03,1.084367e-08,3.799062e+01,8.068412e+00,2.992220e+01,3.962208e+01,1.706634e+02
1.273528e+06,1.473991e+01,1.244085e+05,1.439913e+00,9.482910e-01,9.484362e-01,1.263379e-03,1.084367e-08,3.798984e+01,8.068155e+00,2.992169e+01,3.962143e+01,1.706554e+02
1.273538e+06,1.474003e+01,1.244185e+05,1.440029e+00,9.482864e-01,9.484363e-01,1.263488e-03,1.084367e-08,3.798907e+01,8.067897e+00,2.992117e+01,3.962078e+01,1.706473e+02
1.273548e+06,1.474014e+01,1.244285e+05,1.440144e+00,9.482817e-01,9.484364e-01,1.263596e-03,1.084367e-08,3.798830e+01,8.067639e+00,2.992066e+01,3.962014e+01,1.706393e+02
1.273558e+06,1.474026e+01,1.244385e+05,1.440260e+00,9.482770e-01,9.484365e-01,1.263705e-03,1.084367e-08,3.798752e+01,8.067381e+00,2.992014e+01,3.961949e+01,1.706312e+02
1.273568e+06,1.474038e+01,1.244485e+05,1.440376e+00,9.482723e-01,9.484366e-01,1.263813e-03,1.084367e-08,3.798675e+01,8.067123e+00,2.991963e+01,3.961885e+01,1.706232e+02
1.273578e+06,1.474049e+01,1.244585e+05,1.440492e+00,9.482677e-01,9.484367e-01,1.263922e-03,1.084367e-08,3.798598e+01,8.066866e+00,2.991911e+01,3.961820e+01,1.706152e+02
1.273588e+06,1.474061e+01,1.244685e+05,1.440607e+00,9.482630e-01,9.484368e-01,1.264030e-03,1.084367e-08,3.798520e+01,8.066608e+00,2.991860e+01,3.961755e+01,1.706071e+02
1.273598e+06,1.474072e+01,1.244785e+05,1.440723e+00,9.482583e-01,9.484369e-01,1.264138e-03,1.084366e-08,3.798443e+01,8.066350e+00,2.991808e+01,3.961691e+01,1.705991e+02
1.273608e+06,1.474084e+01,1.244885e+05,1.440839e+00,9.482536e-01,9.484370e-01,1.264247e-03,1.084366e-08,3.798366e+01,8.066092e+00,2.991756e+01,3.961626e+01,1.705911e+02
1.273618e+06,1.474095e+01,1.244985e+05,1.440955e+00,9.482490e-01,9.484371e-01,1.264355e-03,1.084366e-08,3.798288e+01,8.065835e+00,2.991705e+01,3.961562e+01,1.705830e+02
1.273628e+06,1.474107e+01,1.245085e+05,1.441070e+00,9.482443e-01,9.484372e-01,1.264464e-03,1.084366e-08,3.798211e+01,8.065577e+00,2.991653e+01,3.961497e+01,1.705750e+02
1.273638e+06,1.474119e+01,1.245185e+05,1.441186e+00,9.482396e-01,9.484373e-01,1.264572e-03,1.084366e-08,3.798134e+01,8.065319e+00,2.991602e+01,3.961433e+01,1.705669e+02
1.273648e+06,1.474130e+01,1.245285e+05,1.441302e+00,9.482349e-01,9.484374e-01,1.264681e-03,1.084366e-08,3.798056e+01,8.065061e+00,2.991550e+01,3.961368e+01,1.705589e+02
1.273658e+06,1.474142e+01,1.245385e+05,1.441418e+00,9.482303e-01,9.484375e-01,1.264789e-03,1.084366e-08,3.797979e+01,8.064804e+00,2.991499e+01,3.961303e+01,1.705509e+02
1.273668e+06,1.474153e+01,1.245485e+05,1.441533e+00,9.482256e-01,9.484376e-01,1.264898e-03,1.084366e-08,3.797902e+01,8.064546e+00,2.991447e+01,3.961239e+01,1.705428e+02
1.273678e+06,1.474165e+01,1.245585e+05,1.441649e+00,9.482209e-01,9.484377e-01,1.265006e-03,1.084366e-08,3.797824e+01,8.064288e+00,2.991396e+01,3.961174e+01,1.705348e+02
1.273688e+06,1.474176e+01,1.245685e+05,1.441765e+00,9.482162e-01,9.484378e-01,1.265114e-03,1.084365e-08,3.797747e+01,8.064030e+00,2.991344e+01,3.961110e+01,1.705267e+02
1.273698e+06,1.474188e+01,1.245785e+05,1.441881e+00,9.482116e-01,9.484379e-01,1.265223e-03,1.084365e-08,3.797670e+01,8.063772e+00,2.991292e+01,3.961045e+01,1.705187e+02
1.273708e+06,1.474200e+01,1.245885e+05,1.441996e+00,9.482069e-01,9.484380e-01,1.265331e-03,1.084365e-08,3.797592e+01,8.063515e+00,2.991241e+01,3.960980e+01,1.705107e+02
1.273718e+06,1.474211e+01,1.245985e+05,1.442112e+00,9.482065e-01,9.484381e-01,1.265440e-03,1.084365e-08,3.797515e+01,8.063257e+00,2.991189e+01,3.960901e+01,1.705026e+02
1.273728e+06,1.474223e+01,1.246085e+05,1.442228e+00,9.482094e-01,9.484383e-01,1.265548e-03,1.084365e-08,3.797507e+01,8.063172e+00,2.991190e+01,3.960884e+01,1.705000e+02
1.273738e+06,1.474234e+01,1.246185e+05,1.442344e+00,9.482128e-01,9.484384e-01,1.265657e-03,1.084365e-08,3.797532e+01,8.063172e+00,2.991215e+01,3.960899e+01,1.705000e+02
1.273748e+06,1.474246e+01,1.246285e+05,1.442459e+00,9.482162e-01,9.484385e-01,1.265765e-03,1.084365e-08,3.797558e+01,8.063172e+00,2.991241e+01,3.960915e+01,1.705000e+02
1.273758e+06,1.474258e+01,1.246385e+05,1.442575e+00,9.482196e-01,9.484386e-01,1.265874e-03,1.084365e-08,3.797583e+01,8.063172e+00,2.991266e+01,3.960931e+01,1.705000e+02
1.273768e+06,1.474269e+01,1.246485e+05,1.442691e+00,9.482230e-01,9.484387e-01,1.265982e-03,1.084364e-08,3.797609e+01,8.063172e+00,2.991292e+01,3.960946e+01,1.705000e+02
1.273778e+06,1.474281e+01,1.246585e+05,1.442807e+00,9.482263e-01,9.484388e-01,1.266090e-03,1.084364e-08,3.797634e+01,8.063172e+00,2.991317e+01,3.960962e+01,1.705000e+02
1.273788e+06,1.474292e+01,1.246685e+05,1.442922e+00,9.482297e-01,9.484389e-01,1.266199e-03,1.084364e-08,3.797660e+01,8.063172e+00,2.991343e+01,3.960977e+01,1.705000e+02
1.273798e+06,1.474304e+01,1.246785e+05,1.443038e+00,9.482331e-01,9.484390e-01,1.266307e-03,1.084364e-08,3.797685e+01,8.063172e+00,2.991368e+01,3.960993e+01,1.705000e+02
1.273808e+06,1.474315e+01,1.246885e+05,1.443154e+00,9.482365e-01,9.484391e-01,1.266416e-03,1.084364e-08,3.797711e+01,8.063172e+00,2.991394e+01,3.961009e+01,1.705000e+02
1.273818e+06,1.474327e+01,1.246985e+05,1.443270e+00,9.482399e-01,9.484392e-01,1.266524e-03,1.084364e-08,3.797736e+01,8.063172e+00,2.991419e+01,3.961024e+01,1.705000e+02
1.273828e+06,1.474339e+01,1.247085e+05,1.443385e+00,9.482433e-01,9.484393e-01,1.266633e-03,1.084364e-08,3.797762e+01,8.063172e+00,2.991445e+01,3.961040e+01,1.705000e+02
1.273838e+06,1.474350e+01,1.247185e+05,1.443501e+00,9.482467e-01,9.484394e-01,1.266741e-03,1.084364e-08,3.797787e+01,8.063172e+00,2.991470e+01,3.961056e+01,1.705000e+02
1.273848e+06,1.474362e+01,1.247285e+05,1.443617e+00,9.482501e-01,9.484395e-01,1.266850e-03,1.084364e-08,3.797813e+01,8.063172e+00,2.991496e+01,3.961071e+01,1.705000e+02
1.273858e+06,1.474373e+01,1.247385e+05,1.443733e+00,9.482535e-01,9.484396e-01,1.266958e-03,1.084363e-08,3.797838e+01,8.063172e+00,2.991521e+01,3.961087e+01,1.705000e+02
1.273868e+06,1.474385e+01,1.247485e+05,1.443848e+00,9.482568e-01,9.484397e-01,1.267066e-03,1.084363e-08,3.797864e+01,8.063172e+00,2.991547e+01,3.961102e+01,1.705000e+02
1.273878e+06,1.474396e+01,1.247585e+05,1.443964e+00,9.482602e-01,9.484398e-01,1.267175e-03,1.084363e-08,3.797889e+01,8.063172e+00,2.991572e+01,3.961118e+01,1.705000e+02
1.273888e+06,1.474408e+01,1.247685e+05,1.444080e+00,9.482636e-01,9.484399e-01,1.267283e-03,1.084363e-08,3.797915e+01,8.063172e+00,2.991598e+01,3.961134e+01,1.705000e+02
1.273898e+06,1.474420e+01,1.247785e+05,1.444196e+00,9.482670e-01,9.484400e-01,1.267392e-03,1.084363e-08,3.797941e+01,8.063172e+00,2.991623e+01,3.961149e+01,1.705000e+02
1.273908e+06,1.474431e+01,1.247885e+05,1.444311e+00,9.482704e-01,9.484401e-01,1.267500e-03,1.084363e-08,3.797966e+01,8.063172e+00,2.991649e+01,3.961165e+01,1.705000e+02
1.273918e+06,1.474443e+01,1.247985e+05,1.444427e+00,9.482738e-01,9.484402e-01,1.267609e-03,1.084363e-08,3.797992e+01,8.063172e+00,2.991674e+01,3.961181e+01,1.705000e+02
1.273928e+06,1.474454e+01,1.248085e+05,1.444543e+00,9.482772e-01,9.484403e-01,1.267717e-03,1.084363e-08,3.798017e+01,8.063172e+00,2.991700e+01,3.961196e+01,1.705000e+02
1.273938e+06,1.474466e+01,1.248185e+05,1.444659e+00,9.482806e-01,9.484404e-01,1.267826e-03,1.084362e-08,3.798043e+01,8.063172e+00,2.991725e+01,3.961212e+01,1.705000e+02
1.273948e+06,1.474477e+01,1.248285e+05,1.444774e+00,9.482840e-01,9.484405e-01,1.267934e-03,1.084362e-08,3.798068e+01,8.063172e+00,2.991751e+01,3.961228e+01,1.705000e+02
1.273958e+06,1.474489e+01,1.248385e+05,1.444890e+00,9.482874e-01,9.484406e-01,1.268042e-03,1.084362e-08,3.798094e+01,8.063172e+00,2.991776e+01,3.961243e+01,1.705000e+02
1.273969e+06,1.474501e+01,1.248485e+05,1.445006e+00,9.482907e-01,9.484407e-01,1.268151e-03,1.084362e-08,3.798119e+01,8.063172e+00,2.991802e+01,3.961259e+01,1.705000e+02
1.273979e+06,1.474512e+01,1.248585e+05,1.445122e+00,9.482954e-01,9.484408e-01,1.268259e-03,1.084362e-08,3.798104e+01,8.063172e+00,2.991786e+01,3.961227e+01,1.705000e+02
1.273989e+06,1.474524e+01,1.248685e+05,1.445237e+00,9.483011e-01,9.484409e-01,1.268368e-03,1.084362e-08,3.798052e+01,8.063172e+00,2.991735e+01,3.961154e+01,1.705000e+02
1.273999e+06,1.474535e+01,1.248785e+05,1.445353e+00,9.483068e-01,9.484410e-01,1.268476e-03,1.084362e-08,3.798001e+01,8.063172e+00,2.991683e+01,3.961080e+01,1.705000e+02
1.274009e+06,1.474547e+01,1.248885e+05,1.445469e+00,9.483125e-01,9.484411e-01,1.268585e-03,1.084362e-08,3.797949e+01,8.063172e+00,2.991632e+01,3.961007e+01,1.705000e+02
1.274019e+06,1.474558e+01,1.248985e+05,1.445585e+00,9.483182e-01,9.484412e-01,1.268693e-03,1.084362e-08,3.797897e+01,8.063172e+00,2.991580e+01,3.960934e+01,1.705000e+02
1.274029e+06,1.474570e+01,1.249085e+05,1.445700e+00,9.483239e-01,9.484413e-01,1.268802e-03,1.084361e-08,3.797846e+01,8.063172e+00,2.991529e+01,3.960860e+01,1.705000e+02
1.274039e+06,1.474582e+01,1.249185e+05,1.445816e+00,9.483296e-01,9.484414e-01,1.268910e-03,1.084361e-08,3.797794e+01,8.063172e+00,2.991477e+01,3.960787e+01,1.705000e+02
1.274049e+06,1.474593e+01,1.249285e+05,1.445932e+00,9.483353e-01,9.484415e-01,1.269018e-03,1.084361e-08,3.797743e+01,8.063172e+00,2.991426e+01,3.960714e+01,1.705000e+02
1.274059e+06,1.474605e+01,1.249385e+05,1.446048e+00,9.483410e-01,9.484416e-01,1.269127e-03,1.084361e-08,3.797691e+01,8.063172e+00,2.991374e+01,3.960640e+01,1.705000e+02
1.274069e+06,1.474616e+01,1.249485e+05,1.446163e+00,9.483467e-01,9.484417e-01,1.269235e-03,1.084361e-08,3.797640e+01,8.063172e+00,2.991322e+01,3.960567e+01,1.705000e+02
1.274079e+06,1.474628e+01,1.249585e+05,1.446279e+00,9.483524e-01,9.484418e-01,1.269344e-03,1.084361e-08,3.797588e+01,8.063172e+00,2.991271e+01,3.960494e+01,1.705000e+02
1.274089e+06,1.474639e+01,1.249685e+05,1.446395e+00,9.483581e-01,9.484420e-01,1.269452e-03,1.084361e-08,3.797537e+01,8.063172e+00,2.991219e+01,3.960420e+01,1.705000e+02
1.274099e+06,1.474651e+01,1.249785e+05,1.446511e+00,9.483638e-01,9.484421e-01,1.269561e-03,1.084361e-08,3.797485e+01,8.063172e+00,2.991168e+01,3.960347e+01,1.705000e+02
1.274109e+06,1.474663e+01,1.249885e+05,1.446626e+00,9.483695e-01,9.484422e-01,1.269669e-03,1.084360e-08,3.797433e+01,8.063172e+00,2.991116e+01,3.960274e+01,1.705000e+02
1.274119e+06,1.474674e+01,1.249985e+05,1.446742e+00,9.483752e-01,9.484423e-01,1.269778e-03,1.084360e-08,3.797382e+01,8.063172e+00,2.991065e+01,3.960200e+01,1.705000e+02
1.274129e+06,1.474686e+01,1.250085e+05,1.446858e+00,9.483809e-01,9.484424e-01,1.269886e-03,1.084360e-08,3.797330e+01,8.063172e+00,2.991013e+01,3.960127e+01,1.705000e+02
1.274139e+06,1.474697e+01,1.250185e+05,1.446974e+00,9.483866e-01,9.484425e-01,1.269994e-03,1.084360e-08,3.797279e+01,8.063172e+00,2.990962e+01,3.960054e+01,1.705000e+02
1.274149e+06,1.474709e+01,1.250285e+05,1.447089e+00,9.483923e-01,9.484426e-01,1.270103e-03,1.084360e-08,3.797227e+01,8.063172e+00,2.990910e+01,3.959980e+01,1.705000e+02
1.274159e+06,1.474721e+01,1.250385e+05,1.447205e+00,9.483980e-01,9.484427e-01,1.270211e-03,1.084360e-08,3.797176e+01,8.063172e+00,2.990858e+01,3.959907e+01,1.705000e+02
1.274169e+06,1.474732e+01,1.250485e+05,1.447321e+00,9.484037e-01,9.484428e-01,1.270320e-03,1.084360e-08,3.797124e+01,8.063172e+00,2.990807e+01,3.959834e+01,1.705000e+02
1.274179e+06,1.474744e+01,1.250585e+05,1.447437e+00,9.484094e-01,9.484429e-01,1.270428e-03,1.084360e-08,3.797073e+01,8.063172e+00,2.990755e+01,3.959760e+01,1.705000e+02
1.274189e+06,1.474755e+01,1.250685e+05,1.447552e+00,9.484151e-01,9.484430e-01,1.270537e-03,1.084360e-08,3.797021e+01,8.063172e+00,2.990704e+01,3.959687e+01,1.705000e+02
1.274199e+06,1.474767e+01,1.250785e+05,1.447668e+00,9.484208e-01,9.484431e-01,1.270645e-03,1.084359e-08,3.796969e+01,8.063172e+00,2.990652e+01,3.959614e+01,1.705000e+02
1.274209e+06,1.474778e+01,1.250885e+05,1.447784e+00,9.484265e-01,9.484432e-01,1.270754e-03,1.084359e-08,3.796918e+01,8.063172e+00,2.990601e+01,3.959540e+01,1.705000e+02
1.274219e+06,1.474790e+01,1.250985e+05,1.447900e+00,9.484322e-01,9.484433e-01,1.270862e-03,1.084359e-08,3.796866e+01,8.063172e+00,2.990549e+01,3.959467e+01,1.705000e+02
1.274229e+06,1.474802e+01,1.251085e+05,1.448015e+00,9.484381e-01,9.484434e-01,1.270970e-03,1.084359e-08,3.796915e+01,8.063172e+00,2.990598e+01,3.959499e+01,1.705000e+02
1.274239e+06,1.474813e+01,1.251185e+05,1.448131e+00,9.484439e-01,9.484435e-01,1.271079e-03,1.084359e-08,3.797017e+01,8.063172e+00,2.990700e+01,3.959587e+01,1.705000e+02
1.274249e+06,1.474825e+01,1.251285e+05,1.448247e+00,9.484498e-01,9.484436e-01,1.271187e-03,1.084359e-08,3.797120e+01,8.063172e+00,2.990802e+01,3.959676e+01,1.705000e+02
1.274259e+06,1.474836e+01,1.251385e+05,1.448362e+00,9.484557e-01,9.484437e-01,1.271296e-03,1.084359e-08,3.797222e+01,8.063172e+00,2.990905e+01,3.959764e+01,1.705000e+02
1.274269e+06,1.474848e+01,1.251485e+05,1.448478e+00,9.484615e-01,9.484438e-01,1.271404e-03,1.084359e-08,3.797324e+01,8.063172e+00,2.991007e+01,3.959853e+01,1.705000e+02
1.274279e+06,1.474859e+01,1.251585e+05,1.448594e+00,9.484674e-01,9.484439e-01,1.271513e-03,1.084358e-08,3.797427e+01,8.063172e+00,2.991110e+01,3.959941e+01,1.705000e+02
1.274289e+06,1.474871e+01,1.251685e+05,1.448710e+00,9.484733e-01,9.484440e-01,1.271621e-03,1.084358e-08,3.797529e+01,8.063172e+00,2.991212e+01,3.960030e+01,1.705000e+02
1.274299e+06,1.474883e+01,1.251785e+05,1.448825e+00,9.484791e-01,9.484441e-01,1.271729e-03,1.084358e-08,3.797632e+01,8.063172e+00,2.991314e+01,3.960118e+01,1.705000e+02
1.274309e+06,1.474894e+01,1.251885e+05,1.448941e+00,9.484850e-01,9.484442e-01,1.271838e-03,1.084358e-08,3.797734e+01,8.063172e+00,2.991417e+01,3.960207e+01,1.705000e+02
1.274319e+06,1.474906e+01,1.251985e+05,1.449057e+00,9.484909e-01,9.484443e-01,1.271946e-03,1.084358e-08,3.797836e+01,8.063172e+00,2.991519e+01,3.960295e+01,1.705000e+02
1.274329e+06,1.474917e+01,1.252085e+05,1.449173e+00,9.484967e-01,9.484444e-01,1.272055e-03,1.084358e-08,3.797939e+01,8.063172e+00,2.991622e+01,3.960384e+01,1.705000e+02
1.274339e+06,1.474929e+01,1.252185e+05,1.449288e+00,9.485026e-01,9.484445e-01,1.272163e-03,1.084358e-08,3.798041e+01,8.063172e+00,2.991724e+01,3.960472e+01,1.705000e+02
1.274349e+06,1.474940e+01,1.252285e+05,1.449404e+00,9.485085e-01,9.484446e-01,1.272272e-03,1.084358e-08,3.798144e+01,8.063172e+00,2.991826e+01,3.960560e+01,1.705000e+02
1.274359e+06,1.474952e+01,1.252385e+05,1.449520e+00,9.485144e-01,9.484447e-01,1.272380e-03,1.084358e-08,3.798246e+01,8.063172e+00,2.991929e+01,3.960649e+01,1.705000e+02
1.274369e+06,1.474964e+01,1.252485e+05,1.449636e+00,9.485202e-01,9.484448e-01,1.272489e-03,1.084357e-08,3.798348e+01,8.063172e+00,2.992031e+01,3.960737e+01,1.705000e+02
1.274379e+06,1.474975e+01,1.252585e+05,1.449751e+00,9.485261e-01,9.484449e-01,1.272597e-03,1.084357e-08,3.798451e+01,8.063172e+00,2.992134e+01,3.960826e+01,1.705000e+02
1.274389e+06,1.474987e+01,1.252685e+05,1.449867e+00,9.485320e-01,9.484450e-01,1.272705e-03,1.084357e-08,3.798553e+01,8.063172e+00,2.992236e+01,3.960914e+01,1.705000e+02
1.274399e+06,1.474998e+01,1.252785e+05,1.449983e+00,9.485378e-01,9.484451e-01,1.272814e-03,1.084357e-08,3.798656e+01,8.063172e+00,2.992338e+01,3.961003e+01,1.705000e+02
1.274409e+06,1.475010e+01,1.252885e+05,1.450099e+00,9.485437e-01,9.484452e-01,1.272922e-03,1.084357e-08,3.798758e+01,8.063172e+00,2.992441e+01,3.961091e+01,1.705000e+02
1.274419e+06,1.475021e+01,1.252985e+05,1.450214e+00,9.485496e-01,9.484453e-01,1.273031e-03,1.084357e-08,3.798860e+01,8.063172e+00,2.992543e+01,3.961179e+01,1.705000e+02
1.274429e+06,1.475033e+01,1.253085e+05,1.450330e+00,9.485554e-01,9.484454e-01,1.273139e-03,1.084357e-08,3.798963e+01,8.063172e+00,2.992646e+01,3.961268e+01,1.705000e+02
1.274439e+06,1.475045e+01,1.253185e+05,1.450446e+00,9.485613e-01,9.484456e-01,1.273248e-03,1.084357e-08,3.799065e+01,8.063172e+00,2.992748e+01,3.961356e+01,1.705000e+02
1.274449e+06,1.475056e+01,1.253285e+05,1.450562e+00,9.485672e-01,9.484457e-01,1.273356e-03,1.084356e-08,3.799168e+01,8.063172e+00,2.992850e+01,3.961445e+01,1.705000e+02
1.274459e+06,1.475068e+01,1.253385e+05,1.450677e+00,9.485730e-01,9.484458e-01,1.273465e-03,1.084356e-08,3.799270e+01,8.063172e+00,2.992953e+01,3.961533e+01,1.705000e+02
1.274469e+06,1.475079e+01,1.253485e+05,1.450793e+00,9.485789e-01,9.484459e-01,1.273573e-03,1.084356e-08,3.799372e+01,8.063172e+00,2.993055e+01,3.961622e+01,1.705000e+02
1.274479e+06,1.475091e+01,1.253585e+05,1.450909e+00,9.485738e-01,9.484460e-01,1.273681e-03,1.084356e-08,3.799383e+01,8.063172e+00,2.993066e+01,3.961650e+01,1.705000e+02
1.274489e+06,1.475102e+01,1.253685e+05,1.451025e+00,9.485612e-01,9.484461e-01,1.273790e-03,1.084356e-08,3.799332e+01,8.063172e+00,2.993015e+01,3.961638e+01,1.705000e+02
1.274499e+06,1.475114e+01,1.253785e+05,1.451140e+00,9.485487e-01,9.484462e-01,1.273898e-03,1.084356e-08,3.799281e+01,8.063172e+00,2.992964e+01,3.961626e+01,1.705000e+02
1.274509e+06,1.475126e+01,1.253885e+05,1.451256e+00,9.485361e-01,9.484463e-01,1.274007e-03,1.084356e-08,3.799230e+01,8.063172e+00,2.992912e+01,3.961614e+01,1.705000e+02
1.274519e+06,1.475137e+01,1.253985e+05,1.451372e+00,9.485235e-01,9.484464e-01,1.274115e-03,1.084356e-08,3.799178e+01,8.063172e+00,2.992861e+01,3.961601e+01,1.705000e+02
1.274529e+06,1.475149e+01,1.254085e+05,1.451488e+00,9.485110e-01,9.484465e-01,1.274224e-03,1.084356e-08,3.799127e+01,8.063172e+00,2.992810e+01,3.961589e+01,1.705000e+02
1.274539e+06,1.475160e+01,1.254185e+05,1.451603e+00,9.484984e-01,9.484466e-01,1.274332e-03,1.084355e-08,3.799076e+01,8.063172e+00,2.992759e+01,3.961577e+01,1.705000e+02
1.274549e+06,1.475172e+01,1.254285e+05,1.451719e+00,9.484858e-01,9.484467e-01,1.274441e-03,1.084355e-08,3.799025e+01,8.063172e+00,2.992708e+01,3.961565e+01,1.705000e+02
1.274559e+06,1.475183e+01,1.254385e+05,1.451835e+00,9.484733e-01,9.484468e-01,1.274549e-03,1.084355e-08,3.798974e+01,8.063172e+00,2.992656e+01,3.961553e+01,1.705000e+02
1.274569e+06,1.475195e+01,1.254485e+05,1.451951e+00,9.484607e-01,9.484469e-01,1.274657e-03,1.084355e-08,3.798922e+01,8.063172e+00,2.992605e+01,3.961540e+01,1.705000e+02
1.274579e+06,1.475207e+01,1.254585e+05,1.452066e+00,9.484482e-01,9.484470e-01,1.274766e-03,1.084355e-08,3.798871e+01,8.063172e+00,2.992554e+01,3.961528e+01,1.705000e+02
1.274589e+06,1.475218e+01,1.254685e+05,1.452182e+00,9.484356e-01,9.484471e-01,1.274874e-03,1.084355e-08,3.798820e+01,8.063172e+00,2.992503e+01,3.961516e+01,1.705000e+02
1.274599e+06,1.475230e+01,1.254785e+05,1.452298e+00,9.484230e-01,9.484472e-01,1.274983e-03,1.084355e-08,3.798769e+01,8.063172e+00,2.992452e+01,3.961504e+01,1.705000e+02
1.274609e+06,1.475241e+01,1.254885e+05,1.452414e+00,9.484105e-01,9.484473e-01,1.275091e-03,1.084355e-08,3.798718e+01,8.063172e+00,2.992400e+01,3.961492e+01,1.705000e+02
1.274619e+06,1.475253e+01,1.254985e+05,1.452529e+00,9.483979e-01,9.484474e-01,1.275200e-03,1.084354e-08,3.798666e+01,8.063172e+00,2.992349e+01,3.961480e+01,1.705000e+02
1.274629e+06,1.475265e+01,1.255085e+05,1.452645e+00,9.483853e-01,9.484475e-01,1.275308e-03,1.084354e-08,3.798615e+01,8.063172e+00,2.992298e+01,3.961467e+01,1.705000e+02
1.274639e+06,1.475276e+01,1.255185e+05,1.452761e+00,9.483728e-01,9.484476e-01,1.275417e-03,1.084354e-08,3.798564e+01,8.063172e+00,2.992247e+01,3.961455e+01,1.705000e+02
1.274649e+06,1.475288e+01,1.255285e+05,1.452877e+00,9.483602e-01,9.484477e-01,1.275525e-03,1.084354e-08,3.798513e+01,8.063172e+00,2.992196e+01,3.961443e+01,1.705000e+02
1.274659e+06,1.475299e+01,1.255385e+05,1.452992e+00,9.483476e-01,9.484478e-01,1.275633e-03,1.084354e-08,3.798462e+01,8.063172e+00,2.992144e+01,3.961431e+01,1.705000e+02
1.274669e+06,1.475311e+01,1.255485e+05,1.453108e+00,9.483351e-01,9.484479e-01,1.275742e-03,1.084354e-08,3.798411e+01,8.063172e+00,2.992093e+01,3.961419e+01,1.705000e+02
1.274679e+06,1.475322e+01,1.255585e+05,1.453224e+00,9.483225e-01,9.484480e-01,1.275850e-03,1.084354e-08,3.798359e+01,8.063172e+00,2.992042e+01,3.961406e+01,1.705000e+02
1.274689e+06,1.475334e+01,1.255685e+05,1.453340e+00,9.483099e-01,9.484481e-01,1.275959e-03,1.084354e-08,3.798308e+01,8.063172e+00,2.991991e+01,3.961394e+01,1.705000e+02
1.274699e+06,1.475346e+01,1.255785e+05,1.453455e+00,9.482974e-01,9.484482e-01,1.276067e-03,1.084354e-08,3.798257e+01,8.063172e+00,2.991940e+01,3.961382e+01,1.705000e+02
1.274709e+06,1.475357e+01,1.255886e+05,1.453571e+00,9.482848e-01,9.484483e-01,1.276176e-03,1.084353e-08,3.798206e+01,8.063172e+00,2.991888e+01,3.961370e+01,1.705000e+02
1.274719e+06,1.475369e+01,1.255986e+05,1.453687e+00,9.482705e-01,9.484484e-01,1.276284e-03,1.084353e-08,3.798155e+01,8.063172e+00,2.991837e+01,3.961363e+01,1.705000e+02
1.274729e+06,1.475380e+01,1.256086e+05,1.453803e+00,9.482620e-01,9.484485e-01,1.276393e-03,1.084353e-08,3.798187e+01,8.063172e+00,2.991870e+01,3.961426e+01,1.704978e+02
1.274739e+06,1.475392e+01,1.256186e+05,1.453918e+00,9.482598e-01,9.484486e-01,1.276501e-03,1.084353e-08,3.798290e+01,8.063172e+00,2.991973e+01,3.961542e+01,1.704938e+02
1.274749e+06,1.475403e+01,1.256286e+05,1.454034e+00,9.482575e-01,9.484487e-01,1.276609e-03,1.084353e-08,3.798393e+01,8.063172e+00,2.992076e+01,3.961658e+01,1.704898e+02
1.274759e+06,1.475415e+01,1.256386e+05,1.454150e+00,9.482552e-01,9.484488e-01,1.276718e-03,1.084353e-08,3.798496e+01,8.063172e+00,2.992179e+01,3.961775e+01,1.704858e+02
1.274769e+06,1.475427e+01,1.256486e+05,1.454266e+00,9.482529e-01,9.484489e-01,1.276826e-03,1.084353e-08,3.798599e+01,8.063172e+00,2.992282e+01,3.961891e+01,1.704817e+02
1.274779e+06,1.475438e+01,1.256586e+05,1.454381e+00,9.482506e-01,9.484490e-01,1.276935e-03,1.084353e-08,3.798702e+01,8.063172e+00,2.992385e+01,3.962007e+01,1.704777e+02
1.274789e+06,1.475450e+01,1.256686e+05,1.454497e+00,9.482484e-01,9.484492e-01,1.277043e-03,1.084352e-08,3.798806e+01,8.063172e+00,2.992488e+01,3.962124e+01,1.704737e+02
1.274799e+06,1.475461e+01,1.256786e+05,1.454613e+00,9.482461e-01,9.484493e-01,1.277152e-03,1.084352e-08,3.798909e+01,8.063172e+00,2.992591e+01,3.962240e+01,1.704697e+02
1.274809e+06,1.475473e+01,1.256886e+05,1.454729e+00,9.482438e-01,9.484494e-01,1.277260e-03,1.084352e-08,3.799012e+01,8.063172e+00,2.992695e+01,3.962356e+01,1.704657e+02
1.274819e+06,1.475484e+01,1.256986e+05,1.454844e+00,9.482415e-01,9.484495e-01,1.277369e-03,1.084352e-08,3.799115e+01,8.063172e+00,2.992798e+01,3.962473e+01,1.704617e+02
1.274829e+06,1.475496e+01,1.257086e+05,1.454960e+00,9.482392e-01,9.484496e-01,1.277477e-03,1.084352e-08,3.799218e+01,8.063172e+00,2.992901e+01,3.962589e+01,1.704576e+02
1.274839e+06,1.475508e+01,1.257186e+05,1.455076e+00,9.482370e-01,9.484497e-01,1.277585e-03,1.084352e-08,3.799321e+01,8.063172e+00,2.993004e+01,3.962705e+01,1.704536e+02
1.274849e+06,1.475519e+01,1.257286e+05,1.455192e+00,9.482347e-01,9.484498e-01,1.277694e-03,1.084352e-08,3.799424e+01,8.063172e+00,2.993107e+01,3.962822e+01,1.704496e+02
1.274859e+06,1.475531e+01,1.257386e+05,1.455307e+00,9.482324e-01,9.484499e-01,1.277802e-03,1.084352e-08,3.799527e+01,8.063172e+00,2.993210e+01,3.962938e+01,1.704456e+02
1.274869e+06,1.475542e+01,1.257486e+05,1.455423e+00,9.482301e-01,9.484500e-01,1.277911e-03,1.084352e-08,3.799630e+01,8.063172e+00,2.993313e+01,3.963054e+01,1.704416e+02
1.274879e+06,1.475554e+01,1.257586e+05,1.455539e+00,9.482278e-01,9.484501e-01,1.278019e-03,1.084351e-08,3.799734e+01,8.063172e+00,2.993416e+01,3.963171e+01,1.704375e+02
1.274889e+06,1.475565e+01,1.257686e+05,1.455655e+00,9.482256e-01,9.484502e-01,1.278128e-03,1.084351e-08,3.799837e+01,8.063172e+00,2.993519e+01,3.963287e+01,1.704335e+02
1.274899e+06,1.475577e+01,1.257786e+05,1.455770e+00,9.482233e-01,9.484503e-01,1.278236e-03,1.084351e-08,3.799940e+01,8.063172e+00,2.993622e+01,3.963403e+01,1.704295e+02
1.274909e+06,1.475589e+01,1.257886e+05,1.455886e+00,9.482210e-01,9.484504e-01,1.278345e-03,1.084351e-08,3.800043e+01,8.063172e+00,2.993726e+01,3.963520e+01,1.704255e+02
1.274919e+06,1.475600e+01,1.257986e+05,1.456002e+00,9.482187e-01,9.484505e-01,1.278453e-03,1.084351e-08,3.800146e+01,8.063172e+00,2.993829e+01,3.963636e+01,1.704215e+02
1.274929e+06,1.475612e+01,1.258086e+05,1.456118e+00,9.482164e-01,9.484506e-01,1.278561e-03,1.084351e-08,3.800249e+01,8.063172e+00,2.993932e+01,3.963752e+01,1.704174e+02
1.274939e+06,1.475623e+01,1.258186e+05,1.456233e+00,9.482141e-01,9.484507e-01,1.278670e-03,1.084351e-08,3.800352e+01,8.063172e+00,2.994035e+01,3.963869e+01,1.704134e+02
1.274949e+06,1.475635e+01,1.258286e+05,1.456349e+00,9.482119e-01,9.484508e-01,1.278778e-03,1.084351e-08,3.800455e+01,8.063172e+00,2.994138e+01,3.963985e+01,1.704094e+02
1.274959e+06,1.475646e+01,1.258386e+05,1.456465e+00,9.482096e-01,9.484509e-01,1.278887e-03,1.084350e-08,3.800558e+01,8.063172e+00,2.994241e+01,3.964101e+01,1.704054e+02
1.274969e+06,1.475658e+01,1.258486e+05,1.456581e+00,9.482073e-01,9.484510e-01,1.278995e-03,1.084350e-08,3.800661e+01,8.063172e+00,2.994344e+01,3.964218e+01,1.704014e+02
1.274979e+06,1.475670e+01,1.258586e+05,1.456696e+00,9.482094e-01,9.484511e-01,1.279104e-03,1.084350e-08,3.800612e+01,8.063172e+00,2.994295e+01,3.964159e+01,1.703974e+02
1.274989e+06,1.475681e+01,1.258686e+05,1.456812e+00,9.482137e-01,9.484512e-01,1.279212e-03,1.084350e-08,3.800484e+01,8.063172e+00,2.994167e+01,3.964009e+01,1.703934e+02
1.274999e+06,1.475693e+01,1.258786e+05,1.456928e+00,9.482181e-01,9.484513e-01,1.279320e-03,1.084350e-08,3.800356e+01,8.063172e+00,2.994039e+01,3.963860e+01,1.703894e+02
1.275009e+06,1.475704e+01,1.258886e+05,1.457044e+00,9.482224e-01,9.484514e-01,1.279429e-03,1.084350e-08,3.800228e+01,8.063172e+00,2.993911e+01,3.963710e+01,1.703854e+02
1.275019e+06,1.475716e+01,1.258986e+05,1.457159e+00,9.482267e-01,9.484515e-01,1.279537e-03,1.084350e-08,3.800100e+01,8.063172e+00,2.993783e+01,3.963561e+01,1.703814e+02
1.275029e+06,1.475728e+01,1.259086e+05,1.457275e+00,9.482310e-01,9.484516e-01,1.279646e-03,1.084350e-08,3.799972e+01,8.063172e+00,2.993655e+01,3.963412e+01,1.703774e+02
1.275039e+06,1.475739e+01,1.259186e+05,1.457391e+00,9.482354e-01,9.484517e-01,1.279754e-03,1.084350e-08,3.799844e+01,8.063172e+00,2.993527e+01,3.963262e+01,1.703734e+02
1.275049e+06,1.475751e+01,1.259286e+05,1.457507e+00,9.482397e-01,9.484518e-01,1.279863e-03,1.084349e-08,3.799716e+01,8.063172e+00,2.993399e+01,3.963113e+01,1.703694e+02
1.275059e+06,1.475762e+01,1.259386e+05,1.457622e+00,9.482440e-01,9.484519e-01,1.279971e-03,1.084349e-08,3.799588e+01,8.063172e+00,2.993271e+01,3.962963e+01,1.703654e+02
1.275069e+06,1.475774e+01,1.259486e+05,1.457738e+00,9.482483e-01,9.484520e-01,1.280080e-03,1.084349e-08,3.799460e+01,8.063172e+00,2.993143e+01,3.962814e+01,1.703614e+02
1.275079e+06,1.475785e+01,1.259586e+05,1.457854e+00,9.482527e-01,9.484521e-01,1.280188e-03,1.084349e-08,3.799332e+01,8.063172e+00,2.993015e+01,3.962665e+01,1.703575e+02
1.275089e+06,1.475797e+01,1.259686e+05,1.457970e+00,9.482570e-01,9.484522e-01,1.280296e-03,1.084349e-08,3.799204e+01,8.063172e+00,2.992887e+01,3.962515e+01,1.703535e+02
1.275099e+06,1.475809e+01,1.259786e+05,1.458085e+00,9.482613e-01,9.484523e-01,1.280405e-03,1.084349e-08,3.799076e+01,8.063172e+00,2.992759e+01,3.962366e+01,1.703495e+02
1.275109e+06,1.475820e+01,1.259886e+05,1.458201e+00,9.482656e-01,9.484524e-01,1.280513e-03,1.084349e-08,3.798948e+01,8.063172e+00,2.992631e+01,3.962217e+01,1.703455e+02
1.275119e+06,1.475832e+01,1.259986e+05,1.458317e+00,9.482700e-01,9.484525e-01,1.280622e-03,1.084349e-08,3.798820e+01,8.063172e+00,2.992503e+01,3.962067e+01,1.703415e+02
1.275129e+06,1.475843e+01,1.260086e+05,1.458433e+00,9.482743e-01,9.484526e-01,1.280730e-03,1.084348e-08,3.798692e+01,8.063172e+00,2.992375e+01,3.961918e+01,1.703375e+02
1.275139e+06,1.475855e+01,1.260186e+05,1.458548e+00,9.482786e-01,9.484528e-01,1.280839e-03,1.084348e-08,3.798564e+01,8.063172e+00,2.992247e+01,3.961768e+01,1.703335e+02
1.275149e+06,1.475866e+01,1.260286e+05,1.458664e+00,9.482829e-01,9.484529e-01,1.280947e-03,1.084348e-08,3.798436e+01,8.063172e+00,2.992119e+01,3.961619e+01,1.703295e+02
1.275159e+06,1.475878e+01,1.260386e+05,1.458780e+00,9.482873e-01,9.484530e-01,1.281056e-03,1.084348e-08,3.798308e+01,8.063172e+00,2.991991e+01,3.961470e+01,1.703255e+02
1.275169e+06,1.475890e+01,1.260486e+05,1.458896e+00,9.482916e-01,9.484531e-01,1.281164e-03,1.084348e-08,3.798180e+01,8.063172e+00,2.991863e+01,3.961320e+01,1.703215e+02
1.275179e+06,1.475901e+01,1.260586e+05,1.459011e+00,9.482959e-01,9.484532e-01,1.281272e-03,1.084348e-08,3.798052e+01,8.063172e+00,2.991735e+01,3.961171e+01,1.703175e+02
1.275189e+06,1.475913e+01,1.260686e+05,1.459127e+00,9.483002e-01,9.484533e-01,1.281381e-03,1.084348e-08,3.797924e+01,8.063172e+00,2.991607e+01,3.961022e+01,1.703135e+02
1.275199e+06,1.475924e+01,1.260786e+05,1.459243e+00,9.483046e-01,9.484534e-01,1.281489e-03,1.084348e-08,3.797796e+01,8.063172e+00,2.991479e+01,3.960872e+01,1.703096e+02
1.275209e+06,1.475936e+01,1.260886e+05,1.459359e+00,9.483089e-01,9.484535e-01,1.281598e-03,1.084348e-08,3.797668e+01,8.063172e+00,2.991351e+01,3.960723e+01,1.703056e+02
1.275219e+06,1.475947e+01,1.260986e+05,1.459474e+00,9.483151e-01,9.484536e-01,1.281706e-03,1.084347e-08,3.797540e+01,8.063172e+00,2.991223e+01,3.960567e+01,1.703016e+02
1.275229e+06,1.475959e+01,1.261086e+05,1.459590e+00,9.483152e-01,9.484537e-01,1.281815e-03,1.084347e-08,3.797438e+01,8.063172e+00,2.991121e+01,3.960459e+01,1.703000e+02
1.275239e+06,1.475971e+01,1.261186e+05,1.459706e+00,9.483103e-01,9.484538e-01,1.281923e-03,1.084347e-08,3.797352e+01,8.063172e+00,2.991035e+01,3.960385e+01,1.703000e+02
1.275249e+06,1.475982e+01,1.261286e+05,1.459822e+00,9.483054e-01,9.484539e-01,1.282032e-03,1.084347e-08,3.797267e+01,8.063172e+00,2.990949e+01,3.960311e+01,1.703000e+02
1.275259e+06,1.475994e+01,1.261386e+05,1.459937e+00,9.483006e-01,9.484540e-01,1.282140e-03,1.084347e-08,3.797181e+01,8.063172e+00,2.990864e+01,3.960237e+01,1.703000e+02
1.275269e+06,1.476005e+01,1.261486e+05,1.460053e+00,9.482957e-01,9.484541e-01,1.282248e-03,1.084347e-08,3.797095e+01,8.063172e+00,2.990778e+01,3.960163e+01,1.703000e+02
1.275279e+06,1.476017e+01,1.261586e+05,1.460169e+00,9.482909e-01,9.484542e-01,1.282357e-03,1.084347e-08,3.797010e+01,8.063172e+00,2.990692e+01,3.960088e+01,1.703000e+02
1.275289e+06,1.476028e+01,1.261686e+05,1.460285e+00,9.482860e-01,9.484543e-01,1.282465e-03,1.084347e-08,3.796924e+01,8.063172e+00,2.990607e+01,3.960014e+01,1.703000e+02
1.275299e+06,1.476040e+01,1.261786e+05,1.460400e+00,9.482811e-01,9.484544e-01,1.282574e-03,1.084346e-08,3.796838e+01,8.063172e+00,2.990521e+01,3.959940e+01,1.703000e+02
1.275309e+06,1.476052e+01,1.261886e+05,1.460516e+00,9.482763e-01,9.484545e-01,1.282682e-03,1.084346e-08,3.796753e+01,8.063172e+00,2.990436e+01,3.959866e+01,1.703000e+02
1.275319e+06,1.476063e+01,1.261986e+05,1.460632e+00,9.482714e-01,9.484546e-01,1.282791e-03,1.084346e-08,3.796667e+01,8.063172e+00,2.990350e+01,3.959792e+01,1.703000e+02
1.275329e+06,1.476075e+01,1.262086e+05,1.460748e+00,9.482666e-01,9.484547e-01,1.282899e-03,1.084346e-08,3.796582e+01,8.063172e+00,2.990264e+01,3.959718e+01,1.703000e+02
1.275339e+06,1.476086e+01,1.262186e+05,1.460863e+00,9.482617e-01,9.484548e-01,1.283008e-03,1.084346e-08,3.796496e+01,8.063172e+00,2.990179e+01,3.959644e+01,1.703000e+02
1.275349e+06,1.476098e+01,1.262286e+05,1.460979e+00,9.482568e-01,9.484549e-01,1.283116e-03,1.084346e-08,3.796410e+01,8.063172e+00,2.990093e+01,3.959569e+01,1.703000e+02
1.275359e+06,1.476109e+01,1.262386e+05,1.461095e+00,9.482520e-01,9.484550e-01,1.283224e-03,1.084346e-08,3.796325e+01,8.063172e+00,2.990007e+01,3.959495e+01,1.703000e+02
1.275369e+06,1.476121e+01,1.262486e+05,1.461211e+00,9.482471e-01,9.484551e-01,1.283333e-03,1.084346e-08,3.796239e+01,8.063172e+00,2.989922e+01,3.959421e+01,1.703000e+02
1.275379e+06,1.476133e+01,1.262586e+05,1.461326e+00,9.482423e-01,9.484552e-01,1.283441e-03,1.084346e-08,3.796153e+01,8.063172e+00,2.989836e+01,3.959347e+01,1.703000e+02
1.275389e+06,1.476144e+01,1.262686e+05,1.461442e+00,9.482374e-01,9.484553e-01,1.283550e-03,1.084345e-08,3.796068e+01,8.063172e+00,2.989751e+01,3.959273e+01,1.703000e+02
1.275399e+06,1.476156e+01,1.262786e+05,1.461558e+00,9.482325e-01,9.484554e-01,1.283658e-03,1.084345e-08,3.795982e+01,8.063172e+00,2.989665e+01,3.959199e+01,1.703000e+02
1.275409e+06,1.476167e+01,1.262886e+05,1.461674e+00,9.482277e-01,9.484555e-01,1.283767e-03,1.084345e-08,3.795896e+01,8.063172e+00,2.989579e+01,3.959125e+01,1.703000e+02
1.275419e+06,1.476179e+01,1.262986e+05,1.461789e+00,9.482228e-01,9.484556e-01,1.283875e-03,1.084345e-08,3.795811e+01,8.063172e+00,2.989494e+01,3.959050e+01,1.703000e+02
1.275429e+06,1.476191e+01,1.263086e+05,1.461905e+00,9.482180e-01,9.484557e-01,1.283984e-03,1.084345e-08,3.795725e+01,8.063172e+00,2.989408e+01,3.958976e+01,1.703000e+02
1.275439e+06,1.476202e+01,1.263186e+05,1.462021e+00,9.482131e-01,9.484558e-01,1.284092e-03,1.084345e-08,3.795640e+01,8.063172e+00,2.989322e+01,3.958902e+01,1.703000e+02
1.275449e+06,1.476214e+01,1.263286e+05,1.462137e+00,9.482082e-01,9.484559e-01,1.284200e-03,1.084345e-08,3.795554e+01,8.063172e+00,2.989237e+01,3.958828e+01,1.703000e+02
1.275459e+06,1.476225e+01,1.263386e+05,1.462252e+00,9.482034e-01,9.484560e-01,1.284309e-03,1.084345e-08,3.795468e+01,8.063172e+00,2.989151e+01,3.958754e+01,1.703000e+02
1.275469e+06,1.476237e+01,1.263486e+05,1.462368e+00,9.482006e-01,9.484561e-01,1.284417e-03,1.084344e-08,3.795383e+01,8.063172e+00,2.989065e+01,3.958673e+01,1.703000e+02
1.275479e+06,1.476248e+01,1.263586e+05,1.462484e+00,9.482040e-01,9.484562e-01,1.284526e-03,1.084344e-08,3.795455e+01,8.063172e+00,2.989138e+01,3.958738e+01,1.703025e+02
1.275489e+06,1.476260e+01,1.263686e+05,1.462600e+00,9.482104e-01,9.484564e-01,1.284634e-03,1.084344e-08,3.795617e+01,8.063172e+00,2.989300e+01,3.958888e+01,1.703065e+02
1.275499e+06,1.476272e+01,1.263786e+05,1.462715e+00,9.482168e-01,9.484565e-01,1.284743e-03,1.084344e-08,3.795779e+01,8.063172e+00,2.989462e+01,3.959037e+01,1.703105e+02
1.275509e+06,1.476283e+01,1.263886e+05,1.462831e+00,9.482232e-01,9.484566e-01,1.284851e-03,1.084344e-08,3.795942e+01,8.063172e+00,2.989624e+01,3.959187e+01,1.703145e+02
1.275519e+06,1.476295e+01,1.263986e+05,1.462947e+00,9.482296e-01,9.484567e-01,1.284959e-03,1.084344e-08,3.796104e+01,8.063172e+00,2.989786e+01,3.959337e+01,1.703185e+02
1.275529e+06,1.476306e+01,1.264086e+05,1.463063e+00,9.482360e-01,9.484568e-01,1.285068e-03,1.084344e-08,3.796266e+01,8.063172e+00,2.989949e+01,3.959487e+01,1.703225e+02
1.275539e+06,1.476318e+01,1.264186e+05,1.463178e+00,9.482424e-01,9.484569e-01,1.285176e-03,1.084344e-08,3.796428e+01,8.063172e+00,2.990111e+01,3.959636e+01,1.703265e+02
1.275549e+06,1.476329e+01,1.264286e+05,1.463294e+00,9.482487e-01,9.484570e-01,1.285285e-03,1.084344e-08,3.796590e+01,8.063172e+00,2.990273e+01,3.959786e+01,1.703305e+02
1.275559e+06,1.476341e+01,1.264386e+05,1.463410e+00,9.482551e-01,9.484571e-01,1.285393e-03,1.084343e-08,3.796752e+01,8.063172e+00,2.990435e+01,3.959936e+01,1.703345e+02
1.275569e+06,1.476353e+01,1.264486e+05,1.463526e+00,9.482615e-01,9.484572e-01,1.285502e-03,1.084343e-08,3.796914e+01,8.063172e+00,2.990597e+01,3.960086e+01,1.703385e+02
1.275579e+06,1.476364e+01,1.264586e+05,1.463641e+00,9.482679e-01,9.484573e-01,1.285610e-03,1.084343e-08,3.797076e+01,8.063172e+00,2.990759e+01,3.960235e+01,1.703425e+02
1.275589e+06,1.476376e+01,1.264686e+05,1.463757e+00,9.482743e-01,9.484574e-01,1.285719e-03,1.084343e-08,3.797239e+01,8.063172e+00,2.990921e+01,3.960385e+01,1.703465e+02
1.275599e+06,1.476387e+01,1.264786e+05,1.463873e+00,9.482807e-01,9.484575e-01,1.285827e-03,1.084343e-08,3.797401e+01,8.063172e+00,2.991083e+01,3.960535e+01,1.703504e+02
1.275609e+06,1.476399e+01,1.264886e+05,1.463989e+00,9.482871e-01,9.484576e-01,1.285935e-03,1.084343e-08,3.797563e+01,8.063172e+00,2.991246e+01,3.960684e+01,1.703544e+02
1.275619e+06,1.476410e+01,1.264986e+05,1.464104e+00,9.482934e-01,9.484577e-01,1.286044e-03,1.084343e-08,3.797725e+01,8.063172e+00,2.991408e+01,3.960834e+01,1.703584e+02
1.275629e+06,1.476422e+01,1.265086e+05,1.464220e+00,9.482998e-01,9.484578e-01,1.286152e-03,1.084343e-08,3.797887e+01,8.063172e+00,2.991570e+01,3.960984e+01,1.703624e+02
1.275639e+06,1.476434e+01,1.265186e+05,1.464336e+00,9.483062e-01,9.484579e-01,1.286261e-03,1.084342e-08,3.798049e+01,8.063172e+00,2.991732e+01,3.961134e+01,1.703664e+02
1.275649e+06,1.476445e+01,1.265286e+05,1.464452e+00,9.483126e-01,9.484580e-01,1.286369e-03,1.084342e-08,3.798211e+01,8.063172e+00,2.991894e+01,3.961283e+01,1.703704e+02
1.275659e+06,1.476457e+01,1.265386e+05,1.464567e+00,9.483190e-01,9.484581e-01,1.286478e-03,1.084342e-08,3.798373e+01,8.063172e+00,2.992056e+01,3.961433e+01,1.703744e+02
1.275669e+06,1.476468e+01,1.265486e+05,1.464683e+00,9.483254e-01,9.484582e-01,1.286586e-03,1.084342e-08,3.798536e+01,8.063172e+00,2.992218e+01,3.961583e+01,1.703784e+02
1.275679e+06,1.476480e+01,1.265586e+05,1.464799e+00,9.483318e-01,9.484583e-01,1.286695e-03,1.084342e-08,3.798698e+01,8.063172e+00,2.992381e+01,3.961733e+01,1.703824e+02
1.275689e+06,1.476491e+01,1.265686e+05,1.464915e+00,9.483381e-01,9.484584e-01,1.286803e-03,1.084342e-08,3.798860e+01,8.063172e+00,2.992543e+01,3.961882e+01,1.703864e+02
1.275699e+06,1.476503e+01,1.265786e+05,1.465030e+00,9.483445e-01,9.484585e-01,1.286911e-03,1.084342e-08,3.799022e+01,8.063172e+00,2.992705e+01,3.962032e+01,1.703904e+02
1.275709e+06,1.476515e+01,1.265886e+05,1.465146e+00,9.483509e-01,9.484586e-01,1.287020e-03,1.084342e-08,3.799184e+01,8.063172e+00,2.992867e+01,3.962182e+01,1.703943e+02
1.275719e+06,1.476526e+01,1.265986e+05,1.465262e+00,9.483573e-01,9.484587e-01,1.287128e-03,1.084342e-08,3.799346e+01,8.063172e+00,2.993029e+01,3.962331e+01,1.703983e+02
1.275729e+06,1.476538e+01,1.266086e+05,1.465378e+00,9.483618e-01,9.484588e-01,1.287237e-03,1.084341e-08,3.799384e+01,8.063172e+00,2.993066e+01,3.962356e+01,1.704023e+02
1.275739e+06,1.476549e+01,1.266186e+05,1.465493e+00,9.483649e-01,9.484589e-01,1.287345e-03,1.084341e-08,3.799332e+01,8.063172e+00,2.993015e+01,3.962291e+01,1.704064e+02
1.275749e+06,1.476561e+01,1.266286e+05,1.465609e+00,9.483680e-01,9.484590e-01,1.287454e-03,1.084341e-08,3.799281e+01,8.063172e+00,2.992963e+01,3.962226e+01,1.704104e+02
1.275759e+06,1.476572e+01,1.266386e+05,1.465725e+00,9.483711e-01,9.484591e-01,1.287562e-03,1.084341e-08,3.799229e+01,8.063172e+00,2.992912e+01,3.962162e+01,1.704144e+02
1.275769e+06,1.476584e+01,1.266486e+05,1.465841e+00,9.483743e-01,9.484592e-01,1.287671e-03,1.084341e-08,3.799177e+01,8.063172e+00,2.992860e+01,3.962097e+01,1.704184e+02
1.275779e+06,1.476596e+01,1.266586e+05,1.465956e+00,9.483774e-01,9.484593e-01,1.287779e-03,1.084341e-08,3.799126e+01,8.063172e+00,2.992809e+01,3.962032e+01,1.704224e+02
1.275789e+06,1.476607e+01,1.266686e+05,1.466072e+00,9.483805e-01,9.484594e-01,1.287887e-03,1.084341e-08,3.799074e+01,8.063172e+00,2.992757e+01,3.961968e+01,1.704265e+02
1.275799e+06,1.476619e+01,1.266786e+05,1.466188e+00,9.483836e-01,9.484595e-01,1.287996e-03,1.084341e-08,3.799023e+01,8.063172e+00,2.992706e+01,3.961903e+01,1.704305e+02
1.275809e+06,1.476630e+01,1.266886e+05,1.466304e+00,9.483867e-01,9.484596e-01,1.288104e-03,1.084340e-08,3.798971e+01,8.063172e+00,2.992654e+01,3.961838e+01,1.704345e+02
1.275819e+06,1.476642e+01,1.266986e+05,1.466419e+00,9.483898e-01,9.484597e-01,1.288213e-03,1.084340e-08,3.798920e+01,8.063172e+00,2.992602e+01,3.961773e+01,1.704385e+02
1.275829e+06,1.476654e+01,1.267086e+05,1.466535e+00,9.483929e-01,9.484598e-01,1.288321e-03,1.084340e-08,3.798868e+01,8.063172e+00,2.992551e+01,3.961709e+01,1.704425e+02
1.275839e+06,1.476665e+01,1.267186e+05,1.466651e+00,9.483961e-01,9.484600e-01,1.288430e-03,1.084340e-08,3.798817e+01,8.063172e+00,2.992499e+01,3.961644e+01,1.704466e+02
1.275849e+06,1.476677e+01,1.267286e+05,1.466767e+00,9.483992e-01,9.484601e-01,1.288538e-03,1.084340e-08,3.798765e+01,8.063172e+00,2.992448e+01,3.961579e+01,1.704506e+02
1.275859e+06,1.476688e+01,1.267386e+05,1.466882e+00,9.484023e-01,9.484602e-01,1.288646e-03,1.084340e-08,3.798713e+01,8.063172e+00,2.992396e+01,3.961514e+01,1.704546e+02
1.275869e+06,1.476700e+01,1.267486e+05,1.466998e+00,9.484054e-01,9.484603e-01,1.288755e-03,1.084340e-08,3.798662e+01,8.063172e+00,2.992345e+01,3.961450e+01,1.704586e+02
1.275879e+06,1.476711e+01,1.267586e+05,1.467114e+00,9.484085e-01,9.484604e-01,1.288863e-03,1.084340e-08,3.798610e+01,8.063172e+00,2.992293e+01,3.961385e+01,1.704626e+02
1.275889e+06,1.476723e+01,1.267686e+05,1.467230e+00,9.484116e-01,9.484605e-01,1.288972e-03,1.084340e-08,3.798559e+01,8.063172e+00,2.992242e+01,3.961320e+01,1.704667e+02
1.275899e+06,1.476735e+01,1.267786e+05,1.467345e+00,9.484147e-01,9.484606e-01,1.289080e-03,1.084339e-08,3.798507e+01,8.063172e+00,2.992190e+01,3.961256e+01,1.704707e+02
1.275909e+06,1.476746e+01,1.267886e+05,1.467461e+00,9.484178e-01,9.484607e-01,1.289189e-03,1.084339e-08,3.798456e+01,8.063172e+00,2.992138e+01,3.961191e+01,1.704747e+02
1.275919e+06,1.476758e+01,1.267986e+05,1.467577e+00,9.484210e-01,9.484608e-01,1.289297e-03,1.084339e-08,3.798404e+01,8.063172e+00,2.992087e+01,3.961126e+01,1.704787e+02
1.275929e+06,1.476769e+01,1.268086e+05,1.467693e+00,9.484241e-01,9.484609e-01,1.289406e-03,1.084339e-08,3.798353e+01,8.063172e+00,2.992035e+01,3.961061e+01,1.704827e+02
1.275939e+06,1.476781e+01,1.268186e+05,1.467808e+00,9.484272e-01,9.484610e-01,1.289514e-03,1.084339e-08,3.798301e+01,8.063172e+00,2.991984e+01,3.960997e+01,1.704867e+02
1.275949e+06,1.476792e+01,1.268286e+05,1.467924e+00,9.484303e-01,9.484611e-01,1.289622e-03,1.084339e-08,3.798250e+01,8.063172e+00,2.991932e+01,3.960932e+01,1.704908e+02
1.275959e+06,1.476804e+01,1.268386e+05,1.468040e+00,9.484334e-01,9.484612e-01,1.289731e-03,1.084339e-08,3.798198e+01,8.063172e+00,2.991881e+01,3.960867e+01,1.704948e+02
1.275969e+06,1.476816e+01,1.268486e+05,1.468156e+00,9.484343e-01,9.484613e-01,1.289839e-03,1.084339e-08,3.798146e+01,8.063172e+00,2.991829e+01,3.960810e+01,1.704988e+02
1.275979e+06,1.476827e+01,1.268586e+05,1.468271e+00,9.484342e-01,9.484614e-01,1.289948e-03,1.084338e-08,3.798095e+01,8.063172e+00,2.991778e+01,3.960756e+01,1.705000e+02
1.275989e+06,1.476839e+01,1.268686e+05,1.468387e+00,9.484342e-01,9.484615e-01,1.290056e-03,1.084338e-08,3.798044e+01,8.063172e+00,2.991727e+01,3.960702e+01,1.705000e+02
1.275999e+06,1.476850e+01,1.268786e+05,1.468503e+00,9.484342e-01,9.484616e-01,1.290165e-03,1.084338e-08,3.797993e+01,8.063172e+00,2.991676e+01,3.960649e+01,1.705000e+02
1.276009e+06,1.476862e+01,1.268886e+05,1.468619e+00,9.484342e-01,9.484617e-01,1.290273e-03,1.084338e-08,3.797942e+01,8.063172e+00,2.991625e+01,3.960595e+01,1.705000e+02
1.276019e+06,1.476873e+01,1.268986e+05,1.468734e+00,9.484342e-01,9.484618e-01,1.290382e-03,1.084338e-08,3.797891e+01,8.063172e+00,2.991574e+01,3.960541e+01,1.705000e+02
1.276029e+06,1.476885e+01,1.269086e+05,1.468850e+00,9.484342e-01,9.484619e-01,1.290490e-03,1.084338e-08,3.797840e+01,8.063172e+00,2.991523e+01,3.960487e+01,1.705000e+02
1.276039e+06,1.476897e+01,1.269186e+05,1.468966e+00,9.484342e-01,9.484620e-01,1.290598e-03,1.084338e-08,3.797789e+01,8.063172e+00,2.991472e+01,3.960433e+01,1.705000e+02
1.276049e+06,1.476908e+01,1.269286e+05,1.469082e+00,9.484342e-01,9.484621e-01,1.290707e-03,1.084338e-08,3.797738e+01,8.063172e+00,2.991421e+01,3.960380e+01,1.705000e+02
1.276059e+06,1.476920e+01,1.269386e+05,1.469197e+00,9.484342e-01,9.484622e-01,1.290815e-03,1.084338e-08,3.797687e+01,8.063172e+00,2.991370e+01,3.960326e+01,1.705000e+02
1.276069e+06,1.476931e+01,1.269486e+05,1.469313e+00,9.484342e-01,9.484623e-01,1.290924e-03,1.084337e-08,3.797636e+01,8.063172e+00,2.991319e+01,3.960272e+01,1.705000e+02
1.276079e+06,1.476943e+01,1.269586e+05,1.469429e+00,9.484342e-01,9.484624e-01,1.291032e-03,1.084337e-08,3.797585e+01,8.063172e+00,2.991268e+01,3.960218e+01,1.705000e+02
1.276089e+06,1.476954e+01,1.269686e+05,1.469544e+00,9.484342e-01,9.484625e-01,1.291141e-03,1.084337e-08,3.797534e+01,8.063172e+00,2.991217e+01,3.960164e+01,1.705000e+02
1.276099e+06,1.476966e+01,1.269786e+05,1.469660e+00,9.484342e-01,9.484626e-01,1.291249e-03,1.084337e-08,3.797483e+01,8.063172e+00,2.991166e+01,3.960111e+01,1.705000e+02
1.276109e+06,1.476978e+01,1.269886e+05,1.469776e+00,9.484342e-01,9.484627e-01,1.291358e-03,1.084337e-08,3.797432e+01,8.063172e+00,2.991115e+01,3.960057e+01,1.705000e+02
1.276119e+06,1.476989e+01,1.269986e+05,1.469892e+00,9.484342e-01,9.484628e-01,1.291466e-03,1.084337e-08,3.797381e+01,8.063172e+00,2.991064e+01,3.960003e+01,1.705000e+02
1.276129e+06,1.477001e+01,1.270086e+05,1.470007e+00,9.484342e-01,9.484629e-01,1.291574e-03,1.084337e-08,3.797330e+01,8.063172e+00,2.991013e+01,3.959949e+01,1.705000e+02
1.276139e+06,1.477012e+01,1.270186e+05,1.470123e+00,9.484342e-01,9.484630e-01,1.291683e-03,1.084337e-08,3.797279e+01,8.063172e+00,2.990962e+01,3.959895e+01,1.705000e+02
1.276149e+06,1.477024e+01,1.270286e+05,1.470239e+00,9.484342e-01,9.484631e-01,1.291791e-03,1.084336e-08,3.797228e+01,8.063172e+00,2.990911e+01,3.959842e+01,1.705000e+02
1.276159e+06,1.477035e+01,1.270386e+05,1.470355e+00,9.484342e-01,9.484632e-01,1.291900e-03,1.084336e-08,3.797177e+01,8.063172e+00,2.990860e+01,3.959788e+01,1.705000e+02
1.276169e+06,1.477047e+01,1.270486e+05,1.470470e+00,9.484342e-01,9.484633e-01,1.292008e-03,1.084336e-08,3.797126e+01,8.063172e+00,2.990809e+01,3.959734e+01,1.705000e+02
1.276179e+06,1.477059e+01,1.270587e+05,1.470586e+00,9.484342e-01,9.484634e-01,1.292117e-03,1.084336e-08,3.797075e+01,8.063172e+00,2.990758e+01,3.959680e+01,1.705000e+02
1.276189e+06,1.477070e+01,1.270687e+05,1.470702e+00,9.484342e-01,9.484636e-01,1.292225e-03,1.084336e-08,3.797024e+01,8.063172e+00,2.990706e+01,3.959627e+01,1.705000e+02
1.276199e+06,1.477082e+01,1.270787e+05,1.470818e+00,9.484342e-01,9.484637e-01,1.292333e-03,1.084336e-08,3.796973e+01,8.063172e+00,2.990655e+01,3.959573e+01,1.705000e+02
1.276209e+06,1.477093e+01,1.270887e+05,1.470933e+00,9.484342e-01,9.484638e-01,1.292442e-03,1.084336e-08,3.796922e+01,8.063172e+00,2.990604e+01,3.959519e+01,1.705000e+02
1.276219e+06,1.477105e+01,1.270987e+05,1.471049e+00,9.484342e-01,9.484639e-01,1.292550e-03,1.084336e-08,3.796871e+01,8.063172e+00,2.990553e+01,3.959465e+01,1.705000e+02
1.276229e+06,1.477116e+01,1.271087e+05,1.471165e+00,9.484384e-01,9.484640e-01,1.292659e-03,1.084336e-08,3.796815e+01,8.063029e+00,2.990512e+01,3.959393e+01,1.705000e+02
1.276239e+06,1.477128e+01,1.271187e+05,1.471281e+00,9.484459e-01,9.484641e-01,1.292767e-03,1.084335e-08,3.796754e+01,8.062774e+00,2.990477e+01,3.959306e+01,1.705000e+02
1.276249e+06,1.477140e+01,1.271287e+05,1.471396e+00,9.484534e-01,9.484642e-01,1.292876e-03,1.084335e-08,3.796694e+01,8.062519e+00,2.990442e+01,3.959219e+01,1.705000e+02
1.276259e+06,1.477151e+01,1.271387e+05,1.471512e+00,9.484608e-01,9.484643e-01,1.292984e-03,1.084335e-08,3.796634e+01,8.062264e+00,2.990408e+01,3.959132e+01,1.705000e+02
1.276269e+06,1.477163e+01,1.271487e+05,1.471628e+00,9.484683e-01,9.484644e-01,1.293093e-03,1.084335e-08,3.796574e+01,8.062009e+00,2.990373e+01,3.959045e+01,1.705000e+02
1.276279e+06,1.477174e+01,1.271587e+05,1.471744e+00,9.484758e-01,9.484645e-01,1.293201e-03,1.084335e-08,3.796514e+01,8.061754e+00,2.990338e+01,3.958958e+01,1.705000e+02
1.276289e+06,1.477186e+01,1.271687e+05,1.471859e+00,9.484832e-01,9.484646e-01,1.293309e-03,1.084335e-08,3.796454e+01,8.061499e+00,2.990304e+01,3.958872e+01,1.705000e+02
1.276299e+06,1.477198e+01,1.271787e+05,1.471975e+00,9.484907e-01,9.484647e-01,1.293418e-03,1.084335e-08,3.796393e+01,8.061244e+00,2.990269e+01,3.958785e+01,1.705000e+02
1.276309e+06,1.477209e+01,1.271887e+05,1.472091e+00,9.484982e-01,9.484648e-01,1.293526e-03,1.084335e-08,3.796333e+01,8.060989e+00,2.990234e+01,3.958698e+01,1.705000e+02
1.276319e+06,1.477221e+01,1.271987e+05,1.472207e+00,9.485057e-01,9.484649e-01,1.293635e-03,1.084334e-08,3.796273e+01,8.060734e+00,2.990200e+01,3.958611e+01,1.705000e+02
1.276329e+06,1.477232e+01,1.272087e+05,1.472322e+00,9.485131e-01,9.484650e-01,1.293743e-03,1.084334e-08,3.796213e+01,8.060479e+00,2.990165e+01,3.958524e+01,1.705000e+02
1.276339e+06,1.477244e+01,1.272187e+05,1.472438e+00,9.485206e-01,9.484651e-01,1.293852e-03,1.084334e-08,3.796153e+01,8.060224e+00,2.990130e+01,3.958437e+01,1.705000e+02
1.276349e+06,1.477255e+01,1.272287e+05,1.472554e+00,9.485281e-01,9.484652e-01,1.293960e-03,1.084334e-08,3.796093e+01,8.059969e+00,2.990096e+01,3.958351e+01,1.705000e+02
1.276359e+06,1.477267e+01,1.272387e+05,1.472670e+00,9.485355e-01,9.484653e-01,1.294069e-03,1.084334e-08,3.796033e+01,8.059714e+00,2.990061e+01,3.958264e+01,1.705000e+02
1.276369e+06,1.477279e+01,1.272487e+05,1.472785e+00,9.485430e-01,9.484654e-01,1.294177e-03,1.084334e-08,3.795972e+01,8.059459e+00,2.990027e+01,3.958177e+01,1.705000e+02
1.276379e+06,1.477290e+01,1.272587e+05,1.472901e+00,9.485505e-01,9.484655e-01,1.294285e-03,1.084334e-08,3.795912e+01,8.059204e+00,2.989992e+01,3.958090e+01,1.705000e+02
1.276389e+06,1.477302e+01,1.272687e+05,1.473017e+00,9.485579e-01,9.484656e-01,1.294394e-03,1.084334e-08,3.795852e+01,8.058949e+00,2.989957e+01,3.958003e+01,1.705000e+02
1.276399e+06,1.477313e+01,1.272787e+05,1.473133e+00,9.485654e-01,9.484657e-01,1.294502e-03,1.084334e-08,3.795792e+01,8.058694e+00,2.989923e+01,3.957916e+01,1.705000e+02
1.276409e+06,1.477325e+01,1.272887e+05,1.473248e+00,9.485729e-01,9.484658e-01,1.294611e-03,1.084333e-08,3.795732e+01,8.058439e+00,2.989888e+01,3.957829e+01,1.705000e+02
1.276419e+06,1.477336e+01,1.272987e+05,1.473364e+00,9.485803e-01,9.484659e-01,1.294719e-03,1.084333e-08,3.795672e+01,8.058184e+00,2.989853e+01,3.957743e+01,1.705000e+02
1.276429e+06,1.477348e+01,1.273087e+05,1.473480e+00,9.485878e-01,9.484660e-01,1.294828e-03,1.084333e-08,3.795612e+01,8.057929e+00,2.989819e+01,3.957656e+01,1.705000e+02
1.276439e+06,1.477360e+01,1.273187e+05,1.473596e+00,9.485953e-01,9.484661e-01,1.294936e-03,1.084333e-08,3.795551e+01,8.057674e+00,2.989784e+01,3.957569e+01,1.705000e+02
1.276449e+06,1.477371e+01,1.273287e+05,1.473711e+00,9.486027e-01,9.484662e-01,1.295045e-03,1.084333e-08,3.795491e+01,8.057419e+00,2.989749e+01,3.957482e+01,1.705000e+02
1.276459e+06,1.477383e+01,1.273387e+05,1.473827e+00,9.486102e-01,9.484663e-01,1.295153e-03,1.084333e-08,3.795431e+01,8.057164e+00,2.989715e+01,3.957395e+01,1.705000e+02
1.276469e+06,1.477394e+01,1.273487e+05,1.473943e+00,9.486177e-01,9.484664e-01,1.295261e-03,1.084333e-08,3.795371e+01,8.056909e+00,2.989680e+01,3.957308e+01,1.705000e+02
1.276479e+06,1.477406e+01,1.273587e+05,1.474059e+00,9.486123e-01,9.484665e-01,1.295370e-03,1.084333e-08,3.795496e+01,8.056828e+00,2.989813e+01,3.957459e+01,1.705000e+02
1.276489e+06,1.477417e+01,1.273687e+05,1.474174e+00,9.486008e-01,9.484666e-01,1.295478e-03,1.084332e-08,3.795709e+01,8.056828e+00,2.990026e+01,3.957721e+01,1.705000e+02
1.276499e+06,1.477429e+01,1.273787e+05,1.474290e+00,9.485893e-01,9.484667e-01,1.295587e-03,1.084332e-08,3.795921e+01,8.056828e+00,2.990239e+01,3.957984e+01,1.705000e+02
1.276509e+06,1.477441e+01,1.273887e+05,1.474406e+00,9.485778e-01,9.484668e-01,1.295695e-03,1.084332e-08,3.796134e+01,8.056828e+00,2.990451e+01,3.958246e+01,1.705000e+02
1.276519e+06,1.477452e+01,1.273987e+05,1.474522e+00,9.485663e-01,9.484669e-01,1.295804e-03,1.084332e-08,3.796347e+01,8.056828e+00,2.990664e+01,3.958508e+01,1.705000e+02
1.276529e+06,1.477464e+01,1.274087e+05,1.474637e+00,9.485548e-01,9.484670e-01,1.295912e-03,1.084332e-08,3.796559e+01,8.056828e+00,2.990876e+01,3.958771e+01,1.705000e+02
1.276539e+06,1.477475e+01,1.274187e+05,1.474753e+00,9.485433e-01,9.484672e-01,1.296020e-03,1.084332e-08,3.796772e+01,8.056828e+00,2.991089e+01,3.959033e+01,1.705000e+02
1.276549e+06,1.477487e+01,1.274287e+05,1.474869e+00,9.485318e-01,9.484673e-01,1.296129e-03,1.084332e-08,3.796984e+01,8.056828e+00,2.991302e+01,3.959295e+01,1.705000e+02
1.276559e+06,1.477498e+01,1.274387e+05,1.474985e+00,9.485203e-01,9.484674e-01,1.296237e-03,1.084332e-08,3.797197e+01,8.056828e+00,2.991514e+01,3.959558e+01,1.705000e+02
1.276569e+06,1.477510e+01,1.274487e+05,1.475100e+00,9.485088e-01,9.484675e-01,1.296346e-03,1.084332e-08,3.797410e+01,8.056828e+00,2.991727e+01,3.959820e+01,1.705000e+02
1.276579e+06,1.477522e+01,1.274587e+05,1.475216e+00,9.484973e-01,9.484676e-01,1.296454e-03,1.084331e-08,3.797622e+01,8.056828e+00,2.991939e+01,3.960082e+01,1.705000e+02
1.276589e+06,1.477533e+01,1.274687e+05,1.475332e+00,9.484858e-01,9.484677e-01,1.296563e-03,1.084331e-08,3.797835e+01,8.056828e+00,2.992152e+01,3.960345e+01,1.705000e+02
1.276599e+06,1.477545e+01,1.274787e+05,1.475448e+00,9.484743e-01,9.484678e-01,1.296671e-03,1.084331e-08,3.798047e+01,8.056828e+00,2.992365e+01,3.960607e+01,1.705000e+02
1.276609e+06,1.477556e+01,1.274887e+05,1.475563e+00,9.484628e-01,9.484679e-01,1.296780e-03,1.084331e-08,3.798260e+01,8.056828e+00,2.992577e+01,3.960870e+01,1.705000e+02
1.276619e+06,1.477568e+01,1.274987e+05,1.475679e+00,9.484513e-01,9.484680e-01,1.296888e-03,1.084331e-08,3.798473e+01,8.056828e+00,2.992790e+01,3.961132e+01,1.705000e+02
1.276629e+06,1.477579e+01,1.275087e+05,1.475795e+00,9.484398e-01,9.484681e-01,1.296996e-03,1.084331e-08,3.798685e+01,8.056828e+00,2.993002e+01,3.961394e+01,1.705000e+02
1.276639e+06,1.477591e+01,1.275187e+05,1.475911e+00,9.484283e-01,9.484682e-01,1.297105e-03,1.084331e-08,3.798898e+01,8.056828e+00,2.993215e+01,3.961657e+01,1.705000e+02
1.276649e+06,1.477603e+01,1.275287e+05,1.476026e+00,9.484168e-01,9.484683e-01,1.297213e-03,1.084331e-08,3.799110e+01,8.056828e+00,2.993428e+01,3.961919e+01,1.705000e+02
1.276659e+06,1.477614e+01,1.275387e+05,1.476142e+00,9.484053e-01,9.484684e-01,1.297322e-03,1.084330e-08,3.799323e+01,8.056828e+00,2.993640e+01,3.962182e+01,1.705000e+02
1.276669e+06,1.477626e+01,1.275487e+05,1.476258e+00,9.483938e-01,9.484685e-01,1.297430e-03,1.084330e-08,3.799536e+01,8.056828e+00,2.993853e+01,3.962444e+01,1.705000e+02
1.276679e+06,1.477637e+01,1.275587e+05,1.476374e+00,9.483823e-01,9.484686e-01,1.297539e-03,1.084330e-08,3.799748e+01,8.056828e+00,2.994065e+01,3.962707e+01,1.705000e+02
1.276689e+06,1.477649e+01,1.275687e+05,1.476489e+00,9.483708e-01,9.484687e-01,1.297647e-03,1.084330e-08,3.799961e+01,8.056828e+00,2.994278e+01,3.962969e+01,1.705000e+02
1.276699e+06,1.477661e+01,1.275787e+05,1.476605e+00,9.483593e-01,9.484688e-01,1.297756e-03,1.084330e-08,3.800173e+01,8.056828e+00,2.994491e+01,3.963231e+01,1.705000e+02
1.276709e+06,1.477672e+01,1.275887e+05,1.476721e+00,9.483478e-01,9.484689e-01,1.297864e-03,1.084330e-08,3.800386e+01,8.056828e+00,2.994703e+01,3.963494e+01,1.705000e+02
1.276719e+06,1.477684e+01,1.275987e+05,1.476837e+00,9.483363e-01,9.484690e-01,1.297972e-03,1.084330e-08,3.800599e+01,8.056828e+00,2.994916e+01,3.963756e+01,1.705000e+02
1.276729e+06,1.477695e+01,1.276087e+05,1.476952e+00,9.483390e-01,9.484691e-01,1.298081e-03,1.084330e-08,3.800627e+01,8.056828e+00,2.994945e+01,3.963778e+01,1.705000e+02
1.276739e+06,1.477707e+01,1.276187e+05,1.477068e+00,9.483539e-01,9.484692e-01,1.298189e-03,1.084330e-08,3.800499e+01,8.056828e+00,2.994816e+01,3.963593e+01,1.705000e+02
1.276749e+06,1.477718e+01,1.276287e+05,1.477184e+00,9.483688e-01,9.484693e-01,1.298298e-03,1.084329e-08,3.800370e+01,8.056828e+00,2.994688e+01,3.963408e+01,1.705000e+02
1.276759e+06,1.477730e+01,1.276387e+05,1.477300e+00,9.483837e-01,9.484694e-01,1.298406e-03,1.084329e-08,3.800242e+01,8.056828e+00,2.994559e+01,3.963223e+01,1.705000e+02
1.276769e+06,1.477742e+01,1.276487e+05,1.477415e+00,9.483985e-01,9.484695e-01,1.298515e-03,1.084329e-08,3.800114e+01,8.056828e+00,2.994431e+01,3.963038e+01,1.705000e+02
1.276779e+06,1.477753e+01,1.276587e+05,1.477531e+00,9.484134e-01,9.484696e-01,1.298623e-03,1.084329e-08,3.799985e+01,8.056828e+00,2.994302e+01,3.962853e+01,1.705000e+02
1.276789e+06,1.477765e+01,1.276687e+05,1.477647e+00,9.484283e-01,9.484697e-01,1.298731e-03,1.084329e-08,3.799857e+01,8.056828e+00,2.994174e+01,3.962668e+01,1.705000e+02
1.276799e+06,1.477776e+01,1.276787e+05,1.477763e+00,9.484432e-01,9.484698e-01,1.298840e-03,1.084329e-08,3.799728e+01,8.056828e+00,2.994045e+01,3.962483e+01,1.705000e+02
1.276809e+06,1.477788e+01,1.276887e+05,1.477878e+00,9.484581e-01,9.484699e-01,1.298948e-03,1.084329e-08,3.799600e+01,8.056828e+00,2.993917e+01,3.962298e+01,1.705000e+02
1.276819e+06,1.477799e+01,1.276987e+05,1.477994e+00,9.484730e-01,9.484700e-01,1.299057e-03,1.084329e-08,3.799471e+01,8.056828e+00,2.993789e+01,3.962113e+01,1.705000e+02
1.276829e+06,1.477811e+01,1.277087e+05,1.478110e+00,9.484879e-01,9.484701e-01,1.299165e-03,1.084328e-08,3.799343e+01,8.056828e+00,2.993660e+01,3.961928e+01,1.705000e+02
1.276839e+06,1.477823e+01,1.277187e+05,1.478226e+00,9.485027e-01,9.484702e-01,1.299274e-03,1.084328e-08,3.799214e+01,8.056828e+00,2.993532e+01,3.961743e+01,1.705000e+02
1.276849e+06,1.477834e+01,1.277287e+05,1.478341e+00,9.485176e-01,9.484703e-01,1.299382e-03,1.084328e-08,3.799086e+01,8.056828e+00,2.993403e+01,3.961558e+01,1.705000e+02
1.276859e+06,1.477846e+01,1.277387e+05,1.478457e+00,9.485325e-01,9.484704e-01,1.299491e-03,1.084328e-08,3.798958e+01,8.056828e+00,2.993275e+01,3.961373e+01,1.705000e+02
1.276869e+06,1.477857e+01,1.277487e+05,1.478573e+00,9.485474e-01,9.484705e-01,1.299599e-03,1.084328e-08,3.798829e+01,8.056828e+00,2.993146e+01,3.961188e+01,1.705000e+02
1.276879e+06,1.477869e+01,1.277587e+05,1.478689e+00,9.485623e-01,9.484706e-01,1.299707e-03,1.084328e-08,3.798701e+01,8.056828e+00,2.993018e+01,3.961003e+01,1.705000e+02
1.276889e+06,1.477880e+01,1.277687e+05,1.478804e+00,9.485772e-01,9.484708e-01,1.299816e-03,1.084328e-08,3.798572e+01,8.056828e+00,2.992889e+01,3.960818e+01,1.705000e+02
1.276899e+06,1.477892e+01,1.277787e+05,1.478920e+00,9.485921e-01,9.484709e-01,1.299924e-03,1.084328e-08,3.798444e+01,8.056828e+00,2.992761e+01,3.960633e+01,1.705000e+02
1.276909e+06,1.477904e+01,1.277887e+05,1.479036e+00,9.486069e-01,9.484710e-01,1.300033e-03,1.084328e-08,3.798315e+01,8.056828e+00,2.992633e+01,3.960448e+01,1.705000e+02
1.276919e+06,1.477915e+01,1.277987e+05,1.479152e+00,9.486218e-01,9.484711e-01,1.300141e-03,1.084327e-08,3.798187e+01,8.056828e+00,2.992504e+01,3.960264e+01,1.705000e+02
1.276929e+06,1.477927e+01,1.278087e+05,1.479267e+00,9.486367e-01,9.484712e-01,1.300250e-03,1.084327e-08,3.798058e+01,8.056828e+00,2.992376e+01,3.960079e+01,1.705000e+02
1.276939e+06,1.477938e+01,1.278187e+05,1.479383e+00,9.486516e-01,9.484713e-01,1.300358e-03,1.084327e-08,3.797930e+01,8.056828e+00,2.992247e+01,3.959894e+01,1.705000e+02
1.276949e+06,1.477950e+01,1.278287e+05,1.479499e+00,9.486665e-01,9.484714e-01,1.300467e-03,1.084327e-08,3.797802e+01,8.056828e+00,2.992119e+01,3.959709e+01,1.705000e+02
1.276959e+06,1.477961e+01,1.278387e+05,1.479615e+00,9.486814e-01,9.484715e-01,1.300575e-03,1.084327e-08,3.797673e+01,8.056828e+00,2.991990e+01,3.959524e+01,1.705000e+02
1.276969e+06,1.477973e+01,1.278487e+05,1.479730e+00,9.486963e-01,9.484716e-01,1.300683e-03,1.084327e-08,3.797545e+01,8.056828e+00,2.991862e+01,3.959339e+01,1.705000e+02
1.276979e+06,1.477985e+01,1.278587e+05,1.479846e+00,9.486951e-01,9.484717e-01,1.300792e-03,1.084327e-08,3.797504e+01,8.056828e+00,2.991822e+01,3.959300e+01,1.705000e+02
1.276989e+06,1.477996e+01,1.278687e+05,1.479962e+00,9.486820e-01,9.484718e-01,1.300900e-03,1.084327e-08,3.797530e+01,8.056828e+00,2.991847e+01,3.959371e+01,1.705000e+02
1.276999e+06,1.478008e+01,1.278787e+05,1.480078e+00,9.486689e-01,9.484719e-01,1.301009e-03,1.084326e-08,3.797556e+01,8.056828e+00,2.991873e+01,3.959442e+01,1.705000e+02
1.277009e+06,1.478019e+01,1.278887e+05,1.480193e+00,9.486558e-01,9.484720e-01,1.301117e-03,1.084326e-08,3.797581e+01,8.056828e+00,2.991899e+01,3.959512e+01,1.705000e+02
1.277019e+06,1.478031e+01,1.278987e+05,1.480309e+00,9.486426e-01,9.484721e-01,1.301226e-03,1.084326e-08,3.797607e+01,8.056828e+00,2.991924e+01,3.959583e+01,1.705000e+02
1.277029e+06,1.478042e+01,1.279087e+05,1.480425e+00,9.486295e-01,9.484722e-01,1.301334e-03,1.084326e-08,3.797633e+01,8.056828e+00,2.991950e+01,3.959654e+01,1.705000e+02
1.277039e+06,1.478054e+01,1.279187e+05,1.480541e+00,9.486164e-01,9.484723e-01,1.301442e-03,1.084326e-08,3.797658e+01,8.056828e+00,2.991976e+01,3.959725e+01,1.705000e+02
1.277049e+06,1.478066e+01,1.279287e+05,1.480656e+00,9.486032e-01,9.484724e-01,1.301551e-03,1.084326e-08,3.797684e+01,8.056828e+00,2.992001e+01,3.959795e+01,1.705000e+02
1.277059e+06,1.478077e+01,1.279387e+05,1.480772e+00,9.485901e-01,9.484725e-01,1.301659e-03,1.084326e-08,3.797710e+01,8.056828e+00,2.992027e+01,3.959866e+01,1.705000e+02
1.277069e+06,1.478089e+01,1.279487e+05,1.480888e+00,9.485770e-01,9.484726e-01,1.301768e-03,1.084326e-08,3.797736e+01,8.056828e+00,2.992053e+01,3.959937e+01,1.705000e+02
1.277079e+06,1.478100e+01,1.279587e+05,1.481004e+00,9.485638e-01,9.484727e-01,1.301876e-03,1.084326e-08,3.797761e+01,8.056828e+00,2.992078e+01,3.960008e+01,1.705000e+02
1.277089e+06,1.478112e+01,1.279687e+05,1.481119e+00,9.485507e-01,9.484728e-01,1.301985e-03,1.084325e-08,3.797787e+01,8.056828e+00,2.992104e+01,3.960078e+01,1.705000e+02
1.277099e+06,1.478124e+01,1.279787e+05,1.481235e+00,9.485376e-01,9.484729e-01,1.302093e-03,1.084325e-08,3.797813e+01,8.056828e+00,2.992130e+01,3.960149e+01,1.705000e+02
1.277109e+06,1.478135e+01,1.279887e+05,1.481351e+00,9.485245e-01,9.484730e-01,1.302202e-03,1.084325e-08,3.797838e+01,8.056828e+00,2.992156e+01,3.960220e+01,1.705000e+02
1.277119e+06,1.478147e+01,1.279987e+05,1.481467e+00,9.485113e-01,9.484731e-01,1.302310e-03,1.084325e-08,3.797864e+01,8.056828e+00,2.992181e+01,3.960291e+01,1.705000e+02
1.277129e+06,1.478158e+01,1.280087e+05,1.481582e+00,9.484982e-01,9.484732e-01,1.302418e-03,1.084325e-08,3.797890e+01,8.056828e+00,2.992207e+01,3.960361e+01,1.705000e+02
1.277139e+06,1.478170e+01,1.280187e+05,1.481698e+00,9.484851e-01,9.484733e-01,1.302527e-03,1.084325e-08,3.797915e+01,8.056828e+00,2.992233e+01,3.960432e+01,1.705000e+02
1.277149e+06,1.478181e+01,1.280287e+05,1.481814e+00,9.484719e-01,9.484734e-01,1.302635e-03,1.084325e-08,3.797941e+01,8.056828e+00,2.992258e+01,3.960503e+01,1.705000e+02
1.277159e+06,1.478193e+01,1.280387e+05,1.481930e+00,9.484588e-01,9.484735e-01,1.302744e-03,1.084325e-08,3.797967e+01,8.056828e+00,2.992284e+01,3.960574e+01,1.705000e+02
1.277169e+06,1.478205e+01,1.280487e+05,1.482045e+00,9.484457e-01,9.484736e-01,1.302852e-03,1.084324e-08,3.797992e+01,8.056828e+00,2.992310e+01,3.960644e+01,1.705000e+02
1.277179e+06,1.478216e+01,1.280587e+05,1.482161e+00,9.484326e-01,9.484737e-01,1.302961e-03,1.084324e-08,3.798018e+01,8.056828e+00,2.992335e+01,3.960715e+01,1.705000e+02
1.277189e+06,1.478228e+01,1.280687e+05,1.482277e+00,9.484194e-01,9.484738e-01,1.303069e-03,1.084324e-08,3.798044e+01,8.056828e+00,2.992361e+01,3.960786e+01,1.705000e+02
1.277199e+06,1.478239e+01,1.280787e+05,1.482393e+00,9.484063e-01,9.484739e-01,1.303178e-03,1.084324e-08,3.798069e+01,8.056828e+00,2.992387e+01,3.960857e+01,1.705000e+02
1.277209e+06,1.478251e+01,1.280887e+05,1.482508e+00,9.483932e-01,9.484740e-01,1.303286e-03,1.084324e-08,3.798095e+01,8.056828e+00,2.992412e+01,3.960927e+01,1.705000e+02
1.277219e+06,1.478262e+01,1.280987e+05,1.482624e+00,9.483743e-01,9.484741e-01,1.303394e-03,1.084324e-08,3.798121e+01,8.056828e+00,2.992438e+01,3.961017e+01,1.705000e+02
1.277229e+06,1.478274e+01,1.281087e+05,1.482740e+00,9.483546e-01,9.484742e-01,1.303503e-03,1.084324e-08,3.798033e+01,8.056828e+00,2.992350e+01,3.960990e+01,1.704928e+02
1.277239e+06,1.478286e+01,1.281187e+05,1.482856e+00,9.483370e-01,9.484744e-01,1.303611e-03,1.084324e-08,3.797871e+01,8.056828e+00,2.992188e+01,3.960878e+01,1.704808e+02
1.277249e+06,1.478297e+01,1.281287e+05,1.482971e+00,9.483194e-01,9.484745e-01,1.303720e-03,1.084324e-08,3.797709e+01,8.056828e+00,2.992026e+01,3.960765e+01,1.704688e+02
1.277259e+06,1.478309e+01,1.281387e+05,1.483087e+00,9.483018e-01,9.484746e-01,1.303828e-03,1.084323e-08,3.797547e+01,8.056828e+00,2.991864e+01,3.960653e+01,1.704569e+02
1.277269e+06,1.478320e+01,1.281487e+05,1.483203e+00,9.482842e-01,9.484747e-01,1.303937e-03,1.084323e-08,3.797385e+01,8.056828e+00,2.991702e+01,3.960541e+01,1.704449e+02
1.277279e+06,1.478332e+01,1.281587e+05,1.483319e+00,9.482666e-01,9.484748e-01,1.304045e-03,1.084323e-08,3.797223e+01,8.056828e+00,2.991540e+01,3.960428e+01,1.704329e+02
1.277289e+06,1.478343e+01,1.281687e+05,1.483434e+00,9.482490e-01,9.484749e-01,1.304153e-03,1.084323e-08,3.797060e+01,8.056828e+00,2.991378e+01,3.960316e+01,1.704209e+02
1.277299e+06,1.478355e+01,1.281787e+05,1.483550e+00,9.482314e-01,9.484750e-01,1.304262e-03,1.084323e-08,3.796898e+01,8.056828e+00,2.991216e+01,3.960204e+01,1.704090e+02
1.277309e+06,1.478367e+01,1.281887e+05,1.483666e+00,9.482137e-01,9.484751e-01,1.304370e-03,1.084323e-08,3.796736e+01,8.056828e+00,2.991053e+01,3.960091e+01,1.703970e+02
1.277319e+06,1.478378e+01,1.281987e+05,1.483782e+00,9.481961e-01,9.484752e-01,1.304479e-03,1.084323e-08,3.796574e+01,8.056828e+00,2.990891e+01,3.959979e+01,1.703850e+02
1.277329e+06,1.478390e+01,1.282087e+05,1.483897e+00,9.481785e-01,9.484753e-01,1.304587e-03,1.084323e-08,3.796412e+01,8.056828e+00,2.990729e+01,3.959866e+01,1.703730e+02
1.277339e+06,1.478401e+01,1.282187e+05,1.484013e+00,9.481609e-01,9.484754e-01,1.304696e-03,1.084322e-08,3.796250e+01,8.056828e+00,2.990567e+01,3.959754e+01,1.703611e+02
1.277349e+06,1.478413e+01,1.282287e+05,1.484129e+00,9.481433e-01,9.484755e-01,1.304804e-03,1.084322e-08,3.796088e+01,8.056828e+00,2.990405e+01,3.959642e+01,1.703491e+02
1.277359e+06,1.478424e+01,1.282387e+05,1.484245e+00,9.481257e-01,9.484756e-01,1.304913e-03,1.084322e-08,3.795926e+01,8.056828e+00,2.990243e+01,3.959529e+01,1.703371e+02
1.277369e+06,1.478436e+01,1.282487e+05,1.484360e+00,9.481081e-01,9.484757e-01,1.305021e-03,1.084322e-08,3.795763e+01,8.056828e+00,2.990081e+01,3.959417e+01,1.703251e+02
1.277379e+06,1.478448e+01,1.282587e+05,1.484476e+00,9.480905e-01,9.484758e-01,1.305129e-03,1.084322e-08,3.795601e+01,8.056828e+00,2.989918e+01,3.959304e+01,1.703132e+02
1.277389e+06,1.478459e+01,1.282687e+05,1.484592e+00,9.480729e-01,9.484759e-01,1.305238e-03,1.084322e-08,3.795439e+01,8.056828e+00,2.989756e+01,3.959192e+01,1.703012e+02
1.277399e+06,1.478471e+01,1.282787e+05,1.484708e+00,9.480553e-01,9.484760e-01,1.305346e-03,1.084322e-08,3.795277e+01,8.056828e+00,2.989594e+01,3.959079e+01,1.702892e+02
1.277409e+06,1.478482e+01,1.282887e+05,1.484823e+00,9.480376e-01,9.484761e-01,1.305455e-03,1.084322e-08,3.795115e+01,8.056828e+00,2.989432e+01,3.958967e+01,1.702772e+02
1.277419e+06,1.478494e+01,1.282987e+05,1.484939e+00,9.480200e-01,9.484762e-01,1.305563e-03,1.084322e-08,3.794953e+01,8.056828e+00,2.989270e+01,3.958855e+01,1.702653e+02
1.277429e+06,1.478505e+01,1.283087e+05,1.485055e+00,9.480024e-01,9.484763e-01,1.305672e-03,1.084321e-08,3.794791e+01,8.056828e+00,2.989108e+01,3.958742e+01,1.702533e+02
1.277439e+06,1.478517e+01,1.283187e+05,1.485171e+00,9.479848e-01,9.484764e-01,1.305780e-03,1.084321e-08,3.794628e+01,8.056828e+00,2.988946e+01,3.958630e+01,1.702413e+02
1.277449e+06,1.478529e+01,1.283287e+05,1.485286e+00,9.479672e-01,9.484765e-01,1.305889e-03,1.084321e-08,3.794466e+01,8.056828e+00,2.988784e+01,3.958517e+01,1.702293e+02
1.277459e+06,1.478540e+01,1.283387e+05,1.485402e+00,9.479496e-01,9.484766e-01,1.305997e-03,1.084321e-08,3.794304e+01,8.056828e+00,2.988621e+01,3.958405e+01,1.702174e+02
1.277469e+06,1.478552e+01,1.283487e+05,1.485518e+00,9.479372e-01,9.484767e-01,1.306105e-03,1.084321e-08,3.794142e+01,8.056828e+00,2.988459e+01,3.958275e+01,1.702054e+02
1.277479e+06,1.478563e+01,1.283587e+05,1.485634e+00,9.479396e-01,9.484768e-01,1.306214e-03,1.084321e-08,3.794173e+01,8.056688e+00,2.988504e+01,3.958300e+01,1.702000e+02
1.277489e+06,1.478575e+01,1.283687e+05,1.485749e+00,9.479505e-01,9.484769e-01,1.306322e-03,1.084321e-08,3.794362e+01,8.056433e+00,2.988719e+01,3.958465e+01,1.702000e+02
1.277499e+06,1.478587e+01,1.283787e+05,1.485865e+00,9.479614e-01,9.484770e-01,1.306431e-03,1.084321e-08,3.794551e+01,8.056178e+00,2.988933e+01,3.958629e+01,1.702000e+02
1.277509e+06,1.478598e+01,1.283887e+05,1.485981e+00,9.479723e-01,9.484771e-01,1.306539e-03,1.084320e-08,3.794740e+01,8.055923e+00,2.989148e+01,3.958794e+01,1.702000e+02
1.277519e+06,1.478610e+01,1.283987e+05,1.486097e+00,9.479832e-01,9.484772e-01,1.306648e-03,1.084320e-08,3.794929e+01,8.055668e+00,2.989362e+01,3.958958e+01,1.702000e+02
1.277529e+06,1.478621e+01,1.284087e+05,1.486212e+00,9.479940e-01,9.484773e-01,1.306756e-03,1.084320e-08,3.795118e+01,8.055413e+00,2.989577e+01,3.959123e+01,1.702000e+02
1.277539e+06,1.478633e+01,1.284187e+05,1.486328e+00,9.480049e-01,9.484774e-01,1.306864e-03,1.084320e-08,3.795307e+01,8.055158e+00,2.989791e+01,3.959288e+01,1.702000e+02
1.277549e+06,1.478644e+01,1.284287e+05,1.486444e+00,9.480158e-01,9.484775e-01,1.306973e-03,1.084320e-08,3.795496e+01,8.054903e+00,2.990006e+01,3.959452e+01,1.702000e+02
1.277559e+06,1.478656e+01,1.284387e+05,1.486560e+00,9.480267e-01,9.484776e-01,1.307081e-03,1.084320e-08,3.795685e+01,8.054648e+00,2.990220e+01,3.959617e+01,1.702000e+02
1.277569e+06,1.478668e+01,1.284487e+05,1.486675e+00,9.480376e-01,9.484777e-01,1.307190e-03,1.084320e-08,3.795874e+01,8.054393e+00,2.990435e+01,3.959781e+01,1.702000e+02
1.277579e+06,1.478679e+01,1.284587e+05,1.486791e+00,9.480485e-01,9.484778e-01,1.307298e-03,1.084320e-08,3.796063e+01,8.054138e+00,2.990649e+01,3.959946e+01,1.702000e+02
1.277589e+06,1.478691e+01,1.284687e+05,1.486907e+00,9.480594e-01,9.484780e-01,1.307407e-03,1.084320e-08,3.796252e+01,8.053883e+00,2.990864e+01,3.960110e+01,1.702000e+02
1.277599e+06,1.478702e+01,1.284787e+05,1.487023e+00,9.480703e-01,9.484781e-01,1.307515e-03,1.084319e-08,3.796441e+01,8.053628e+00,2.991078e+01,3.960275e+01,1.702000e+02
1.277609e+06,1.478714e+01,1.284887e+05,1.487138e+00,9.480812e-01,9.484782e-01,1.307624e-03,1.084319e-08,3.796630e+01,8.053373e+00,2.991293e+01,3.960439e+01,1.702000e+02
1.277619e+06,1.478725e+01,1.284987e+05,1.487254e+00,9.480921e-01,9.484783e-01,1.307732e-03,1.084319e-08,3.796819e+01,8.053118e+00,2.991507e+01,3.960604e+01,1.702000e+02
1.277629e+06,1.478737e+01,1.285087e+05,1.487370e+00,9.481030e-01,9.484784e-01,1.307840e-03,1.084319e-08,3.797008e+01,8.052863e+00,2.991722e+01,3.960768e+01,1.702000e+02
1.277639e+06,1.478749e+01,1.285187e+05,1.487486e+00,9.481139e-01,9.484785e-01,1.307949e-03,1.084319e-08,3.797197e+01,8.052608e+00,2.991937e+01,3.960933e+01,1.702000e+02
1.277649e+06,1.478760e+01,1.285288e+05,1.487601e+00,9.481247e-01,9.484786e-01,1.308057e-03,1.084319e-08,3.797386e+01,8.052353e+00,2.992151e+01,3.961097e+01,1.702000e+02
1.277659e+06,1.478772e+01,1.285388e+05,1.487717e+00,9.481356e-01,9.484787e-01,1.308166e-03,1.084319e-08,3.797575e+01,8.052098e+00,2.992366e+01,3.961262e+01,1.702000e+02
1.277669e+06,1.478783e+01,1.285488e+05,1.487833e+00,9.481465e-01,9.484788e-01,1.308274e-03,1.084319e-08,3.797764e+01,8.051843e+00,2.992580e+01,3.961427e+01,1.702000e+02
1.277679e+06,1.478795e+01,1.285588e+05,1.487949e+00,9.481574e-01,9.484789e-01,1.308383e-03,1.084318e-08,3.797953e+01,8.051588e+00,2.992795e+01,3.961591e+01,1.702000e+02
1.277689e+06,1.478806e+01,1.285688e+05,1.488064e+00,9.481683e-01,9.484790e-01,1.308491e-03,1.084318e-08,3.798142e+01,8.051333e+00,2.993009e+01,3.961756e+01,1.702000e+02
1.277699e+06,1.478818e+01,1.285788e+05,1.488180e+00,9.481792e-01,9.484791e-01,1.308600e-03,1.084318e-08,3.798332e+01,8.051078e+00,2.993224e+01,3.961920e+01,1.702000e+02
1.277709e+06,1.478830e+01,1.285888e+05,1.488296e+00,9.481901e-01,9.484792e-01,1.308708e-03,1.084318e-08,3.798521e+01,8.050823e+00,2.993438e+01,3.962085e+01,1.702000e+02
1.277719e+06,1.478841e+01,1.285988e+05,1.488412e+00,9.482010e-01,9.484793e-01,1.308816e-03,1.084318e-08,3.798710e+01,8.050568e+00,2.993653e+01,3.962249e+01,1.702000e+02
1.277729e+06,1.478853e+01,1.286088e+05,1.488527e+00,9.482100e-01,9.484794e-01,1.308925e-03,1.084318e-08,3.798738e+01,8.050652e+00,2.993673e+01,3.962249e+01,1.702000e+02
1.277739e+06,1.478864e+01,1.286188e+05,1.488643e+00,9.482182e-01,9.484795e-01,1.309033e-03,1.084318e-08,3.798687e+01,8.050905e+00,2.993597e+01,3.962166e+01,1.702000e+02
1.277749e+06,1.478876e+01,1.286288e+05,1.488759e+00,9.482263e-01,9.484796e-01,1.309142e-03,1.084318e-08,3.798636e+01,8.051158e+00,2.993520e+01,3.962084e+01,1.702000e+02
1.277759e+06,1.478887e+01,1.286388e+05,1.488875e+00,9.482345e-01,9.484797e-01,1.309250e-03,1.084318e-08,3.798585e+01,8.051412e+00,2.993443e+01,3.962001e+01,1.702000e+02
1.277769e+06,1.478899e+01,1.286488e+05,1.488990e+00,9.482426e-01,9.484798e-01,1.309359e-03,1.084317e-08,3.798533e+01,8.051665e+00,2.993367e+01,3.961919e+01,1.702000e+02
1.277779e+06,1.478911e+01,1.286588e+05,1.489106e+00,9.482507e-01,9.484799e-01,1.309467e-03,1.084317e-08,3.798482e+01,8.051918e+00,2.993290e+01,3.961836e+01,1.702000e+02
1.277789e+06,1.478922e+01,1.286688e+05,1.489222e+00,9.482589e-01,9.484800e-01,1.309575e-03,1.084317e-08,3.798431e+01,8.052171e+00,2.993214e+01,3.961754e+01,1.702000e+02
1.277799e+06,1.478934e+01,1.286788e+05,1.489338e+00,9.482670e-01,9.484801e-01,1.309684e-03,1.084317e-08,3.798380e+01,8.052425e+00,2.993137e+01,3.961671e+01,1.702000e+02
1.277809e+06,1.478945e+01,1.286888e+05,1.489453e+00,9.482752e-01,9.484802e-01,1.309792e-03,1.084317e-08,3.798329e+01,8.052678e+00,2.993061e+01,3.961589e+01,1.702000e+02
1.277819e+06,1.478957e+01,1.286988e+05,1.489569e+00,9.482833e-01,9.484803e-01,1.309901e-03,1.084317e-08,3.798277e+01,8.052931e+00,2.992984e+01,3.961506e+01,1.702000e+02
1.277829e+06,1.478968e+01,1.287088e+05,1.489685e+00,9.482915e-01,9.484804e-01,1.310009e-03,1.084317e-08,3.798226e+01,8.053184e+00,2.992908e+01,3.961424e+01,1.702000e+02
1.277839e+06,1.478980e+01,1.287188e+05,1.489801e+00,9.482996e-01,9.484805e-01,1.310118e-03,1.084317e-08,3.798175e+01,8.053437e+00,2.992831e+01,3.961341e+01,1.702000e+02
1.277849e+06,1.478992e+01,1.287288e+05,1.489916e+00,9.483077e-01,9.484806e-01,1.310226e-03,1.084316e-08,3.798124e+01,8.053691e+00,2.992755e+01,3.961259e+01,1.702000e+02
1.277859e+06,1.479003e+01,1.287388e+05,1.490032e+00,9.483159e-01,9.484807e-01,1.310335e-03,1.084316e-08,3.798073e+01,8.053944e+00,2.992678e+01,3.961176e+01,1.702000e+02
1.277869e+06,1.479015e+01,1.287488e+05,1.490148e+00,9.483240e-01,9.484808e-01,1.310443e-03,1.084316e-08,3.798021e+01,8.054197e+00,2.992602e+01,3.961094e+01,1.702000e+02
1.277879e+06,1.479026e+01,1.287588e+05,1.490263e+00,9.483322e-01,9.484809e-01,1.310551e-03,1.084316e-08,3.797970e+01,8.054450e+00,2.992525e+01,3.961012e+01,1.702000e+02
1.277889e+06,1.479038e+01,1.287688e+05,1.490379e+00,9.483403e-01,9.484810e-01,1.310660e-03,1.084316e-08,3.797919e+01,8.054704e+00,2.992449e+01,3.960929e+01,1.702000e+02
1.277899e+06,1.479049e+01,1.287788e+05,1.490495e+00,9.483484e-01,9.484811e-01,1.310768e-03,1.084316e-08,3.797868e+01,8.054957e+00,2.992372e+01,3.960847e+01,1.702000e+02
1.277909e+06,1.479061e+01,1.287888e+05,1.490611e+00,9.483566e-01,9.484812e-01,1.310877e-03,1.084316e-08,3.797817e+01,8.055210e+00,2.992296e+01,3.960764e+01,1.702000e+02
1.277919e+06,1.479073e+01,1.287988e+05,1.490726e+00,9.483647e-01,9.484813e-01,1.310985e-03,1.084316e-08,3.797765e+01,8.055463e+00,2.992219e+01,3.960682e+01,1.702000e+02
1.277929e+06,1.479084e+01,1.288088e+05,1.490842e+00,9.483729e-01,9.484814e-01,1.311094e-03,1.084316e-08,3.797714e+01,8.055717e+00,2.992143e+01,3.960599e+01,1.702000e+02
1.277939e+06,1.479096e+01,1.288188e+05,1.490958e+00,9.483810e-01,9.484816e-01,1.311202e-03,1.084315e-08,3.797663e+01,8.055970e+00,2.992066e+01,3.960517e+01,1.702000e+02
1.277949e+06,1.479107e+01,1.288288e+05,1.491074e+00,9.483891e-01,9.484817e-01,1.311310e-03,1.084315e-08,3.797612e+01,8.056223e+00,2.991990e+01,3.960434e+01,1.702000e+02
1.277959e+06,1.479119e+01,1.288388e+05,1.491189e+00,9.483973e-01,9.484818e-01,1.311419e-03,1.084315e-08,3.797561e+01,8.056476e+00,2.991913e+01,3.960352e+01,1.702000e+02
1.277969e+06,1.479131e+01,1.288488e+05,1.491305e+00,9.484054e-01,9.484819e-01,1.311527e-03,1.084315e-08,3.797509e+01,8.056730e+00,2.991836e+01,3.960270e+01,1.702000e+02
1.277979e+06,1.479142e+01,1.288588e+05,1.491421e+00,9.484071e-01,9.484820e-01,1.311636e-03,1.084315e-08,3.797537e+01,8.056671e+00,2.991870e+01,3.960294e+01,1.702000e+02
1.277989e+06,1.479154e+01,1.288688e+05,1.491537e+00,9.484046e-01,9.484821e-01,1.311744e-03,1.084315e-08,3.797614e+01,8.056416e+00,2.991973e+01,3.960385e+01,1.702000e+02
1.277999e+06,1.479165e+01,1.288788e+05,1.491652e+00,9.484021e-01,9.484822e-01,1.311853e-03,1.084315e-08,3.797692e+01,8.056161e+00,2.992076e+01,3.960476e+01,1.702000e+02
1.278009e+06,1.479177e+01,1.288888e+05,1.491768e+00,9.483996e-01,9.484823e-01,1.311961e-03,1.084315e-08,3.797769e+01,8.055906e+00,2.992178e+01,3.960567e+01,1.702000e+02
1.278019e+06,1.479188e+01,1.288988e+05,1.491884e+00,9.483971e-01,9.484824e-01,1.312070e-03,1.084314e-08,3.797846e+01,8.055651e+00,2.992281e+01,3.960658e+01,1.702000e+02
1.278029e+06,1.479200e+01,1.289088e+05,1.492000e+00,9.483946e-01,9.484825e-01,1.312178e-03,1.084314e-08,3.797924e+01,8.055396e+00,2.992384e+01,3.960750e+01,1.702000e+02
1.278039e+06,1.479212e+01,1.289188e+05,1.492115e+00,9.483921e-01,9.484826e-01,1.312286e-03,1.084314e-08,3.798001e+01,8.055141e+00,2.992487e+01,3.960841e+01,1.702000e+02
1.278049e+06,1.479223e+01,1.289288e+05,1.492231e+00,9.483896e-01,9.484827e-01,1.312395e-03,1.084314e-08,3.798078e+01,8.054886e+00,2.992590e+01,3.960932e+01,1.702000e+02
1.278059e+06,1.479235e+01,1.289388e+05,1.492347e+00,9.483871e-01,9.484828e-01,1.312503e-03,1.084314e-08,3.798156e+01,8.054631e+00,2.992693e+01,3.961023e+01,1.702000e+02
1.278069e+06,1.479246e+01,1.289488e+05,1.492463e+00,9.483846e-01,9.484829e-01,1.312612e-03,1.084314e-08,3.798233e+01,8.054376e+00,2.992795e+01,3.961114e+01,1.702000e+02
1.278079e+06,1.479258e+01,1.289588e+05,1.492578e+00,9.483822e-01,9.484830e-01,1.312720e-03,1.084314e-08,3.798310e+01,8.054121e+00,2.992898e+01,3.961206e+01,1.702000e+02
1.278089e+06,1.479269e+01,1.289688e+05,1.492694e+00,9.483797e-01,9.484831e-01,1.312829e-03,1.084314e-08,3.798388e+01,8.053866e+00,2.993001e+01,3.961297e+01,1.702000e+02
1.278099e+06,1.479281e+01,1.289788e+05,1.492810e+00,9.483772e-01,9.484832e-01,1.312937e-03,1.084314e-08,3.798465e+01,8.053611e+00,2.993104e+01,3.961388e+01,1.702000e+02
1.278109e+06,1.479293e+01,1.289888e+05,1.492926e+00,9.483747e-01,9.484833e-01,1.313046e-03,1.084313e-08,3.798542e+01,8.053356e+00,2.993207e+01,3.961479e+01,1.702000e+02
1.278119e+06,1.479304e+01,1.289988e+05,1.493041e+00,9.483722e-01,9.484834e-01,1.313154e-03,1.084313e-08,3.798620e+01,8.053101e+00,2.993310e+01,3.961571e+01,1.702000e+02
1.278129e+06,1.479316e+01,1.290088e+05,1.493157e+00,9.483697e-01,9.484835e-01,1.313262e-03,1.084313e-08,3.798697e+01,8.052846e+00,2.993412e+01,3.961662e+01,1.702000e+02
1.278139e+06,1.479327e+01,1.290188e+05,1.493273e+00,9.483672e-01,9.484836e-01,1.313371e-03,1.084313e-08,3.798774e+01,8.052591e+00,2.993515e+01,3.961753e+01,1.702000e+02
1.278149e+06,1.479339e+01,1.290288e+05,1.493389e+00,9.483647e-01,9.484837e-01,1.313479e-03,1.084313e-08,3.798852e+01,8.052336e+00,2.993618e+01,3.961844e+01,1.702000e+02
1.278159e+06,1.479350e+01,1.290388e+05,1.493504e+00,9.483622e-01,9.484838e-01,1.313588e-03,1.084313e-08,3.798929e+01,8.052081e+00,2.993721e+01,3.961935e+01,1.702000e+02
1.278169e+06,1.479362e+01,1.290488e+05,1.493620e+00,9.483597e-01,9.484839e-01,1.313696e-03,1.084313e-08,3.799006e+01,8.051826e+00,2.993824e+01,3.962027e+01,1.702000e+02
1.278179e+06,1.479374e+01,1.290588e+05,1.493736e+00,9.483573e-01,9.484840e-01,1.313805e-03,1.084313e-08,3.799084e+01,8.051571e+00,2.993927e+01,3.962118e+01,1.702000e+02
1.278189e+06,1.479385e+01,1.290688e+05,1.493852e+00,9.483548e-01,9.484841e-01,1.313913e-03,1.084312e-08,3.799161e+01,8.051316e+00,2.994029e+01,3.962209e+01,1.702000e+02
1.278199e+06,1.479397e+01,1.290788e+05,1.493967e+00,9.483523e-01,9.484842e-01,1.314021e-03,1.084312e-08,3.799238e+01,8.051061e+00,2.994132e+01,3.962300e+01,1.702000e+02
1.278209e+06,1.479408e+01,1.290888e+05,1.494083e+00,9.483498e-01,9.484843e-01,1.314130e-03,1.084312e-08,3.799316e+01,8.050806e+00,2.994235e+01,3.962391e+01,1.702000e+02
1.278219e+06,1.479420e+01,1.290988e+05,1.494199e+00,9.483450e-01,9.484844e-01,1.314238e-03,1.084312e-08,3.799393e+01,8.050551e+00,2.994338e+01,3.962490e+01,1.702000e+02
1.278229e+06,1.479431e+01,1.291088e+05,1.494315e+00,9.483431e-01,9.484845e-01,1.314347e-03,1.084312e-08,3.799358e+01,8.050483e+00,2.994310e+01,3.962460e+01,1.701971e+02
1.278239e+06,1.479443e+01,1.291188e+05,1.494430e+00,9.483426e-01,9.484846e-01,1.314455e-03,1.084312e-08,3.799281e+01,8.050483e+00,2.994233e+01,3.962381e+01,1.701931e+02
1.278249e+06,1.479455e+01,1.291288e+05,1.494546e+00,9.483421e-01,9.484847e-01,1.314564e-03,1.084312e-08,3.799205e+01,8.050483e+00,2.994156e+01,3.962302e+01,1.701891e+02
1.278259e+06,1.479466e+01,1.291388e+05,1.494662e+00,9.483415e-01,9.484848e-01,1.314672e-03,1.084312e-08,3.799128e+01,8.050483e+00,2.994080e+01,3.962223e+01,1.701852e+02
1.278269e+06,1.479478e+01,1.291488e+05,1.494778e+00,9.483410e-01,9.484849e-01,1.314781e-03,1.084312e-08,3.799052e+01,8.050483e+00,2.994003e+01,3.962144e+01,1.701812e+02
1.278279e+06,1.479489e+01,1.291588e+05,1.494893e+00,9.483405e-01,9.484850e-01,1.314889e-03,1.084311e-08,3.798975e+01,8.050483e+00,2.993927e+01,3.962065e+01,1.701772e+02
1.278289e+06,1.479501e+01,1.291688e+05,1.495009e+00,9.483400e-01,9.484852e-01,1.314997e-03,1.084311e-08,3.798899e+01,8.050483e+00,2.993850e+01,3.961986e+01,1.701732e+02
1.278299e+06,1.479512e+01,1.291788e+05,1.495125e+00,9.483395e-01,9.484853e-01,1.315106e-03,1.084311e-08,3.798822e+01,8.050483e+00,2.993774e+01,3.961907e+01,1.701692e+02
1.278309e+06,1.479524e+01,1.291888e+05,1.495241e+00,9.483390e-01,9.484854e-01,1.315214e-03,1.084311e-08,3.798746e+01,8.050483e+00,2.993697e+01,3.961828e+01,1.701653e+02
1.278319e+06,1.479536e+01,1.291988e+05,1.495356e+00,9.483385e-01,9.484855e-01,1.315323e-03,1.084311e-08,3.798669e+01,8.050483e+00,2.993621e+01,3.961749e+01,1.701613e+02
1.278329e+06,1.479547e+01,1.292088e+05,1.495472e+00,9.483380e-01,9.484856e-01,1.315431e-03,1.084311e-08,3.798592e+01,8.050483e+00,2.993544e+01,3.961670e+01,1.701573e+02
1.278339e+06,1.479559e+01,1.292188e+05,1.495588e+00,9.483375e-01,9.484857e-01,1.315540e-03,1.084311e-08,3.798516e+01,8.050483e+00,2.993468e+01,3.961591e+01,1.701533e+02
1.278349e+06,1.479570e+01,1.292288e+05,1.495704e+00,9.483369e-01,9.484858e-01,1.315648e-03,1.084311e-08,3.798439e+01,8.050483e+00,2.993391e+01,3.961512e+01,1.701494e+02
1.278359e+06,1.479582e+01,1.292388e+05,1.495819e+00,9.483364e-01,9.484859e-01,1.315756e-03,1.084310e-08,3.798363e+01,8.050483e+00,2.993315e+01,3.961433e+01,1.701454e+02
1.278369e+06,1.479594e+01,1.292488e+05,1.495935e+00,9.483359e-01,9.484860e-01,1.315865e-03,1.084310e-08,3.798286e+01,8.050483e+00,2.993238e+01,3.961354e+01,1.701414e+02
1.278379e+06,1.479605e+01,1.292588e+05,1.496051e+00,9.483354e-01,9.484861e-01,1.315973e-03,1.084310e-08,3.798210e+01,8.050483e+00,2.993161e+01,3.961275e+01,1.701374e+02
1.278389e+06,1.479617e+01,1.292688e+05,1.496167e+00,9.483349e-01,9.484862e-01,1.316082e-03,1.084310e-08,3.798133e+01,8.050483e+00,2.993085e+01,3.961196e+01,1.701334e+02
1.278399e+06,1.479628e+01,1.292788e+05,1.496282e+00,9.483344e-01,9.484863e-01,1.316190e-03,1.084310e-08,3.798057e+01,8.050483e+00,2.993008e+01,3.961117e+01,1.701295e+02
1.278409e+06,1.479640e+01,1.292888e+05,1.496398e+00,9.483339e-01,9.484864e-01,1.316299e-03,1.084310e-08,3.797980e+01,8.050483e+00,2.992932e+01,3.961038e+01,1.701255e+02
1.278419e+06,1.479651e+01,1.292988e+05,1.496514e+00,9.483334e-01,9.484865e-01,1.316407e-03,1.084310e-08,3.797904e+01,8.050483e+00,2.992855e+01,3.960959e+01,1.701215e+02
1.278429e+06,1.479663e+01,1.293088e+05,1.496630e+00,9.483329e-01,9.484866e-01,1.316516e-03,1.084310e-08,3.797827e+01,8.050483e+00,2.992779e+01,3.960880e+01,1.701175e+02
1.278439e+06,1.479675e+01,1.293188e+05,1.496745e+00,9.483324e-01,9.484867e-01,1.316624e-03,1.084310e-08,3.797751e+01,8.050483e+00,2.992702e+01,3.960801e+01,1.701136e+02
1.278449e+06,1.479686e+01,1.293288e+05,1.496861e+00,9.483318e-01,9.484868e-01,1.316732e-03,1.084309e-08,3.797674e+01,8.050483e+00,2.992626e+01,3.960722e+01,1.701096e+02
1.278459e+06,1.479698e+01,1.293388e+05,1.496977e+00,9.483313e-01,9.484869e-01,1.316841e-03,1.084309e-08,3.797597e+01,8.050483e+00,2.992549e+01,3.960643e+01,1.701056e+02
1.278469e+06,1.479709e+01,1.293488e+05,1.497093e+00,9.483346e-01,9.484870e-01,1.316949e-03,1.084309e-08,3.797521e+01,8.050483e+00,2.992473e+01,3.960551e+01,1.701016e+02
1.278479e+06,1.479721e+01,1.293588e+05,1.497208e+00,9.483428e-01,9.484871e-01,1.317058e-03,1.084309e-08,3.797551e+01,8.050633e+00,2.992487e+01,3.960555e+01,1.701024e+02
1.278489e+06,1.479732e+01,1.293688e+05,1.497324e+00,9.483525e-01,9.484872e-01,1.317166e-03,1.084309e-08,3.797654e+01,8.050888e+00,2.992565e+01,3.960629e+01,1.701064e+02
1.278499e+06,1.479744e+01,1.293788e+05,1.497440e+00,9.483623e-01,9.484873e-01,1.317275e-03,1.084309e-08,3.797757e+01,8.051143e+00,2.992642e+01,3.960704e+01,1.701104e+02
1.278509e+06,1.479756e+01,1.293888e+05,1.497556e+00,9.483720e-01,9.484874e-01,1.317383e-03,1.084309e-08,3.797860e+01,8.051398e+00,2.992720e+01,3.960779e+01,1.701144e+02
1.278519e+06,1.479767e+01,1.293988e+05,1.497671e+00,9.483818e-01,9.484875e-01,1.317491e-03,1.084309e-08,3.797963e+01,8.051653e+00,2.992798e+01,3.960854e+01,1.701185e+02
1.278529e+06,1.479779e+01,1.294088e+05,1.497787e+00,9.483916e-01,9.484876e-01,1.317600e-03,1.084308e-08,3.798066e+01,8.051908e+00,2.992875e+01,3.960929e+01,1.701225e+02
1.278539e+06,1.479790e+01,1.294188e+05,1.497903e+00,9.484013e-01,9.484877e-01,1.317708e-03,1.084308e-08,3.798169e+01,8.052163e+00,2.992953e+01,3.961004e+01,1.701265e+02
1.278549e+06,1.479802e+01,1.294288e+05,1.498019e+00,9.484111e-01,9.484878e-01,1.317817e-03,1.084308e-08,3.798272e+01,8.052418e+00,2.993031e+01,3.961079e+01,1.701305e+02
1.278559e+06,1.479813e+01,1.294388e+05,1.498134e+00,9.484208e-01,9.484879e-01,1.317925e-03,1.084308e-08,3.798375e+01,8.052673e+00,2.993108e+01,3.961153e+01,1.701345e+02
1.278569e+06,1.479825e+01,1.294488e+05,1.498250e+00,9.484306e-01,9.484880e-01,1.318034e-03,1.084308e-08,3.798479e+01,8.052928e+00,2.993186e+01,3.961228e+01,1.701385e+02
1.278579e+06,1.479837e+01,1.294588e+05,1.498366e+00,9.484403e-01,9.484881e-01,1.318142e-03,1.084308e-08,3.798582e+01,8.053184e+00,2.993263e+01,3.961303e+01,1.701426e+02
1.278589e+06,1.479848e+01,1.294688e+05,1.498482e+00,9.484501e-01,9.484882e-01,1.318251e-03,1.084308e-08,3.798685e+01,8.053439e+00,2.993341e+01,3.961378e+01,1.701466e+02
1.278599e+06,1.479860e+01,1.294788e+05,1.498597e+00,9.484599e-01,9.484883e-01,1.318359e-03,1.084308e-08,3.798788e+01,8.053694e+00,2.993419e+01,3.961453e+01,1.701506e+02
1.278609e+06,1.479871e+01,1.294888e+05,1.498713e+00,9.484696e-01,9.484884e-01,1.318467e-03,1.084308e-08,3.798891e+01,8.053949e+00,2.993496e+01,3.961528e+01,1.701546e+02
1.278619e+06,1.479883e+01,1.294988e+05,1.498829e+00,9.484794e-01,9.484885e-01,1.318576e-03,1.084307e-08,3.798994e+01,8.054204e+00,2.993574e+01,3.961603e+01,1.701586e+02
1.278629e+06,1.479894e+01,1.295088e+05,1.498945e+00,9.484891e-01,9.484886e-01,1.318684e-03,1.084307e-08,3.799097e+01,8.054459e+00,2.993651e+01,3.961678e+01,1.701627e+02
1.278639e+06,1.479906e+01,1.295188e+05,1.499060e+00,9.484989e-01,9.484888e-01,1.318793e-03,1.084307e-08,3.799200e+01,8.054714e+00,2.993729e+01,3.961752e+01,1.701667e+02
1.278649e+06,1.479918e+01,1.295288e+05,1.499176e+00,9.485086e-01,9.484889e-01,1.318901e-03,1.084307e-08,3.799303e+01,8.054969e+00,2.993807e+01,3.961827e+01,1.701707e+02
1.278659e+06,1.479929e+01,1.295388e+05,1.499292e+00,9.485184e-01,9.484890e-01,1.319010e-03,1.084307e-08,3.799407e+01,8.055224e+00,2.993884e+01,3.961902e+01,1.701747e+02
1.278669e+06,1.479941e+01,1.295488e+05,1.499408e+00,9.485281e-01,9.484891e-01,1.319118e-03,1.084307e-08,3.799510e+01,8.055479e+00,2.993962e+01,3.961977e+01,1.701787e+02
1.278679e+06,1.479952e+01,1.295588e+05,1.499523e+00,9.485379e-01,9.484892e-01,1.319226e-03,1.084307e-08,3.799613e+01,8.055734e+00,2.994039e+01,3.962052e+01,1.701828e+02
1.278689e+06,1.479964e+01,1.295688e+05,1.499639e+00,9.485477e-01,9.484893e-01,1.319335e-03,1.084307e-08,3.799716e+01,8.055989e+00,2.994117e+01,3.962127e+01,1.701868e+02
1.278699e+06,1.479975e+01,1.295788e+05,1.499755e+00,9.485574e-01,9.484894e-01,1.319443e-03,1.084306e-08,3.799819e+01,8.056244e+00,2.994195e+01,3.962201e+01,1.701908e+02
1.278709e+06,1.479987e+01,1.295888e+05,1.499871e+00,9.485672e-01,9.484895e-01,1.319552e-03,1.084306e-08,3.799922e+01,8.056499e+00,2.994272e+01,3.962276e+01,1.701948e+02
1.278719e+06,1.479999e+01,1.295988e+05,1.499986e+00,9.485746e-01,9.484896e-01,1.319660e-03,1.084306e-08,3.800025e+01,8.056754e+00,2.994350e+01,3.962359e+01,1.701988e+02
1.278729e+06,1.480010e+01,1.296088e+05,1.500102e+00,9.485695e-01,9.484897e-01,1.319769e-03,1.084306e-08,3.799983e+01,8.056649e+00,2.994318e+01,3.962332e+01,1.702000e+02
1.278739e+06,1.480022e+01,1.296188e+05,1.500218e+00,9.485595e-01,9.484898e-01,1.319877e-03,1.084306e-08,3.799881e+01,8.056396e+00,2.994241e+01,3.962259e+01,1.702000e+02
1.278749e+06,1.480033e+01,1.296288e+05,1.500334e+00,9.485495e-01,9.484899e-01,1.319986e-03,1.084306e-08,3.799779e+01,8.056144e+00,2.994164e+01,3.962186e+01,1.702000e+02
1.278759e+06,1.480045e+01,1.296388e+05,1.500449e+00,9.485396e-01,9.484900e-01,1.320094e-03,1.084306e-08,3.799677e+01,8.055891e+00,2.994087e+01,3.962113e+01,1.702000e+02
1.278769e+06,1.480057e+01,1.296488e+05,1.500565e+00,9.485296e-01,9.484901e-01,1.320202e-03,1.084306e-08,3.799575e+01,8.055639e+00,2.994011e+01,3.962040e+01,1.702000e+02
1.278779e+06,1.480068e+01,1.296588e+05,1.500681e+00,9.485196e-01,9.484902e-01,1.320311e-03,1.084306e-08,3.799473e+01,8.055387e+00,2.993934e+01,3.961967e+01,1.702000e+02
1.278789e+06,1.480080e+01,1.296688e+05,1.500797e+00,9.485097e-01,9.484903e-01,1.320419e-03,1.084305e-08,3.799370e+01,8.055134e+00,2.993857e+01,3.961894e+01,1.702000e+02
1.278799e+06,1.480091e+01,1.296788e+05,1.500912e+00,9.484997e-01,9.484904e-01,1.320528e-03,1.084305e-08,3.799268e+01,8.054882e+00,2.993780e+01,3.961820e+01,1.702000e+02
1.278809e+06,1.480103e+01,1.296888e+05,1.501028e+00,9.484897e-01,9.484905e-01,1.320636e-03,1.084305e-08,3.799166e+01,8.054630e+00,2.993703e+01,3.961747e+01,1.702000e+02
1.278819e+06,1.480114e+01,1.296988e+05,1.501144e+00,9.484798e-01,9.484906e-01,1.320745e-03,1.084305e-08,3.799064e+01,8.054377e+00,2.993627e+01,3.961674e+01,1.702000e+02
1.278829e+06,1.480126e+01,1.297088e+05,1.501260e+00,9.484698e-01,9.484907e-01,1.320853e-03,1.084305e-08,3.798962e+01,8.054125e+00,2.993550e+01,3.961601e+01,1.702000e+02
1.278839e+06,1.480138e+01,1.297188e+05,1.501375e+00,9.484598e-01,9.484908e-01,1.320962e-03,1.084305e-08,3.798860e+01,8.053872e+00,2.993473e+01,3.961528e+01,1.702000e+02
1.278849e+06,1.480149e+01,1.297288e+05,1.501491e+00,9.484499e-01,9.484909e-01,1.321070e-03,1.084305e-08,3.798758e+01,8.053620e+00,2.993396e+01,3.961455e+01,1.702000e+02
1.278859e+06,1.480161e+01,1.297388e+05,1.501607e+00,9.484399e-01,9.484910e-01,1.321178e-03,1.084305e-08,3.798656e+01,8.053368e+00,2.993319e+01,3.961382e+01,1.702000e+02
1.278869e+06,1.480172e+01,1.297488e+05,1.501723e+00,9.484299e-01,9.484911e-01,1.321287e-03,1.084304e-08,3.798554e+01,8.053115e+00,2.993243e+01,3.961309e+01,1.702000e+02
1.278879e+06,1.480184e+01,1.297588e+05,1.501838e+00,9.484200e-01,9.484912e-01,1.321395e-03,1.084304e-08,3.798452e+01,8.052863e+00,2.993166e+01,3.961236e+01,1.702000e+02
1.278889e+06,1.480195e+01,1.297688e+05,1.501954e+00,9.484100e-01,9.484913e-01,1.321504e-03,1.084304e-08,3.798350e+01,8.052611e+00,2.993089e+01,3.961163e+01,1.702000e+02
1.278899e+06,1.480207e+01,1.297788e+05,1.502070e+00,9.484000e-01,9.484914e-01,1.321612e-03,1.084304e-08,3.798248e+01,8.052358e+00,2.993012e+01,3.961090e+01,1.702000e+02
1.278909e+06,1.480219e+01,1.297888e+05,1.502186e+00,9.483901e-01,9.484915e-01,1.321721e-03,1.084304e-08,3.798146e+01,8.052106e+00,2.992935e+01,3.961017e+01,1.702000e+02
1.278919e+06,1.480230e+01,1.297988e+05,1.502301e+00,9.483801e-01,9.484916e-01,1.321829e-03,1.084304e-08,3.798044e+01,8.051853e+00,2.992859e+01,3.960944e+01,1.702000e+02
1.278929e+06,1.480242e+01,1.298088e+05,1.502417e+00,9.483701e-01,9.484917e-01,1.321937e-03,1.084304e-08,3.797942e+01,8.051601e+00,2.992782e+01,3.960871e+01,1.702000e+02
1.278939e+06,1.480253e+01,1.298188e+05,1.502533e+00,9.483602e-01,9.484918e-01,1.322046e-03,1.084304e-08,3.797840e+01,8.051349e+00,2.992705e+01,3.960798e+01,1.702000e+02
1.278949e+06,1.480265e+01,1.298288e+05,1.502649e+00,9.483502e-01,9.484919e-01,1.322154e-03,1.084304e-08,3.797738e+01,8.051096e+00,2.992628e+01,3.960725e+01,1.702000e+02
1.278959e+06,1.480276e+01,1.298388e+05,1.502764e+00,9.483402e-01,9.484920e-01,1.322263e-03,1.084303e-08,3.797636e+01,8.050844e+00,2.992551e+01,3.960652e+01,1.702000e+02
1.278969e+06,1.480288e+01,1.298488e+05,1.502880e+00,9.483303e-01,9.484921e-01,1.322371e-03,1.084303e-08,3.797534e+01,8.050592e+00,2.992474e+01,3.960578e+01,1.702000e+02
1.278979e+06,1.480300e+01,1.298588e+05,1.502996e+00,9.483232e-01,9.484922e-01,1.322480e-03,1.084303e-08,3.797534e+01,8.050628e+00,2.992471e+01,3.960602e+01,1.702000e+02
1.278989e+06,1.480311e+01,1.298688e+05,1.503112e+00,9.483183e-01,9.484924e-01,1.322588e-03,1.084303e-08,3.797611e+01,8.050883e+00,2.992523e+01,3.960698e+01,1.702000e+02
1.278999e+06,1.480323e+01,1.298788e+05,1.503227e+00,9.483135e-01,9.484925e-01,1.322697e-03,1.084303e-08,3.797688e+01,8.051138e+00,2.992575e+01,3.960795e+01,1.702000e+02
1.279009e+06,1.480334e+01,1.298888e+05,1.503343e+00,9.483086e-01,9.484926e-01,1.322805e-03,1.084303e-08,3.797766e+01,8.051393e+00,2.992626e+01,3.960891e+01,1.702000e+02
1.279019e+06,1.480346e+01,1.298988e+05,1.503459e+00,9.483037e-01,9.484927e-01,1.322913e-03,1.084303e-08,3.797843e+01,8.051648e+00,2.992678e+01,3.960987e+01,1.702000e+02
1.279029e+06,1.480357e+01,1.299088e+05,1.503575e+00,9.482988e-01,9.484928e-01,1.323022e-03,1.084303e-08,3.797920e+01,8.051903e+00,2.992730e+01,3.961084e+01,1.702000e+02
1.279039e+06,1.480369e+01,1.299188e+05,1.503690e+00,9.482939e-01,9.484929e-01,1.323130e-03,1.084302e-08,3.797998e+01,8.052158e+00,2.992782e+01,3.961180e+01,1.702000e+02
1.279049e+06,1.480381e+01,1.299288e+05,1.503806e+00,9.482891e-01,9.484930e-01,1.323239e-03,1.084302e-08,3.798075e+01,8.052413e+00,2.992834e+01,3.961277e+01,1.702000e+02
1.279059e+06,1.480392e+01,1.299388e+05,1.503922e+00,9.482842e-01,9.484931e-01,1.323347e-03,1.084302e-08,3.798152e+01,8.052668e+00,2.992886e+01,3.961373e+01,1.702000e+02
1.279069e+06,1.480404e+01,1.299488e+05,1.504038e+00,9.482793e-01,9.484932e-01,1.323456e-03,1.084302e-08,3.798230e+01,8.052923e+00,2.992937e+01,3.961469e+01,1.702000e+02
1.279079e+06,1.480415e+01,1.299588e+05,1.504153e+00,9.482744e-01,9.484933e-01,1.323564e-03,1.084302e-08,3.798307e+01,8.053178e+00,2.992989e+01,3.961566e+01,1.702000e+02
1.279089e+06,1.480427e+01,1.299688e+05,1.504269e+00,9.482695e-01,9.484934e-01,1.323672e-03,1.084302e-08,3.798384e+01,8.053433e+00,2.993041e+01,3.961662e+01,1.702000e+02
1.279099e+06,1.480438e+01,1.299788e+05,1.504385e+00,9.482647e-01,9.484935e-01,1.323781e-03,1.084302e-08,3.798462e+01,8.053688e+00,2.993093e+01,3.961758e+01,1.702000e+02
1.279109e+06,1.480450e+01,1.299889e+05,1.504501e+00,9.482598e-01,9.484936e-01,1.323889e-03,1.084302e-08,3.798539e+01,8.053943e+00,2.993145e+01,3.961855e+01,1.702000e+02
1.279119e+06,1.480462e+01,1.299989e+05,1.504616e+00,9.482549e-01,9.484937e-01,1.323998e-03,1.084302e-08,3.798616e+01,8.054198e+00,2.993197e+01,3.961951e+01,1.702000e+02
1.279129e+06,1.480473e+01,1.300089e+05,1.504732e+00,9.482500e-01,9.484938e-01,1.324106e-03,1.084301e-08,3.798694e+01,8.054453e+00,2.993248e+01,3.962048e+01,1.702000e+02
1.279139e+06,1.480485e+01,1.300189e+05,1.504848e+00,9.482452e-01,9.484939e-01,1.324215e-03,1.084301e-08,3.798771e+01,8.054708e+00,2.993300e+01,3.962144e+01,1.702000e+02
1.279149e+06,1.480496e+01,1.300289e+05,1.504964e+00,9.482403e-01,9.484940e-01,1.324323e-03,1.084301e-08,3.798848e+01,8.054963e+00,2.993352e+01,3.962240e+01,1.702000e+02
1.279159e+06,1.480508e+01,1.300389e+05,1.505079e+00,9.482354e-01,9.484941e-01,1.324432e-03,1.084301e-08,3.798926e+01,8.055218e+00,2.993404e+01,3.962337e+01,1.702000e+02
1.279169e+06,1.480520e+01,1.300489e+05,1.505195e+00,9.482305e-01,9.484942e-01,1.324540e-03,1.084301e-08,3.799003e+01,8.055473e+00,2.993456e+01,3.962433e+01,1.702000e+02
1.279179e+06,1.480531e+01,1.300589e+05,1.505311e+00,9.482256e-01,9.484943e-01,1.324648e-03,1.084301e-08,3.799080e+01,8.055728e+00,2.993508e+01,3.962530e+01,1.702000e+02
1.279189e+06,1.480543e+01,1.300689e+05,1.505427e+00,9.482208e-01,9.484944e-01,1.324757e-03,1.084301e-08,3.799158e+01,8.055983e+00,2.993559e+01,3.962626e+01,1.702000e+02
1.279199e+06,1.480554e+01,1.300789e+05,1.505542e+00,9.482159e-01,9.484945e-01,1.324865e-03,1.084301e-08,3.799235e+01,8.056238e+00,2.993611e+01,3.962723e+01,1.702000e+02
1.279209e+06,1.480566e+01,1.300889e+05,1.505658e+00,9.482110e-01,9.484946e-01,1.324974e-03,1.084300e-08,3.799312e+01,8.056493e+00,2.993663e+01,3.962819e+01,1.702000e+02
1.279219e+06,1.480577e+01,1.300989e+05,1.505774e+00,9.482061e-01,9.484947e-01,1.325082e-03,1.084300e-08,3.799390e+01,8.056748e+00,2.993715e+01,3.962915e+01,1.702000e+02
1.279229e+06,1.480589e+01,1.301089e+05,1.505890e+00,9.482136e-01,9.484948e-01,1.325191e-03,1.084300e-08,3.799343e+01,8.056828e+00,2.993661e+01,3.962841e+01,1.702000e+02
1.279239e+06,1.480601e+01,1.301189e+05,1.506005e+00,9.482267e-01,9.484949e-01,1.325299e-03,1.084300e-08,3.799241e+01,8.056828e+00,2.993558e+01,3.962690e+01,1.702000e+02
1.279249e+06,1.480612e+01,1.301289e+05,1.506121e+00,9.482398e-01,9.484950e-01,1.325407e-03,1.084300e-08,3.799139e+01,8.056828e+00,2.993456e+01,3.962538e+01,1.702000e+02
1.279259e+06,1.480624e+01,1.301389e+05,1.506237e+00,9.482529e-01,9.484951e-01,1.325516e-03,1.084300e-08,3.799036e+01,8.056828e+00,2.993353e+01,3.962387e+01,1.702000e+02
1.279269e+06,1.480635e+01,1.301489e+05,1.506353e+00,9.482660e-01,9.484952e-01,1.325624e-03,1.084300e-08,3.798934e+01,8.056828e+00,2.993251e+01,3.962235e+01,1.702000e+02
1.279279e+06,1.480647e+01,1.301589e+05,1.506468e+00,9.482791e-01,9.484953e-01,1.325733e-03,1.084300e-08,3.798831e+01,8.056828e+00,2.993149e+01,3.962083e+01,1.702000e+02
1.279289e+06,1.480658e+01,1.301689e+05,1.506584e+00,9.482922e-01,9.484954e-01,1.325841e-03,1.084300e-08,3.798729e+01,8.056828e+00,2.993046e+01,3.961932e+01,1.702000e+02
1.279299e+06,1.480670e+01,1.301789e+05,1.506700e+00,9.483053e-01,9.484955e-01,1.325950e-03,1.084299e-08,3.798627e+01,8.056828e+00,2.992944e+01,3.961780e+01,1.702000e+02
1.279309e+06,1.480682e+01,1.301889e+05,1.506816e+00,9.483183e-01,9.484956e-01,1.326058e-03,1.084299e-08,3.798524e+01,8.056828e+00,2.992841e+01,3.961629e+01,1.702000e+02
1.279319e+06,1.480693e+01,1.301989e+05,1.506931e+00,9.483314e-01,9.484957e-01,1.326167e-03,1.084299e-08,3.798422e+01,8.056828e+00,2.992739e+01,3.961477e+01,1.702000e+02
1.279329e+06,1.480705e+01,1.302089e+05,1.507047e+00,9.483445e-01,9.484958e-01,1.326275e-03,1.084299e-08,3.798319e+01,8.056828e+00,2.992637e+01,3.961326e+01,1.702000e+02
1.279339e+06,1.480716e+01,1.302189e+05,1.507163e+00,9.483576e-01,9.484960e-01,1.326383e-03,1.084299e-08,3.798217e+01,8.056828e+00,2.992534e+01,3.961174e+01,1.702000e+02
1.279349e+06,1.480728e+01,1.302289e+05,1.507279e+00,9.483707e-01,9.484961e-01,1.326492e-03,1.084299e-08,3.798115e+01,8.056828e+00,2.992432e+01,3.961023e+01,1.702000e+02
1.279359e+06,1.480739e+01,1.302389e+05,1.507394e+00,9.483838e-01,9.484962e-01,1.326600e-03,1.084299e-08,3.798012e+01,8.056828e+00,2.992329e+01,3.960871e+01,1.702000e+02
1.279369e+06,1.480751e+01,1.302489e+05,1.507510e+00,9.483969e-01,9.484963e-01,1.326709e-03,1.084299e-08,3.797910e+01,8.056828e+00,2.992227e+01,3.960720e+01,1.702000e+02
1.279379e+06,1.480763e+01,1.302589e+05,1.507626e+00,9.484100e-01,9.484964e-01,1.326817e-03,1.084298e-08,3.797807e+01,8.056828e+00,2.992125e+01,3.960568e+01,1.702000e+02
1.279389e+06,1.480774e+01,1.302689e+05,1.507742e+00,9.484231e-01,9.484965e-01,1.326926e-03,1.084298e-08,3.797705e+01,8.056828e+00,2.992022e+01,3.960416e+01,1.702000e+02
1.279399e+06,1.480786e+01,1.302789e+05,1.507857e+00,9.484362e-01,9.484966e-01,1.327034e-03,1.084298e-08,3.797603e+01,8.056828e+00,2.991920e+01,3.960265e+01,1.702000e+02
1.279409e+06,1.480797e+01,1.302889e+05,1.507973e+00,9.484493e-01,9.484967e-01,1.327142e-03,1.084298e-08,3.797500e+01,8.056828e+00,2.991817e+01,3.960113e+01,1.702000e+02
1.279419e+06,1.480809e+01,1.302989e+05,1.508089e+00,9.484624e-01,9.484968e-01,1.327251e-03,1.084298e-08,3.797398e+01,8.056828e+00,2.991715e+01,3.959962e+01,1.702000e+02
1.279429e+06,1.480820e+01,1.303089e+05,1.508205e+00,9.484754e-01,9.484969e-01,1.327359e-03,1.084298e-08,3.797295e+01,8.056828e+00,2.991613e+01,3.959810e+01,1.702000e+02
1.279439e+06,1.480832e+01,1.303189e+05,1.508320e+00,9.484885e-01,9.484970e-01,1.327468e-03,1.084298e-08,3.797193e+01,8.056828e+00,2.991510e+01,3.959659e+01,1.702000e+02
1.279449e+06,1.480844e+01,1.303289e+05,1.508436e+00,9.485016e-01,9.484971e-01,1.327576e-03,1.084298e-08,3.797091e+01,8.056828e+00,2.991408e+01,3.959507e+01,1.702000e+02
1.279459e+06,1.480855e+01,1.303389e+05,1.508552e+00,9.485147e-01,9.484972e-01,1.327685e-03,1.084298e-08,3.796988e+01,8.056828e+00,2.991305e+01,3.959356e+01,1.702000e+02
1.279469e+06,1.480867e+01,1.303489e+05,1.508668e+00,9.485278e-01,9.484973e-01,1.327793e-03,1.084297e-08,3.796886e+01,8.056828e+00,2.991203e+01,3.959205e+01,1.702000e+02
1.279479e+06,1.480878e+01,1.303589e+05,1.508783e+00,9.485253e-01,9.484974e-01,1.327902e-03,1.084297e-08,3.796848e+01,8.056828e+00,2.991166e+01,3.959173e+01,1.702000e+02
1.279489e+06,1.480890e+01,1.303689e+05,1.508899e+00,9.485138e-01,9.484975e-01,1.328010e-03,1.084297e-08,3.796848e+01,8.056828e+00,2.991166e+01,3.959212e+01,1.702000e+02
1.279499e+06,1.480901e+01,1.303789e+05,1.509015e+00,9.485022e-01,9.484976e-01,1.328118e-03,1.084297e-08,3.796848e+01,8.056828e+00,2.991166e+01,3.959250e+01,1.702000e+02
1.279509e+06,1.480913e+01,1.303889e+05,1.509131e+00,9.484907e-01,9.484977e-01,1.328227e-03,1.084297e-08,3.796848e+01,8.056828e+00,2.991166e+01,3.959288e+01,1.702000e+02
1.279519e+06,1.480925e+01,1.303989e+05,1.509246e+00,9.484791e-01,9.484978e-01,1.328335e-03,1.084297e-08,3.796848e+01,8.056828e+00,2.991166e+01,3.959327e+01,1.702000e+02
1.279529e+06,1.480936e+01,1.304089e+05,1.509362e+00,9.484676e-01,9.484979e-01,1.328444e-03,1.084297e-08,3.796848e+01,8.056828e+00,2.991166e+01,3.959365e+01,1.702000e+02
1.279539e+06,1.480948e+01,1.304189e+05,1.509478e+00,9.484560e-01,9.484980e-01,1.328552e-03,1.084297e-08,3.796848e+01,8.056828e+00,2.991166e+01,3.959404e+01,1.702000e+02
1.279549e+06,1.480959e+01,1.304289e+05,1.509594e+00,9.484445e-01,9.484981e-01,1.328661e-03,1.084296e-08,3.796848e+01,8.056828e+00,2.991166e+01,3.959442e+01,1.702000e+02
1.279559e+06,1.480971e+01,1.304389e+05,1.509709e+00,9.484329e-01,9.484982e-01,1.328769e-03,1.084296e-08,3.796848e+01,8.056828e+00,2.991166e+01,3.959480e+01,1.702000e+02
1.279569e+06,1.480983e+01,1.304489e+05,1.509825e+00,9.484214e-01,9.484983e-01,1.328877e-03,1.084296e-08,3.796848e+01,8.056828e+00,2.991166e+01,3.959519e+01,1.702000e+02
1.279579e+06,1.480994e+01,1.304589e+05,1.509941e+00,9.484098e-01,9.484984e-01,1.328986e-03,1.084296e-08,3.796848e+01,8.056828e+00,2.991166e+01,3.959557e+01,1.702000e+02
1.279589e+06,1.481006e+01,1.304689e+05,1.510057e+00,9.483983e-01,9.484985e-01,1.329094e-03,1.084296e-08,3.796848e+01,8.056828e+00,2.991166e+01,3.959596e+01,1.702000e+02
1.279599e+06,1.481017e+01,1.304789e+05,1.510172e+00,9.483867e-01,9.484986e-01,1.329203e-03,1.084296e-08,3.796848e+01,8.056828e+00,2.991166e+01,3.959634e+01,1.702000e+02
1.279609e+06,1.481029e+01,1.304889e+05,1.510288e+00,9.483752e-01,9.484987e-01,1.329311e-03,1.084296e-08,3.796848e+01,8.056828e+00,2.991166e+01,3.959672e+01,1.702000e+02
1.279619e+06,1.481040e+01,1.304989e+05,1.510404e+00,9.483636e-01,9.484988e-01,1.329420e-03,1.084296e-08,3.796848e+01,8.056828e+00,2.991166e+01,3.959711e+01,1.702000e+02
1.279629e+06,1.481052e+01,1.305089e+05,1.510520e+00,9.483521e-01,9.484989e-01,1.329528e-03,1.084296e-08,3.796848e+01,8.056828e+00,2.991166e+01,3.959749e+01,1.702000e+02
1.279639e+06,1.481064e+01,1.305189e+05,1.510635e+00,9.483405e-01,9.484990e-01,1.329636e-03,1.084295e-08,3.796848e+01,8.056828e+00,2.991166e+01,3.959788e+01,1.702000e+02
1.279649e+06,1.481075e+01,1.305289e+05,1.510751e+00,9.483290e-01,9.484991e-01,1.329745e-03,1.084295e-08,3.796848e+01,8.056828e+00,2.991166e+01,3.959826e+01,1.702000e+02
1.279659e+06,1.481087e+01,1.305389e+05,1.510867e+00,9.483174e-01,9.484992e-01,1.329853e-03,1.084295e-08,3.796848e+01,8.056828e+00,2.991166e+01,3.959864e+01,1.702000e+02
1.279669e+06,1.481098e+01,1.305489e+05,1.510983e+00,9.483059e-01,9.484993e-01,1.329962e-03,1.084295e-08,3.796848e+01,8.056828e+00,2.991166e+01,3.959903e+01,1.702000e+02
1.279679e+06,1.481110e+01,1.305589e+05,1.511098e+00,9.482943e-01,9.484994e-01,1.330070e-03,1.084295e-08,3.796848e+01,8.056828e+00,2.991166e+01,3.959941e+01,1.702000e+02
1.279689e+06,1.481121e+01,1.305689e+05,1.511214e+00,9.482828e-01,9.484996e-01,1.330179e-03,1.084295e-08,3.796848e+01,8.056828e+00,2.991166e+01,3.959980e+01,1.702000e+02
1.279699e+06,1.481133e+01,1.305789e+05,1.511330e+00,9.482712e-01,9.484997e-01,1.330287e-03,1.084295e-08,3.796848e+01,8.056828e+00,2.991166e+01,3.960018e+01,1.702000e+02
1.279709e+06,1.481145e+01,1.305889e+05,1.511445e+00,9.482597e-01,9.484998e-01,1.330396e-03,1.084295e-08,3.796848e+01,8.056828e+00,2.991166e+01,3.960057e+01,1.702000e+02
1.279719e+06,1.481156e+01,1.305989e+05,1.511561e+00,9.482481e-01,9.484999e-01,1.330504e-03,1.084294e-08,3.796848e+01,8.056828e+00,2.991166e+01,3.960095e+01,1.702000e+02
1.279729e+06,1.481168e+01,1.306089e+05,1.511677e+00,9.482413e-01,9.485000e-01,1.330612e-03,1.084294e-08,3.796893e+01,8.056681e+00,2.991225e+01,3.960166e+01,1.702000e+02
1.279739e+06,1.481179e+01,1.306189e+05,1.511793e+00,9.482379e-01,9.485001e-01,1.330721e-03,1.084294e-08,3.796970e+01,8.056426e+00,2.991327e+01,3.960260e+01,1.702000e+02
1.279749e+06,1.481191e+01,1.306289e+05,1.511908e+00,9.482345e-01,9.485002e-01,1.330829e-03,1.084294e-08,3.797047e+01,8.056172e+00,2.991430e+01,3.960354e+01,1.702000e+02
1.279759e+06,1.481202e+01,1.306389e+05,1.512024e+00,9.482311e-01,9.485003e-01,1.330938e-03,1.084294e-08,3.797124e+01,8.055918e+00,2.991532e+01,3.960448e+01,1.702000e+02
1.279769e+06,1.481214e+01,1.306489e+05,1.512140e+00,9.482277e-01,9.485004e-01,1.331046e-03,1.084294e-08,3.797201e+01,8.055664e+00,2.991635e+01,3.960542e+01,1.702000e+02
1.279779e+06,1.481226e+01,1.306589e+05,1.512256e+00,9.482242e-01,9.485005e-01,1.331155e-03,1.084294e-08,3.797278e+01,8.055410e+00,2.991737e+01,3.960636e+01,1.702000e+02
1.279789e+06,1.481237e+01,1.306689e+05,1.512371e+00,9.482208e-01,9.485006e-01,1.331263e-03,1.084294e-08,3.797355e+01,8.055156e+00,2.991840e+01,3.960730e+01,1.702000e+02
1.279799e+06,1.481249e+01,1.306789e+05,1.512487e+00,9.482174e-01,9.485007e-01,1.331371e-03,1.084294e-08,3.797432e+01,8.054902e+00,2.991942e+01,3.960824e+01,1.702000e+02
1.279809e+06,1.481260e+01,1.306889e+05,1.512603e+00,9.482140e-01,9.485008e-01,1.331480e-03,1.084293e-08,3.797509e+01,8.054648e+00,2.992045e+01,3.960918e+01,1.702000e+02
1.279819e+06,1.481272e+01,1.306989e+05,1.512719e+00,9.482106e-01,9.485009e-01,1.331588e-03,1.084293e-08,3.797586e+01,8.054393e+00,2.992147e+01,3.961012e+01,1.702000e+02
1.279829e+06,1.481283e+01,1.307089e+05,1.512834e+00,9.482072e-01,9.485010e-01,1.331697e-03,1.084293e-08,3.797664e+01,8.054139e+00,2.992250e+01,3.961106e+01,1.702000e+02
1.279839e+06,1.481295e+01,1.307189e+05,1.512950e+00,9.482038e-01,9.485011e-01,1.331805e-03,1.084293e-08,3.797741e+01,8.053885e+00,2.992352e+01,3.961200e+01,1.702000e+02
1.279849e+06,1.481307e+01,1.307289e+05,1.513066e+00,9.482004e-01,9.485012e-01,1.331914e-03,1.084293e-08,3.797818e+01,8.053631e+00,2.992455e+01,3.961294e+01,1.702000e+02
1.279859e+06,1.481318e+01,1.307389e+05,1.513182e+00,9.481970e-01,9.485013e-01,1.332022e-03,1.084293e-08,3.797895e+01,8.053377e+00,2.992557e+01,3.961388e+01,1.702000e+02
1.279869e+06,1.481330e+01,1.307489e+05,1.513297e+00,9.481935e-01,9.485014e-01,1.332131e-03,1.084293e-08,3.797972e+01,8.053123e+00,2.992659e+01,3.961482e+01,1.702000e+02
1.279879e+06,1.481341e+01,1.307589e+05,1.513413e+00,9.481901e-01,9.485015e-01,1.332239e-03,1.084293e-08,3.798049e+01,8.052869e+00,2.992762e+01,3.961576e+01,1.702000e+02
1.279889e+06,1.481353e+01,1.307689e+05,1.513529e+00,9.481867e-01,9.485016e-01,1.332347e-03,1.084292e-08,3.798126e+01,8.052615e+00,2.992864e+01,3.961670e+01,1.702000e+02
1.279899e+06,1.481364e+01,1.307789e+05,1.513645e+00,9.481833e-01,9.485017e-01,1.332456e-03,1.084292e-08,3.798203e+01,8.052360e+00,2.992967e+01,3.961764e+01,1.702000e+02
1.279909e+06,1.481376e+01,1.307889e+05,1.513760e+00,9.481799e-01,9.485018e-01,1.332564e-03,1.084292e-08,3.798280e+01,8.052106e+00,2.993069e+01,3.961858e+01,1.702000e+02
1.279919e+06,1.481388e+01,1.307989e+05,1.513876e+00,9.481765e-01,9.485019e-01,1.332673e-03,1.084292e-08,3.798357e+01,8.051852e+00,2.993172e+01,3.961952e+01,1.702000e+02
1.279929e+06,1.481399e+01,1.308089e+05,1.513992e+00,9.481731e-01,9.485020e-01,1.332781e-03,1.084292e-08,3.798434e+01,8.051598e+00,2.993274e+01,3.962046e+01,1.702000e+02
1.279939e+06,1.481411e+01,1.308189e+05,1.514108e+00,9.481697e-01,9.485021e-01,1.332890e-03,1.084292e-08,3.798511e+01,8.051344e+00,2.993377e+01,3.962140e+01,1.702000e+02
1.279949e+06,1.481422e+01,1.308289e+05,1.514223e+00,9.481663e-01,9.485022e-01,1.332998e-03,1.084292e-08,3.798588e+01,8.051090e+00,2.993479e+01,3.962234e+01,1.702000e+02
1.279959e+06,1.481434e+01,1.308389e+05,1.514339e+00,9.481628e-01,9.485023e-01,1.333106e-03,1.084292e-08,3.798665e+01,8.050836e+00,2.993582e+01,3.962328e+01,1.702000e+02
1.279969e+06,1.481445e+01,1.308489e+05,1.514455e+00,9.481594e-01,9.485024e-01,1.333215e-03,1.084292e-08,3.798742e+01,8.050582e+00,2.993684e+01,3.962422e+01,1.702000e+02
1.279979e+06,1.481457e+01,1.308589e+05,1.514571e+00,9.481632e-01,9.485025e-01,1.333323e-03,1.084291e-08,3.798689e+01,8.050638e+00,2.993625e+01,3.962353e+01,1.702000e+02
1.279989e+06,1.481469e+01,1.308689e+05,1.514686e+00,9.481714e-01,9.485026e-01,1.333432e-03,1.084291e-08,3.798552e+01,8.050892e+00,2.993463e+01,3.962179e+01,1.702000e+02
1.279999e+06,1.481480e+01,1.308789e+05,1.514802e+00,9.481797e-01,9.485027e-01,1.333540e-03,1.084291e-08,3.798415e+01,8.051146e+00,2.993300e+01,3.962006e+01,1.702000e+02
1.280009e+06,1.481492e+01,1.308889e+05,1.514918e+00,9.481880e-01,9.485028e-01,1.333649e-03,1.084291e-08,3.798278e+01,8.051400e+00,2.993138e+01,3.961832e+01,1.702000e+02
1.280019e+06,1.481503e+01,1.308989e+05,1.515034e+00,9.481963e-01,9.485029e-01,1.333757e-03,1.084291e-08,3.798141e+01,8.051654e+00,2.992975e+01,3.961659e+01,1.702000e+02
1.280029e+06,1.481515e+01,1.309089e+05,1.515149e+00,9.482045e-01,9.485030e-01,1.333866e-03,1.084291e-08,3.798004e+01,8.051909e+00,2.992813e+01,3.961485e+01,1.702000e+02
1.280039e+06,1.481527e+01,1.309189e+05,1.515265e+00,9.482128e-01,9.485031e-01,1.333974e-03,1.084291e-08,3.797867e+01,8.052163e+00,2.992650e+01,3.961312e+01,1.702000e+02
1.280049e+06,1.481538e+01,1.309289e+05,1.515381e+00,9.482211e-01,9.485033e-01,1.334082e-03,1.084291e-08,3.797730e+01,8.052417e+00,2.992488e+01,3.961139e+01,1.702000e+02
1.280059e+06,1.481550e+01,1.309389e+05,1.515497e+00,9.482293e-01,9.485034e-01,1.334191e-03,1.084290e-08,3.797593e+01,8.052671e+00,2.992326e+01,3.960965e+01,1.702000e+02
1.280069e+06,1.481561e+01,1.309489e+05,1.515612e+00,9.482376e-01,9.485035e-01,1.334299e-03,1.084290e-08,3.797456e+01,8.052925e+00,2.992163e+01,3.960792e+01,1.702000e+02
1.280079e+06,1.481573e+01,1.309589e+05,1.515728e+00,9.482459e-01,9.485036e-01,1.334408e-03,1.084290e-08,3.797319e+01,8.053179e+00,2.992001e+01,3.960618e+01,1.702000e+02
1.280089e+06,1.481584e+01,1.309689e+05,1.515844e+00,9.482542e-01,9.485037e-01,1.334516e-03,1.084290e-08,3.797182e+01,8.053433e+00,2.991838e+01,3.960445e+01,1.702000e+02
1.280099e+06,1.481596e+01,1.309789e+05,1.515960e+00,9.482624e-01,9.485038e-01,1.334625e-03,1.084290e-08,3.797045e+01,8.053687e+00,2.991676e+01,3.960272e+01,1.702000e+02
1.280109e+06,1.481608e+01,1.309889e+05,1.516075e+00,9.482707e-01,9.485039e-01,1.334733e-03,1.084290e-08,3.796908e+01,8.053942e+00,2.991514e+01,3.960098e+01,1.702000e+02
1.280119e+06,1.481619e+01,1.309989e+05,1.516191e+00,9.482790e-01,9.485040e-01,1.334841e-03,1.084290e-08,3.796771e+01,8.054196e+00,2.991351e+01,3.959925e+01,1.702000e+02
1.280129e+06,1.481631e+01,1.310089e+05,1.516307e+00,9.482873e-01,9.485041e-01,1.334950e-03,1.084290e-08,3.796634e+01,8.054450e+00,2.991189e+01,3.959752e+01,1.702000e+02
1.280139e+06,1.481642e+01,1.310189e+05,1.516423e+00,9.482955e-01,9.485042e-01,1.335058e-03,1.084290e-08,3.796497e+01,8.054704e+00,2.991026e+01,3.959578e+01,1.702000e+02
1.280149e+06,1.481654e+01,1.310289e+05,1.516538e+00,9.483038e-01,9.485043e-01,1.335167e-03,1.084289e-08,3.796360e+01,8.054958e+00,2.990864e+01,3.959405e+01,1.702000e+02
1.280159e+06,1.481665e+01,1.310389e+05,1.516654e+00,9.483121e-01,9.485044e-01,1.335275e-03,1.084289e-08,3.796223e+01,8.055212e+00,2.990701e+01,3.959231e+01,1.702000e+02
1.280169e+06,1.481677e+01,1.310489e+05,1.516770e+00,9.483203e-01,9.485045e-01,1.335384e-03,1.084289e-08,3.796086e+01,8.055466e+00,2.990539e+01,3.959058e+01,1.702000e+02
1.280179e+06,1.481689e+01,1.310589e+05,1.516886e+00,9.483286e-01,9.485046e-01,1.335492e-03,1.084289e-08,3.795949e+01,8.055720e+00,2.990377e+01,3.958885e+01,1.702000e+02
1.280189e+06,1.481700e+01,1.310689e+05,1.517001e+00,9.483369e-01,9.485047e-01,1.335601e-03,1.084289e-08,3.795812e+01,8.055975e+00,2.990214e+01,3.958711e+01,1.702000e+02
1.280199e+06,1.481712e+01,1.310789e+05,1.517117e+00,9.483452e-01,9.485048e-01,1.335709e-03,1.084289e-08,3.795675e+01,8.056229e+00,2.990052e+01,3.958538e+01,1.702000e+02
1.280209e+06,1.481723e+01,1.310889e+05,1.517233e+00,9.483534e-01,9.485049e-01,1.335817e-03,1.084289e-08,3.795538e+01,8.056483e+00,2.989889e+01,3.958365e+01,1.702000e+02
1.280219e+06,1.481735e+01,1.310989e+05,1.517349e+00,9.483617e-01,9.485050e-01,1.335926e-03,1.084289e-08,3.795401e+01,8.056737e+00,2.989727e+01,3.958191e+01,1.702000e+02
1.280229e+06,1.481746e+01,1.311089e+05,1.517464e+00,9.483625e-01,9.485051e-01,1.336034e-03,1.084288e-08,3.795335e+01,8.056828e+00,2.989652e+01,3.958119e+01,1.702000e+02
1.280239e+06,1.481758e+01,1.311189e+05,1.517580e+00,9.483592e-01,9.485052e-01,1.336143e-03,1.084288e-08,3.795310e+01,8.056828e+00,2.989627e+01,3.958103e+01,1.702000e+02
1.280249e+06,1.481770e+01,1.311289e+05,1.517696e+00,9.483559e-01,9.485053e-01,1.336251e-03,1.084288e-08,3.795284e+01,8.056828e+00,2.989601e+01,3.958087e+01,1.702000e+02
1.280259e+06,1.481781e+01,1.311389e+05,1.517812e+00,9.483526e-01,9.485054e-01,1.336360e-03,1.084288e-08,3.795258e+01,8.056828e+00,2.989575e+01,3.958071e+01,1.702000e+02
1.280269e+06,1.481793e+01,1.311489e+05,1.517927e+00,9.483493e-01,9.485055e-01,1.336468e-03,1.084288e-08,3.795232e+01,8.056828e+00,2.989550e+01,3.958055e+01,1.702000e+02
1.280279e+06,1.481804e+01,1.311589e+05,1.518043e+00,9.483460e-01,9.485056e-01,1.336576e-03,1.084288e-08,3.795207e+01,8.056828e+00,2.989524e+01,3.958039e+01,1.702000e+02
1.280289e+06,1.481816e+01,1.311689e+05,1.518159e+00,9.483427e-01,9.485057e-01,1.336685e-03,1.084288e-08,3.795181e+01,8.056828e+00,2.989498e+01,3.958022e+01,1.702000e+02
1.280299e+06,1.481827e+01,1.311789e+05,1.518275e+00,9.483394e-01,9.485058e-01,1.336793e-03,1.084288e-08,3.795155e+01,8.056828e+00,2.989473e+01,3.958006e+01,1.702000e+02
1.280309e+06,1.481839e+01,1.311889e+05,1.518390e+00,9.483361e-01,9.485059e-01,1.336902e-03,1.084288e-08,3.795130e+01,8.056828e+00,2.989447e+01,3.957990e+01,1.702000e+02
1.280319e+06,1.481851e+01,1.311989e+05,1.518506e+00,9.483328e-01,9.485060e-01,1.337010e-03,1.084287e-08,3.795104e+01,8.056828e+00,2.989421e+01,3.957974e+01,1.702000e+02
1.280329e+06,1.481862e+01,1.312089e+05,1.518622e+00,9.483295e-01,9.485061e-01,1.337119e-03,1.084287e-08,3.795078e+01,8.056828e+00,2.989396e+01,3.957958e+01,1.702000e+02
1.280339e+06,1.481874e+01,1.312189e+05,1.518738e+00,9.483262e-01,9.485062e-01,1.337227e-03,1.084287e-08,3.795053e+01,8.056828e+00,2.989370e+01,3.957942e+01,1.702000e+02
1.280349e+06,1.481885e+01,1.312289e+05,1.518853e+00,9.483228e-01,9.485063e-01,1.337335e-03,1.084287e-08,3.795027e+01,8.056828e+00,2.989344e+01,3.957926e+01,1.702000e+02
1.280359e+06,1.481897e+01,1.312389e+05,1.518969e+00,9.483195e-01,9.485064e-01,1.337444e-03,1.084287e-08,3.795001e+01,8.056828e+00,2.989319e+01,3.957910e+01,1.702000e+02
1.280369e+06,1.481908e+01,1.312489e+05,1.519085e+00,9.483162e-01,9.485065e-01,1.337552e-03,1.084287e-08,3.794976e+01,8.056828e+00,2.989293e+01,3.957894e+01,1.702000e+02
1.280379e+06,1.481920e+01,1.312589e+05,1.519201e+00,9.483129e-01,9.485066e-01,1.337661e-03,1.084287e-08,3.794950e+01,8.056828e+00,2.989267e+01,3.957878e+01,1.702000e+02
1.280389e+06,1.481932e+01,1.312689e+05,1.519316e+00,9.483096e-01,9.485067e-01,1.337769e-03,1.084287e-08,3.794924e+01,8.056828e+00,2.989241e+01,3.957862e+01,1.702000e+02
1.280399e+06,1.481943e+01,1.312789e+05,1.519432e+00,9.483063e-01,9.485069e-01,1.337878e-03,1.084286e-08,3.794899e+01,8.056828e+00,2.989216e+01,3.957845e+01,1.702000e+02
1.280409e+06,1.481955e+01,1.312889e+05,1.519548e+00,9.483030e-01,9.485070e-01,1.337986e-03,1.084286e-08,3.794873e+01,8.056828e+00,2.989190e+01,3.957829e+01,1.702000e+02
1.280419e+06,1.481966e+01,1.312989e+05,1.519664e+00,9.482997e-01,9.485071e-01,1.338095e-03,1.084286e-08,3.794847e+01,8.056828e+00,2.989164e+01,3.957813e+01,1.702000e+02
1.280429e+06,1.481978e+01,1.313089e+05,1.519779e+00,9.482964e-01,9.485072e-01,1.338203e-03,1.084286e-08,3.794821e+01,8.056828e+00,2.989139e+01,3.957797e+01,1.702000e+02
1.280439e+06,1.481990e+01,1.313189e+05,1.519895e+00,9.482931e-01,9.485073e-01,1.338311e-03,1.084286e-08,3.794796e+01,8.056828e+00,2.989113e+01,3.957781e+01,1.702000e+02
1.280449e+06,1.482001e+01,1.313289e+05,1.520011e+00,9.482898e-01,9.485074e-01,1.338420e-03,1.084286e-08,3.794770e+01,8.056828e+00,2.989087e+01,3.957765e+01,1.702000e+02
1.280459e+06,1.482013e+01,1.313389e+05,1.520127e+00,9.482865e-01,9.485075e-01,1.338528e-03,1.084286e-08,3.794744e+01,8.056828e+00,2.989062e+01,3.957749e+01,1.702000e+02
1.280469e+06,1.482024e+01,1.313489e+05,1.520242e+00,9.482832e-01,9.485076e-01,1.338637e-03,1.084286e-08,3.794719e+01,8.056828e+00,2.989036e+01,3.957733e+01,1.702000e+02
1.280479e+06,1.482036e+01,1.313589e+05,1.520358e+00,9.482860e-01,9.485077e-01,1.338745e-03,1.084286e-08,3.794837e+01,8.056999e+00,2.989137e+01,3.957847e+01,1.702000e+02
1.280489e+06,1.482047e+01,1.313689e+05,1.520474e+00,9.482919e-01,9.485078e-01,1.338854e-03,1.084285e-08,3.795025e+01,8.057252e+00,2.989300e+01,3.958024e+01,1.702000e+02
1.280499e+06,1.482059e+01,1.313789e+05,1.520590e+00,9.482978e-01,9.485079e-01,1.338962e-03,1.084285e-08,3.795213e+01,8.057505e+00,2.989462e+01,3.958201e+01,1.702000e+02
1.280509e+06,1.482071e+01,1.313889e+05,1.520705e+00,9.483037e-01,9.485080e-01,1.339070e-03,1.084285e-08,3.795400e+01,8.057758e+00,2.989624e+01,3.958378e+01,1.702000e+02
1.280519e+06,1.482082e+01,1.313989e+05,1.520821e+00,9.483095e-01,9.485081e-01,1.339179e-03,1.084285e-08,3.795588e+01,8.058012e+00,2.989787e+01,3.958555e+01,1.702000e+02
1.280529e+06,1.482094e+01,1.314089e+05,1.520937e+00,9.483154e-01,9.485082e-01,1.339287e-03,1.084285e-08,3.795776e+01,8.058265e+00,2.989949e+01,3.958732e+01,1.702000e+02
1.280539e+06,1.482105e+01,1.314189e+05,1.521053e+00,9.483213e-01,9.485083e-01,1.339396e-03,1.084285e-08,3.795963e+01,8.058518e+00,2.990112e+01,3.958909e+01,1.702000e+02
1.280549e+06,1.482117e+01,1.314289e+05,1.521168e+00,9.483272e-01,9.485084e-01,1.339504e-03,1.084285e-08,3.796151e+01,8.058771e+00,2.990274e+01,3.959086e+01,1.702000e+02
1.280559e+06,1.482128e+01,1.314389e+05,1.521284e+00,9.483330e-01,9.485085e-01,1.339613e-03,1.084285e-08,3.796339e+01,8.059024e+00,2.990436e+01,3.959264e+01,1.702000e+02
1.280569e+06,1.482140e+01,1.314489e+05,1.521400e+00,9.483389e-01,9.485086e-01,1.339721e-03,1.084284e-08,3.796527e+01,8.059278e+00,2.990599e+01,3.959441e+01,1.702000e+02
1.280579e+06,1.482152e+01,1.314590e+05,1.521516e+00,9.483448e-01,9.485087e-01,1.339830e-03,1.084284e-08,3.796714e+01,8.059531e+00,2.990761e+01,3.959618e+01,1.702000e+02
1.280589e+06,1.482163e+01,1.314690e+05,1.521631e+00,9.483506e-01,9.485088e-01,1.339938e-03,1.084284e-08,3.796902e+01,8.059784e+00,2.990924e+01,3.959795e+01,1.702000e+02
1.280599e+06,1.482175e+01,1.314790e+05,1.521747e+00,9.483565e-01,9.485089e-01,1.340046e-03,1.084284e-08,3.797090e+01,8.060037e+00,2.991086e+01,3.959972e+01,1.702000e+02
1.280609e+06,1.482186e+01,1.314890e+05,1.521863e+00,9.483624e-01,9.485090e-01,1.340155e-03,1.084284e-08,3.797278e+01,8.060291e+00,2.991249e+01,3.960149e+01,1.702000e+02
1.280619e+06,1.482198e+01,1.314990e+05,1.521979e+00,9.483683e-01,9.485091e-01,1.340263e-03,1.084284e-08,3.797465e+01,8.060544e+00,2.991411e+01,3.960326e+01,1.702000e+02
1.280629e+06,1.482209e+01,1.315090e+05,1.522094e+00,9.483741e-01,9.485092e-01,1.340372e-03,1.084284e-08,3.797653e+01,8.060797e+00,2.991573e+01,3.960503e+01,1.702000e+02
1.280639e+06,1.482221e+01,1.315190e+05,1.522210e+00,9.483800e-01,9.485093e-01,1.340480e-03,1.084284e-08,3.797841e+01,8.061050e+00,2.991736e+01,3.960680e+01,1.702000e+02
1.280649e+06,1.482233e+01,1.315290e+05,1.522326e+00,9.483859e-01,9.485094e-01,1.340589e-03,1.084284e-08,3.798028e+01,8.061304e+00,2.991898e+01,3.960857e+01,1.702000e+02
1.280659e+06,1.482244e+01,1.315390e+05,1.522442e+00,9.483918e-01,9.485095e-01,1.340697e-03,1.084283e-08,3.798216e+01,8.061557e+00,2.992061e+01,3.961034e+01,1.702000e+02
1.280669e+06,1.482256e+01,1.315490e+05,1.522557e+00,9.483976e-01,9.485096e-01,1.340805e-03,1.084283e-08,3.798404e+01,8.061810e+00,2.992223e+01,3.961211e+01,1.702000e+02
1.280679e+06,1.482267e+01,1.315590e+05,1.522673e+00,9.484035e-01,9.485097e-01,1.340914e-03,1.084283e-08,3.798592e+01,8.062063e+00,2.992385e+01,3.961388e+01,1.702000e+02
1.280689e+06,1.482279e+01,1.315690e+05,1.522789e+00,9.484094e-01,9.485098e-01,1.341022e-03,1.084283e-08,3.798779e+01,8.062317e+00,2.992548e+01,3.961565e+01,1.702000e+02
1.280699e+06,1.482290e+01,1.315790e+05,1.522905e+00,9.484153e-01,9.485099e-01,1.341131e-03,1.084283e-08,3.798967e+01,8.062570e+00,2.992710e+01,3.961742e+01,1.702000e+02
1.280709e+06,1.482302e+01,1.315890e+05,1.523020e+00,9.484211e-01,9.485100e-01,1.341239e-03,1.084283e-08,3.799155e+01,8.062823e+00,2.992873e+01,3.961919e+01,1.702000e+02
1.280719e+06,1.482314e+01,1.315990e+05,1.523136e+00,9.484270e-01,9.485101e-01,1.341348e-03,1.084283e-08,3.799343e+01,8.063076e+00,2.993035e+01,3.962096e+01,1.702000e+02
1.280729e+06,1.482325e+01,1.316090e+05,1.523252e+00,9.484292e-01,9.485102e-01,1.341456e-03,1.084283e-08,3.799382e+01,8.063172e+00,2.993065e+01,3.962129e+01,1.702000e+02
1.280739e+06,1.482337e+01,1.316190e+05,1.523368e+00,9.484292e-01,9.485103e-01,1.341564e-03,1.084282e-08,3.799330e+01,8.063172e+00,2.993013e+01,3.962075e+01,1.702000e+02
1.280749e+06,1.482348e+01,1.316290e+05,1.523483e+00,9.484292e-01,9.485105e-01,1.341673e-03,1.084282e-08,3.799279e+01,8.063172e+00,2.992961e+01,3.962021e+01,1.702000e+02
1.280759e+06,1.482360e+01,1.316390e+05,1.523599e+00,9.484292e-01,9.485106e-01,1.341781e-03,1.084282e-08,3.799227e+01,8.063172e+00,2.992910e+01,3.961966e+01,1.702000e+02
1.280769e+06,1.482371e+01,1.316490e+05,1.523715e+00,9.484292e-01,9.485107e-01,1.341890e-03,1.084282e-08,3.799176e+01,8.063172e+00,2.992858e+01,3.961912e+01,1.702000e+02
1.280779e+06,1.482383e+01,1.316590e+05,1.523831e+00,9.484292e-01,9.485108e-01,1.341998e-03,1.084282e-08,3.799124e+01,8.063172e+00,2.992807e+01,3.961858e+01,1.702000e+02
1.280789e+06,1.482395e+01,1.316690e+05,1.523946e+00,9.484292e-01,9.485109e-01,1.342107e-03,1.084282e-08,3.799072e+01,8.063172e+00,2.992755e+01,3.961803e+01,1.702000e+02
1.280799e+06,1.482406e+01,1.316790e+05,1.524062e+00,9.484292e-01,9.485110e-01,1.342215e-03,1.084282e-08,3.799021e+01,8.063172e+00,2.992704e+01,3.961749e+01,1.702000e+02
1.280809e+06,1.482418e+01,1.316890e+05,1.524178e+00,9.484292e-01,9.485111e-01,1.342324e-03,1.084282e-08,3.798969e+01,8.063172e+00,2.992652e+01,3.961695e+01,1.702000e+02
1.280819e+06,1.482429e+01,1.316990e+05,1.524294e+00,9.484292e-01,9.485112e-01,1.342432e-03,1.084282e-08,3.798918e+01,8.063172e+00,2.992601e+01,3.961640e+01,1.702000e+02
1.280829e+06,1.482441e+01,1.317090e+05,1.524409e+00,9.484292e-01,9.485113e-01,1.342540e-03,1.084281e-08,3.798866e+01,8.063172e+00,2.992549e+01,3.961586e+01,1.702000e+02
1.280839e+06,1.482453e+01,1.317190e+05,1.524525e+00,9.484292e-01,9.485114e-01,1.342649e-03,1.084281e-08,3.798815e+01,8.063172e+00,2.992497e+01,3.961532e+01,1.702000e+02
1.280849e+06,1.482464e+01,1.317290e+05,1.524641e+00,9.484292e-01,9.485115e-01,1.342757e-03,1.084281e-08,3.798763e+01,8.063172e+00,2.992446e+01,3.961477e+01,1.702000e+02
1.280859e+06,1.482476e+01,1.317390e+05,1.524757e+00,9.484292e-01,9.485116e-01,1.342866e-03,1.084281e-08,3.798712e+01,8.063172e+00,2.992394e+01,3.961423e+01,1.702000e+02
1.280869e+06,1.482487e+01,1.317490e+05,1.524872e+00,9.484292e-01,9.485117e-01,1.342974e-03,1.084281e-08,3.798660e+01,8.063172e+00,2.992343e+01,3.961368e+01,1.702000e+02
1.280879e+06,1.482499e+01,1.317590e+05,1.524988e+00,9.484292e-01,9.485118e-01,1.343083e-03,1.084281e-08,3.798608e+01,8.063172e+00,2.992291e+01,3.961314e+01,1.702000e+02
1.280889e+06,1.482510e+01,1.317690e+05,1.525104e+00,9.484292e-01,9.485119e-01,1.343191e-03,1.084281e-08,3.798557e+01,8.063172e+00,2.992240e+01,3.961260e+01,1.702000e+02
1.280899e+06,1.482522e+01,1.317790e+05,1.525220e+00,9.484292e-01,9.485120e-01,1.343299e-03,1.084281e-08,3.798505e+01,8.063172e+00,2.992188e+01,3.961205e+01,1.702000e+02
1.280909e+06,1.482534e+01,1.317890e+05,1.525335e+00,9.484292e-01,9.485121e-01,1.343408e-03,1.084280e-08,3.798454e+01,8.063172e+00,2.992137e+01,3.961151e+01,1.702000e+02
1.280919e+06,1.482545e+01,1.317990e+05,1.525451e+00,9.484292e-01,9.485122e-01,1.343516e-03,1.084280e-08,3.798402e+01,8.063172e+00,2.992085e+01,3.961097e+01,1.702000e+02
1.280929e+06,1.482557e+01,1.318090e+05,1.525567e+00,9.484292e-01,9.485123e-01,1.343625e-03,1.084280e-08,3.798351e+01,8.063172e+00,2.992033e+01,3.961042e+01,1.702000e+02
1.280939e+06,1.482568e+01,1.318190e+05,1.525683e+00,9.484292e-01,9.485124e-01,1.343733e-03,1.084280e-08,3.798299e+01,8.063172e+00,2.991982e+01,3.960988e+01,1.702000e+02
1.280949e+06,1.482580e+01,1.318290e+05,1.525798e+00,9.484292e-01,9.485125e-01,1.343842e-03,1.084280e-08,3.798248e+01,8.063172e+00,2.991930e+01,3.960934e+01,1.702000e+02
1.280959e+06,1.482591e+01,1.318390e+05,1.525914e+00,9.484292e-01,9.485126e-01,1.343950e-03,1.084280e-08,3.798196e+01,8.063172e+00,2.991879e+01,3.960879e+01,1.702000e+02
1.280969e+06,1.482603e+01,1.318490e+05,1.526030e+00,9.484292e-01,9.485127e-01,1.344058e-03,1.084280e-08,3.798144e+01,8.063172e+00,2.991827e+01,3.960825e+01,1.702000e+02
1.280979e+06,1.482615e+01,1.318590e+05,1.526146e+00,9.484281e-01,9.485128e-01,1.344167e-03,1.084280e-08,3.798131e+01,8.063172e+00,2.991814e+01,3.960814e+01,1.702000e+02
1.280989e+06,1.482626e+01,1.318690e+05,1.526261e+00,9.484266e-01,9.485129e-01,1.344275e-03,1.084280e-08,3.798131e+01,8.063172e+00,2.991814e+01,3.960820e+01,1.702000e+02
1.280999e+06,1.482638e+01,1.318790e+05,1.526377e+00,9.484250e-01,9.485130e-01,1.344384e-03,1.084279e-08,3.798131e+01,8.063172e+00,2.991814e+01,3.960825e+01,1.702000e+02
1.281009e+06,1.482649e+01,1.318890e+05,1.526493e+00,9.484235e-01,9.485131e-01,1.344492e-03,1.084279e-08,3.798131e+01,8.063172e+00,2.991814e+01,3.960830e+01,1.702000e+02
1.281019e+06,1.482661e+01,1.318990e+05,1.526609e+00,9.484219e-01,9.485132e-01,1.344601e-03,1.084279e-08,3.798131e+01,8.063172e+00,2.991814e+01,3.960835e+01,1.702000e+02
1.281029e+06,1.482672e+01,1.319090e+05,1.526724e+00,9.484204e-01,9.485133e-01,1.344709e-03,1.084279e-08,3.798131e+01,8.063172e+00,2.991814e+01,3.960840e+01,1.702000e+02
1.281039e+06,1.482684e+01,1.319190e+05,1.526840e+00,9.484189e-01,9.485134e-01,1.344818e-03,1.084279e-08,3.798131e+01,8.063172e+00,2.991814e+01,3.960845e+01,1.702000e+02
1.281049e+06,1.482696e+01,1.319290e+05,1.526956e+00,9.484173e-01,9.485135e-01,1.344926e-03,1.084279e-08,3.798131e+01,8.063172e+00,2.991814e+01,3.960850e+01,1.702000e+02
1.281059e+06,1.482707e+01,1.319390e+05,1.527072e+00,9.484158e-01,9.485136e-01,1.345034e-03,1.084279e-08,3.798131e+01,8.063172e+00,2.991814e+01,3.960855e+01,1.702000e+02
1.281069e+06,1.482719e+01,1.319490e+05,1.527187e+00,9.484142e-01,9.485137e-01,1.345143e-03,1.084279e-08,3.798131e+01,8.063172e+00,2.991814e+01,3.960861e+01,1.702000e+02
1.281079e+06,1.482730e+01,1.319590e+05,1.527303e+00,9.484127e-01,9.485138e-01,1.345251e-03,1.084278e-08,3.798131e+01,8.063172e+00,2.991814e+01,3.960866e+01,1.702000e+02
1.281089e+06,1.482742e+01,1.319690e+05,1.527419e+00,9.484112e-01,9.485139e-01,1.345360e-03,1.084278e-08,3.798131e+01,8.063172e+00,2.991814e+01,3.960871e+01,1.702000e+02
1.281099e+06,1.482753e+01,1.319790e+05,1.527535e+00,9.484096e-01,9.485141e-01,1.345468e-03,1.084278e-08,3.798131e+01,8.063172e+00,2.991814e+01,3.960876e+01,1.702000e+02
1.281109e+06,1.482765e+01,1.319890e+05,1.527650e+00,9.484081e-01,9.485142e-01,1.345577e-03,1.084278e-08,3.798131e+01,8.063172e+00,2.991814e+01,3.960881e+01,1.702000e+02
1.281119e+06,1.482777e+01,1.319990e+05,1.527766e+00,9.484065e-01,9.485143e-01,1.345685e-03,1.084278e-08,3.798131e+01,8.063172e+00,2.991814e+01,3.960886e+01,1.702000e+02
1.281129e+06,1.482788e+01,1.320090e+05,1.527882e+00,9.484050e-01,9.485144e-01,1.345793e-03,1.084278e-08,3.798131e+01,8.063172e+00,2.991814e+01,3.960891e+01,1.702000e+02
1.281139e+06,1.482800e+01,1.320190e+05,1.527998e+00,9.484035e-01,9.485145e-01,1.345902e-03,1.084278e-08,3.798131e+01,8.063172e+00,2.991814e+01,3.960896e+01,1.702000e+02
1.281149e+06,1.482811e+01,1.320290e+05,1.528113e+00,9.484019e-01,9.485146e-01,1.346010e-03,1.084278e-08,3.798131e+01,8.063172e+00,2.991814e+01,3.960901e+01,1.702000e+02
1.281159e+06,1.482823e+01,1.320390e+05,1.528229e+00,9.484004e-01,9.485147e-01,1.346119e-03,1.084278e-08,3.798131e+01,8.063172e+00,2.991814e+01,3.960907e+01,1.702000e+02
1.281169e+06,1.482834e+01,1.320490e+05,1.528345e+00,9.483989e-01,9.485148e-01,1.346227e-03,1.084277e-08,3.798131e+01,8.063172e+00,2.991814e+01,3.960912e+01,1.702000e+02
1.281179e+06,1.482846e+01,1.320590e+05,1.528461e+00,9.483973e-01,9.485149e-01,1.346336e-03,1.084277e-08,3.798131e+01,8.063172e+00,2.991814e+01,3.960917e+01,1.702000e+02
1.281189e+06,1.482858e+01,1.320690e+05,1.528576e+00,9.483958e-01,9.485150e-01,1.346444e-03,1.084277e-08,3.798131e+01,8.063172e+00,2.991814e+01,3.960922e+01,1.702000e+02
1.281199e+06,1.482869e+01,1.320790e+05,1.528692e+00,9.483942e-01,9.485151e-01,1.346553e-03,1.084277e-08,3.798131e+01,8.063172e+00,2.991814e+01,3.960927e+01,1.702000e+02
1.281209e+06,1.482881e+01,1.320890e+05,1.528808e+00,9.483927e-01,9.485152e-01,1.346661e-03,1.084277e-08,3.798131e+01,8.063172e+00,2.991814e+01,3.960932e+01,1.702000e+02
1.281219e+06,1.482892e+01,1.320990e+05,1.528924e+00,9.483912e-01,9.485153e-01,1.346769e-03,1.084277e-08,3.798131e+01,8.063172e+00,2.991814e+01,3.960937e+01,1.702000e+02
1.281229e+06,1.482904e+01,1.321090e+05,1.529039e+00,9.483886e-01,9.485154e-01,1.346878e-03,1.084277e-08,3.798116e+01,8.063172e+00,2.991798e+01,3.960930e+01,1.702000e+02
1.281239e+06,1.482916e+01,1.321190e+05,1.529155e+00,9.483852e-01,9.485155e-01,1.346986e-03,1.084277e-08,3.798090e+01,8.063172e+00,2.991773e+01,3.960914e+01,1.702000e+02
1.281249e+06,1.482927e+01,1.321290e+05,1.529271e+00,9.483819e-01,9.485156e-01,1.347095e-03,1.084276e-08,3.798064e+01,8.063172e+00,2.991747e+01,3.960897e+01,1.702000e+02
1.281259e+06,1.482939e+01,1.321390e+05,1.529387e+00,9.483786e-01,9.485157e-01,1.347203e-03,1.084276e-08,3.798038e+01,8.063172e+00,2.991721e+01,3.960881e+01,1.702000e+02
1.281269e+06,1.482950e+01,1.321490e+05,1.529502e+00,9.483753e-01,9.485158e-01,1.347312e-03,1.084276e-08,3.798012e+01,8.063172e+00,2.991695e+01,3.960865e+01,1.702000e+02
1.281279e+06,1.482962e+01,1.321590e+05,1.529618e+00,9.483719e-01,9.485159e-01,1.347420e-03,1.084276e-08,3.797987e+01,8.063172e+00,2.991669e+01,3.960849e+01,1.702000e+02
1.281289e+06,1.482973e+01,1.321690e+05,1.529734e+00,9.483686e-01,9.485160e-01,1.347528e-03,1.084276e-08,3.797961e+01,8.063172e+00,2.991644e+01,3.960833e+01,1.702000e+02
1.281299e+06,1.482985e+01,1.321790e+05,1.529850e+00,9.483653e-01,9.485161e-01,1.347637e-03,1.084276e-08,3.797935e+01,8.063172e+00,2.991618e+01,3.960817e+01,1.702000e+02
1.281309e+06,1.482997e+01,1.321890e+05,1.529965e+00,9.483620e-01,9.485162e-01,1.347745e-03,1.084276e-08,3.797909e+01,8.063172e+00,2.991592e+01,3.960801e+01,1.702000e+02
1.281319e+06,1.483008e+01,1.321990e+05,1.530081e+00,9.483586e-01,9.485163e-01,1.347854e-03,1.084276e-08,3.797884e+01,8.063172e+00,2.991566e+01,3.960785e+01,1.702000e+02
1.281329e+06,1.483020e+01,1.322090e+05,1.530197e+00,9.483553e-01,9.485164e-01,1.347962e-03,1.084276e-08,3.797858e+01,8.063172e+00,2.991541e+01,3.960768e+01,1.702000e+02
1.281339e+06,1.483031e+01,1.322190e+05,1.530313e+00,9.483520e-01,9.485165e-01,1.348071e-03,1.084275e-08,3.797832e+01,8.063172e+00,2.991515e+01,3.960752e+01,1.702000e+02
1.281349e+06,1.483043e+01,1.322290e+05,1.530428e+00,9.483487e-01,9.485166e-01,1.348179e-03,1.084275e-08,3.797806e+01,8.063172e+00,2.991489e+01,3.960736e+01,1.702000e+02
1.281359e+06,1.483054e+01,1.322390e+05,1.530544e+00,9.483453e-01,9.485167e-01,1.348287e-03,1.084275e-08,3.797780e+01,8.063172e+00,2.991463e+01,3.960720e+01,1.702000e+02
1.281369e+06,1.483066e+01,1.322490e+05,1.530660e+00,9.483420e-01,9.485168e-01,1.348396e-03,1.084275e-08,3.797755e+01,8.063172e+00,2.991437e+01,3.960704e+01,1.702000e+02
1.281379e+06,1.483078e+01,1.322590e+05,1.530776e+00,9.483387e-01,9.485169e-01,1.348504e-03,1.084275e-08,3.797729e+01,8.063172e+00,2.991412e+01,3.960688e+01,1.702000e+02
1.281389e+06,1.483089e+01,1.322690e+05,1.530891e+00,9.483354e-01,9.485170e-01,1.348613e-03,1.084275e-08,3.797703e+01,8.063172e+00,2.991386e+01,3.960672e+01,1.702000e+02
1.281399e+06,1.483101e+01,1.322790e+05,1.531007e+00,9.483320e-01,9.485171e-01,1.348721e-03,1.084275e-08,3.797677e+01,8.063172e+00,2.991360e+01,3.960656e+01,1.702000e+02
1.281409e+06,1.483112e+01,1.322890e+05,1.531123e+00,9.483287e-01,9.485172e-01,1.348830e-03,1.084275e-08,3.797652e+01,8.063172e+00,2.991334e+01,3.960640e+01,1.702000e+02
1.281419e+06,1.483124e+01,1.322990e+05,1.531239e+00,9.483254e-01,9.485173e-01,1.348938e-03,1.084274e-08,3.797626e+01,8.063172e+00,2.991309e+01,3.960623e+01,1.702000e+02
1.281429e+06,1.483135e+01,1.323090e+05,1.531354e+00,9.483221e-01,9.485174e-01,1.349047e-03,1.084274e-08,3.797600e+01,8.063172e+00,2.991283e+01,3.960607e+01,1.702000e+02
1.281439e+06,1.483147e+01,1.323190e+05,1.531470e+00,9.483187e-01,9.485175e-01,1.349155e-03,1.084274e-08,3.797574e+01,8.063172e+00,2.991257e+01,3.960591e+01,1.702000e+02
1.281449e+06,1.483159e+01,1.323290e+05,1.531586e+00,9.483154e-01,9.485177e-01,1.349263e-03,1.084274e-08,3.797549e+01,8.063172e+00,2.991231e+01,3.960575e+01,1.702000e+02
1.281459e+06,1.483170e+01,1.323390e+05,1.531702e+00,9.483121e-01,9.485178e-01,1.349372e-03,1.084274e-08,3.797523e+01,8.063172e+00,2.991205e+01,3.960559e+01,1.702000e+02
1.281469e+06,1.483182e+01,1.323490e+05,1.531817e+00,9.483065e-01,9.485179e-01,1.349480e-03,1.084274e-08,3.797497e+01,8.063172e+00,2.991180e+01,3.960550e+01,1.702000e+02
1.281479e+06,1.483193e+01,1.323590e+05,1.531933e+00,9.483024e-01,9.485180e-01,1.349589e-03,1.084274e-08,3.797563e+01,8.063172e+00,2.991246e+01,3.960633e+01,1.701971e+02
1.281489e+06,1.483205e+01,1.323690e+05,1.532049e+00,9.482994e-01,9.485181e-01,1.349697e-03,1.084274e-08,3.797665e+01,8.063172e+00,2.991348e+01,3.960751e+01,1.701932e+02
1.281499e+06,1.483216e+01,1.323790e+05,1.532164e+00,9.482963e-01,9.485182e-01,1.349806e-03,1.084274e-08,3.797767e+01,8.063172e+00,2.991450e+01,3.960869e+01,1.701892e+02
1.281509e+06,1.483228e+01,1.323890e+05,1.532280e+00,9.482932e-01,9.485183e-01,1.349914e-03,1.084273e-08,3.797869e+01,8.063172e+00,2.991552e+01,3.960987e+01,1.701852e+02
1.281519e+06,1.483240e+01,1.323990e+05,1.532396e+00,9.482901e-01,9.485184e-01,1.350022e-03,1.084273e-08,3.797971e+01,8.063172e+00,2.991654e+01,3.961105e+01,1.701812e+02
1.281529e+06,1.483251e+01,1.324090e+05,1.532512e+00,9.482871e-01,9.485185e-01,1.350131e-03,1.084273e-08,3.798073e+01,8.063172e+00,2.991756e+01,3.961222e+01,1.701773e+02
1.281539e+06,1.483263e+01,1.324190e+05,1.532627e+00,9.482840e-01,9.485186e-01,1.350239e-03,1.084273e-08,3.798175e+01,8.063172e+00,2.991858e+01,3.961340e+01,1.701733e+02
1.281549e+06,1.483274e+01,1.324290e+05,1.532743e+00,9.482809e-01,9.485187e-01,1.350348e-03,1.084273e-08,3.798277e+01,8.063172e+00,2.991960e+01,3.961458e+01,1.701693e+02
1.281559e+06,1.483286e+01,1.324390e+05,1.532859e+00,9.482778e-01,9.485188e-01,1.350456e-03,1.084273e-08,3.798379e+01,8.063172e+00,2.992062e+01,3.961576e+01,1.701653e+02
1.281569e+06,1.483297e+01,1.324490e+05,1.532975e+00,9.482748e-01,9.485189e-01,1.350565e-03,1.084273e-08,3.798481e+01,8.063172e+00,2.992164e+01,3.961694e+01,1.701613e+02
1.281579e+06,1.483309e+01,1.324590e+05,1.533090e+00,9.482717e-01,9.485190e-01,1.350673e-03,1.084273e-08,3.798583e+01,8.063172e+00,2.992266e+01,3.961812e+01,1.701574e+02
1.281589e+06,1.483321e+01,1.324690e+05,1.533206e+00,9.482686e-01,9.485191e-01,1.350781e-03,1.084272e-08,3.798685e+01,8.063172e+00,2.992368e+01,3.961930e+01,1.701534e+02
1.281599e+06,1.483332e+01,1.324790e+05,1.533322e+00,9.482655e-01,9.485192e-01,1.350890e-03,1.084272e-08,3.798787e+01,8.063172e+00,2.992470e+01,3.962047e+01,1.701494e+02
1.281609e+06,1.483344e+01,1.324890e+05,1.533438e+00,9.482625e-01,9.485193e-01,1.350998e-03,1.084272e-08,3.798889e+01,8.063172e+00,2.992572e+01,3.962165e+01,1.701454e+02
1.281619e+06,1.483355e+01,1.324990e+05,1.533553e+00,9.482594e-01,9.485194e-01,1.351107e-03,1.084272e-08,3.798991e+01,8.063172e+00,2.992674e+01,3.962283e+01,1.701415e+02
1.281629e+06,1.483367e+01,1.325090e+05,1.533669e+00,9.482563e-01,9.485195e-01,1.351215e-03,1.084272e-08,3.799094e+01,8.063172e+00,2.992776e+01,3.962401e+01,1.701375e+02
1.281639e+06,1.483378e+01,1.325190e+05,1.533785e+00,9.482533e-01,9.485196e-01,1.351324e-03,1.084272e-08,3.799196e+01,8.063172e+00,2.992878e+01,3.962519e+01,1.701335e+02
1.281649e+06,1.483390e+01,1.325290e+05,1.533901e+00,9.482502e-01,9.485197e-01,1.351432e-03,1.084272e-08,3.799298e+01,8.063172e+00,2.992980e+01,3.962637e+01,1.701295e+02
1.281659e+06,1.483402e+01,1.325390e+05,1.534016e+00,9.482471e-01,9.485198e-01,1.351541e-03,1.084272e-08,3.799400e+01,8.063172e+00,2.993082e+01,3.962754e+01,1.701256e+02
1.281669e+06,1.483413e+01,1.325490e+05,1.534132e+00,9.482440e-01,9.485199e-01,1.351649e-03,1.084272e-08,3.799502e+01,8.063172e+00,2.993184e+01,3.962872e+01,1.701216e+02
1.281679e+06,1.483425e+01,1.325590e+05,1.534248e+00,9.482410e-01,9.485200e-01,1.351757e-03,1.084271e-08,3.799604e+01,8.063172e+00,2.993287e+01,3.962990e+01,1.701176e+02
1.281689e+06,1.483436e+01,1.325690e+05,1.534364e+00,9.482379e-01,9.485201e-01,1.351866e-03,1.084271e-08,3.799706e+01,8.063172e+00,2.993389e+01,3.963108e+01,1.701136e+02
1.281699e+06,1.483448e+01,1.325790e+05,1.534479e+00,9.482348e-01,9.485202e-01,1.351974e-03,1.084271e-08,3.799808e+01,8.063172e+00,2.993491e+01,3.963226e+01,1.701096e+02
1.281709e+06,1.483460e+01,1.325890e+05,1.534595e+00,9.482317e-01,9.485203e-01,1.352083e-03,1.084271e-08,3.799910e+01,8.063172e+00,2.993593e+01,3.963344e+01,1.701057e+02
1.281719e+06,1.483471e+01,1.325990e+05,1.534711e+00,9.482305e-01,9.485204e-01,1.352191e-03,1.084271e-08,3.800012e+01,8.063172e+00,2.993695e+01,3.963455e+01,1.701017e+02
1.281729e+06,1.483483e+01,1.326090e+05,1.534827e+00,9.482342e-01,9.485205e-01,1.352300e-03,1.084271e-08,3.800026e+01,8.063026e+00,2.993723e+01,3.963458e+01,1.701000e+02
1.281739e+06,1.483494e+01,1.326190e+05,1.534942e+00,9.482406e-01,9.485206e-01,1.352408e-03,1.084271e-08,3.799974e+01,8.062772e+00,2.993697e+01,3.963384e+01,1.701000e+02
1.281749e+06,1.483506e+01,1.326290e+05,1.535058e+00,9.482471e-01,9.485207e-01,1.352516e-03,1.084271e-08,3.799923e+01,8.062518e+00,2.993671e+01,3.963310e+01,1.701000e+02
1.281759e+06,1.483517e+01,1.326390e+05,1.535174e+00,9.482535e-01,9.485208e-01,1.352625e-03,1.084271e-08,3.799871e+01,8.062264e+00,2.993645e+01,3.963236e+01,1.701000e+02
1.281769e+06,1.483529e+01,1.326490e+05,1.535290e+00,9.482599e-01,9.485209e-01,1.352733e-03,1.084270e-08,3.799820e+01,8.062009e+00,2.993619e+01,3.963162e+01,1.701000e+02
1.281779e+06,1.483541e+01,1.326590e+05,1.535405e+00,9.482663e-01,9.485210e-01,1.352842e-03,1.084270e-08,3.799769e+01,8.061755e+00,2.993593e+01,3.963087e+01,1.701000e+02
1.281789e+06,1.483552e+01,1.326690e+05,1.535521e+00,9.482727e-01,9.485211e-01,1.352950e-03,1.084270e-08,3.799717e+01,8.061501e+00,2.993567e+01,3.963013e+01,1.701000e+02
1.281799e+06,1.483564e+01,1.326790e+05,1.535637e+00,9.482791e-01,9.485213e-01,1.353059e-03,1.084270e-08,3.799666e+01,8.061247e+00,2.993541e+01,3.962939e+01,1.701000e+02
1.281809e+06,1.483575e+01,1.326890e+05,1.535753e+00,9.482855e-01,9.485214e-01,1.353167e-03,1.084270e-08,3.799615e+01,8.060993e+00,2.993515e+01,3.962865e+01,1.701000e+02
1.281819e+06,1.483587e+01,1.326990e+05,1.535868e+00,9.482920e-01,9.485215e-01,1.353275e-03,1.084270e-08,3.799563e+01,8.060739e+00,2.993489e+01,3.962791e+01,1.701000e+02
1.281829e+06,1.483598e+01,1.327090e+05,1.535984e+00,9.482984e-01,9.485216e-01,1.353384e-03,1.084270e-08,3.799512e+01,8.060485e+00,2.993463e+01,3.962717e+01,1.701000e+02
1.281839e+06,1.483610e+01,1.327190e+05,1.536100e+00,9.483048e-01,9.485217e-01,1.353492e-03,1.084270e-08,3.799460e+01,8.060231e+00,2.993437e+01,3.962643e+01,1.701000e+02
1.281849e+06,1.483622e+01,1.327290e+05,1.536216e+00,9.483112e-01,9.485218e-01,1.353601e-03,1.084269e-08,3.799409e+01,8.059977e+00,2.993411e+01,3.962568e+01,1.701000e+02
1.281859e+06,1.483633e+01,1.327390e+05,1.536331e+00,9.483176e-01,9.485219e-01,1.353709e-03,1.084269e-08,3.799358e+01,8.059722e+00,2.993385e+01,3.962494e+01,1.701000e+02
1.281869e+06,1.483645e+01,1.327490e+05,1.536447e+00,9.483240e-01,9.485220e-01,1.353818e-03,1.084269e-08,3.799306e+01,8.059468e+00,2.993359e+01,3.962420e+01,1.701000e+02
1.281879e+06,1.483656e+01,1.327590e+05,1.536563e+00,9.483304e-01,9.485221e-01,1.353926e-03,1.084269e-08,3.799255e+01,8.059214e+00,2.993333e+01,3.962346e+01,1.701000e+02
1.281889e+06,1.483668e+01,1.327690e+05,1.536679e+00,9.483368e-01,9.485222e-01,1.354035e-03,1.084269e-08,3.799204e+01,8.058960e+00,2.993308e+01,3.962272e+01,1.701000e+02
1.281899e+06,1.483679e+01,1.327790e+05,1.536794e+00,9.483433e-01,9.485223e-01,1.354143e-03,1.084269e-08,3.799152e+01,8.058706e+00,2.993282e+01,3.962198e+01,1.701000e+02
1.281909e+06,1.483691e+01,1.327890e+05,1.536910e+00,9.483497e-01,9.485224e-01,1.354251e-03,1.084269e-08,3.799101e+01,8.058452e+00,2.993256e+01,3.962124e+01,1.701000e+02
1.281919e+06,1.483703e+01,1.327990e+05,1.537026e+00,9.483561e-01,9.485225e-01,1.354360e-03,1.084269e-08,3.799049e+01,8.058198e+00,2.993230e+01,3.962049e+01,1.701000e+02
1.281929e+06,1.483714e+01,1.328090e+05,1.537142e+00,9.483625e-01,9.485226e-01,1.354468e-03,1.084269e-08,3.798998e+01,8.057944e+00,2.993204e+01,3.961975e+01,1.701000e+02
1.281939e+06,1.483726e+01,1.328190e+05,1.537257e+00,9.483689e-01,9.485227e-01,1.354577e-03,1.084268e-08,3.798947e+01,8.057689e+00,2.993178e+01,3.961901e+01,1.701000e+02
1.281949e+06,1.483737e+01,1.328290e+05,1.537373e+00,9.483753e-01,9.485228e-01,1.354685e-03,1.084268e-08,3.798895e+01,8.057435e+00,2.993152e+01,3.961827e+01,1.701000e+02
1.281959e+06,1.483749e+01,1.328390e+05,1.537489e+00,9.483817e-01,9.485229e-01,1.354794e-03,1.084268e-08,3.798844e+01,8.057181e+00,2.993126e+01,3.961753e+01,1.701000e+02
1.281969e+06,1.483760e+01,1.328490e+05,1.537605e+00,9.483901e-01,9.485230e-01,1.354902e-03,1.084268e-08,3.798793e+01,8.056927e+00,2.993100e+01,3.961672e+01,1.701000e+02
1.281979e+06,1.483772e+01,1.328590e+05,1.537720e+00,9.483952e-01,9.485231e-01,1.355010e-03,1.084268e-08,3.798726e+01,8.056828e+00,2.993043e+01,3.961585e+01,1.701024e+02
1.281989e+06,1.483784e+01,1.328690e+05,1.537836e+00,9.483975e-01,9.485232e-01,1.355119e-03,1.084268e-08,3.798648e+01,8.056828e+00,2.992966e+01,3.961496e+01,1.701064e+02
1.281999e+06,1.483795e+01,1.328790e+05,1.537952e+00,9.483998e-01,9.485233e-01,1.355227e-03,1.084268e-08,3.798571e+01,8.056828e+00,2.992889e+01,3.961407e+01,1.701104e+02
1.282009e+06,1.483807e+01,1.328890e+05,1.538068e+00,9.484021e-01,9.485234e-01,1.355336e-03,1.084268e-08,3.798494e+01,8.056828e+00,2.992812e+01,3.961319e+01,1.701145e+02
1.282019e+06,1.483818e+01,1.328990e+05,1.538183e+00,9.484043e-01,9.485235e-01,1.355444e-03,1.084267e-08,3.798417e+01,8.056828e+00,2.992735e+01,3.961230e+01,1.701185e+02
1.282029e+06,1.483830e+01,1.329090e+05,1.538299e+00,9.484066e-01,9.485236e-01,1.355553e-03,1.084267e-08,3.798340e+01,8.056828e+00,2.992657e+01,3.961141e+01,1.701225e+02
1.282039e+06,1.483841e+01,1.329190e+05,1.538415e+00,9.484089e-01,9.485237e-01,1.355661e-03,1.084267e-08,3.798263e+01,8.056828e+00,2.992580e+01,3.961052e+01,1.701265e+02
1.282049e+06,1.483853e+01,1.329291e+05,1.538531e+00,9.484112e-01,9.485238e-01,1.355769e-03,1.084267e-08,3.798186e+01,8.056828e+00,2.992503e+01,3.960963e+01,1.701305e+02
1.282059e+06,1.483865e+01,1.329391e+05,1.538646e+00,9.484134e-01,9.485239e-01,1.355878e-03,1.084267e-08,3.798109e+01,8.056828e+00,2.992426e+01,3.960875e+01,1.701345e+02
1.282069e+06,1.483876e+01,1.329491e+05,1.538762e+00,9.484157e-01,9.485240e-01,1.355986e-03,1.084267e-08,3.798032e+01,8.056828e+00,2.992349e+01,3.960786e+01,1.701385e+02
1.282079e+06,1.483888e+01,1.329591e+05,1.538878e+00,9.484180e-01,9.485241e-01,1.356095e-03,1.084267e-08,3.797955e+01,8.056828e+00,2.992272e+01,3.960697e+01,1.701425e+02
1.282089e+06,1.483899e+01,1.329691e+05,1.538994e+00,9.484202e-01,9.485242e-01,1.356203e-03,1.084267e-08,3.797878e+01,8.056828e+00,2.992195e+01,3.960608e+01,1.701465e+02
1.282099e+06,1.483911e+01,1.329791e+05,1.539109e+00,9.484225e-01,9.485243e-01,1.356312e-03,1.084267e-08,3.797801e+01,8.056828e+00,2.992118e+01,3.960519e+01,1.701505e+02
1.282109e+06,1.483923e+01,1.329891e+05,1.539225e+00,9.484248e-01,9.485244e-01,1.356420e-03,1.084266e-08,3.797724e+01,8.056828e+00,2.992041e+01,3.960430e+01,1.701545e+02
1.282119e+06,1.483934e+01,1.329991e+05,1.539341e+00,9.484271e-01,9.485245e-01,1.356528e-03,1.084266e-08,3.797647e+01,8.056828e+00,2.991964e+01,3.960342e+01,1.701585e+02
1.282129e+06,1.483946e+01,1.330091e+05,1.539457e+00,9.484293e-01,9.485246e-01,1.356637e-03,1.084266e-08,3.797570e+01,8.056828e+00,2.991887e+01,3.960253e+01,1.701625e+02
1.282139e+06,1.483957e+01,1.330191e+05,1.539572e+00,9.484316e-01,9.485247e-01,1.356745e-03,1.084266e-08,3.797492e+01,8.056828e+00,2.991810e+01,3.960164e+01,1.701665e+02
1.282149e+06,1.483969e+01,1.330291e+05,1.539688e+00,9.484339e-01,9.485249e-01,1.356854e-03,1.084266e-08,3.797415e+01,8.056828e+00,2.991733e+01,3.960075e+01,1.701705e+02
1.282159e+06,1.483980e+01,1.330391e+05,1.539804e+00,9.484361e-01,9.485250e-01,1.356962e-03,1.084266e-08,3.797338e+01,8.056828e+00,2.991656e+01,3.959986e+01,1.701745e+02
1.282169e+06,1.483992e+01,1.330491e+05,1.539920e+00,9.484384e-01,9.485251e-01,1.357071e-03,1.084266e-08,3.797261e+01,8.056828e+00,2.991579e+01,3.959898e+01,1.701785e+02
1.282179e+06,1.484004e+01,1.330591e+05,1.540035e+00,9.484407e-01,9.485252e-01,1.357179e-03,1.084266e-08,3.797184e+01,8.056828e+00,2.991501e+01,3.959809e+01,1.701825e+02
1.282189e+06,1.484015e+01,1.330691e+05,1.540151e+00,9.484430e-01,9.485253e-01,1.357288e-03,1.084265e-08,3.797107e+01,8.056828e+00,2.991424e+01,3.959720e+01,1.701865e+02
1.282199e+06,1.484027e+01,1.330791e+05,1.540267e+00,9.484452e-01,9.485254e-01,1.357396e-03,1.084265e-08,3.797030e+01,8.056828e+00,2.991347e+01,3.959631e+01,1.701906e+02
1.282209e+06,1.484038e+01,1.330891e+05,1.540383e+00,9.484475e-01,9.485255e-01,1.357504e-03,1.084265e-08,3.796953e+01,8.056828e+00,2.991270e+01,3.959542e+01,1.701946e+02
1.282219e+06,1.484050e+01,1.330991e+05,1.540498e+00,9.484457e-01,9.485256e-01,1.357613e-03,1.084265e-08,3.796876e+01,8.056828e+00,2.991193e+01,3.959467e+01,1.701986e+02
1.282229e+06,1.484061e+01,1.331091e+05,1.540614e+00,9.484413e-01,9.485257e-01,1.357721e-03,1.084265e-08,3.796777e+01,8.056828e+00,2.991094e+01,3.959378e+01,1.701974e+02
1.282239e+06,1.484073e+01,1.331191e+05,1.540730e+00,9.484368e-01,9.485258e-01,1.357830e-03,1.084265e-08,3.796666e+01,8.056828e+00,2.990984e+01,3.959276e+01,1.701935e+02
1.282249e+06,1.484085e+01,1.331291e+05,1.540846e+00,9.484322e-01,9.485259e-01,1.357938e-03,1.084265e-08,3.796555e+01,8.056828e+00,2.990873e+01,3.959174e+01,1.701895e+02
1.282259e+06,1.484096e+01,1.331391e+05,1.540961e+00,9.484277e-01,9.485260e-01,1.358047e-03,1.084265e-08,3.796444e+01,8.056828e+00,2.990762e+01,3.959072e+01,1.701855e+02
1.282269e+06,1.484108e+01,1.331491e+05,1.541077e+00,9.484232e-01,9.485261e-01,1.358155e-03,1.084265e-08,3.796333e+01,8.056828e+00,2.990651e+01,3.958970e+01,1.701815e+02
1.282279e+06,1.484119e+01,1.331591e+05,1.541193e+00,9.484186e-01,9.485262e-01,1.358263e-03,1.084264e-08,3.796223e+01,8.056828e+00,2.990540e+01,3.958868e+01,1.701775e+02
1.282289e+06,1.484131e+01,1.331691e+05,1.541309e+00,9.484141e-01,9.485263e-01,1.358372e-03,1.084264e-08,3.796112e+01,8.056828e+00,2.990429e+01,3.958766e+01,1.701735e+02
1.282299e+06,1.484142e+01,1.331791e+05,1.541424e+00,9.484096e-01,9.485264e-01,1.358480e-03,1.084264e-08,3.796001e+01,8.056828e+00,2.990318e+01,3.958664e+01,1.701695e+02
1.282309e+06,1.484154e+01,1.331891e+05,1.541540e+00,9.484050e-01,9.485265e-01,1.358589e-03,1.084264e-08,3.795890e+01,8.056828e+00,2.990207e+01,3.958563e+01,1.701655e+02
1.282319e+06,1.484166e+01,1.331991e+05,1.541656e+00,9.484005e-01,9.485266e-01,1.358697e-03,1.084264e-08,3.795779e+01,8.056828e+00,2.990096e+01,3.958461e+01,1.701615e+02
1.282329e+06,1.484177e+01,1.332091e+05,1.541772e+00,9.483960e-01,9.485267e-01,1.358806e-03,1.084264e-08,3.795668e+01,8.056828e+00,2.989985e+01,3.958359e+01,1.701575e+02
1.282339e+06,1.484189e+01,1.332191e+05,1.541887e+00,9.483914e-01,9.485268e-01,1.358914e-03,1.084264e-08,3.795557e+01,8.056828e+00,2.989874e+01,3.958257e+01,1.701535e+02
1.282349e+06,1.484200e+01,1.332291e+05,1.542003e+00,9.483869e-01,9.485269e-01,1.359022e-03,1.084264e-08,3.795446e+01,8.056828e+00,2.989763e+01,3.958155e+01,1.701495e+02
1.282359e+06,1.484212e+01,1.332391e+05,1.542119e+00,9.483824e-01,9.485270e-01,1.359131e-03,1.084263e-08,3.795335e+01,8.056828e+00,2.989652e+01,3.958053e+01,1.701456e+02
1.282369e+06,1.484223e+01,1.332491e+05,1.542235e+00,9.483778e-01,9.485271e-01,1.359239e-03,1.084263e-08,3.795224e+01,8.056828e+00,2.989541e+01,3.957951e+01,1.701416e+02
1.282379e+06,1.484235e+01,1.332591e+05,1.542350e+00,9.483733e-01,9.485272e-01,1.359348e-03,1.084263e-08,3.795113e+01,8.056828e+00,2.989430e+01,3.957849e+01,1.701376e+02
1.282389e+06,1.484247e+01,1.332691e+05,1.542466e+00,9.483688e-01,9.485273e-01,1.359456e-03,1.084263e-08,3.795002e+01,8.056828e+00,2.989320e+01,3.957747e+01,1.701336e+02
1.282399e+06,1.484258e+01,1.332791e+05,1.542582e+00,9.483642e-01,9.485274e-01,1.359565e-03,1.084263e-08,3.794891e+01,8.056828e+00,2.989209e+01,3.957645e+01,1.701296e+02
1.282409e+06,1.484270e+01,1.332891e+05,1.542698e+00,9.483597e-01,9.485275e-01,1.359673e-03,1.084263e-08,3.794780e+01,8.056828e+00,2.989098e+01,3.957544e+01,1.701256e+02
1.282419e+06,1.484281e+01,1.332991e+05,1.542813e+00,9.483551e-01,9.485276e-01,1.359782e-03,1.084263e-08,3.794670e+01,8.056828e+00,2.988987e+01,3.957442e+01,1.701216e+02
1.282429e+06,1.484293e+01,1.333091e+05,1.542929e+00,9.483506e-01,9.485277e-01,1.359890e-03,1.084263e-08,3.794559e+01,8.056828e+00,2.988876e+01,3.957340e+01,1.701176e+02
1.282439e+06,1.484304e+01,1.333191e+05,1.543045e+00,9.483461e-01,9.485278e-01,1.359998e-03,1.084263e-08,3.794448e+01,8.056828e+00,2.988765e+01,3.957238e+01,1.701136e+02
1.282449e+06,1.484316e+01,1.333291e+05,1.543161e+00,9.483415e-01,9.485279e-01,1.360107e-03,1.084262e-08,3.794337e+01,8.056828e+00,2.988654e+01,3.957136e+01,1.701096e+02
1.282459e+06,1.484328e+01,1.333391e+05,1.543276e+00,9.483370e-01,9.485280e-01,1.360215e-03,1.084262e-08,3.794226e+01,8.056828e+00,2.988543e+01,3.957034e+01,1.701056e+02
1.282469e+06,1.484339e+01,1.333491e+05,1.543392e+00,9.483344e-01,9.485281e-01,1.360324e-03,1.084262e-08,3.794115e+01,8.056828e+00,2.988432e+01,3.956926e+01,1.701017e+02
1.282479e+06,1.484351e+01,1.333591e+05,1.543508e+00,9.483351e-01,9.485282e-01,1.360432e-03,1.084262e-08,3.794210e+01,8.056828e+00,2.988527e+01,3.957023e+01,1.701000e+02
1.282489e+06,1.484362e+01,1.333691e+05,1.543624e+00,9.483374e-01,9.485283e-01,1.360541e-03,1.084262e-08,3.794449e+01,8.056828e+00,2.988767e+01,3.957268e+01,1.701000e+02
1.282499e+06,1.484374e+01,1.333791e+05,1.543739e+00,9.483397e-01,9.485285e-01,1.360649e-03,1.084262e-08,3.794689e+01,8.056828e+00,2.989006e+01,3.957514e+01,1.701000e+02
1.282509e+06,1.484386e+01,1.333891e+05,1.543855e+00,9.483420e-01,9.485286e-01,1.360757e-03,1.084262e-08,3.794929e+01,8.056828e+00,2.989246e+01,3.957759e+01,1.701000e+02
1.282519e+06,1.484397e+01,1.333991e+05,1.543971e+00,9.483442e-01,9.485287e-01,1.360866e-03,1.084262e-08,3.795169e+01,8.056828e+00,2.989486e+01,3.958004e+01,1.701000e+02
1.282529e+06,1.484409e+01,1.334091e+05,1.544087e+00,9.483465e-01,9.485288e-01,1.360974e-03,1.084261e-08,3.795408e+01,8.056828e+00,2.989726e+01,3.958249e+01,1.701000e+02
1.282539e+06,1.484420e+01,1.334191e+05,1.544202e+00,9.483488e-01,9.485289e-01,1.361083e-03,1.084261e-08,3.795648e+01,8.056828e+00,2.989965e+01,3.958495e+01,1.701000e+02
1.282549e+06,1.484432e+01,1.334291e+05,1.544318e+00,9.483511e-01,9.485290e-01,1.361191e-03,1.084261e-08,3.795888e+01,8.056828e+00,2.990205e+01,3.958740e+01,1.701000e+02
1.282559e+06,1.484443e+01,1.334391e+05,1.544434e+00,9.483534e-01,9.485291e-01,1.361300e-03,1.084261e-08,3.796128e+01,8.056828e+00,2.990445e+01,3.958985e+01,1.701000e+02
1.282569e+06,1.484455e+01,1.334491e+05,1.544550e+00,9.483556e-01,9.485292e-01,1.361408e-03,1.084261e-08,3.796367e+01,8.056828e+00,2.990685e+01,3.959230e+01,1.701000e+02
1.282579e+06,1.484467e+01,1.334591e+05,1.544665e+00,9.483579e-01,9.485293e-01,1.361516e-03,1.084261e-08,3.796607e+01,8.056828e+00,2.990924e+01,3.959476e+01,1.701000e+02
1.282589e+06,1.484478e+01,1.334691e+05,1.544781e+00,9.483602e-01,9.485294e-01,1.361625e-03,1.084261e-08,3.796847e+01,8.056828e+00,2.991164e+01,3.959721e+01,1.701000e+02
1.282599e+06,1.484490e+01,1.334791e+05,1.544897e+00,9.483625e-01,9.485295e-01,1.361733e-03,1.084261e-08,3.797087e+01,8.056828e+00,2.991404e+01,3.959966e+01,1.701000e+02
1.282609e+06,1.484501e+01,1.334891e+05,1.545013e+00,9.483647e-01,9.485296e-01,1.361842e-03,1.084261e-08,3.797326e+01,8.056828e+00,2.991644e+01,3.960211e+01,1.701000e+02
1.282619e+06,1.484513e+01,1.334991e+05,1.545128e+00,9.483670e-01,9.485297e-01,1.361950e-03,1.084260e-08,3.797566e+01,8.056828e+00,2.991883e+01,3.960456e+01,1.701000e+02
1.282629e+06,1.484524e+01,1.335091e+05,1.545244e+00,9.483693e-01,9.485298e-01,1.362059e-03,1.084260e-08,3.797806e+01,8.056828e+00,2.992123e+01,3.960702e+01,1.701000e+02
1.282639e+06,1.484536e+01,1.335191e+05,1.545360e+00,9.483716e-01,9.485299e-01,1.362167e-03,1.084260e-08,3.798046e+01,8.056828e+00,2.992363e+01,3.960947e+01,1.701000e+02
1.282649e+06,1.484548e+01,1.335291e+05,1.545476e+00,9.483739e-01,9.485300e-01,1.362275e-03,1.084260e-08,3.798285e+01,8.056828e+00,2.992603e+01,3.961192e+01,1.701000e+02
1.282659e+06,1.484559e+01,1.335391e+05,1.545591e+00,9.483761e-01,9.485301e-01,1.362384e-03,1.084260e-08,3.798525e+01,8.056828e+00,2.992842e+01,3.961437e+01,1.701000e+02
1.282669e+06,1.484571e+01,1.335491e+05,1.545707e+00,9.483784e-01,9.485302e-01,1.362492e-03,1.084260e-08,3.798765e+01,8.056828e+00,2.993082e+01,3.961683e+01,1.701000e+02
1.282679e+06,1.484582e+01,1.335591e+05,1.545823e+00,9.483807e-01,9.485303e-01,1.362601e-03,1.084260e-08,3.799005e+01,8.056828e+00,2.993322e+01,3.961928e+01,1.701000e+02
1.282689e+06,1.484594e+01,1.335691e+05,1.545939e+00,9.483830e-01,9.485304e-01,1.362709e-03,1.084260e-08,3.799244e+01,8.056828e+00,2.993562e+01,3.962173e+01,1.701000e+02
1.282699e+06,1.484605e+01,1.335791e+05,1.546054e+00,9.483852e-01,9.485305e-01,1.362818e-03,1.084259e-08,3.799484e+01,8.056828e+00,2.993801e+01,3.962418e+01,1.701000e+02
1.282709e+06,1.484617e+01,1.335891e+05,1.546170e+00,9.483875e-01,9.485306e-01,1.362926e-03,1.084259e-08,3.799724e+01,8.056828e+00,2.994041e+01,3.962664e+01,1.701000e+02
1.282719e+06,1.484629e+01,1.335991e+05,1.546286e+00,9.483938e-01,9.485307e-01,1.363035e-03,1.084259e-08,3.799964e+01,8.056828e+00,2.994281e+01,3.962896e+01,1.701000e+02
1.282729e+06,1.484640e+01,1.336091e+05,1.546402e+00,9.484066e-01,9.485308e-01,1.363143e-03,1.084259e-08,3.799939e+01,8.056828e+00,2.994256e+01,3.962826e+01,1.701050e+02
1.282739e+06,1.484652e+01,1.336191e+05,1.546517e+00,9.484220e-01,9.485309e-01,1.363251e-03,1.084259e-08,3.799750e+01,8.056828e+00,2.994068e+01,3.962577e+01,1.701130e+02
1.282749e+06,1.484663e+01,1.336291e+05,1.546633e+00,9.484374e-01,9.485310e-01,1.363360e-03,1.084259e-08,3.799562e+01,8.056828e+00,2.993879e+01,3.962327e+01,1.701210e+02
1.282759e+06,1.484675e+01,1.336391e+05,1.546749e+00,9.484528e-01,9.485311e-01,1.363468e-03,1.084259e-08,3.799374e+01,8.056828e+00,2.993691e+01,3.962077e+01,1.701290e+02
1.282769e+06,1.484686e+01,1.336491e+05,1.546865e+00,9.484682e-01,9.485312e-01,1.363577e-03,1.084259e-08,3.799185e+01,8.056828e+00,2.993502e+01,3.961827e+01,1.701370e+02
1.282779e+06,1.484698e+01,1.336591e+05,1.546980e+00,9.484836e-01,9.485313e-01,1.363685e-03,1.084259e-08,3.798997e+01,8.056828e+00,2.993314e+01,3.961577e+01,1.701450e+02
1.282789e+06,1.484710e+01,1.336691e+05,1.547096e+00,9.484990e-01,9.485314e-01,1.363794e-03,1.084258e-08,3.798808e+01,8.056828e+00,2.993126e+01,3.961327e+01,1.701530e+02
1.282799e+06,1.484721e+01,1.336791e+05,1.547212e+00,9.485144e-01,9.485315e-01,1.363902e-03,1.084258e-08,3.798620e+01,8.056828e+00,2.992937e+01,3.961077e+01,1.701610e+02
1.282809e+06,1.484733e+01,1.336891e+05,1.547328e+00,9.485298e-01,9.485316e-01,1.364010e-03,1.084258e-08,3.798432e+01,8.056828e+00,2.992749e+01,3.960828e+01,1.701690e+02
1.282819e+06,1.484744e+01,1.336991e+05,1.547443e+00,9.485452e-01,9.485317e-01,1.364119e-03,1.084258e-08,3.798243e+01,8.056828e+00,2.992561e+01,3.960578e+01,1.701770e+02
1.282829e+06,1.484756e+01,1.337091e+05,1.547559e+00,9.485606e-01,9.485318e-01,1.364227e-03,1.084258e-08,3.798055e+01,8.056828e+00,2.992372e+01,3.960328e+01,1.701851e+02
1.282839e+06,1.484767e+01,1.337191e+05,1.547675e+00,9.485760e-01,9.485319e-01,1.364336e-03,1.084258e-08,3.797866e+01,8.056828e+00,2.992184e+01,3.960078e+01,1.701931e+02
1.282849e+06,1.484779e+01,1.337291e+05,1.547791e+00,9.485914e-01,9.485321e-01,1.364444e-03,1.084258e-08,3.797678e+01,8.056828e+00,2.991995e+01,3.959828e+01,1.702011e+02
1.282859e+06,1.484791e+01,1.337391e+05,1.547906e+00,9.486068e-01,9.485322e-01,1.364553e-03,1.084258e-08,3.797490e+01,8.056828e+00,2.991807e+01,3.959578e+01,1.702091e+02
1.282869e+06,1.484802e+01,1.337491e+05,1.548022e+00,9.486222e-01,9.485323e-01,1.364661e-03,1.084257e-08,3.797301e+01,8.056828e+00,2.991619e+01,3.959329e+01,1.702171e+02
1.282879e+06,1.484814e+01,1.337591e+05,1.548138e+00,9.486376e-01,9.485324e-01,1.364769e-03,1.084257e-08,3.797113e+01,8.056828e+00,2.991430e+01,3.959079e+01,1.702251e+02
1.282889e+06,1.484825e+01,1.337691e+05,1.548254e+00,9.486530e-01,9.485325e-01,1.364878e-03,1.084257e-08,3.796925e+01,8.056828e+00,2.991242e+01,3.958829e+01,1.702331e+02
1.282899e+06,1.484837e+01,1.337791e+05,1.548369e+00,9.486685e-01,9.485326e-01,1.364986e-03,1.084257e-08,3.796736e+01,8.056828e+00,2.991053e+01,3.958579e+01,1.702411e+02
1.282909e+06,1.484849e+01,1.337891e+05,1.548485e+00,9.486839e-01,9.485327e-01,1.365095e-03,1.084257e-08,3.796548e+01,8.056828e+00,2.990865e+01,3.958330e+01,1.702491e+02
1.282919e+06,1.484860e+01,1.337991e+05,1.548601e+00,9.486993e-01,9.485328e-01,1.365203e-03,1.084257e-08,3.796359e+01,8.056828e+00,2.990677e+01,3.958080e+01,1.702571e+02
1.282929e+06,1.484872e+01,1.338091e+05,1.548717e+00,9.487147e-01,9.485329e-01,1.365312e-03,1.084257e-08,3.796171e+01,8.056828e+00,2.990488e+01,3.957830e+01,1.702652e+02
1.282939e+06,1.484883e+01,1.338191e+05,1.548832e+00,9.487301e-01,9.485330e-01,1.365420e-03,1.084257e-08,3.795983e+01,8.056828e+00,2.990300e+01,3.957580e+01,1.702732e+02
1.282949e+06,1.484895e+01,1.338291e+05,1.548948e+00,9.487455e-01,9.485331e-01,1.365528e-03,1.084257e-08,3.795794e+01,8.056828e+00,2.990112e+01,3.957331e+01,1.702812e+02
1.282959e+06,1.484906e+01,1.338391e+05,1.549064e+00,9.487609e-01,9.485332e-01,1.365637e-03,1.084256e-08,3.795606e+01,8.056828e+00,2.989923e+01,3.957081e+01,1.702892e+02
1.282969e+06,1.484918e+01,1.338491e+05,1.549180e+00,9.487700e-01,9.485333e-01,1.365745e-03,1.084256e-08,3.795418e+01,8.056828e+00,2.989735e+01,3.956852e+01,1.702972e+02
1.282979e+06,1.484930e+01,1.338591e+05,1.549295e+00,9.487613e-01,9.485334e-01,1.365854e-03,1.084256e-08,3.795368e+01,8.056828e+00,2.989686e+01,3.956829e+01,1.702974e+02
1.282989e+06,1.484941e+01,1.338691e+05,1.549411e+00,9.487449e-01,9.485335e-01,1.365962e-03,1.084256e-08,3.795394e+01,8.056828e+00,2.989711e+01,3.956911e+01,1.702934e+02
1.282999e+06,1.484953e+01,1.338791e+05,1.549527e+00,9.487285e-01,9.485336e-01,1.366071e-03,1.084256e-08,3.795420e+01,8.056828e+00,2.989737e+01,3.956992e+01,1.702894e+02
1.283009e+06,1.484964e+01,1.338891e+05,1.549643e+00,9.487120e-01,9.485337e-01,1.366179e-03,1.084256e-08,3.795445e+01,8.056828e+00,2.989763e+01,3.957074e+01,1.702854e+02
1.283019e+06,1.484976e+01,1.338991e+05,1.549758e+00,9.486956e-01,9.485338e-01,1.366288e-03,1.084256e-08,3.795471e+01,8.056828e+00,2.989788e+01,3.957156e+01,1.702814e+02
1.283029e+06,1.484987e+01,1.339091e+05,1.549874e+00,9.486791e-01,9.485339e-01,1.366396e-03,1.084256e-08,3.795497e+01,8.056828e+00,2.989814e+01,3.957237e+01,1.702774e+02
1.283039e+06,1.484999e+01,1.339191e+05,1.549990e+00,9.486627e-01,9.485340e-01,1.366504e-03,1.084255e-08,3.795523e+01,8.056828e+00,2.989840e+01,3.957319e+01,1.702734e+02
1.283049e+06,1.485011e+01,1.339291e+05,1.550106e+00,9.486462e-01,9.485341e-01,1.366613e-03,1.084255e-08,3.795548e+01,8.056828e+00,2.989865e+01,3.957401e+01,1.702694e+02
1.283059e+06,1.485022e+01,1.339391e+05,1.550221e+00,9.486298e-01,9.485342e-01,1.366721e-03,1.084255e-08,3.795574e+01,8.056828e+00,2.989891e+01,3.957483e+01,1.702654e+02
1.283069e+06,1.485034e+01,1.339491e+05,1.550337e+00,9.486133e-01,9.485343e-01,1.366830e-03,1.084255e-08,3.795600e+01,8.056828e+00,2.989917e+01,3.957564e+01,1.702613e+02
1.283079e+06,1.485045e+01,1.339591e+05,1.550453e+00,9.485969e-01,9.485344e-01,1.366938e-03,1.084255e-08,3.795625e+01,8.056828e+00,2.989943e+01,3.957646e+01,1.702573e+02
1.283089e+06,1.485057e+01,1.339691e+05,1.550569e+00,9.485805e-01,9.485345e-01,1.367047e-03,1.084255e-08,3.795651e+01,8.056828e+00,2.989968e+01,3.957728e+01,1.702533e+02
1.283099e+06,1.485068e+01,1.339791e+05,1.550684e+00,9.485640e-01,9.485346e-01,1.367155e-03,1.084255e-08,3.795677e+01,8.056828e+00,2.989994e+01,3.957809e+01,1.702493e+02
1.283109e+06,1.485080e+01,1.339891e+05,1.550800e+00,9.485476e-01,9.485347e-01,1.367263e-03,1.084255e-08,3.795702e+01,8.056828e+00,2.990020e+01,3.957891e+01,1.702453e+02
1.283119e+06,1.485092e+01,1.339991e+05,1.550916e+00,9.485311e-01,9.485348e-01,1.367372e-03,1.084255e-08,3.795728e+01,8.056828e+00,2.990045e+01,3.957973e+01,1.702413e+02
1.283129e+06,1.485103e+01,1.340091e+05,1.551032e+00,9.485147e-01,9.485349e-01,1.367480e-03,1.084254e-08,3.795754e+01,8.056828e+00,2.990071e+01,3.958055e+01,1.702373e+02
1.283139e+06,1.485115e+01,1.340191e+05,1.551147e+00,9.484982e-01,9.485350e-01,1.367589e-03,1.084254e-08,3.795779e+01,8.056828e+00,2.990097e+01,3.958136e+01,1.702333e+02
1.283149e+06,1.485126e+01,1.340291e+05,1.551263e+00,9.484818e-01,9.485351e-01,1.367697e-03,1.084254e-08,3.795805e+01,8.056828e+00,2.990122e+01,3.958218e+01,1.702293e+02
1.283159e+06,1.485138e+01,1.340391e+05,1.551379e+00,9.484653e-01,9.485352e-01,1.367806e-03,1.084254e-08,3.795831e+01,8.056828e+00,2.990148e+01,3.958300e+01,1.702253e+02
1.283169e+06,1.485149e+01,1.340491e+05,1.551495e+00,9.484489e-01,9.485353e-01,1.367914e-03,1.084254e-08,3.795857e+01,8.056828e+00,2.990174e+01,3.958382e+01,1.702213e+02
1.283179e+06,1.485161e+01,1.340591e+05,1.551610e+00,9.484325e-01,9.485354e-01,1.368022e-03,1.084254e-08,3.795882e+01,8.056828e+00,2.990199e+01,3.958463e+01,1.702173e+02
1.283189e+06,1.485173e+01,1.340691e+05,1.551726e+00,9.484160e-01,9.485355e-01,1.368131e-03,1.084254e-08,3.795908e+01,8.056828e+00,2.990225e+01,3.958545e+01,1.702133e+02
1.283199e+06,1.485184e+01,1.340791e+05,1.551842e+00,9.483996e-01,9.485357e-01,1.368239e-03,1.084254e-08,3.795934e+01,8.056828e+00,2.990251e+01,3.958627e+01,1.702093e+02
1.283209e+06,1.485196e+01,1.340891e+05,1.551958e+00,9.483831e-01,9.485358e-01,1.368348e-03,1.084253e-08,3.795959e+01,8.056828e+00,2.990277e+01,3.958709e+01,1.702053e+02
1.283219e+06,1.485207e+01,1.340991e+05,1.552073e+00,9.483645e-01,9.485359e-01,1.368456e-03,1.084253e-08,3.795985e+01,8.056828e+00,2.990302e+01,3.958798e+01,1.702013e+02
1.283229e+06,1.485219e+01,1.341091e+05,1.552189e+00,9.483531e-01,9.485360e-01,1.368565e-03,1.084253e-08,3.795976e+01,8.056828e+00,2.990293e+01,3.958826e+01,1.701946e+02
1.283239e+06,1.485230e+01,1.341191e+05,1.552305e+00,9.483455e-01,9.485361e-01,1.368673e-03,1.084253e-08,3.795950e+01,8.056828e+00,2.990267e+01,3.958824e+01,1.701866e+02
1.283249e+06,1.485242e+01,1.341291e+05,1.552421e+00,9.483378e-01,9.485362e-01,1.368781e-03,1.084253e-08,3.795924e+01,8.056828e+00,2.990242e+01,3.958822e+01,1.701786e+02
1.283259e+06,1.485254e+01,1.341391e+05,1.552536e+00,9.483302e-01,9.485363e-01,1.368890e-03,1.084253e-08,3.795899e+01,8.056828e+00,2.990216e+01,3.958821e+01,1.701706e+02
1.283269e+06,1.485265e+01,1.341491e+05,1.552652e+00,9.483226e-01,9.485364e-01,1.368998e-03,1.084253e-08,3.795873e+01,8.056828e+00,2.990190e+01,3.958819e+01,1.701626e+02
1.283279e+06,1.485277e+01,1.341591e+05,1.552768e+00,9.483150e-01,9.485365e-01,1.369107e-03,1.084253e-08,3.795848e+01,8.056828e+00,2.990165e+01,3.958817e+01,1.701546e+02
1.283289e+06,1.485288e+01,1.341691e+05,1.552884e+00,9.483074e-01,9.485366e-01,1.369215e-03,1.084253e-08,3.795822e+01,8.056828e+00,2.990139e+01,3.958816e+01,1.701467e+02
1.283299e+06,1.485300e+01,1.341791e+05,1.552999e+00,9.482998e-01,9.485367e-01,1.369324e-03,1.084252e-08,3.795796e+01,8.056828e+00,2.990114e+01,3.958814e+01,1.701387e+02
1.283309e+06,1.485311e+01,1.341891e+05,1.553115e+00,9.482921e-01,9.485368e-01,1.369432e-03,1.084252e-08,3.795771e+01,8.056828e+00,2.990088e+01,3.958812e+01,1.701307e+02
1.283319e+06,1.485323e+01,1.341991e+05,1.553231e+00,9.482845e-01,9.485369e-01,1.369540e-03,1.084252e-08,3.795745e+01,8.056828e+00,2.990062e+01,3.958811e+01,1.701227e+02
1.283329e+06,1.485335e+01,1.342091e+05,1.553346e+00,9.482769e-01,9.485370e-01,1.369649e-03,1.084252e-08,3.795720e+01,8.056828e+00,2.990037e+01,3.958809e+01,1.701147e+02
1.283339e+06,1.485346e+01,1.342191e+05,1.553462e+00,9.482693e-01,9.485371e-01,1.369757e-03,1.084252e-08,3.795694e+01,8.056828e+00,2.990011e+01,3.958807e+01,1.701067e+02
1.283349e+06,1.485358e+01,1.342291e+05,1.553578e+00,9.482617e-01,9.485372e-01,1.369866e-03,1.084252e-08,3.795668e+01,8.056828e+00,2.989986e+01,3.958806e+01,1.700988e+02
1.283359e+06,1.485369e+01,1.342391e+05,1.553694e+00,9.482540e-01,9.485373e-01,1.369974e-03,1.084252e-08,3.795643e+01,8.056828e+00,2.989960e+01,3.958804e+01,1.700908e+02
1.283369e+06,1.485381e+01,1.342491e+05,1.553809e+00,9.482464e-01,9.485374e-01,1.370083e-03,1.084252e-08,3.795617e+01,8.056828e+00,2.989934e+01,3.958802e+01,1.700828e+02
1.283379e+06,1.485393e+01,1.342591e+05,1.553925e+00,9.482388e-01,9.485375e-01,1.370191e-03,1.084251e-08,3.795592e+01,8.056828e+00,2.989909e+01,3.958801e+01,1.700748e+02
1.283389e+06,1.485404e+01,1.342691e+05,1.554041e+00,9.482312e-01,9.485376e-01,1.370300e-03,1.084251e-08,3.795566e+01,8.056828e+00,2.989883e+01,3.958799e+01,1.700668e+02
1.283399e+06,1.485416e+01,1.342791e+05,1.554157e+00,9.482236e-01,9.485377e-01,1.370408e-03,1.084251e-08,3.795540e+01,8.056828e+00,2.989858e+01,3.958797e+01,1.700588e+02
1.283409e+06,1.485427e+01,1.342891e+05,1.554272e+00,9.482160e-01,9.485378e-01,1.370516e-03,1.084251e-08,3.795515e+01,8.056828e+00,2.989832e+01,3.958796e+01,1.700509e+02
1.283419e+06,1.485439e+01,1.342991e+05,1.554388e+00,9.482083e-01,9.485379e-01,1.370625e-03,1.084251e-08,3.795489e+01,8.056828e+00,2.989806e+01,3.958794e+01,1.700429e+02
1.283429e+06,1.485450e+01,1.343091e+05,1.554504e+00,9.482007e-01,9.485380e-01,1.370733e-03,1.084251e-08,3.795464e+01,8.056828e+00,2.989781e+01,3.958792e+01,1.700349e+02
1.283439e+06,1.485462e+01,1.343191e+05,1.554620e+00,9.481931e-01,9.485381e-01,1.370842e-03,1.084251e-08,3.795438e+01,8.056828e+00,2.989755e+01,3.958791e+01,1.700269e+02
1.283449e+06,1.485474e+01,1.343291e+05,1.554735e+00,9.481855e-01,9.485382e-01,1.370950e-03,1.084251e-08,3.795412e+01,8.056828e+00,2.989730e+01,3.958789e+01,1.700189e+02
1.283459e+06,1.485485e+01,1.343391e+05,1.554851e+00,9.481779e-01,9.485383e-01,1.371059e-03,1.084251e-08,3.795387e+01,8.056828e+00,2.989704e+01,3.958787e+01,1.700109e+02
1.283469e+06,1.485497e+01,1.343491e+05,1.554967e+00,9.481743e-01,9.485384e-01,1.371167e-03,1.084250e-08,3.795361e+01,8.056828e+00,2.989678e+01,3.958772e+01,1.700030e+02
1.283479e+06,1.485508e+01,1.343591e+05,1.555083e+00,9.481795e-01,9.485385e-01,1.371275e-03,1.084250e-08,3.795406e+01,8.056828e+00,2.989723e+01,3.958802e+01,1.700000e+02
1.283489e+06,1.485520e+01,1.343691e+05,1.555198e+00,9.481885e-01,9.485386e-01,1.371384e-03,1.084250e-08,3.795492e+01,8.056828e+00,2.989809e+01,3.958863e+01,1.700000e+02
1.283499e+06,1.485531e+01,1.343791e+05,1.555314e+00,9.481976e-01,9.485387e-01,1.371492e-03,1.084250e-08,3.795578e+01,8.056828e+00,2.989895e+01,3.958923e+01,1.700000e+02
1.283509e+06,1.485543e+01,1.343891e+05,1.555430e+00,9.482066e-01,9.485388e-01,1.371601e-03,1.084250e-08,3.795663e+01,8.056828e+00,2.989981e+01,3.958984e+01,1.700000e+02
1.283519e+06,1.485555e+01,1.343992e+05,1.555546e+00,9.482156e-01,9.485389e-01,1.371709e-03,1.084250e-08,3.795749e+01,8.056828e+00,2.990067e+01,3.959044e+01,1.700000e+02
1.283529e+06,1.485566e+01,1.344092e+05,1.555661e+00,9.482247e-01,9.485390e-01,1.371818e-03,1.084250e-08,3.795835e+01,8.056828e+00,2.990153e+01,3.959105e+01,1.700000e+02
1.283539e+06,1.485578e+01,1.344192e+05,1.555777e+00,9.482337e-01,9.485391e-01,1.371926e-03,1.084250e-08,3.795921e+01,8.056828e+00,2.990238e+01,3.959165e+01,1.700000e+02
1.283549e+06,1.485589e+01,1.344292e+05,1.555893e+00,9.482427e-01,9.485393e-01,1.372034e-03,1.084249e-08,3.796007e+01,8.056828e+00,2.990324e+01,3.959226e+01,1.700000e+02
1.283559e+06,1.485601e+01,1.344392e+05,1.556009e+00,9.482518e-01,9.485394e-01,1.372143e-03,1.084249e-08,3.796093e+01,8.056828e+00,2.990410e+01,3.959286e+01,1.700000e+02
1.283569e+06,1.485612e+01,1.344492e+05,1.556124e+00,9.482608e-01,9.485395e-01,1.372251e-03,1.084249e-08,3.796179e+01,8.056828e+00,2.990496e+01,3.959347e+01,1.700000e+02
1.283579e+06,1.485624e+01,1.344592e+05,1.556240e+00,9.482699e-01,9.485396e-01,1.372360e-03,1.084249e-08,3.796265e+01,8.056828e+00,2.990582e+01,3.959408e+01,1.700000e+02
1.283589e+06,1.485636e+01,1.344692e+05,1.556356e+00,9.482789e-01,9.485397e-01,1.372468e-03,1.084249e-08,3.796351e+01,8.056828e+00,2.990668e+01,3.959468e+01,1.700000e+02
1.283599e+06,1.485647e+01,1.344792e+05,1.556472e+00,9.482879e-01,9.485398e-01,1.372577e-03,1.084249e-08,3.796437e+01,8.056828e+00,2.990754e+01,3.959529e+01,1.700000e+02
1.283609e+06,1.485659e+01,1.344892e+05,1.556587e+00,9.482970e-01,9.485399e-01,1.372685e-03,1.084249e-08,3.796523e+01,8.056828e+00,2.990840e+01,3.959589e+01,1.700000e+02
1.283619e+06,1.485670e+01,1.344992e+05,1.556703e+00,9.483060e-01,9.485400e-01,1.372793e-03,1.084249e-08,3.796609e+01,8.056828e+00,2.990926e+01,3.959650e+01,1.700000e+02
1.283629e+06,1.485682e+01,1.345092e+05,1.556819e+00,9.483150e-01,9.485401e-01,1.372902e-03,1.084249e-08,3.796695e+01,8.056828e+00,2.991012e+01,3.959710e+01,1.700000e+02
1.283639e+06,1.485693e+01,1.345192e+05,1.556935e+00,9.483241e-01,9.485402e-01,1.373010e-03,1.084248e-08,3.796781e+01,8.056828e+00,2.991098e+01,3.959771e+01,1.700000e+02
1.283649e+06,1.485705e+01,1.345292e+05,1.557050e+00,9.483331e-01,9.485403e-01,1.373119e-03,1.084248e-08,3.796866e+01,8.056828e+00,2.991184e+01,3.959831e+01,1.700000e+02
1.283659e+06,1.485717e+01,1.345392e+05,1.557166e+00,9.483422e-01,9.485404e-01,1.373227e-03,1.084248e-08,3.796952e+01,8.056828e+00,2.991270e+01,3.959892e+01,1.700000e+02
1.283669e+06,1.485728e+01,1.345492e+05,1.557282e+00,9.483512e-01,9.485405e-01,1.373336e-03,1.084248e-08,3.797038e+01,8.056828e+00,2.991356e+01,3.959953e+01,1.700000e+02
1.283679e+06,1.485740e+01,1.345592e+05,1.557398e+00,9.483602e-01,9.485406e-01,1.373444e-03,1.084248e-08,3.797124e+01,8.056828e+00,2.991441e+01,3.960013e+01,1.700000e+02
1.283689e+06,1.485751e+01,1.345692e+05,1.557513e+00,9.483693e-01,9.485407e-01,1.373552e-03,1.084248e-08,3.797210e+01,8.056828e+00,2.991527e+01,3.960074e+01,1.700000e+02
1.283699e+06,1.485763e+01,1.345792e+05,1.557629e+00,9.483783e-01,9.485408e-01,1.373661e-03,1.084248e-08,3.797296e+01,8.056828e+00,2.991613e+01,3.960134e+01,1.700000e+02
1.283709e+06,1.485774e+01,1.345892e+05,1.557745e+00,9.483874e-01,9.485409e-01,1.373769e-03,1.084248e-08,3.797382e+01,8.056828e+00,2.991699e+01,3.960195e+01,1.700000e+02
1.283719e+06,1.485786e+01,1.345992e+05,1.557861e+00,9.483916e-01,9.485410e-01,1.373878e-03,1.084247e-08,3.797468e+01,8.056828e+00,2.991785e+01,3.960271e+01,1.700000e+02
1.283729e+06,1.485798e+01,1.346092e+05,1.557976e+00,9.483864e-01,9.485411e-01,1.373986e-03,1.084247e-08,3.797471e+01,8.056639e+00,2.991807e+01,3.960292e+01,1.699941e+02
1.283739e+06,1.485809e+01,1.346192e+05,1.558092e+00,9.483785e-01,9.485412e-01,1.374095e-03,1.084247e-08,3.797445e+01,8.056387e+00,2.991806e+01,3.960293e+01,1.699861e+02
1.283749e+06,1.485821e+01,1.346292e+05,1.558208e+00,9.483706e-01,9.485413e-01,1.374203e-03,1.084247e-08,3.797420e+01,8.056134e+00,2.991806e+01,3.960294e+01,1.699781e+02
1.283759e+06,1.485832e+01,1.346392e+05,1.558324e+00,9.483627e-01,9.485414e-01,1.374312e-03,1.084247e-08,3.797394e+01,8.055882e+00,2.991806e+01,3.960294e+01,1.699702e+02
1.283769e+06,1.485844e+01,1.346492e+05,1.558439e+00,9.483548e-01,9.485415e-01,1.374420e-03,1.084247e-08,3.797369e+01,8.055630e+00,2.991806e+01,3.960295e+01,1.699622e+02
1.283779e+06,1.485856e+01,1.346592e+05,1.558555e+00,9.483469e-01,9.485416e-01,1.374528e-03,1.084247e-08,3.797343e+01,8.055377e+00,2.991805e+01,3.960296e+01,1.699543e+02
1.283789e+06,1.485867e+01,1.346692e+05,1.558671e+00,9.483390e-01,9.485417e-01,1.374637e-03,1.084247e-08,3.797318e+01,8.055125e+00,2.991805e+01,3.960297e+01,1.699463e+02
1.283799e+06,1.485879e+01,1.346792e+05,1.558787e+00,9.483312e-01,9.485418e-01,1.374745e-03,1.084247e-08,3.797292e+01,8.054873e+00,2.991805e+01,3.960297e+01,1.699384e+02
1.283809e+06,1.485890e+01,1.346892e+05,1.558902e+00,9.483233e-01,9.485419e-01,1.374854e-03,1.084246e-08,3.797267e+01,8.054620e+00,2.991804e+01,3.960298e+01,1.699304e+02
1.283819e+06,1.485902e+01,1.346992e+05,1.559018e+00,9.483154e-01,9.485420e-01,1.374962e-03,1.084246e-08,3.797241e+01,8.054368e+00,2.991804e+01,3.960299e+01,1.699225e+02
1.283829e+06,1.485913e+01,1.347092e+05,1.559134e+00,9.483075e-01,9.485421e-01,1.375071e-03,1.084246e-08,3.797215e+01,8.054115e+00,2.991804e+01,3.960300e+01,1.699145e+02
1.283839e+06,1.485925e+01,1.347192e+05,1.559250e+00,9.482996e-01,9.485422e-01,1.375179e-03,1.084246e-08,3.797190e+01,8.053863e+00,2.991804e+01,3.960300e+01,1.699066e+02
1.283849e+06,1.485937e+01,1.347292e+05,1.559365e+00,9.482917e-01,9.485423e-01,1.375287e-03,1.084246e-08,3.797164e+01,8.053611e+00,2.991803e+01,3.960301e+01,1.698986e+02
1.283859e+06,1.485948e+01,1.347392e+05,1.559481e+00,9.482838e-01,9.485424e-01,1.375396e-03,1.084246e-08,3.797139e+01,8.053358e+00,2.991803e+01,3.960302e+01,1.698906e+02
1.283869e+06,1.485960e+01,1.347492e+05,1.559597e+00,9.482759e-01,9.485425e-01,1.375504e-03,1.084246e-08,3.797113e+01,8.053106e+00,2.991803e+01,3.960303e+01,1.698827e+02
1.283879e+06,1.485971e+01,1.347592e+05,1.559713e+00,9.482680e-01,9.485426e-01,1.375613e-03,1.084246e-08,3.797088e+01,8.052854e+00,2.991803e+01,3.960303e+01,1.698747e+02
1.283889e+06,1.485983e+01,1.347692e+05,1.559828e+00,9.482601e-01,9.485427e-01,1.375721e-03,1.084245e-08,3.797062e+01,8.052601e+00,2.991802e+01,3.960304e+01,1.698668e+02
1.283899e+06,1.485994e+01,1.347792e+05,1.559944e+00,9.482522e-01,9.485429e-01,1.375830e-03,1.084245e-08,3.797037e+01,8.052349e+00,2.991802e+01,3.960305e+01,1.698588e+02
1.283909e+06,1.486006e+01,1.347892e+05,1.560060e+00,9.482443e-01,9.485430e-01,1.375938e-03,1.084245e-08,3.797011e+01,8.052096e+00,2.991802e+01,3.960306e+01,1.698509e+02
1.283919e+06,1.486018e+01,1.347992e+05,1.560176e+00,9.482364e-01,9.485431e-01,1.376046e-03,1.084245e-08,3.796986e+01,8.051844e+00,2.991801e+01,3.960306e+01,1.698429e+02
1.283929e+06,1.486029e+01,1.348092e+05,1.560291e+00,9.482285e-01,9.485432e-01,1.376155e-03,1.084245e-08,3.796960e+01,8.051592e+00,2.991801e+01,3.960307e+01,1.698350e+02
1.283939e+06,1.486041e+01,1.348192e+05,1.560407e+00,9.482206e-01,9.485433e-01,1.376263e-03,1.084245e-08,3.796935e+01,8.051339e+00,2.991801e+01,3.960308e+01,1.698270e+02
1.283949e+06,1.486052e+01,1.348292e+05,1.560523e+00,9.482127e-01,9.485434e-01,1.376372e-03,1.084245e-08,3.796909e+01,8.051087e+00,2.991801e+01,3.960309e+01,1.698190e+02
1.283959e+06,1.486064e+01,1.348392e+05,1.560639e+00,9.482048e-01,9.485435e-01,1.376480e-03,1.084245e-08,3.796884e+01,8.050835e+00,2.991800e+01,3.960309e+01,1.698111e+02
1.283969e+06,1.486075e+01,1.348492e+05,1.560754e+00,9.482027e-01,9.485436e-01,1.376589e-03,1.084245e-08,3.796858e+01,8.050582e+00,2.991800e+01,3.960291e+01,1.698031e+02
1.283979e+06,1.486087e+01,1.348592e+05,1.560870e+00,9.482200e-01,9.485437e-01,1.376697e-03,1.084244e-08,3.796879e+01,8.050483e+00,2.991831e+01,3.960256e+01,1.698024e+02
1.283989e+06,1.486099e+01,1.348692e+05,1.560986e+00,9.482473e-01,9.485438e-01,1.376805e-03,1.084244e-08,3.796931e+01,8.050483e+00,2.991883e+01,3.960219e+01,1.698064e+02
1.283999e+06,1.486110e+01,1.348792e+05,1.561102e+00,9.482746e-01,9.485439e-01,1.376914e-03,1.084244e-08,3.796982e+01,8.050483e+00,2.991934e+01,3.960183e+01,1.698104e+02
1.284009e+06,1.486122e+01,1.348892e+05,1.561217e+00,9.483020e-01,9.485440e-01,1.377022e-03,1.084244e-08,3.797034e+01,8.050483e+00,2.991985e+01,3.960146e+01,1.698144e+02
1.284019e+06,1.486133e+01,1.348992e+05,1.561333e+00,9.483293e-01,9.485441e-01,1.377131e-03,1.084244e-08,3.797085e+01,8.050483e+00,2.992037e+01,3.960109e+01,1.698184e+02
1.284029e+06,1.486145e+01,1.349092e+05,1.561449e+00,9.483566e-01,9.485442e-01,1.377239e-03,1.084244e-08,3.797136e+01,8.050483e+00,2.992088e+01,3.960072e+01,1.698225e+02
1.284039e+06,1.486156e+01,1.349192e+05,1.561565e+00,9.483840e-01,9.485443e-01,1.377348e-03,1.084244e-08,3.797188e+01,8.050483e+00,2.992139e+01,3.960036e+01,1.698265e+02
1.284049e+06,1.486168e+01,1.349292e+05,1.561680e+00,9.484113e-01,9.485444e-01,1.377456e-03,1.084244e-08,3.797239e+01,8.050483e+00,2.992191e+01,3.959999e+01,1.698305e+02
1.284059e+06,1.486180e+01,1.349392e+05,1.561796e+00,9.484386e-01,9.485445e-01,1.377564e-03,1.084243e-08,3.797290e+01,8.050483e+00,2.992242e+01,3.959962e+01,1.698345e+02
1.284069e+06,1.486191e+01,1.349492e+05,1.561912e+00,9.484660e-01,9.485446e-01,1.377673e-03,1.084243e-08,3.797342e+01,8.050483e+00,2.992294e+01,3.959925e+01,1.698385e+02
1.284079e+06,1.486203e+01,1.349592e+05,1.562028e+00,9.484933e-01,9.485447e-01,1.377781e-03,1.084243e-08,3.797393e+01,8.050483e+00,2.992345e+01,3.959889e+01,1.698425e+02
1.284089e+06,1.486214e+01,1.349692e+05,1.562143e+00,9.485206e-01,9.485448e-01,1.377890e-03,1.084243e-08,3.797445e+01,8.050483e+00,2.992396e+01,3.959852e+01,1.698465e+02
1.284099e+06,1.486226e+01,1.349792e+05,1.562259e+00,9.485480e-01,9.485449e-01,1.377998e-03,1.084243e-08,3.797496e+01,8.050483e+00,2.992448e+01,3.959815e+01,1.698505e+02
1.284109e+06,1.486237e+01,1.349892e+05,1.562375e+00,9.485753e-01,9.485450e-01,1.378107e-03,1.084243e-08,3.797547e+01,8.050483e+00,2.992499e+01,3.959778e+01,1.698545e+02
1.284119e+06,1.486249e+01,1.349992e+05,1.562491e+00,9.486026e-01,9.485451e-01,1.378215e-03,1.084243e-08,3.797599e+01,8.050483e+00,2.992550e+01,3.959742e+01,1.698585e+02
1.284129e+06,1.486261e+01,1.350092e+05,1.562606e+00,9.486300e-01,9.485452e-01,1.378323e-03,1.084243e-08,3.797650e+01,8.050483e+00,2.992602e+01,3.959705e+01,1.698625e+02
1.284139e+06,1.486272e+01,1.350192e+05,1.562722e+00,9.486573e-01,9.485453e-01,1.378432e-03,1.084243e-08,3.797701e+01,8.050483e+00,2.992653e+01,3.959668e+01,1.698665e+02
1.284149e+06,1.486284e+01,1.350292e+05,1.562838e+00,9.486847e-01,9.485454e-01,1.378540e-03,1.084242e-08,3.797753e+01,8.050483e+00,2.992705e+01,3.959631e+01,1.698705e+02
1.284159e+06,1.486295e+01,1.350392e+05,1.562954e+00,9.487120e-01,9.485455e-01,1.378649e-03,1.084242e-08,3.797804e+01,8.050483e+00,2.992756e+01,3.959595e+01,1.698745e+02
1.284169e+06,1.486307e+01,1.350492e+05,1.563069e+00,9.487393e-01,9.485456e-01,1.378757e-03,1.084242e-08,3.797856e+01,8.050483e+00,2.992807e+01,3.959558e+01,1.698785e+02
1.284179e+06,1.486319e+01,1.350592e+05,1.563185e+00,9.487667e-01,9.485457e-01,1.378866e-03,1.084242e-08,3.797907e+01,8.050483e+00,2.992859e+01,3.959521e+01,1.698825e+02
1.284189e+06,1.486330e+01,1.350692e+05,1.563301e+00,9.487940e-01,9.485458e-01,1.378974e-03,1.084242e-08,3.797958e+01,8.050483e+00,2.992910e+01,3.959484e+01,1.698865e+02
1.284199e+06,1.486342e+01,1.350792e+05,1.563417e+00,9.488213e-01,9.485459e-01,1.379083e-03,1.084242e-08,3.798010e+01,8.050483e+00,2.992961e+01,3.959448e+01,1.698905e+02
1.284209e+06,1.486353e+01,1.350892e+05,1.563532e+00,9.488487e-01,9.485460e-01,1.379191e-03,1.084242e-08,3.798061e+01,8.050483e+00,2.993013e+01,3.959411e+01,1.698945e+02
1.284219e+06,1.486365e+01,1.350992e+05,1.563648e+00,9.488740e-01,9.485461e-01,1.379299e-03,1.084242e-08,3.798112e+01,8.050483e+00,2.993064e+01,3.959381e+01,1.698986e+02
1.284229e+06,1.486376e+01,1.351092e+05,1.563764e+00,9.488720e-01,9.485462e-01,1.379408e-03,1.084241e-08,3.798115e+01,8.050483e+00,2.993066e+01,3.959390e+01,1.699000e+02
1.284239e+06,1.486388e+01,1.351192e+05,1.563880e+00,9.488552e-01,9.485463e-01,1.379516e-03,1.084241e-08,3.798089e+01,8.050483e+00,2.993041e+01,3.959419e+01,1.699000e+02
1.284249e+06,1.486400e+01,1.351292e+05,1.563995e+00,9.488384e-01,9.485465e-01,1.379625e-03,1.084241e-08,3.798063e+01,8.050483e+00,2.993015e+01,3.959447e+01,1.699000e+02
1.284259e+06,1.486411e+01,1.351392e+05,1.564111e+00,9.488216e-01,9.485466e-01,1.379733e-03,1.084241e-08,3.798038e+01,8.050483e+00,2.992989e+01,3.959476e+01,1.699000e+02
1.284269e+06,1.486423e+01,1.351492e+05,1.564227e+00,9.488048e-01,9.485467e-01,1.379842e-03,1.084241e-08,3.798012e+01,8.050483e+00,2.992964e+01,3.959505e+01,1.699000e+02
1.284279e+06,1.486434e+01,1.351592e+05,1.564343e+00,9.487880e-01,9.485468e-01,1.379950e-03,1.084241e-08,3.797986e+01,8.050483e+00,2.992938e+01,3.959534e+01,1.699000e+02
1.284289e+06,1.486446e+01,1.351692e+05,1.564458e+00,9.487712e-01,9.485469e-01,1.380058e-03,1.084241e-08,3.797961e+01,8.050483e+00,2.992912e+01,3.959562e+01,1.699000e+02
1.284299e+06,1.486457e+01,1.351792e+05,1.564574e+00,9.487545e-01,9.485470e-01,1.380167e-03,1.084241e-08,3.797935e+01,8.050483e+00,2.992887e+01,3.959591e+01,1.699000e+02
1.284309e+06,1.486469e+01,1.351892e+05,1.564690e+00,9.487377e-01,9.485471e-01,1.380275e-03,1.084241e-08,3.797909e+01,8.050483e+00,2.992861e+01,3.959620e+01,1.699000e+02
1.284319e+06,1.486481e+01,1.351992e+05,1.564806e+00,9.487209e-01,9.485472e-01,1.380384e-03,1.084240e-08,3.797883e+01,8.050483e+00,2.992835e+01,3.959649e+01,1.699000e+02
1.284329e+06,1.486492e+01,1.352092e+05,1.564921e+00,9.487041e-01,9.485473e-01,1.380492e-03,1.084240e-08,3.797858e+01,8.050483e+00,2.992809e+01,3.959677e+01,1.699000e+02
1.284339e+06,1.486504e+01,1.352192e+05,1.565037e+00,9.486873e-01,9.485474e-01,1.380601e-03,1.084240e-08,3.797832e+01,8.050483e+00,2.992784e+01,3.959706e+01,1.699000e+02
1.284349e+06,1.486515e+01,1.352292e+05,1.565153e+00,9.486705e-01,9.485475e-01,1.380709e-03,1.084240e-08,3.797806e+01,8.050483e+00,2.992758e+01,3.959735e+01,1.699000e+02
1.284359e+06,1.486527e+01,1.352392e+05,1.565269e+00,9.486537e-01,9.485476e-01,1.380817e-03,1.084240e-08,3.797781e+01,8.050483e+00,2.992732e+01,3.959764e+01,1.699000e+02
1.284369e+06,1.486538e+01,1.352492e+05,1.565384e+00,9.486369e-01,9.485477e-01,1.380926e-03,1.084240e-08,3.797755e+01,8.050483e+00,2.992707e+01,3.959792e+01,1.699000e+02
1.284379e+06,1.486550e+01,1.352592e+05,1.565500e+00,9.486202e-01,9.485478e-01,1.381034e-03,1.084240e-08,3.797729e+01,8.050483e+00,2.992681e+01,3.959821e+01,1.699000e+02
1.284389e+06,1.486562e+01,1.352692e+05,1.565616e+00,9.486034e-01,9.485479e-01,1.381143e-03,1.084240e-08,3.797704e+01,8.050483e+00,2.992655e+01,3.959850e+01,1.699000e+02
1.284399e+06,1.486573e+01,1.352792e+05,1.565732e+00,9.485866e-01,9.485480e-01,1.381251e-03,1.084239e-08,3.797678e+01,8.050483e+00,2.992630e+01,3.959879e+01,1.699000e+02
1.284409e+06,1.486585e+01,1.352892e+05,1.565847e+00,9.485698e-01,9.485481e-01,1.381360e-03,1.084239e-08,3.797652e+01,8.050483e+00,2.992604e+01,3.959907e+01,1.699000e+02
1.284419e+06,1.486596e+01,1.352992e+05,1.565963e+00,9.485530e-01,9.485482e-01,1.381468e-03,1.084239e-08,3.797627e+01,8.050483e+00,2.992578e+01,3.959936e+01,1.699000e+02
1.284429e+06,1.486608e+01,1.353092e+05,1.566079e+00,9.485362e-01,9.485483e-01,1.381576e-03,1.084239e-08,3.797601e+01,8.050483e+00,2.992553e+01,3.959965e+01,1.699000e+02
1.284439e+06,1.486619e+01,1.353192e+05,1.566195e+00,9.485194e-01,9.485484e-01,1.381685e-03,1.084239e-08,3.797575e+01,8.050483e+00,2.992527e+01,3.959994e+01,1.699000e+02
1.284449e+06,1.486631e+01,1.353292e+05,1.566310e+00,9.485027e-01,9.485485e-01,1.381793e-03,1.084239e-08,3.797550e+01,8.050483e+00,2.992501e+01,3.960022e+01,1.699000e+02
1.284459e+06,1.486643e+01,1.353392e+05,1.566426e+00,9.484859e-01,9.485486e-01,1.381902e-03,1.084239e-08,3.797524e+01,8.050483e+00,2.992476e+01,3.960051e+01,1.699000e+02
1.284469e+06,1.486654e+01,1.353492e+05,1.566542e+00,9.484691e-01,9.485487e-01,1.382010e-03,1.084239e-08,3.797498e+01,8.050483e+00,2.992450e+01,3.960080e+01,1.699000e+02
1.284479e+06,1.486666e+01,1.353592e+05,1.566658e+00,9.484613e-01,9.485488e-01,1.382119e-03,1.084239e-08,3.797490e+01,8.050483e+00,2.992441e+01,3.960097e+01,1.699000e+02
1.284489e+06,1.486677e+01,1.353692e+05,1.566773e+00,9.484580e-01,9.485489e-01,1.382227e-03,1.084238e-08,3.797490e+01,8.050483e+00,2.992441e+01,3.960108e+01,1.699000e+02
1.284499e+06,1.486689e+01,1.353792e+05,1.566889e+00,9.484547e-01,9.485490e-01,1.382335e-03,1.084238e-08,3.797490e+01,8.050483e+00,2.992441e+01,3.960119e+01,1.699000e+02
1.284509e+06,1.486700e+01,1.353892e+05,1.567005e+00,9.484514e-01,9.485491e-01,1.382444e-03,1.084238e-08,3.797490e+01,8.050483e+00,2.992441e+01,3.960130e+01,1.699000e+02
1.284519e+06,1.486712e+01,1.353992e+05,1.567121e+00,9.484481e-01,9.485492e-01,1.382552e-03,1.084238e-08,3.797490e+01,8.050483e+00,2.992441e+01,3.960141e+01,1.699000e+02
1.284529e+06,1.486724e+01,1.354092e+05,1.567236e+00,9.484448e-01,9.485493e-01,1.382661e-03,1.084238e-08,3.797490e+01,8.050483e+00,2.992441e+01,3.960152e+01,1.699000e+02
1.284539e+06,1.486735e+01,1.354192e+05,1.567352e+00,9.484415e-01,9.485494e-01,1.382769e-03,1.084238e-08,3.797490e+01,8.050483e+00,2.992441e+01,3.960163e+01,1.699000e+02
1.284549e+06,1.486747e+01,1.354292e+05,1.567468e+00,9.484382e-01,9.485495e-01,1.382878e-03,1.084238e-08,3.797490e+01,8.050483e+00,2.992441e+01,3.960173e+01,1.699000e+02
1.284559e+06,1.486758e+01,1.354392e+05,1.567584e+00,9.484349e-01,9.485496e-01,1.382986e-03,1.084238e-08,3.797490e+01,8.050483e+00,2.992441e+01,3.960184e+01,1.699000e+02
1.284569e+06,1.486770e+01,1.354492e+05,1.567699e+00,9.484316e-01,9.485497e-01,1.383094e-03,1.084237e-08,3.797490e+01,8.050483e+00,2.992441e+01,3.960195e+01,1.699000e+02
1.284579e+06,1.486782e+01,1.354592e+05,1.567815e+00,9.484283e-01,9.485498e-01,1.383203e-03,1.084237e-08,3.797490e+01,8.050483e+00,2.992441e+01,3.960206e+01,1.699000e+02
1.284589e+06,1.486793e+01,1.354692e+05,1.567931e+00,9.484250e-01,9.485499e-01,1.383311e-03,1.084237e-08,3.797490e+01,8.050483e+00,2.992441e+01,3.960217e+01,1.699000e+02
1.284599e+06,1.486805e+01,1.354792e+05,1.568047e+00,9.484217e-01,9.485501e-01,1.383420e-03,1.084237e-08,3.797490e+01,8.050483e+00,2.992441e+01,3.960228e+01,1.699000e+02
1.284609e+06,1.486816e+01,1.354892e+05,1.568162e+00,9.484184e-01,9.485502e-01,1.383528e-03,1.084237e-08,3.797490e+01,8.050483e+00,2.992441e+01,3.960239e+01,1.699000e+02
1.284619e+06,1.486828e+01,1.354992e+05,1.568278e+00,9.484151e-01,9.485503e-01,1.383637e-03,1.084237e-08,3.797490e+01,8.050483e+00,2.992441e+01,3.960250e+01,1.699000e+02
1.284629e+06,1.486839e+01,1.355092e+05,1.568394e+00,9.484118e-01,9.485504e-01,1.383745e-03,1.084237e-08,3.797490e+01,8.050483e+00,2.992441e+01,3.960261e+01,1.699000e+02
1.284639e+06,1.486851e+01,1.355192e+05,1.568510e+00,9.484085e-01,9.485505e-01,1.383853e-03,1.084237e-08,3.797490e+01,8.050483e+00,2.992441e+01,3.960272e+01,1.699000e+02
1.284649e+06,1.486863e+01,1.355292e+05,1.568625e+00,9.484052e-01,9.485506e-01,1.383962e-03,1.084237e-08,3.797490e+01,8.050483e+00,2.992441e+01,3.960283e+01,1.699000e+02
1.284659e+06,1.486874e+01,1.355392e+05,1.568741e+00,9.484019e-01,9.485507e-01,1.384070e-03,1.084236e-08,3.797490e+01,8.050483e+00,2.992441e+01,3.960294e+01,1.699000e+02
1.284669e+06,1.486886e+01,1.355492e+05,1.568857e+00,9.483986e-01,9.485508e-01,1.384179e-03,1.084236e-08,3.797490e+01,8.050483e+00,2.992441e+01,3.960305e+01,1.699000e+02
1.284679e+06,1.486897e+01,1.355592e+05,1.568973e+00,9.483953e-01,9.485509e-01,1.384287e-03,1.084236e-08,3.797490e+01,8.050483e+00,2.992441e+01,3.960316e+01,1.699000e+02
1.284689e+06,1.486909e+01,1.355692e+05,1.569088e+00,9.483920e-01,9.485510e-01,1.384396e-03,1.084236e-08,3.797490e+01,8.050483e+00,2.992441e+01,3.960327e+01,1.699000e+02
1.284699e+06,1.486920e+01,1.355792e+05,1.569204e+00,9.483887e-01,9.485511e-01,1.384504e-03,1.084236e-08,3.797490e+01,8.050483e+00,2.992441e+01,3.960338e+01,1.699000e+02
1.284709e+06,1.486932e+01,1.355892e+05,1.569320e+00,9.483854e-01,9.485512e-01,1.384613e-03,1.084236e-08,3.797490e+01,8.050483e+00,2.992441e+01,3.960349e+01,1.699000e+02
1.284719e+06,1.486944e+01,1.355992e+05,1.569436e+00,9.483841e-01,9.485513e-01,1.384721e-03,1.084236e-08,3.797490e+01,8.050483e+00,2.992441e+01,3.960354e+01,1.699000e+02
1.284729e+06,1.486955e+01,1.356092e+05,1.569551e+00,9.483932e-01,9.485514e-01,1.384829e-03,1.084236e-08,3.797474e+01,8.050483e+00,2.992426e+01,3.960306e+01,1.699025e+02
1.284739e+06,1.486967e+01,1.356192e+05,1.569667e+00,9.484081e-01,9.485515e-01,1.384938e-03,1.084235e-08,3.797448e+01,8.050483e+00,2.992400e+01,3.960230e+01,1.699065e+02
1.284749e+06,1.486978e+01,1.356292e+05,1.569783e+00,9.484230e-01,9.485516e-01,1.385046e-03,1.084235e-08,3.797422e+01,8.050483e+00,2.992374e+01,3.960153e+01,1.699105e+02
1.284759e+06,1.486990e+01,1.356392e+05,1.569899e+00,9.484380e-01,9.485517e-01,1.385155e-03,1.084235e-08,3.797397e+01,8.050483e+00,2.992348e+01,3.960076e+01,1.699145e+02
1.284769e+06,1.487001e+01,1.356492e+05,1.570014e+00,9.484529e-01,9.485518e-01,1.385263e-03,1.084235e-08,3.797371e+01,8.050483e+00,2.992323e+01,3.960000e+01,1.699185e+02
1.284779e+06,1.487013e+01,1.356592e+05,1.570130e+00,9.484678e-01,9.485519e-01,1.385372e-03,1.084235e-08,3.797345e+01,8.050483e+00,2.992297e+01,3.959923e+01,1.699225e+02
1.284789e+06,1.487025e+01,1.356692e+05,1.570246e+00,9.484827e-01,9.485520e-01,1.385480e-03,1.084235e-08,3.797320e+01,8.050483e+00,2.992271e+01,3.959847e+01,1.699265e+02
1.284799e+06,1.487036e+01,1.356792e+05,1.570362e+00,9.484976e-01,9.485521e-01,1.385588e-03,1.084235e-08,3.797294e+01,8.050483e+00,2.992246e+01,3.959770e+01,1.699305e+02
1.284809e+06,1.487048e+01,1.356892e+05,1.570477e+00,9.485125e-01,9.485522e-01,1.385697e-03,1.084235e-08,3.797268e+01,8.050483e+00,2.992220e+01,3.959693e+01,1.699345e+02
1.284819e+06,1.487059e+01,1.356992e+05,1.570593e+00,9.485274e-01,9.485523e-01,1.385805e-03,1.084235e-08,3.797243e+01,8.050483e+00,2.992194e+01,3.959617e+01,1.699385e+02
1.284829e+06,1.487071e+01,1.357092e+05,1.570709e+00,9.485423e-01,9.485524e-01,1.385914e-03,1.084234e-08,3.797217e+01,8.050483e+00,2.992169e+01,3.959540e+01,1.699425e+02
1.284839e+06,1.487082e+01,1.357192e+05,1.570825e+00,9.485572e-01,9.485525e-01,1.386022e-03,1.084234e-08,3.797191e+01,8.050483e+00,2.992143e+01,3.959463e+01,1.699465e+02
1.284849e+06,1.487094e+01,1.357292e+05,1.570940e+00,9.485721e-01,9.485526e-01,1.386131e-03,1.084234e-08,3.797166e+01,8.050483e+00,2.992117e+01,3.959387e+01,1.699505e+02
1.284859e+06,1.487106e+01,1.357392e+05,1.571056e+00,9.485870e-01,9.485527e-01,1.386239e-03,1.084234e-08,3.797140e+01,8.050483e+00,2.992092e+01,3.959310e+01,1.699545e+02
1.284869e+06,1.487117e+01,1.357492e+05,1.571172e+00,9.486019e-01,9.485528e-01,1.386347e-03,1.084234e-08,3.797114e+01,8.050483e+00,2.992066e+01,3.959233e+01,1.699585e+02
1.284879e+06,1.487129e+01,1.357592e+05,1.571288e+00,9.486168e-01,9.485529e-01,1.386456e-03,1.084234e-08,3.797089e+01,8.050483e+00,2.992040e+01,3.959157e+01,1.699625e+02
1.284889e+06,1.487140e+01,1.357692e+05,1.571403e+00,9.486317e-01,9.485530e-01,1.386564e-03,1.084234e-08,3.797063e+01,8.050483e+00,2.992015e+01,3.959080e+01,1.699665e+02
1.284899e+06,1.487152e+01,1.357792e+05,1.571519e+00,9.486466e-01,9.485531e-01,1.386673e-03,1.084234e-08,3.797037e+01,8.050483e+00,2.991989e+01,3.959003e+01,1.699706e+02
1.284909e+06,1.487163e+01,1.357892e+05,1.571635e+00,9.486615e-01,9.485532e-01,1.386781e-03,1.084233e-08,3.797011e+01,8.050483e+00,2.991963e+01,3.958927e+01,1.699746e+02
1.284919e+06,1.487175e+01,1.357992e+05,1.571751e+00,9.486764e-01,9.485533e-01,1.386890e-03,1.084233e-08,3.796986e+01,8.050483e+00,2.991937e+01,3.958850e+01,1.699786e+02
1.284929e+06,1.487187e+01,1.358092e+05,1.571866e+00,9.486913e-01,9.485534e-01,1.386998e-03,1.084233e-08,3.796960e+01,8.050483e+00,2.991912e+01,3.958774e+01,1.699826e+02
1.284939e+06,1.487198e+01,1.358192e+05,1.571982e+00,9.487062e-01,9.485535e-01,1.387106e-03,1.084233e-08,3.796934e+01,8.050483e+00,2.991886e+01,3.958697e+01,1.699866e+02
1.284949e+06,1.487210e+01,1.358292e+05,1.572098e+00,9.487211e-01,9.485537e-01,1.387215e-03,1.084233e-08,3.796909e+01,8.050483e+00,2.991860e+01,3.958620e+01,1.699906e+02
1.284959e+06,1.487221e+01,1.358392e+05,1.572214e+00,9.487360e-01,9.485538e-01,1.387323e-03,1.084233e-08,3.796883e+01,8.050483e+00,2.991835e+01,3.958544e+01,1.699946e+02
1.284969e+06,1.487233e+01,1.358492e+05,1.572329e+00,9.487468e-01,9.485539e-01,1.387432e-03,1.084233e-08,3.796857e+01,8.050483e+00,2.991809e+01,3.958481e+01,1.699986e+02
1.284979e+06,1.487245e+01,1.358592e+05,1.572445e+00,9.487369e-01,9.485540e-01,1.387540e-03,1.084233e-08,3.796915e+01,8.050483e+00,2.991867e+01,3.958574e+01,1.699974e+02
1.284989e+06,1.487256e+01,1.358693e+05,1.572561e+00,9.487170e-01,9.485541e-01,1.387649e-03,1.084233e-08,3.797018e+01,8.050483e+00,2.991969e+01,3.958749e+01,1.699934e+02
1.284999e+06,1.487268e+01,1.358793e+05,1.572677e+00,9.486971e-01,9.485542e-01,1.387757e-03,1.084232e-08,3.797120e+01,8.050483e+00,2.992072e+01,3.958923e+01,1.699894e+02
1.285009e+06,1.487279e+01,1.358893e+05,1.572792e+00,9.486772e-01,9.485543e-01,1.387865e-03,1.084232e-08,3.797223e+01,8.050483e+00,2.992175e+01,3.959098e+01,1.699854e+02
1.285019e+06,1.487291e+01,1.358993e+05,1.572908e+00,9.486574e-01,9.485544e-01,1.387974e-03,1.084232e-08,3.797326e+01,8.050483e+00,2.992278e+01,3.959272e+01,1.699814e+02
1.285029e+06,1.487302e+01,1.359093e+05,1.573024e+00,9.486375e-01,9.485545e-01,1.388082e-03,1.084232e-08,3.797429e+01,8.050483e+00,2.992380e+01,3.959446e+01,1.699774e+02
1.285039e+06,1.487314e+01,1.359193e+05,1.573140e+00,9.486176e-01,9.485546e-01,1.388191e-03,1.084232e-08,3.797531e+01,8.050483e+00,2.992483e+01,3.959621e+01,1.699734e+02
1.285049e+06,1.487326e+01,1.359293e+05,1.573255e+00,9.485978e-01,9.485547e-01,1.388299e-03,1.084232e-08,3.797634e+01,8.050483e+00,2.992586e+01,3.959795e+01,1.699694e+02
1.285059e+06,1.487337e+01,1.359393e+05,1.573371e+00,9.485779e-01,9.485548e-01,1.388408e-03,1.084232e-08,3.797737e+01,8.050483e+00,2.992689e+01,3.959970e+01,1.699654e+02
1.285069e+06,1.487349e+01,1.359493e+05,1.573487e+00,9.485580e-01,9.485549e-01,1.388516e-03,1.084232e-08,3.797840e+01,8.050483e+00,2.992791e+01,3.960144e+01,1.699614e+02
1.285079e+06,1.487360e+01,1.359593e+05,1.573603e+00,9.485381e-01,9.485550e-01,1.388624e-03,1.084231e-08,3.797942e+01,8.050483e+00,2.992894e+01,3.960319e+01,1.699574e+02
1.285089e+06,1.487372e+01,1.359693e+05,1.573718e+00,9.485183e-01,9.485551e-01,1.388733e-03,1.084231e-08,3.798045e+01,8.050483e+00,2.992997e+01,3.960493e+01,1.699533e+02
1.285099e+06,1.487383e+01,1.359793e+05,1.573834e+00,9.484984e-01,9.485552e-01,1.388841e-03,1.084231e-08,3.798148e+01,8.050483e+00,2.993100e+01,3.960667e+01,1.699493e+02
1.285109e+06,1.487395e+01,1.359893e+05,1.573950e+00,9.484785e-01,9.485553e-01,1.388950e-03,1.084231e-08,3.798251e+01,8.050483e+00,2.993202e+01,3.960842e+01,1.699453e+02
1.285119e+06,1.487407e+01,1.359993e+05,1.574066e+00,9.484586e-01,9.485554e-01,1.389058e-03,1.084231e-08,3.798353e+01,8.050483e+00,2.993305e+01,3.961016e+01,1.699413e+02
1.285129e+06,1.487418e+01,1.360093e+05,1.574181e+00,9.484388e-01,9.485555e-01,1.389167e-03,1.084231e-08,3.798456e+01,8.050483e+00,2.993408e+01,3.961191e+01,1.699373e+02
1.285139e+06,1.487430e+01,1.360193e+05,1.574297e+00,9.484189e-01,9.485556e-01,1.389275e-03,1.084231e-08,3.798559e+01,8.050483e+00,2.993511e+01,3.961365e+01,1.699333e+02
1.285149e+06,1.487441e+01,1.360293e+05,1.574413e+00,9.483990e-01,9.485557e-01,1.389383e-03,1.084231e-08,3.798662e+01,8.050483e+00,2.993613e+01,3.961540e+01,1.699293e+02
1.285159e+06,1.487453e+01,1.360393e+05,1.574528e+00,9.483791e-01,9.485558e-01,1.389492e-03,1.084231e-08,3.798764e+01,8.050483e+00,2.993716e+01,3.961714e+01,1.699253e+02
1.285169e+06,1.487464e+01,1.360493e+05,1.574644e+00,9.483593e-01,9.485559e-01,1.389600e-03,1.084230e-08,3.798867e+01,8.050483e+00,2.993819e+01,3.961889e+01,1.699213e+02
1.285179e+06,1.487476e+01,1.360593e+05,1.574760e+00,9.483394e-01,9.485560e-01,1.389709e-03,1.084230e-08,3.798970e+01,8.050483e+00,2.993922e+01,3.962063e+01,1.699173e+02
1.285189e+06,1.487488e+01,1.360693e+05,1.574876e+00,9.483195e-01,9.485561e-01,1.389817e-03,1.084230e-08,3.799073e+01,8.050483e+00,2.994024e+01,3.962238e+01,1.699133e+02
1.285199e+06,1.487499e+01,1.360793e+05,1.574991e+00,9.482996e-01,9.485562e-01,1.389926e-03,1.084230e-08,3.799175e+01,8.050483e+00,2.994127e+01,3.962412e+01,1.699093e+02
1.285209e+06,1.487511e+01,1.360893e+05,1.575107e+00,9.482798e-01,9.485563e-01,1.390034e-03,1.084230e-08,3.799278e+01,8.050483e+00,2.994230e+01,3.962587e+01,1.699053e+02
1.285219e+06,1.487522e+01,1.360993e+05,1.575223e+00,9.482621e-01,9.485564e-01,1.390142e-03,1.084230e-08,3.799381e+01,8.050483e+00,2.994333e+01,3.962754e+01,1.699013e+02
1.285229e+06,1.487534e+01,1.361093e+05,1.575339e+00,9.482608e-01,9.485565e-01,1.390251e-03,1.084230e-08,3.799379e+01,8.050483e+00,2.994331e+01,3.962756e+01,1.699000e+02
1.285239e+06,1.487545e+01,1.361193e+05,1.575454e+00,9.482668e-01,9.485566e-01,1.390359e-03,1.084230e-08,3.799327e+01,8.050483e+00,2.994279e+01,3.962682e+01,1.699000e+02
1.285249e+06,1.487557e+01,1.361293e+05,1.575570e+00,9.482728e-01,9.485567e-01,1.390468e-03,1.084229e-08,3.799276e+01,8.050483e+00,2.994228e+01,3.962608e+01,1.699000e+02
1.285259e+06,1.487569e+01,1.361393e+05,1.575686e+00,9.482788e-01,9.485568e-01,1.390576e-03,1.084229e-08,3.799225e+01,8.050483e+00,2.994176e+01,3.962534e+01,1.699000e+02
1.285269e+06,1.487580e+01,1.361493e+05,1.575802e+00,9.482849e-01,9.485569e-01,1.390685e-03,1.084229e-08,3.799173e+01,8.050483e+00,2.994125e+01,3.962459e+01,1.699000e+02
1.285279e+06,1.487592e+01,1.361593e+05,1.575917e+00,9.482909e-01,9.485570e-01,1.390793e-03,1.084229e-08,3.799122e+01,8.050483e+00,2.994074e+01,3.962385e+01,1.699000e+02
1.285289e+06,1.487603e+01,1.361693e+05,1.576033e+00,9.482969e-01,9.485571e-01,1.390901e-03,1.084229e-08,3.799071e+01,8.050483e+00,2.994022e+01,3.962311e+01,1.699000e+02
1.285299e+06,1.487615e+01,1.361793e+05,1.576149e+00,9.483029e-01,9.485573e-01,1.391010e-03,1.084229e-08,3.799019e+01,8.050483e+00,2.993971e+01,3.962237e+01,1.699000e+02
1.285309e+06,1.487626e+01,1.361893e+05,1.576265e+00,9.483089e-01,9.485574e-01,1.391118e-03,1.084229e-08,3.798968e+01,8.050483e+00,2.993920e+01,3.962163e+01,1.699000e+02
1.285319e+06,1.487638e+01,1.361993e+05,1.576380e+00,9.483149e-01,9.485575e-01,1.391227e-03,1.084229e-08,3.798916e+01,8.050483e+00,2.993868e+01,3.962088e+01,1.699000e+02
1.285329e+06,1.487650e+01,1.362093e+05,1.576496e+00,9.483209e-01,9.485576e-01,1.391335e-03,1.084229e-08,3.798865e+01,8.050483e+00,2.993817e+01,3.962014e+01,1.699000e+02
1.285339e+06,1.487661e+01,1.362193e+05,1.576612e+00,9.483269e-01,9.485577e-01,1.391444e-03,1.084228e-08,3.798814e+01,8.050483e+00,2.993765e+01,3.961940e+01,1.699000e+02
1.285349e+06,1.487673e+01,1.362293e+05,1.576728e+00,9.483329e-01,9.485578e-01,1.391552e-03,1.084228e-08,3.798762e+01,8.050483e+00,2.993714e+01,3.961866e+01,1.699000e+02
1.285359e+06,1.487684e+01,1.362393e+05,1.576843e+00,9.483389e-01,9.485579e-01,1.391660e-03,1.084228e-08,3.798711e+01,8.050483e+00,2.993663e+01,3.961792e+01,1.699000e+02
1.285369e+06,1.487696e+01,1.362493e+05,1.576959e+00,9.483449e-01,9.485580e-01,1.391769e-03,1.084228e-08,3.798660e+01,8.050483e+00,2.993611e+01,3.961718e+01,1.699000e+02
1.285379e+06,1.487707e+01,1.362593e+05,1.577075e+00,9.483510e-01,9.485581e-01,1.391877e-03,1.084228e-08,3.798608e+01,8.050483e+00,2.993560e+01,3.961643e+01,1.699000e+02
1.285389e+06,1.487719e+01,1.362693e+05,1.577191e+00,9.483570e-01,9.485582e-01,1.391986e-03,1.084228e-08,3.798557e+01,8.050483e+00,2.993509e+01,3.961569e+01,1.699000e+02
1.285399e+06,1.487731e+01,1.362793e+05,1.577306e+00,9.483630e-01,9.485583e-01,1.392094e-03,1.084228e-08,3.798505e+01,8.050483e+00,2.993457e+01,3.961495e+01,1.699000e+02
1.285409e+06,1.487742e+01,1.362893e+05,1.577422e+00,9.483690e-01,9.485584e-01,1.392203e-03,1.084228e-08,3.798454e+01,8.050483e+00,2.993406e+01,3.961421e+01,1.699000e+02
1.285419e+06,1.487754e+01,1.362993e+05,1.577538e+00,9.483750e-01,9.485585e-01,1.392311e-03,1.084227e-08,3.798403e+01,8.050483e+00,2.993354e+01,3.961347e+01,1.699000e+02
1.285429e+06,1.487765e+01,1.363093e+05,1.577654e+00,9.483810e-01,9.485586e-01,1.392420e-03,1.084227e-08,3.798351e+01,8.050483e+00,2.993303e+01,3.961272e+01,1.699000e+02
1.285439e+06,1.487777e+01,1.363193e+05,1.577769e+00,9.483870e-01,9.485587e-01,1.392528e-03,1.084227e-08,3.798300e+01,8.050483e+00,2.993252e+01,3.961198e+01,1.699000e+02
1.285449e+06,1.487789e+01,1.363293e+05,1.577885e+00,9.483930e-01,9.485588e-01,1.392636e-03,1.084227e-08,3.798249e+01,8.050483e+00,2.993200e+01,3.961124e+01,1.699000e+02
1.285459e+06,1.487800e+01,1.363393e+05,1.578001e+00,9.483990e-01,9.485589e-01,1.392745e-03,1.084227e-08,3.798197e+01,8.050483e+00,2.993149e+01,3.961050e+01,1.699000e+02
1.285469e+06,1.487812e+01,1.363493e+05,1.578117e+00,9.484050e-01,9.485590e-01,1.392853e-03,1.084227e-08,3.798146e+01,8.050483e+00,2.993098e+01,3.960976e+01,1.699000e+02
1.285479e+06,1.487823e+01,1.363593e+05,1.578232e+00,9.484086e-01,9.485591e-01,1.392962e-03,1.084227e-08,3.798149e+01,8.050302e+00,2.993119e+01,3.960969e+01,1.699000e+02
1.285489e+06,1.487835e+01,1.363693e+05,1.578348e+00,9.484112e-01,9.485592e-01,1.393070e-03,1.084227e-08,3.798175e+01,8.050049e+00,2.993170e+01,3.960988e+01,1.699000e+02
1.285499e+06,1.487846e+01,1.363793e+05,1.578464e+00,9.484138e-01,9.485593e-01,1.393179e-03,1.084227e-08,3.798200e+01,8.049796e+00,2.993221e+01,3.961008e+01,1.699000e+02
1.285509e+06,1.487858e+01,1.363893e+05,1.578580e+00,9.484163e-01,9.485594e-01,1.393287e-03,1.084226e-08,3.798226e+01,8.049543e+00,2.993272e+01,3.961028e+01,1.699000e+02
1.285519e+06,1.487870e+01,1.363993e+05,1.578695e+00,9.484189e-01,9.485595e-01,1.393395e-03,1.084226e-08,3.798252e+01,8.049289e+00,2.993323e+01,3.961048e+01,1.699000e+02
1.285529e+06,1.487881e+01,1.364093e+05,1.578811e+00,9.484215e-01,9.485596e-01,1.393504e-03,1.084226e-08,3.798277e+01,8.049036e+00,2.993374e+01,3.961067e+01,1.699000e+02
1.285539e+06,1.487893e+01,1.364193e+05,1.578927e+00,9.484241e-01,9.485597e-01,1.393612e-03,1.084226e-08,3.798303e+01,8.048783e+00,2.993425e+01,3.961087e+01,1.699000e+02
1.285549e+06,1.487904e+01,1.364293e+05,1.579043e+00,9.484267e-01,9.485598e-01,1.393721e-03,1.084226e-08,3.798328e+01,8.048530e+00,2.993476e+01,3.961107e+01,1.699000e+02
1.285559e+06,1.487916e+01,1.364393e+05,1.579158e+00,9.484292e-01,9.485599e-01,1.393829e-03,1.084226e-08,3.798354e+01,8.048276e+00,2.993526e+01,3.961127e+01,1.699000e+02
1.285569e+06,1.487927e+01,1.364493e+05,1.579274e+00,9.484318e-01,9.485600e-01,1.393938e-03,1.084226e-08,3.798380e+01,8.048023e+00,2.993577e+01,3.961147e+01,1.699000e+02
1.285579e+06,1.487939e+01,1.364593e+05,1.579390e+00,9.484344e-01,9.485601e-01,1.394046e-03,1.084226e-08,3.798405e+01,8.047770e+00,2.993628e+01,3.961166e+01,1.699000e+02
1.285589e+06,1.487951e+01,1.364693e+05,1.579506e+00,9.484370e-01,9.485602e-01,1.394154e-03,1.084225e-08,3.798431e+01,8.047517e+00,2.993679e+01,3.961186e+01,1.699000e+02
1.285599e+06,1.487962e+01,1.364793e+05,1.579621e+00,9.484396e-01,9.485603e-01,1.394263e-03,1.084225e-08,3.798456e+01,8.047263e+00,2.993730e+01,3.961206e+01,1.699000e+02
1.285609e+06,1.487974e+01,1.364893e+05,1.579737e+00,9.484421e-01,9.485604e-01,1.394371e-03,1.084225e-08,3.798482e+01,8.047010e+00,2.993781e+01,3.961226e+01,1.699000e+02
1.285619e+06,1.487985e+01,1.364993e+05,1.579853e+00,9.484447e-01,9.485605e-01,1.394480e-03,1.084225e-08,3.798508e+01,8.046757e+00,2.993832e+01,3.961246e+01,1.699000e+02
1.285629e+06,1.487997e+01,1.365093e+05,1.579969e+00,9.484473e-01,9.485606e-01,1.394588e-03,1.084225e-08,3.798533e+01,8.046504e+00,2.993883e+01,3.961265e+01,1.699000e+02
1.285639e+06,1.488008e+01,1.365193e+05,1.580084e+00,9.484499e-01,9.485607e-01,1.394697e-03,1.084225e-08,3.798559e+01,8.046250e+00,2.993934e+01,3.961285e+01,1.699000e+02
1.285649e+06,1.488020e+01,1.365293e+05,1.580200e+00,9.484525e-01,9.485609e-01,1.394805e-03,1.084225e-08,3.798584e+01,8.045997e+00,2.993985e+01,3.961305e+01,1.699000e+02
1.285659e+06,1.488032e+01,1.365393e+05,1.580316e+00,9.484550e-01,9.485610e-01,1.394913e-03,1.084225e-08,3.798610e+01,8.045744e+00,2.994036e+01,3.961325e+01,1.699000e+02
1.285669e+06,1.488043e+01,1.365493e+05,1.580432e+00,9.484576e-01,9.485611e-01,1.395022e-03,1.084225e-08,3.798636e+01,8.045491e+00,2.994087e+01,3.961344e+01,1.699000e+02
1.285679e+06,1.488055e+01,1.365593e+05,1.580547e+00,9.484602e-01,9.485612e-01,1.395130e-03,1.084224e-08,3.798661e+01,8.045238e+00,2.994138e+01,3.961364e+01,1.699000e+02
1.285689e+06,1.488066e+01,1.365693e+05,1.580663e+00,9.484628e-01,9.485613e-01,1.395239e-03,1.084224e-08,3.798687e+01,8.044984e+00,2.994188e+01,3.961384e+01,1.699000e+02
1.285699e+06,1.488078e+01,1.365793e+05,1.580779e+00,9.484653e-01,9.485614e-01,1.395347e-03,1.084224e-08,3.798712e+01,8.044731e+00,2.994239e+01,3.961404e+01,1.699000e+02
1.285709e+06,1.488089e+01,1.365893e+05,1.580895e+00,9.484679e-01,9.485615e-01,1.395456e-03,1.084224e-08,3.798738e+01,8.044478e+00,2.994290e+01,3.961424e+01,1.699000e+02
1.285719e+06,1.488101e+01,1.365993e+05,1.581010e+00,9.484684e-01,9.485616e-01,1.395564e-03,1.084224e-08,3.798764e+01,8.044225e+00,2.994341e+01,3.961450e+01,1.699000e+02
1.285729e+06,1.488113e+01,1.366093e+05,1.581126e+00,9.484672e-01,9.485617e-01,1.395672e-03,1.084224e-08,3.798772e+01,8.044306e+00,2.994342e+01,3.961463e+01,1.698974e+02
1.285739e+06,1.488124e+01,1.366193e+05,1.581242e+00,9.484656e-01,9.485618e-01,1.395781e-03,1.084224e-08,3.798772e+01,8.044561e+00,2.994316e+01,3.961467e+01,1.698933e+02
1.285749e+06,1.488136e+01,1.366293e+05,1.581358e+00,9.484641e-01,9.485619e-01,1.395889e-03,1.084224e-08,3.798772e+01,8.044816e+00,2.994291e+01,3.961471e+01,1.698893e+02
1.285759e+06,1.488147e+01,1.366393e+05,1.581473e+00,9.484625e-01,9.485620e-01,1.395998e-03,1.084223e-08,3.798772e+01,8.045071e+00,2.994265e+01,3.961475e+01,1.698853e+02
1.285769e+06,1.488159e+01,1.366493e+05,1.581589e+00,9.484610e-01,9.485621e-01,1.396106e-03,1.084223e-08,3.798772e+01,8.045326e+00,2.994240e+01,3.961478e+01,1.698813e+02
1.285779e+06,1.488170e+01,1.366593e+05,1.581705e+00,9.484594e-01,9.485622e-01,1.396215e-03,1.084223e-08,3.798772e+01,8.045581e+00,2.994214e+01,3.961482e+01,1.698773e+02
1.285789e+06,1.488182e+01,1.366693e+05,1.581821e+00,9.484579e-01,9.485623e-01,1.396323e-03,1.084223e-08,3.798772e+01,8.045836e+00,2.994189e+01,3.961486e+01,1.698732e+02
1.285799e+06,1.488194e+01,1.366793e+05,1.581936e+00,9.484563e-01,9.485624e-01,1.396431e-03,1.084223e-08,3.798772e+01,8.046091e+00,2.994163e+01,3.961490e+01,1.698692e+02
1.285809e+06,1.488205e+01,1.366893e+05,1.582052e+00,9.484548e-01,9.485625e-01,1.396540e-03,1.084223e-08,3.798772e+01,8.046346e+00,2.994138e+01,3.961493e+01,1.698652e+02
1.285819e+06,1.488217e+01,1.366993e+05,1.582168e+00,9.484533e-01,9.485626e-01,1.396648e-03,1.084223e-08,3.798772e+01,8.046601e+00,2.994112e+01,3.961497e+01,1.698612e+02
1.285829e+06,1.488228e+01,1.367093e+05,1.582284e+00,9.484517e-01,9.485627e-01,1.396757e-03,1.084223e-08,3.798772e+01,8.046856e+00,2.994087e+01,3.961501e+01,1.698572e+02
1.285839e+06,1.488240e+01,1.367193e+05,1.582399e+00,9.484502e-01,9.485628e-01,1.396865e-03,1.084223e-08,3.798772e+01,8.047111e+00,2.994061e+01,3.961505e+01,1.698531e+02
1.285849e+06,1.488252e+01,1.367293e+05,1.582515e+00,9.484486e-01,9.485629e-01,1.396974e-03,1.084222e-08,3.798772e+01,8.047366e+00,2.994036e+01,3.961508e+01,1.698491e+02
1.285859e+06,1.488263e+01,1.367393e+05,1.582631e+00,9.484471e-01,9.485630e-01,1.397082e-03,1.084222e-08,3.798772e+01,8.047621e+00,2.994010e+01,3.961512e+01,1.698451e+02
1.285869e+06,1.488275e+01,1.367493e+05,1.582747e+00,9.484455e-01,9.485631e-01,1.397190e-03,1.084222e-08,3.798772e+01,8.047876e+00,2.993985e+01,3.961516e+01,1.698411e+02
1.285879e+06,1.488286e+01,1.367593e+05,1.582862e+00,9.484440e-01,9.485632e-01,1.397299e-03,1.084222e-08,3.798772e+01,8.048131e+00,2.993959e+01,3.961520e+01,1.698371e+02
1.285889e+06,1.488298e+01,1.367693e+05,1.582978e+00,9.484424e-01,9.485633e-01,1.397407e-03,1.084222e-08,3.798772e+01,8.048386e+00,2.993934e+01,3.961523e+01,1.698331e+02
1.285899e+06,1.488309e+01,1.367793e+05,1.583094e+00,9.484409e-01,9.485634e-01,1.397516e-03,1.084222e-08,3.798772e+01,8.048641e+00,2.993908e+01,3.961527e+01,1.698290e+02
1.285909e+06,1.488321e+01,1.367893e+05,1.583210e+00,9.484394e-01,9.485635e-01,1.397624e-03,1.084222e-08,3.798772e+01,8.048896e+00,2.993883e+01,3.961531e+01,1.698250e+02
1.285919e+06,1.488333e+01,1.367993e+05,1.583325e+00,9.484378e-01,9.485636e-01,1.397733e-03,1.084222e-08,3.798772e+01,8.049151e+00,2.993857e+01,3.961535e+01,1.698210e+02
1.285929e+06,1.488344e+01,1.368093e+05,1.583441e+00,9.484363e-01,9.485637e-01,1.397841e-03,1.084221e-08,3.798772e+01,8.049406e+00,2.993832e+01,3.961538e+01,1.698170e+02
1.285939e+06,1.488356e+01,1.368193e+05,1.583557e+00,9.484347e-01,9.485638e-01,1.397949e-03,1.084221e-08,3.798772e+01,8.049661e+00,2.993806e+01,3.961542e+01,1.698130e+02
1.285949e+06,1.488367e+01,1.368293e+05,1.583673e+00,9.484332e-01,9.485639e-01,1.398058e-03,1.084221e-08,3.798772e+01,8.049916e+00,2.993781e+01,3.961546e+01,1.698089e+02
1.285959e+06,1.488379e+01,1.368393e+05,1.583788e+00,9.484316e-01,9.485640e-01,1.398166e-03,1.084221e-08,3.798772e+01,8.050171e+00,2.993755e+01,3.961550e+01,1.698049e+02
1.285969e+06,1.488390e+01,1.368493e+05,1.583904e+00,9.484351e-01,9.485641e-01,1.398275e-03,1.084221e-08,3.798772e+01,8.050426e+00,2.993730e+01,3.961537e+01,1.698009e+02
1.285979e+06,1.488402e+01,1.368593e+05,1.584020e+00,9.484423e-01,9.485642e-01,1.398383e-03,1.084221e-08,3.798647e+01,8.050679e+00,2.993579e+01,3.961379e+01,1.698031e+02
1.285989e+06,1.488414e+01,1.368693e+05,1.584136e+00,9.484502e-01,9.485643e-01,1.398492e-03,1.084221e-08,3.798485e+01,8.050931e+00,2.993392e+01,3.961181e+01,1.698071e+02
1.285999e+06,1.488425e+01,1.368793e+05,1.584251e+00,9.484581e-01,9.485644e-01,1.398600e-03,1.084221e-08,3.798324e+01,8.051183e+00,2.993205e+01,3.960983e+01,1.698110e+02
1.286009e+06,1.488437e+01,1.368893e+05,1.584367e+00,9.484660e-01,9.485646e-01,1.398708e-03,1.084221e-08,3.798162e+01,8.051436e+00,2.993019e+01,3.960785e+01,1.698150e+02
1.286019e+06,1.488448e+01,1.368993e+05,1.584483e+00,9.484739e-01,9.485647e-01,1.398817e-03,1.084220e-08,3.798001e+01,8.051688e+00,2.992832e+01,3.960587e+01,1.698190e+02
1.286029e+06,1.488460e+01,1.369093e+05,1.584599e+00,9.484818e-01,9.485648e-01,1.398925e-03,1.084220e-08,3.797839e+01,8.051941e+00,2.992645e+01,3.960389e+01,1.698230e+02
1.286039e+06,1.488471e+01,1.369193e+05,1.584714e+00,9.484897e-01,9.485649e-01,1.399034e-03,1.084220e-08,3.797678e+01,8.052193e+00,2.992458e+01,3.960191e+01,1.698270e+02
1.286049e+06,1.488483e+01,1.369293e+05,1.584830e+00,9.484976e-01,9.485650e-01,1.399142e-03,1.084220e-08,3.797516e+01,8.052445e+00,2.992271e+01,3.959993e+01,1.698309e+02
1.286059e+06,1.488495e+01,1.369393e+05,1.584946e+00,9.485055e-01,9.485651e-01,1.399251e-03,1.084220e-08,3.797354e+01,8.052698e+00,2.992085e+01,3.959795e+01,1.698349e+02
1.286069e+06,1.488506e+01,1.369493e+05,1.585062e+00,9.485134e-01,9.485652e-01,1.399359e-03,1.084220e-08,3.797193e+01,8.052950e+00,2.991898e+01,3.959597e+01,1.698389e+02
1.286079e+06,1.488518e+01,1.369593e+05,1.585177e+00,9.485213e-01,9.485653e-01,1.399467e-03,1.084220e-08,3.797031e+01,8.053202e+00,2.991711e+01,3.959399e+01,1.698429e+02
1.286089e+06,1.488529e+01,1.369693e+05,1.585293e+00,9.485292e-01,9.485654e-01,1.399576e-03,1.084220e-08,3.796870e+01,8.053455e+00,2.991524e+01,3.959201e+01,1.698468e+02
1.286099e+06,1.488541e+01,1.369793e+05,1.585409e+00,9.485371e-01,9.485655e-01,1.399684e-03,1.084219e-08,3.796708e+01,8.053707e+00,2.991337e+01,3.959003e+01,1.698508e+02
1.286109e+06,1.488552e+01,1.369893e+05,1.585525e+00,9.485450e-01,9.485656e-01,1.399793e-03,1.084219e-08,3.796546e+01,8.053960e+00,2.991151e+01,3.958805e+01,1.698548e+02
1.286119e+06,1.488564e+01,1.369993e+05,1.585640e+00,9.485530e-01,9.485657e-01,1.399901e-03,1.084219e-08,3.796385e+01,8.054212e+00,2.990964e+01,3.958607e+01,1.698588e+02
1.286129e+06,1.488576e+01,1.370093e+05,1.585756e+00,9.485609e-01,9.485658e-01,1.400010e-03,1.084219e-08,3.796223e+01,8.054464e+00,2.990777e+01,3.958409e+01,1.698628e+02
1.286139e+06,1.488587e+01,1.370193e+05,1.585872e+00,9.485688e-01,9.485659e-01,1.400118e-03,1.084219e-08,3.796062e+01,8.054717e+00,2.990590e+01,3.958211e+01,1.698667e+02
1.286149e+06,1.488599e+01,1.370293e+05,1.585988e+00,9.485767e-01,9.485660e-01,1.400226e-03,1.084219e-08,3.795900e+01,8.054969e+00,2.990403e+01,3.958013e+01,1.698707e+02
1.286159e+06,1.488610e+01,1.370393e+05,1.586103e+00,9.485846e-01,9.485661e-01,1.400335e-03,1.084219e-08,3.795739e+01,8.055221e+00,2.990216e+01,3.957815e+01,1.698747e+02
1.286169e+06,1.488622e+01,1.370493e+05,1.586219e+00,9.485925e-01,9.485662e-01,1.400443e-03,1.084219e-08,3.795577e+01,8.055474e+00,2.990030e+01,3.957617e+01,1.698787e+02
1.286179e+06,1.488633e+01,1.370593e+05,1.586335e+00,9.486004e-01,9.485663e-01,1.400552e-03,1.084219e-08,3.795415e+01,8.055726e+00,2.989843e+01,3.957419e+01,1.698826e+02
1.286189e+06,1.488645e+01,1.370693e+05,1.586451e+00,9.486083e-01,9.485664e-01,1.400660e-03,1.084218e-08,3.795254e+01,8.055979e+00,2.989656e+01,3.957221e+01,1.698866e+02
1.286199e+06,1.488657e+01,1.370793e+05,1.586566e+00,9.486162e-01,9.485665e-01,1.400769e-03,1.084218e-08,3.795092e+01,8.056231e+00,2.989469e+01,3.957023e+01,1.698906e+02
1.286209e+06,1.488668e+01,1.370893e+05,1.586682e+00,9.486241e-01,9.485666e-01,1.400877e-03,1.084218e-08,3.794931e+01,8.056483e+00,2.989282e+01,3.956825e+01,1.698946e+02
1.286219e+06,1.488680e+01,1.370993e+05,1.586798e+00,9.486300e-01,9.485667e-01,1.400985e-03,1.084218e-08,3.794769e+01,8.056736e+00,2.989096e+01,3.956634e+01,1.698986e+02
1.286229e+06,1.488691e+01,1.371093e+05,1.586914e+00,9.486253e-01,9.485668e-01,1.401094e-03,1.084218e-08,3.794797e+01,8.056828e+00,2.989115e+01,3.956679e+01,1.699000e+02
1.286239e+06,1.488703e+01,1.371193e+05,1.587029e+00,9.486153e-01,9.485669e-01,1.401202e-03,1.084218e-08,3.794934e+01,8.056828e+00,2.989252e+01,3.956857e+01,1.699000e+02
1.286249e+06,1.488715e+01,1.371293e+05,1.587145e+00,9.486052e-01,9.485670e-01,1.401311e-03,1.084218e-08,3.795071e+01,8.056828e+00,2.989389e+01,3.957034e+01,1.699000e+02
1.286259e+06,1.488726e+01,1.371393e+05,1.587261e+00,9.485952e-01,9.485671e-01,1.401419e-03,1.084218e-08,3.795208e+01,8.056828e+00,2.989526e+01,3.957212e+01,1.699000e+02
1.286269e+06,1.488738e+01,1.371493e+05,1.587377e+00,9.485851e-01,9.485672e-01,1.401528e-03,1.084217e-08,3.795345e+01,8.056828e+00,2.989663e+01,3.957390e+01,1.699000e+02
1.286279e+06,1.488749e+01,1.371593e+05,1.587492e+00,9.485751e-01,9.485673e-01,1.401636e-03,1.084217e-08,3.795482e+01,8.056828e+00,2.989800e+01,3.957568e+01,1.699000e+02
1.286289e+06,1.488761e+01,1.371693e+05,1.587608e+00,9.485650e-01,9.485674e-01,1.401744e-03,1.084217e-08,3.795619e+01,8.056828e+00,2.989937e+01,3.957746e+01,1.699000e+02
1.286299e+06,1.488772e+01,1.371793e+05,1.587724e+00,9.485550e-01,9.485675e-01,1.401853e-03,1.084217e-08,3.795756e+01,8.056828e+00,2.990074e+01,3.957924e+01,1.699000e+02
1.286309e+06,1.488784e+01,1.371893e+05,1.587840e+00,9.485449e-01,9.485676e-01,1.401961e-03,1.084217e-08,3.795893e+01,8.056828e+00,2.990211e+01,3.958101e+01,1.699000e+02
1.286319e+06,1.488796e+01,1.371993e+05,1.587955e+00,9.485349e-01,9.485677e-01,1.402070e-03,1.084217e-08,3.796030e+01,8.056828e+00,2.990348e+01,3.958279e+01,1.699000e+02
1.286329e+06,1.488807e+01,1.372093e+05,1.588071e+00,9.485248e-01,9.485678e-01,1.402178e-03,1.084217e-08,3.796167e+01,8.056828e+00,2.990485e+01,3.958457e+01,1.699000e+02
1.286339e+06,1.488819e+01,1.372193e+05,1.588187e+00,9.485148e-01,9.485679e-01,1.402287e-03,1.084217e-08,3.796304e+01,8.056828e+00,2.990622e+01,3.958635e+01,1.699000e+02
1.286349e+06,1.488830e+01,1.372293e+05,1.588303e+00,9.485048e-01,9.485680e-01,1.402395e-03,1.084217e-08,3.796441e+01,8.056828e+00,2.990759e+01,3.958813e+01,1.699000e+02
1.286359e+06,1.488842e+01,1.372393e+05,1.588418e+00,9.484947e-01,9.485682e-01,1.402503e-03,1.084216e-08,3.796579e+01,8.056828e+00,2.990896e+01,3.958991e+01,1.699000e+02
1.286369e+06,1.488853e+01,1.372493e+05,1.588534e+00,9.484847e-01,9.485683e-01,1.402612e-03,1.084216e-08,3.796716e+01,8.056828e+00,2.991033e+01,3.959168e+01,1.699000e+02
1.286379e+06,1.488865e+01,1.372593e+05,1.588650e+00,9.484746e-01,9.485684e-01,1.402720e-03,1.084216e-08,3.796853e+01,8.056828e+00,2.991170e+01,3.959346e+01,1.699000e+02
1.286389e+06,1.488877e+01,1.372693e+05,1.588766e+00,9.484646e-01,9.485685e-01,1.402829e-03,1.084216e-08,3.796990e+01,8.056828e+00,2.991307e+01,3.959524e+01,1.699000e+02
1.286399e+06,1.488888e+01,1.372793e+05,1.588881e+00,9.484545e-01,9.485686e-01,1.402937e-03,1.084216e-08,3.797127e+01,8.056828e+00,2.991444e+01,3.959702e+01,1.699000e+02
1.286409e+06,1.488900e+01,1.372893e+05,1.588997e+00,9.484445e-01,9.485687e-01,1.403046e-03,1.084216e-08,3.797264e+01,8.056828e+00,2.991581e+01,3.959880e+01,1.699000e+02
1.286419e+06,1.488911e+01,1.372993e+05,1.589113e+00,9.484344e-01,9.485688e-01,1.403154e-03,1.084216e-08,3.797401e+01,8.056828e+00,2.991718e+01,3.960058e+01,1.699000e+02
1.286429e+06,1.488923e+01,1.373093e+05,1.589229e+00,9.484244e-01,9.485689e-01,1.403262e-03,1.084216e-08,3.797538e+01,8.056828e+00,2.991855e+01,3.960236e+01,1.699000e+02
1.286439e+06,1.488934e+01,1.373193e+05,1.589344e+00,9.484143e-01,9.485690e-01,1.403371e-03,1.084215e-08,3.797675e+01,8.056828e+00,2.991992e+01,3.960413e+01,1.699000e+02
1.286449e+06,1.488946e+01,1.373293e+05,1.589460e+00,9.484043e-01,9.485691e-01,1.403479e-03,1.084215e-08,3.797812e+01,8.056828e+00,2.992129e+01,3.960591e+01,1.699000e+02
1.286459e+06,1.488958e+01,1.373394e+05,1.589576e+00,9.483942e-01,9.485692e-01,1.403588e-03,1.084215e-08,3.797949e+01,8.056828e+00,2.992266e+01,3.960769e+01,1.699000e+02
1.286469e+06,1.488969e+01,1.373494e+05,1.589692e+00,9.483842e-01,9.485693e-01,1.403696e-03,1.084215e-08,3.798086e+01,8.056828e+00,2.992403e+01,3.960947e+01,1.699000e+02
1.286479e+06,1.488981e+01,1.373594e+05,1.589807e+00,9.483786e-01,9.485694e-01,1.403805e-03,1.084215e-08,3.798182e+01,8.056828e+00,2.992500e+01,3.961068e+01,1.699000e+02
1.286489e+06,1.488992e+01,1.373694e+05,1.589923e+00,9.483752e-01,9.485695e-01,1.403913e-03,1.084215e-08,3.798259e+01,8.056828e+00,2.992576e+01,3.961160e+01,1.699000e+02
1.286499e+06,1.489004e+01,1.373794e+05,1.590039e+00,9.483718e-01,9.485696e-01,1.404021e-03,1.084215e-08,3.798336e+01,8.056828e+00,2.992653e+01,3.961252e+01,1.699000e+02
1.286509e+06,1.489015e+01,1.373894e+05,1.590155e+00,9.483684e-01,9.485697e-01,1.404130e-03,1.084215e-08,3.798413e+01,8.056828e+00,2.992730e+01,3.961345e+01,1.699000e+02
1.286519e+06,1.489027e+01,1.373994e+05,1.590270e+00,9.483650e-01,9.485698e-01,1.404238e-03,1.084215e-08,3.798490e+01,8.056828e+00,2.992807e+01,3.961437e+01,1.699000e+02
1.286529e+06,1.489039e+01,1.374094e+05,1.590386e+00,9.483616e-01,9.485699e-01,1.404347e-03,1.084214e-08,3.798566e+01,8.056828e+00,2.992884e+01,3.961529e+01,1.699000e+02
1.286539e+06,1.489050e+01,1.374194e+05,1.590502e+00,9.483582e-01,9.485700e-01,1.404455e-03,1.084214e-08,3.798643e+01,8.056828e+00,2.992960e+01,3.961622e+01,1.699000e+02
1.286549e+06,1.489062e+01,1.374294e+05,1.590618e+00,9.483548e-01,9.485701e-01,1.404564e-03,1.084214e-08,3.798720e+01,8.056828e+00,2.993037e+01,3.961714e+01,1.699000e+02
1.286559e+06,1.489073e+01,1.374394e+05,1.590733e+00,9.483514e-01,9.485702e-01,1.404672e-03,1.084214e-08,3.798797e+01,8.056828e+00,2.993114e+01,3.961806e+01,1.699000e+02
1.286569e+06,1.489085e+01,1.374494e+05,1.590849e+00,9.483479e-01,9.485703e-01,1.404780e-03,1.084214e-08,3.798874e+01,8.056828e+00,2.993191e+01,3.961899e+01,1.699000e+02
1.286579e+06,1.489096e+01,1.374594e+05,1.590965e+00,9.483445e-01,9.485704e-01,1.404889e-03,1.084214e-08,3.798950e+01,8.056828e+00,2.993268e+01,3.961991e+01,1.699000e+02
1.286589e+06,1.489108e+01,1.374694e+05,1.591081e+00,9.483411e-01,9.485705e-01,1.404997e-03,1.084214e-08,3.799027e+01,8.056828e+00,2.993344e+01,3.962083e+01,1.699000e+02
1.286599e+06,1.489120e+01,1.374794e+05,1.591196e+00,9.483377e-01,9.485706e-01,1.405106e-03,1.084214e-08,3.799104e+01,8.056828e+00,2.993421e+01,3.962175e+01,1.699000e+02
1.286609e+06,1.489131e+01,1.374894e+05,1.591312e+00,9.483343e-01,9.485707e-01,1.405214e-03,1.084213e-08,3.799181e+01,8.056828e+00,2.993498e+01,3.962268e+01,1.699000e+02
1.286619e+06,1.489143e+01,1.374994e+05,1.591428e+00,9.483309e-01,9.485708e-01,1.405323e-03,1.084213e-08,3.799258e+01,8.056828e+00,2.993575e+01,3.962360e+01,1.699000e+02
1.286629e+06,1.489154e+01,1.375094e+05,1.591544e+00,9.483275e-01,9.485709e-01,1.405431e-03,1.084213e-08,3.799334e+01,8.056828e+00,2.993652e+01,3.962452e+01,1.699000e+02
1.286639e+06,1.489166e+01,1.375194e+05,1.591659e+00,9.483241e-01,9.485710e-01,1.405539e-03,1.084213e-08,3.799411e+01,8.056828e+00,2.993728e+01,3.962545e+01,1.699000e+02
1.286649e+06,1.489178e+01,1.375294e+05,1.591775e+00,9.483207e-01,9.485711e-01,1.405648e-03,1.084213e-08,3.799488e+01,8.056828e+00,2.993805e+01,3.962637e+01,1.699000e+02
1.286659e+06,1.489189e+01,1.375394e+05,1.591891e+00,9.483173e-01,9.485712e-01,1.405756e-03,1.084213e-08,3.799565e+01,8.056828e+00,2.993882e+01,3.962729e+01,1.699000e+02
1.286669e+06,1.489201e+01,1.375494e+05,1.592007e+00,9.483139e-01,9.485713e-01,1.405865e-03,1.084213e-08,3.799642e+01,8.056828e+00,2.993959e+01,3.962822e+01,1.699000e+02
1.286679e+06,1.489212e+01,1.375594e+05,1.592122e+00,9.483105e-01,9.485714e-01,1.405973e-03,1.084213e-08,3.799718e+01,8.056828e+00,2.994036e+01,3.962914e+01,1.699000e+02
1.286689e+06,1.489224e+01,1.375694e+05,1.592238e+00,9.483071e-01,9.485715e-01,1.406082e-03,1.084213e-08,3.799795e+01,8.056828e+00,2.994112e+01,3.963006e+01,1.699000e+02
1.286699e+06,1.489235e+01,1.375794e+05,1.592354e+00,9.483037e-01,9.485716e-01,1.406190e-03,1.084212e-08,3.799872e+01,8.056828e+00,2.994189e+01,3.963099e+01,1.699000e+02
1.286709e+06,1.489247e+01,1.375894e+05,1.592470e+00,9.483003e-01,9.485718e-01,1.406298e-03,1.084212e-08,3.799949e+01,8.056828e+00,2.994266e+01,3.963191e+01,1.699000e+02
1.286719e+06,1.489259e+01,1.375994e+05,1.592585e+00,9.482949e-01,9.485719e-01,1.406407e-03,1.084212e-08,3.800026e+01,8.056828e+00,2.994343e+01,3.963290e+01,1.699000e+02
1.286729e+06,1.489270e+01,1.376094e+05,1.592701e+00,9.482957e-01,9.485720e-01,1.406515e-03,1.084212e-08,3.799976e+01,8.056828e+00,2.994294e+01,3.963235e+01,1.698975e+02
1.286739e+06,1.489282e+01,1.376194e+05,1.592817e+00,9.483012e-01,9.485721e-01,1.406624e-03,1.084212e-08,3.799848e+01,8.056828e+00,2.994165e+01,3.963081e+01,1.698935e+02
1.286749e+06,1.489293e+01,1.376294e+05,1.592933e+00,9.483067e-01,9.485722e-01,1.406732e-03,1.084212e-08,3.799719e+01,8.056828e+00,2.994037e+01,3.962928e+01,1.698895e+02
1.286759e+06,1.489305e+01,1.376394e+05,1.593048e+00,9.483123e-01,9.485723e-01,1.406841e-03,1.084212e-08,3.799591e+01,8.056828e+00,2.993908e+01,3.962774e+01,1.698855e+02
1.286769e+06,1.489316e+01,1.376494e+05,1.593164e+00,9.483178e-01,9.485724e-01,1.406949e-03,1.084212e-08,3.799463e+01,8.056828e+00,2.993780e+01,3.962620e+01,1.698815e+02
1.286779e+06,1.489328e+01,1.376594e+05,1.593280e+00,9.483233e-01,9.485725e-01,1.407057e-03,1.084211e-08,3.799334e+01,8.056828e+00,2.993651e+01,3.962466e+01,1.698775e+02
1.286789e+06,1.489340e+01,1.376694e+05,1.593396e+00,9.483288e-01,9.485726e-01,1.407166e-03,1.084211e-08,3.799206e+01,8.056828e+00,2.993523e+01,3.962313e+01,1.698735e+02
1.286799e+06,1.489351e+01,1.376794e+05,1.593511e+00,9.483343e-01,9.485727e-01,1.407274e-03,1.084211e-08,3.799077e+01,8.056828e+00,2.993395e+01,3.962159e+01,1.698695e+02
1.286809e+06,1.489363e+01,1.376894e+05,1.593627e+00,9.483398e-01,9.485728e-01,1.407383e-03,1.084211e-08,3.798949e+01,8.056828e+00,2.993266e+01,3.962005e+01,1.698655e+02
1.286819e+06,1.489374e+01,1.376994e+05,1.593743e+00,9.483453e-01,9.485729e-01,1.407491e-03,1.084211e-08,3.798820e+01,8.056828e+00,2.993138e+01,3.961851e+01,1.698615e+02
1.286829e+06,1.489386e+01,1.377094e+05,1.593859e+00,9.483508e-01,9.485730e-01,1.407600e-03,1.084211e-08,3.798692e+01,8.056828e+00,2.993009e+01,3.961698e+01,1.698575e+02
1.286839e+06,1.489397e+01,1.377194e+05,1.593974e+00,9.483563e-01,9.485731e-01,1.407708e-03,1.084211e-08,3.798564e+01,8.056828e+00,2.992881e+01,3.961544e+01,1.698535e+02
1.286849e+06,1.489409e+01,1.377294e+05,1.594090e+00,9.483618e-01,9.485732e-01,1.407816e-03,1.084211e-08,3.798435e+01,8.056828e+00,2.992752e+01,3.961390e+01,1.698495e+02
1.286859e+06,1.489421e+01,1.377394e+05,1.594206e+00,9.483673e-01,9.485733e-01,1.407925e-03,1.084211e-08,3.798307e+01,8.056828e+00,2.992624e+01,3.961236e+01,1.698455e+02
1.286869e+06,1.489432e+01,1.377494e+05,1.594322e+00,9.483728e-01,9.485734e-01,1.408033e-03,1.084210e-08,3.798178e+01,8.056828e+00,2.992495e+01,3.961083e+01,1.698415e+02
1.286879e+06,1.489444e+01,1.377594e+05,1.594437e+00,9.483783e-01,9.485735e-01,1.408142e-03,1.084210e-08,3.798050e+01,8.056828e+00,2.992367e+01,3.960929e+01,1.698375e+02
1.286889e+06,1.489455e+01,1.377694e+05,1.594553e+00,9.483838e-01,9.485736e-01,1.408250e-03,1.084210e-08,3.797921e+01,8.056828e+00,2.992239e+01,3.960775e+01,1.698335e+02
1.286899e+06,1.489467e+01,1.377794e+05,1.594669e+00,9.483893e-01,9.485737e-01,1.408359e-03,1.084210e-08,3.797793e+01,8.056828e+00,2.992110e+01,3.960621e+01,1.698295e+02
1.286909e+06,1.489478e+01,1.377894e+05,1.594785e+00,9.483948e-01,9.485738e-01,1.408467e-03,1.084210e-08,3.797664e+01,8.056828e+00,2.991982e+01,3.960468e+01,1.698254e+02
1.286919e+06,1.489490e+01,1.377994e+05,1.594900e+00,9.484003e-01,9.485739e-01,1.408575e-03,1.084210e-08,3.797536e+01,8.056828e+00,2.991853e+01,3.960314e+01,1.698214e+02
1.286929e+06,1.489502e+01,1.378094e+05,1.595016e+00,9.484058e-01,9.485740e-01,1.408684e-03,1.084210e-08,3.797408e+01,8.056828e+00,2.991725e+01,3.960160e+01,1.698174e+02
1.286939e+06,1.489513e+01,1.378194e+05,1.595132e+00,9.484113e-01,9.485741e-01,1.408792e-03,1.084210e-08,3.797279e+01,8.056828e+00,2.991596e+01,3.960007e+01,1.698134e+02
1.286949e+06,1.489525e+01,1.378294e+05,1.595247e+00,9.484168e-01,9.485742e-01,1.408901e-03,1.084209e-08,3.797151e+01,8.056828e+00,2.991468e+01,3.959853e+01,1.698094e+02
1.286959e+06,1.489536e+01,1.378394e+05,1.595363e+00,9.484223e-01,9.485743e-01,1.409009e-03,1.084209e-08,3.797022e+01,8.056828e+00,2.991339e+01,3.959699e+01,1.698054e+02
1.286969e+06,1.489548e+01,1.378494e+05,1.595479e+00,9.484319e-01,9.485744e-01,1.409118e-03,1.084209e-08,3.796894e+01,8.056828e+00,2.991211e+01,3.959532e+01,1.698014e+02
1.286979e+06,1.489559e+01,1.378594e+05,1.595595e+00,9.484413e-01,9.485745e-01,1.409226e-03,1.084209e-08,3.796776e+01,8.056663e+00,2.991110e+01,3.959378e+01,1.698026e+02
1.286989e+06,1.489571e+01,1.378694e+05,1.595710e+00,9.484493e-01,9.485746e-01,1.409334e-03,1.084209e-08,3.796665e+01,8.056409e+00,2.991024e+01,3.959235e+01,1.698066e+02
1.286999e+06,1.489583e+01,1.378794e+05,1.595826e+00,9.484572e-01,9.485747e-01,1.409443e-03,1.084209e-08,3.796554e+01,8.056155e+00,2.990938e+01,3.959093e+01,1.698106e+02
1.287009e+06,1.489594e+01,1.378894e+05,1.595942e+00,9.484652e-01,9.485748e-01,1.409551e-03,1.084209e-08,3.796442e+01,8.055901e+00,2.990852e+01,3.958950e+01,1.698146e+02
1.287019e+06,1.489606e+01,1.378994e+05,1.596058e+00,9.484731e-01,9.485749e-01,1.409660e-03,1.084209e-08,3.796331e+01,8.055647e+00,2.990766e+01,3.958808e+01,1.698186e+02
1.287029e+06,1.489617e+01,1.379094e+05,1.596173e+00,9.484811e-01,9.485750e-01,1.409768e-03,1.084209e-08,3.796220e+01,8.055393e+00,2.990681e+01,3.958665e+01,1.698226e+02
1.287039e+06,1.489629e+01,1.379194e+05,1.596289e+00,9.484891e-01,9.485751e-01,1.409877e-03,1.084208e-08,3.796109e+01,8.055139e+00,2.990595e+01,3.958523e+01,1.698266e+02
1.287049e+06,1.489640e+01,1.379294e+05,1.596405e+00,9.484970e-01,9.485752e-01,1.409985e-03,1.084208e-08,3.795997e+01,8.054885e+00,2.990509e+01,3.958381e+01,1.698306e+02
1.287059e+06,1.489652e+01,1.379394e+05,1.596521e+00,9.485050e-01,9.485754e-01,1.410093e-03,1.084208e-08,3.795886e+01,8.054631e+00,2.990423e+01,3.958238e+01,1.698346e+02
1.287069e+06,1.489664e+01,1.379494e+05,1.596636e+00,9.485129e-01,9.485755e-01,1.410202e-03,1.084208e-08,3.795775e+01,8.054376e+00,2.990337e+01,3.958096e+01,1.698386e+02
1.287079e+06,1.489675e+01,1.379594e+05,1.596752e+00,9.485209e-01,9.485756e-01,1.410310e-03,1.084208e-08,3.795663e+01,8.054122e+00,2.990251e+01,3.957953e+01,1.698426e+02
1.287089e+06,1.489687e+01,1.379694e+05,1.596868e+00,9.485289e-01,9.485757e-01,1.410419e-03,1.084208e-08,3.795552e+01,8.053868e+00,2.990165e+01,3.957811e+01,1.698466e+02
1.287099e+06,1.489698e+01,1.379794e+05,1.596984e+00,9.485368e-01,9.485758e-01,1.410527e-03,1.084208e-08,3.795441e+01,8.053614e+00,2.990079e+01,3.957668e+01,1.698506e+02
1.287109e+06,1.489710e+01,1.379894e+05,1.597099e+00,9.485448e-01,9.485759e-01,1.410636e-03,1.084208e-08,3.795329e+01,8.053360e+00,2.989993e+01,3.957526e+01,1.698547e+02
1.287119e+06,1.489722e+01,1.379994e+05,1.597215e+00,9.485527e-01,9.485760e-01,1.410744e-03,1.084207e-08,3.795218e+01,8.053106e+00,2.989907e+01,3.957383e+01,1.698587e+02
1.287129e+06,1.489733e+01,1.380094e+05,1.597331e+00,9.485607e-01,9.485761e-01,1.410852e-03,1.084207e-08,3.795107e+01,8.052852e+00,2.989821e+01,3.957241e+01,1.698627e+02
1.287139e+06,1.489745e+01,1.380194e+05,1.597447e+00,9.485687e-01,9.485762e-01,1.410961e-03,1.084207e-08,3.794995e+01,8.052598e+00,2.989736e+01,3.957099e+01,1.698667e+02
1.287149e+06,1.489756e+01,1.380294e+05,1.597562e+00,9.485766e-01,9.485763e-01,1.411069e-03,1.084207e-08,3.794884e+01,8.052343e+00,2.989650e+01,3.956956e+01,1.698707e+02
1.287159e+06,1.489768e+01,1.380394e+05,1.597678e+00,9.485846e-01,9.485764e-01,1.411178e-03,1.084207e-08,3.794773e+01,8.052089e+00,2.989564e+01,3.956814e+01,1.698747e+02
1.287169e+06,1.489779e+01,1.380494e+05,1.597794e+00,9.485925e-01,9.485765e-01,1.411286e-03,1.084207e-08,3.794661e+01,8.051835e+00,2.989478e+01,3.956671e+01,1.698787e+02
1.287179e+06,1.489791e+01,1.380594e+05,1.597910e+00,9.486005e-01,9.485766e-01,1.411395e-03,1.084207e-08,3.794550e+01,8.051581e+00,2.989392e+01,3.956529e+01,1.698827e+02
1.287189e+06,1.489803e+01,1.380694e+05,1.598025e+00,9.486085e-01,9.485767e-01,1.411503e-03,1.084207e-08,3.794439e+01,8.051327e+00,2.989306e+01,3.956387e+01,1.698867e+02
1.287199e+06,1.489814e+01,1.380794e+05,1.598141e+00,9.486164e-01,9.485768e-01,1.411611e-03,1.084207e-08,3.794327e+01,8.051073e+00,2.989220e+01,3.956244e+01,1.698907e+02
1.287209e+06,1.489826e+01,1.380894e+05,1.598257e+00,9.486244e-01,9.485769e-01,1.411720e-03,1.084206e-08,3.794216e+01,8.050819e+00,2.989134e+01,3.956102e+01,1.698947e+02
1.287219e+06,1.489837e+01,1.380994e+05,1.598373e+00,9.486302e-01,9.485770e-01,1.411828e-03,1.084206e-08,3.794105e+01,8.050565e+00,2.989048e+01,3.955967e+01,1.698987e+02
1.287229e+06,1.489849e+01,1.381094e+05,1.598488e+00,9.486233e-01,9.485771e-01,1.411937e-03,1.084206e-08,3.794231e+01,8.050483e+00,2.989183e+01,3.956123e+01,1.699000e+02
1.287239e+06,1.489860e+01,1.381194e+05,1.598604e+00,9.486109e-01,9.485772e-01,1.412045e-03,1.084206e-08,3.794470e+01,8.050483e+00,2.989422e+01,3.956416e+01,1.699000e+02
1.287249e+06,1.489872e+01,1.381294e+05,1.598720e+00,9.485985e-01,9.485773e-01,1.412154e-03,1.084206e-08,3.794709e+01,8.050483e+00,2.989661e+01,3.956709e+01,1.699000e+02
1.287259e+06,1.489884e+01,1.381394e+05,1.598836e+00,9.485861e-01,9.485774e-01,1.412262e-03,1.084206e-08,3.794948e+01,8.050483e+00,2.989899e+01,3.957002e+01,1.699000e+02
1.287269e+06,1.489895e+01,1.381494e+05,1.598951e+00,9.485738e-01,9.485775e-01,1.412370e-03,1.084206e-08,3.795187e+01,8.050483e+00,2.990138e+01,3.957295e+01,1.699000e+02
1.287279e+06,1.489907e+01,1.381594e+05,1.599067e+00,9.485614e-01,9.485776e-01,1.412479e-03,1.084206e-08,3.795426e+01,8.050483e+00,2.990377e+01,3.957588e+01,1.699000e+02
1.287289e+06,1.489918e+01,1.381694e+05,1.599183e+00,9.485490e-01,9.485777e-01,1.412587e-03,1.084205e-08,3.795664e+01,8.050483e+00,2.990616e+01,3.957881e+01,1.699000e+02
1.287299e+06,1.489930e+01,1.381794e+05,1.599299e+00,9.485366e-01,9.485778e-01,1.412696e-03,1.084205e-08,3.795903e+01,8.050483e+00,2.990855e+01,3.958174e+01,1.699000e+02
1.287309e+06,1.489941e+01,1.381894e+05,1.599414e+00,9.485242e-01,9.485779e-01,1.412804e-03,1.084205e-08,3.796142e+01,8.050483e+00,2.991094e+01,3.958467e+01,1.699000e+02
1.287319e+06,1.489953e+01,1.381994e+05,1.599530e+00,9.485118e-01,9.485780e-01,1.412913e-03,1.084205e-08,3.796381e+01,8.050483e+00,2.991333e+01,3.958760e+01,1.699000e+02
1.287329e+06,1.489965e+01,1.382094e+05,1.599646e+00,9.484994e-01,9.485781e-01,1.413021e-03,1.084205e-08,3.796620e+01,8.050483e+00,2.991572e+01,3.959053e+01,1.699000e+02
1.287339e+06,1.489976e+01,1.382194e+05,1.599762e+00,9.484870e-01,9.485782e-01,1.413129e-03,1.084205e-08,3.796859e+01,8.050483e+00,2.991811e+01,3.959346e+01,1.699000e+02
1.287349e+06,1.489988e+01,1.382294e+05,1.599877e+00,9.484747e-01,9.485783e-01,1.413238e-03,1.084205e-08,3.797098e+01,8.050483e+00,2.992050e+01,3.959639e+01,1.699000e+02
1.287359e+06,1.489999e+01,1.382394e+05,1.599993e+00,9.484623e-01,9.485784e-01,1.413346e-03,1.084205e-08,3.797337e+01,8.050483e+00,2.992289e+01,3.959933e+01,1.699000e+02
1.287369e+06,1.490011e+01,1.382494e+05,1.600109e+00,9.484499e-01,9.485785e-01,1.413455e-03,1.084205e-08,3.797576e+01,8.050483e+00,2.992528e+01,3.960226e+01,1.699000e+02
1.287379e+06,1.490022e+01,1.382594e+05,1.600225e+00,9.484375e-01,9.485786e-01,1.413563e-03,1.084204e-08,3.797815e+01,8.050483e+00,2.992767e+01,3.960519e+01,1.699000e+02
1.287389e+06,1.490034e+01,1.382694e+05,1.600340e+00,9.484251e-01,9.485787e-01,1.413672e-03,1.084204e-08,3.798054e+01,8.050483e+00,2.993006e+01,3.960812e+01,1.699000e+02
1.287399e+06,1.490046e+01,1.382794e+05,1.600456e+00,9.484127e-01,9.485788e-01,1.413780e-03,1.084204e-08,3.798293e+01,8.050483e+00,2.993244e+01,3.961105e+01,1.699000e+02
1.287409e+06,1.490057e+01,1.382894e+05,1.600572e+00,9.484003e-01,9.485790e-01,1.413888e-03,1.084204e-08,3.798532e+01,8.050483e+00,2.993483e+01,3.961398e+01,1.699000e+02
1.287419e+06,1.490069e+01,1.382994e+05,1.600688e+00,9.483879e-01,9.485791e-01,1.413997e-03,1.084204e-08,3.798771e+01,8.050483e+00,2.993722e+01,3.961691e+01,1.699000e+02
1.287429e+06,1.490080e+01,1.383094e+05,1.600803e+00,9.483756e-01,9.485792e-01,1.414105e-03,1.084204e-08,3.799010e+01,8.050483e+00,2.993961e+01,3.961985e+01,1.699000e+02
1.287439e+06,1.490092e+01,1.383194e+05,1.600919e+00,9.483632e-01,9.485793e-01,1.414214e-03,1.084204e-08,3.799248e+01,8.050483e+00,2.994200e+01,3.962278e+01,1.699000e+02
1.287449e+06,1.490103e+01,1.383294e+05,1.601035e+00,9.483508e-01,9.485794e-01,1.414322e-03,1.084204e-08,3.799487e+01,8.050483e+00,2.994439e+01,3.962571e+01,1.699000e+02
1.287459e+06,1.490115e+01,1.383394e+05,1.601151e+00,9.483384e-01,9.485795e-01,1.414431e-03,1.084203e-08,3.799726e+01,8.050483e+00,2.994678e+01,3.962864e+01,1.699000e+02
1.287469e+06,1.490127e+01,1.383494e+05,1.601266e+00,9.483240e-01,9.485796e-01,1.414539e-03,1.084203e-08,3.799965e+01,8.050483e+00,2.994917e+01,3.963164e+01,1.699000e+02
1.287479e+06,1.490138e+01,1.383594e+05,1.601382e+00,9.483198e-01,9.485797e-01,1.414647e-03,1.084203e-08,3.799991e+01,8.050641e+00,2.994927e+01,3.963205e+01,1.698975e+02
1.287489e+06,1.490150e+01,1.383694e+05,1.601498e+00,9.483224e-01,9.485798e-01,1.414756e-03,1.084203e-08,3.799888e+01,8.050895e+00,2.994799e+01,3.963086e+01,1.698935e+02
1.287499e+06,1.490161e+01,1.383794e+05,1.601614e+00,9.483250e-01,9.485799e-01,1.414864e-03,1.084203e-08,3.799786e+01,8.051149e+00,2.994671e+01,3.962968e+01,1.698895e+02
1.287509e+06,1.490173e+01,1.383894e+05,1.601729e+00,9.483276e-01,9.485800e-01,1.414973e-03,1.084203e-08,3.799683e+01,8.051404e+00,2.994542e+01,3.962849e+01,1.698855e+02
1.287519e+06,1.490185e+01,1.383994e+05,1.601845e+00,9.483302e-01,9.485801e-01,1.415081e-03,1.084203e-08,3.799580e+01,8.051658e+00,2.994414e+01,3.962731e+01,1.698815e+02
1.287529e+06,1.490196e+01,1.384094e+05,1.601961e+00,9.483328e-01,9.485802e-01,1.415190e-03,1.084203e-08,3.799477e+01,8.051912e+00,2.994286e+01,3.962613e+01,1.698775e+02
1.287539e+06,1.490208e+01,1.384194e+05,1.602077e+00,9.483354e-01,9.485803e-01,1.415298e-03,1.084203e-08,3.799375e+01,8.052166e+00,2.994158e+01,3.962494e+01,1.698735e+02
1.287549e+06,1.490219e+01,1.384294e+05,1.602192e+00,9.483380e-01,9.485804e-01,1.415406e-03,1.084202e-08,3.799272e+01,8.052420e+00,2.994030e+01,3.962376e+01,1.698695e+02
1.287559e+06,1.490231e+01,1.384394e+05,1.602308e+00,9.483406e-01,9.485805e-01,1.415515e-03,1.084202e-08,3.799169e+01,8.052674e+00,2.993902e+01,3.962257e+01,1.698655e+02
1.287569e+06,1.490242e+01,1.384494e+05,1.602424e+00,9.483432e-01,9.485806e-01,1.415623e-03,1.084202e-08,3.799066e+01,8.052928e+00,2.993773e+01,3.962139e+01,1.698615e+02
1.287579e+06,1.490254e+01,1.384594e+05,1.602540e+00,9.483458e-01,9.485807e-01,1.415732e-03,1.084202e-08,3.798964e+01,8.053182e+00,2.993645e+01,3.962020e+01,1.698575e+02
1.287589e+06,1.490266e+01,1.384694e+05,1.602655e+00,9.483484e-01,9.485808e-01,1.415840e-03,1.084202e-08,3.798861e+01,8.053437e+00,2.993517e+01,3.961902e+01,1.698534e+02
1.287599e+06,1.490277e+01,1.384794e+05,1.602771e+00,9.483510e-01,9.485809e-01,1.415949e-03,1.084202e-08,3.798758e+01,8.053691e+00,2.993389e+01,3.961784e+01,1.698494e+02
1.287609e+06,1.490289e+01,1.384894e+05,1.602887e+00,9.483536e-01,9.485810e-01,1.416057e-03,1.084202e-08,3.798655e+01,8.053945e+00,2.993261e+01,3.961665e+01,1.698454e+02
1.287619e+06,1.490300e+01,1.384994e+05,1.603003e+00,9.483562e-01,9.485811e-01,1.416165e-03,1.084202e-08,3.798553e+01,8.054199e+00,2.993133e+01,3.961547e+01,1.698414e+02
1.287629e+06,1.490312e+01,1.385094e+05,1.603118e+00,9.483588e-01,9.485812e-01,1.416274e-03,1.084201e-08,3.798450e+01,8.054453e+00,2.993005e+01,3.961428e+01,1.698374e+02
1.287639e+06,1.490323e+01,1.385194e+05,1.603234e+00,9.483614e-01,9.485813e-01,1.416382e-03,1.084201e-08,3.798347e+01,8.054707e+00,2.992876e+01,3.961310e+01,1.698334e+02
1.287649e+06,1.490335e+01,1.385294e+05,1.603350e+00,9.483640e-01,9.485814e-01,1.416491e-03,1.084201e-08,3.798244e+01,8.054961e+00,2.992748e+01,3.961192e+01,1.698294e+02
1.287659e+06,1.490347e+01,1.385394e+05,1.603466e+00,9.483666e-01,9.485815e-01,1.416599e-03,1.084201e-08,3.798142e+01,8.055215e+00,2.992620e+01,3.961073e+01,1.698254e+02
1.287669e+06,1.490358e+01,1.385494e+05,1.603581e+00,9.483692e-01,9.485816e-01,1.416708e-03,1.084201e-08,3.798039e+01,8.055469e+00,2.992492e+01,3.960955e+01,1.698214e+02
1.287679e+06,1.490370e+01,1.385594e+05,1.603697e+00,9.483719e-01,9.485817e-01,1.416816e-03,1.084201e-08,3.797936e+01,8.055724e+00,2.992364e+01,3.960836e+01,1.698174e+02
1.287689e+06,1.490381e+01,1.385694e+05,1.603813e+00,9.483745e-01,9.485818e-01,1.416924e-03,1.084201e-08,3.797833e+01,8.055978e+00,2.992236e+01,3.960718e+01,1.698134e+02
1.287699e+06,1.490393e+01,1.385794e+05,1.603929e+00,9.483771e-01,9.485819e-01,1.417033e-03,1.084201e-08,3.797731e+01,8.056232e+00,2.992107e+01,3.960600e+01,1.698094e+02
1.287709e+06,1.490404e+01,1.385894e+05,1.604044e+00,9.483797e-01,9.485820e-01,1.417141e-03,1.084201e-08,3.797628e+01,8.056486e+00,2.991979e+01,3.960481e+01,1.698054e+02
1.287719e+06,1.490416e+01,1.385994e+05,1.604160e+00,9.483865e-01,9.485821e-01,1.417250e-03,1.084200e-08,3.797525e+01,8.056740e+00,2.991851e+01,3.960349e+01,1.698014e+02
1.287729e+06,1.490428e+01,1.386094e+05,1.604276e+00,9.483933e-01,9.485822e-01,1.417358e-03,1.084200e-08,3.797450e+01,8.056828e+00,2.991768e+01,3.960247e+01,1.698026e+02
1.287739e+06,1.490439e+01,1.386194e+05,1.604392e+00,9.483990e-01,9.485823e-01,1.417467e-03,1.084200e-08,3.797390e+01,8.056828e+00,2.991708e+01,3.960165e+01,1.698066e+02
1.287749e+06,1.490451e+01,1.386294e+05,1.604507e+00,9.484047e-01,9.485824e-01,1.417575e-03,1.084200e-08,3.797330e+01,8.056828e+00,2.991648e+01,3.960083e+01,1.698106e+02
1.287759e+06,1.490462e+01,1.386394e+05,1.604623e+00,9.484103e-01,9.485826e-01,1.417683e-03,1.084200e-08,3.797271e+01,8.056828e+00,2.991588e+01,3.960001e+01,1.698146e+02
1.287769e+06,1.490474e+01,1.386494e+05,1.604739e+00,9.484160e-01,9.485827e-01,1.417792e-03,1.084200e-08,3.797211e+01,8.056828e+00,2.991528e+01,3.959919e+01,1.698186e+02
1.287779e+06,1.490485e+01,1.386594e+05,1.604855e+00,9.484217e-01,9.485828e-01,1.417900e-03,1.084200e-08,3.797151e+01,8.056828e+00,2.991468e+01,3.959837e+01,1.698227e+02
1.287789e+06,1.490497e+01,1.386694e+05,1.604970e+00,9.484274e-01,9.485829e-01,1.418009e-03,1.084200e-08,3.797091e+01,8.056828e+00,2.991408e+01,3.959754e+01,1.698267e+02
1.287799e+06,1.490509e+01,1.386794e+05,1.605086e+00,9.484331e-01,9.485830e-01,1.418117e-03,1.084199e-08,3.797031e+01,8.056828e+00,2.991348e+01,3.959672e+01,1.698307e+02
1.287809e+06,1.490520e+01,1.386894e+05,1.605202e+00,9.484387e-01,9.485831e-01,1.418226e-03,1.084199e-08,3.796971e+01,8.056828e+00,2.991288e+01,3.959590e+01,1.698347e+02
1.287819e+06,1.490532e+01,1.386994e+05,1.605318e+00,9.484444e-01,9.485832e-01,1.418334e-03,1.084199e-08,3.796911e+01,8.056828e+00,2.991228e+01,3.959508e+01,1.698387e+02
1.287829e+06,1.490543e+01,1.387094e+05,1.605433e+00,9.484501e-01,9.485833e-01,1.418442e-03,1.084199e-08,3.796851e+01,8.056828e+00,2.991168e+01,3.959426e+01,1.698427e+02
1.287839e+06,1.490555e+01,1.387194e+05,1.605549e+00,9.484558e-01,9.485834e-01,1.418551e-03,1.084199e-08,3.796791e+01,8.056828e+00,2.991108e+01,3.959344e+01,1.698467e+02
1.287849e+06,1.490566e+01,1.387294e+05,1.605665e+00,9.484615e-01,9.485835e-01,1.418659e-03,1.084199e-08,3.796731e+01,8.056828e+00,2.991048e+01,3.959262e+01,1.698507e+02
1.287859e+06,1.490578e+01,1.387394e+05,1.605781e+00,9.484671e-01,9.485836e-01,1.418768e-03,1.084199e-08,3.796671e+01,8.056828e+00,2.990988e+01,3.959180e+01,1.698547e+02
1.287869e+06,1.490590e+01,1.387494e+05,1.605896e+00,9.484728e-01,9.485837e-01,1.418876e-03,1.084199e-08,3.796611e+01,8.056828e+00,2.990928e+01,3.959098e+01,1.698587e+02
1.287879e+06,1.490601e+01,1.387594e+05,1.606012e+00,9.484785e-01,9.485838e-01,1.418985e-03,1.084199e-08,3.796551e+01,8.056828e+00,2.990869e+01,3.959016e+01,1.698627e+02
1.287889e+06,1.490613e+01,1.387694e+05,1.606128e+00,9.484842e-01,9.485839e-01,1.419093e-03,1.084198e-08,3.796491e+01,8.056828e+00,2.990809e+01,3.958934e+01,1.698667e+02
1.287899e+06,1.490624e+01,1.387794e+05,1.606244e+00,9.484899e-01,9.485840e-01,1.419201e-03,1.084198e-08,3.796431e+01,8.056828e+00,2.990749e+01,3.958852e+01,1.698707e+02
1.287909e+06,1.490636e+01,1.387894e+05,1.606359e+00,9.484955e-01,9.485841e-01,1.419310e-03,1.084198e-08,3.796371e+01,8.056828e+00,2.990689e+01,3.958769e+01,1.698747e+02
1.287919e+06,1.490648e+01,1.387994e+05,1.606475e+00,9.485012e-01,9.485842e-01,1.419418e-03,1.084198e-08,3.796312e+01,8.056828e+00,2.990629e+01,3.958687e+01,1.698787e+02
1.287929e+06,1.490659e+01,1.388095e+05,1.606591e+00,9.485069e-01,9.485843e-01,1.419527e-03,1.084198e-08,3.796252e+01,8.056828e+00,2.990569e+01,3.958605e+01,1.698827e+02
1.287939e+06,1.490671e+01,1.388195e+05,1.606707e+00,9.485126e-01,9.485844e-01,1.419635e-03,1.084198e-08,3.796192e+01,8.056828e+00,2.990509e+01,3.958523e+01,1.698867e+02
1.287949e+06,1.490682e+01,1.388295e+05,1.606822e+00,9.485183e-01,9.485845e-01,1.419744e-03,1.084198e-08,3.796132e+01,8.056828e+00,2.990449e+01,3.958441e+01,1.698907e+02
1.287959e+06,1.490694e+01,1.388395e+05,1.606938e+00,9.485239e-01,9.485846e-01,1.419852e-03,1.084198e-08,3.796072e+01,8.056828e+00,2.990389e+01,3.958359e+01,1.698947e+02
1.287969e+06,1.490705e+01,1.388495e+05,1.607054e+00,9.485252e-01,9.485847e-01,1.419960e-03,1.084197e-08,3.796012e+01,8.056828e+00,2.990329e+01,3.958292e+01,1.698987e+02
1.287979e+06,1.490717e+01,1.388595e+05,1.607170e+00,9.485183e-01,9.485848e-01,1.420069e-03,1.084197e-08,3.795975e+01,8.056828e+00,2.990293e+01,3.958276e+01,1.698972e+02
1.287989e+06,1.490729e+01,1.388695e+05,1.607285e+00,9.485086e-01,9.485849e-01,1.420177e-03,1.084197e-08,3.795950e+01,8.056828e+00,2.990267e+01,3.958282e+01,1.698932e+02
1.287999e+06,1.490740e+01,1.388795e+05,1.607401e+00,9.484989e-01,9.485850e-01,1.420286e-03,1.084197e-08,3.795924e+01,8.056828e+00,2.990241e+01,3.958287e+01,1.698892e+02
1.288009e+06,1.490752e+01,1.388895e+05,1.607517e+00,9.484891e-01,9.485851e-01,1.420394e-03,1.084197e-08,3.795898e+01,8.056828e+00,2.990216e+01,3.958292e+01,1.698852e+02
1.288019e+06,1.490763e+01,1.388995e+05,1.607633e+00,9.484794e-01,9.485852e-01,1.420503e-03,1.084197e-08,3.795873e+01,8.056828e+00,2.990190e+01,3.958297e+01,1.698812e+02
1.288029e+06,1.490775e+01,1.389095e+05,1.607748e+00,9.484697e-01,9.485853e-01,1.420611e-03,1.084197e-08,3.795847e+01,8.056828e+00,2.990164e+01,3.958302e+01,1.698772e+02
1.288039e+06,1.490786e+01,1.389195e+05,1.607864e+00,9.484600e-01,9.485854e-01,1.420719e-03,1.084197e-08,3.795821e+01,8.056828e+00,2.990139e+01,3.958308e+01,1.698732e+02
1.288049e+06,1.490798e+01,1.389295e+05,1.607980e+00,9.484503e-01,9.485855e-01,1.420828e-03,1.084197e-08,3.795796e+01,8.056828e+00,2.990113e+01,3.958313e+01,1.698692e+02
1.288059e+06,1.490810e+01,1.389395e+05,1.608096e+00,9.484405e-01,9.485856e-01,1.420936e-03,1.084196e-08,3.795770e+01,8.056828e+00,2.990087e+01,3.958318e+01,1.698652e+02
1.288069e+06,1.490821e+01,1.389495e+05,1.608211e+00,9.484308e-01,9.485857e-01,1.421045e-03,1.084196e-08,3.795744e+01,8.056828e+00,2.990061e+01,3.958323e+01,1.698612e+02
1.288079e+06,1.490833e+01,1.389595e+05,1.608327e+00,9.484211e-01,9.485858e-01,1.421153e-03,1.084196e-08,3.795719e+01,8.056828e+00,2.990036e+01,3.958329e+01,1.698572e+02
1.288089e+06,1.490844e+01,1.389695e+05,1.608443e+00,9.484114e-01,9.485859e-01,1.421261e-03,1.084196e-08,3.795693e+01,8.056828e+00,2.990010e+01,3.958334e+01,1.698532e+02
1.288099e+06,1.490856e+01,1.389795e+05,1.608559e+00,9.484017e-01,9.485860e-01,1.421370e-03,1.084196e-08,3.795667e+01,8.056828e+00,2.989984e+01,3.958339e+01,1.698492e+02
1.288109e+06,1.490867e+01,1.389895e+05,1.608674e+00,9.483919e-01,9.485862e-01,1.421478e-03,1.084196e-08,3.795641e+01,8.056828e+00,2.989959e+01,3.958344e+01,1.698452e+02
1.288119e+06,1.490879e+01,1.389995e+05,1.608790e+00,9.483822e-01,9.485863e-01,1.421587e-03,1.084196e-08,3.795616e+01,8.056828e+00,2.989933e+01,3.958349e+01,1.698412e+02
1.288129e+06,1.490891e+01,1.390095e+05,1.608906e+00,9.483725e-01,9.485864e-01,1.421695e-03,1.084196e-08,3.795590e+01,8.056828e+00,2.989907e+01,3.958355e+01,1.698372e+02
1.288139e+06,1.490902e+01,1.390195e+05,1.609022e+00,9.483628e-01,9.485865e-01,1.421804e-03,1.084195e-08,3.795564e+01,8.056828e+00,2.989882e+01,3.958360e+01,1.698332e+02
1.288149e+06,1.490914e+01,1.390295e+05,1.609137e+00,9.483530e-01,9.485866e-01,1.421912e-03,1.084195e-08,3.795539e+01,8.056828e+00,2.989856e+01,3.958365e+01,1.698292e+02
1.288159e+06,1.490925e+01,1.390395e+05,1.609253e+00,9.483433e-01,9.485867e-01,1.422020e-03,1.084195e-08,3.795513e+01,8.056828e+00,2.989830e+01,3.958370e+01,1.698252e+02
1.288169e+06,1.490937e+01,1.390495e+05,1.609369e+00,9.483336e-01,9.485868e-01,1.422129e-03,1.084195e-08,3.795487e+01,8.056828e+00,2.989805e+01,3.958376e+01,1.698211e+02
1.288179e+06,1.490948e+01,1.390595e+05,1.609485e+00,9.483239e-01,9.485869e-01,1.422237e-03,1.084195e-08,3.795462e+01,8.056828e+00,2.989779e+01,3.958381e+01,1.698171e+02
1.288189e+06,1.490960e+01,1.390695e+05,1.609600e+00,9.483142e-01,9.485870e-01,1.422346e-03,1.084195e-08,3.795436e+01,8.056828e+00,2.989753e+01,3.958386e+01,1.698131e+02
1.288199e+06,1.490972e+01,1.390795e+05,1.609716e+00,9.483044e-01,9.485871e-01,1.422454e-03,1.084195e-08,3.795410e+01,8.056828e+00,2.989728e+01,3.958391e+01,1.698091e+02
1.288209e+06,1.490983e+01,1.390895e+05,1.609832e+00,9.482947e-01,9.485872e-01,1.422563e-03,1.084195e-08,3.795385e+01,8.056828e+00,2.989702e+01,3.958397e+01,1.698051e+02
1.288219e+06,1.490995e+01,1.390995e+05,1.609948e+00,9.482873e-01,9.485873e-01,1.422671e-03,1.084195e-08,3.795359e+01,8.056828e+00,2.989676e+01,3.958394e+01,1.698011e+02
1.288229e+06,1.491006e+01,1.391095e+05,1.610063e+00,9.482943e-01,9.485874e-01,1.422779e-03,1.084194e-08,3.795352e+01,8.056828e+00,2.989669e+01,3.958363e+01,1.698000e+02
1.288239e+06,1.491018e+01,1.391195e+05,1.610179e+00,9.483066e-01,9.485875e-01,1.422888e-03,1.084194e-08,3.795352e+01,8.056828e+00,2.989669e+01,3.958322e+01,1.698000e+02
1.288249e+06,1.491029e+01,1.391295e+05,1.610295e+00,9.483189e-01,9.485876e-01,1.422996e-03,1.084194e-08,3.795352e+01,8.056828e+00,2.989669e+01,3.958281e+01,1.698000e+02
1.288259e+06,1.491041e+01,1.391395e+05,1.610411e+00,9.483312e-01,9.485877e-01,1.423105e-03,1.084194e-08,3.795352e+01,8.056828e+00,2.989669e+01,3.958241e+01,1.698000e+02
1.288269e+06,1.491053e+01,1.391495e+05,1.610526e+00,9.483435e-01,9.485878e-01,1.423213e-03,1.084194e-08,3.795352e+01,8.056828e+00,2.989669e+01,3.958200e+01,1.698000e+02
1.288279e+06,1.491064e+01,1.391595e+05,1.610642e+00,9.483558e-01,9.485879e-01,1.423322e-03,1.084194e-08,3.795352e+01,8.056828e+00,2.989669e+01,3.958159e+01,1.698000e+02
1.288289e+06,1.491076e+01,1.391695e+05,1.610758e+00,9.483680e-01,9.485880e-01,1.423430e-03,1.084194e-08,3.795352e+01,8.056828e+00,2.989669e+01,3.958118e+01,1.698000e+02
1.288299e+06,1.491087e+01,1.391795e+05,1.610874e+00,9.483803e-01,9.485881e-01,1.423538e-03,1.084194e-08,3.795352e+01,8.056828e+00,2.989669e+01,3.958077e+01,1.698000e+02
1.288309e+06,1.491099e+01,1.391895e+05,1.610989e+00,9.483926e-01,9.485882e-01,1.423647e-03,1.084193e-08,3.795352e+01,8.056828e+00,2.989669e+01,3.958036e+01,1.698000e+02
1.288319e+06,1.491111e+01,1.391995e+05,1.611105e+00,9.484049e-01,9.485883e-01,1.423755e-03,1.084193e-08,3.795352e+01,8.056828e+00,2.989669e+01,3.957996e+01,1.698000e+02
1.288329e+06,1.491122e+01,1.392095e+05,1.611221e+00,9.484172e-01,9.485884e-01,1.423864e-03,1.084193e-08,3.795352e+01,8.056828e+00,2.989669e+01,3.957955e+01,1.698000e+02
1.288339e+06,1.491134e+01,1.392195e+05,1.611337e+00,9.484295e-01,9.485885e-01,1.423972e-03,1.084193e-08,3.795352e+01,8.056828e+00,2.989669e+01,3.957914e+01,1.698000e+02
1.288349e+06,1.491145e+01,1.392295e+05,1.611452e+00,9.484418e-01,9.485886e-01,1.424081e-03,1.084193e-08,3.795352e+01,8.056828e+00,2.989669e+01,3.957873e+01,1.698000e+02
1.288359e+06,1.491157e+01,1.392395e+05,1.611568e+00,9.484541e-01,9.485887e-01,1.424189e-03,1.084193e-08,3.795352e+01,8.056828e+00,2.989669e+01,3.957832e+01,1.698000e+02
1.288369e+06,1.491168e+01,1.392495e+05,1.611684e+00,9.484663e-01,9.485888e-01,1.424297e-03,1.084193e-08,3.795352e+01,8.056828e+00,2.989669e+01,3.957791e+01,1.698000e+02
1.288379e+06,1.491180e+01,1.392595e+05,1.611800e+00,9.484786e-01,9.485889e-01,1.424406e-03,1.084193e-08,3.795352e+01,8.056828e+00,2.989669e+01,3.957751e+01,1.698000e+02
1.288389e+06,1.491192e+01,1.392695e+05,1.611915e+00,9.484909e-01,9.485890e-01,1.424514e-03,1.084193e-08,3.795352e+01,8.056828e+00,2.989669e+01,3.957710e+01,1.698000e+02
1.288399e+06,1.491203e+01,1.392795e+05,1.612031e+00,9.485032e-01,9.485891e-01,1.424623e-03,1.084192e-08,3.795352e+01,8.056828e+00,2.989669e+01,3.957669e+01,1.698000e+02
1.288409e+06,1.491215e+01,1.392895e+05,1.612147e+00,9.485155e-01,9.485892e-01,1.424731e-03,1.084192e-08,3.795352e+01,8.056828e+00,2.989669e+01,3.957628e+01,1.698000e+02
1.288419e+06,1.491226e+01,1.392995e+05,1.612263e+00,9.485278e-01,9.485893e-01,1.424840e-03,1.084192e-08,3.795352e+01,8.056828e+00,2.989669e+01,3.957587e+01,1.698000e+02
1.288429e+06,1.491238e+01,1.393095e+05,1.612378e+00,9.485401e-01,9.485894e-01,1.424948e-03,1.084192e-08,3.795352e+01,8.056828e+00,2.989669e+01,3.957546e+01,1.698000e+02
1.288439e+06,1.491249e+01,1.393195e+05,1.612494e+00,9.485523e-01,9.485895e-01,1.425056e-03,1.084192e-08,3.795352e+01,8.056828e+00,2.989669e+01,3.957506e+01,1.698000e+02
1.288449e+06,1.491261e+01,1.393295e+05,1.612610e+00,9.485646e-01,9.485896e-01,1.425165e-03,1.084192e-08,3.795352e+01,8.056828e+00,2.989669e+01,3.957465e+01,1.698000e+02
1.288459e+06,1.491273e+01,1.393395e+05,1.612726e+00,9.485769e-01,9.485898e-01,1.425273e-03,1.084192e-08,3.795352e+01,8.056828e+00,2.989669e+01,3.957424e+01,1.698000e+02
1.288469e+06,1.491284e+01,1.393495e+05,1.612841e+00,9.485871e-01,9.485899e-01,1.425382e-03,1.084192e-08,3.795352e+01,8.056828e+00,2.989669e+01,3.957390e+01,1.698000e+02
1.288479e+06,1.491296e+01,1.393595e+05,1.612957e+00,9.485854e-01,9.485900e-01,1.425490e-03,1.084191e-08,3.795335e+01,8.056828e+00,2.989652e+01,3.957378e+01,1.697973e+02
1.288489e+06,1.491307e+01,1.393695e+05,1.613073e+00,9.485782e-01,9.485901e-01,1.425599e-03,1.084191e-08,3.795309e+01,8.056828e+00,2.989626e+01,3.957375e+01,1.697933e+02
1.288499e+06,1.491319e+01,1.393795e+05,1.613189e+00,9.485711e-01,9.485902e-01,1.425707e-03,1.084191e-08,3.795283e+01,8.056828e+00,2.989600e+01,3.957371e+01,1.697893e+02
1.288509e+06,1.491330e+01,1.393895e+05,1.613304e+00,9.485640e-01,9.485903e-01,1.425815e-03,1.084191e-08,3.795258e+01,8.056828e+00,2.989575e+01,3.957368e+01,1.697853e+02
1.288519e+06,1.491342e+01,1.393995e+05,1.613420e+00,9.485568e-01,9.485904e-01,1.425924e-03,1.084191e-08,3.795232e+01,8.056828e+00,2.989549e+01,3.957364e+01,1.697813e+02
1.288529e+06,1.491354e+01,1.394095e+05,1.613536e+00,9.485497e-01,9.485905e-01,1.426032e-03,1.084191e-08,3.795206e+01,8.056828e+00,2.989523e+01,3.957361e+01,1.697773e+02
1.288539e+06,1.491365e+01,1.394195e+05,1.613652e+00,9.485426e-01,9.485906e-01,1.426141e-03,1.084191e-08,3.795180e+01,8.056828e+00,2.989498e+01,3.957358e+01,1.697733e+02
1.288549e+06,1.491377e+01,1.394295e+05,1.613767e+00,9.485354e-01,9.485907e-01,1.426249e-03,1.084191e-08,3.795155e+01,8.056828e+00,2.989472e+01,3.957354e+01,1.697693e+02
1.288559e+06,1.491388e+01,1.394395e+05,1.613883e+00,9.485283e-01,9.485908e-01,1.426358e-03,1.084191e-08,3.795129e+01,8.056828e+00,2.989446e+01,3.957351e+01,1.697653e+02
1.288569e+06,1.491400e+01,1.394495e+05,1.613999e+00,9.485212e-01,9.485909e-01,1.426466e-03,1.084190e-08,3.795103e+01,8.056828e+00,2.989421e+01,3.957347e+01,1.697613e+02
1.288579e+06,1.491411e+01,1.394595e+05,1.614115e+00,9.485140e-01,9.485910e-01,1.426574e-03,1.084190e-08,3.795078e+01,8.056828e+00,2.989395e+01,3.957344e+01,1.697573e+02
1.288589e+06,1.491423e+01,1.394695e+05,1.614230e+00,9.485069e-01,9.485911e-01,1.426683e-03,1.084190e-08,3.795052e+01,8.056828e+00,2.989369e+01,3.957341e+01,1.697533e+02
1.288599e+06,1.491435e+01,1.394795e+05,1.614346e+00,9.484998e-01,9.485912e-01,1.426791e-03,1.084190e-08,3.795026e+01,8.056828e+00,2.989344e+01,3.957337e+01,1.697493e+02
1.288609e+06,1.491446e+01,1.394895e+05,1.614462e+00,9.484926e-01,9.485913e-01,1.426900e-03,1.084190e-08,3.795001e+01,8.056828e+00,2.989318e+01,3.957334e+01,1.697453e+02
1.288619e+06,1.491458e+01,1.394995e+05,1.614578e+00,9.484855e-01,9.485914e-01,1.427008e-03,1.084190e-08,3.794975e+01,8.056828e+00,2.989292e+01,3.957331e+01,1.697413e+02
1.288629e+06,1.491469e+01,1.395095e+05,1.614693e+00,9.484784e-01,9.485915e-01,1.427117e-03,1.084190e-08,3.794949e+01,8.056828e+00,2.989267e+01,3.957327e+01,1.697373e+02
1.288639e+06,1.491481e+01,1.395195e+05,1.614809e+00,9.484713e-01,9.485916e-01,1.427225e-03,1.084190e-08,3.794924e+01,8.056828e+00,2.989241e+01,3.957324e+01,1.697333e+02
1.288649e+06,1.491492e+01,1.395295e+05,1.614925e+00,9.484641e-01,9.485917e-01,1.427333e-03,1.084189e-08,3.794898e+01,8.056828e+00,2.989215e+01,3.957320e+01,1.697292e+02
1.288660e+06,1.491504e+01,1.395395e+05,1.615041e+00,9.484570e-01,9.485918e-01,1.427442e-03,1.084189e-08,3.794872e+01,8.056828e+00,2.989189e+01,3.957317e+01,1.697252e+02
1.288670e+06,1.491516e+01,1.395495e+05,1.615156e+00,9.484499e-01,9.485919e-01,1.427550e-03,1.084189e-08,3.794847e+01,8.056828e+00,2.989164e+01,3.957314e+01,1.697212e+02
1.288680e+06,1.491527e+01,1.395595e+05,1.615272e+00,9.484427e-01,9.485920e-01,1.427659e-03,1.084189e-08,3.794821e+01,8.056828e+00,2.989138e+01,3.957310e+01,1.697172e+02
1.288690e+06,1.491539e+01,1.395695e+05,1.615388e+00,9.484356e-01,9.485921e-01,1.427767e-03,1.084189e-08,3.794795e+01,8.056828e+00,2.989112e+01,3.957307e+01,1.697132e+02
1.288700e+06,1.491550e+01,1.395795e+05,1.615504e+00,9.484285e-01,9.485922e-01,1.427876e-03,1.084189e-08,3.794769e+01,8.056828e+00,2.989087e+01,3.957303e+01,1.697092e+02
1.288710e+06,1.491562e+01,1.395895e+05,1.615619e+00,9.484213e-01,9.485923e-01,1.427984e-03,1.084189e-08,3.794744e+01,8.056828e+00,2.989061e+01,3.957300e+01,1.697052e+02
1.288720e+06,1.491574e+01,1.395995e+05,1.615735e+00,9.484209e-01,9.485924e-01,1.428092e-03,1.084189e-08,3.794718e+01,8.056828e+00,2.989035e+01,3.957274e+01,1.697012e+02
1.288730e+06,1.491585e+01,1.396095e+05,1.615851e+00,9.484305e-01,9.485925e-01,1.428201e-03,1.084189e-08,3.794823e+01,8.056828e+00,2.989141e+01,3.957353e+01,1.697056e+02
1.288740e+06,1.491597e+01,1.396195e+05,1.615967e+00,9.484433e-01,9.485926e-01,1.428309e-03,1.084188e-08,3.794986e+01,8.056828e+00,2.989303e+01,3.957482e+01,1.697136e+02
1.288750e+06,1.491608e+01,1.396295e+05,1.616082e+00,9.484561e-01,9.485927e-01,1.428418e-03,1.084188e-08,3.795148e+01,8.056828e+00,2.989465e+01,3.957610e+01,1.697215e+02
1.288760e+06,1.491620e+01,1.396395e+05,1.616198e+00,9.484689e-01,9.485928e-01,1.428526e-03,1.084188e-08,3.795310e+01,8.056828e+00,2.989627e+01,3.957739e+01,1.697295e+02
1.288770e+06,1.491631e+01,1.396495e+05,1.616314e+00,9.484816e-01,9.485929e-01,1.428635e-03,1.084188e-08,3.795472e+01,8.056828e+00,2.989789e+01,3.957867e+01,1.697375e+02
1.288780e+06,1.491643e+01,1.396595e+05,1.616429e+00,9.484944e-01,9.485930e-01,1.428743e-03,1.084188e-08,3.795634e+01,8.056828e+00,2.989951e+01,3.957996e+01,1.697455e+02
1.288790e+06,1.491655e+01,1.396695e+05,1.616545e+00,9.485072e-01,9.485931e-01,1.428851e-03,1.084188e-08,3.795796e+01,8.056828e+00,2.990113e+01,3.958124e+01,1.697535e+02
1.288800e+06,1.491666e+01,1.396795e+05,1.616661e+00,9.485199e-01,9.485932e-01,1.428960e-03,1.084188e-08,3.795958e+01,8.056828e+00,2.990276e+01,3.958253e+01,1.697614e+02
1.288810e+06,1.491678e+01,1.396895e+05,1.616777e+00,9.485327e-01,9.485934e-01,1.429068e-03,1.084188e-08,3.796121e+01,8.056828e+00,2.990438e+01,3.958381e+01,1.697694e+02
1.288820e+06,1.491689e+01,1.396995e+05,1.616892e+00,9.485455e-01,9.485935e-01,1.429177e-03,1.084188e-08,3.796283e+01,8.056828e+00,2.990600e+01,3.958510e+01,1.697774e+02
1.288830e+06,1.491701e+01,1.397095e+05,1.617008e+00,9.485583e-01,9.485936e-01,1.429285e-03,1.084187e-08,3.796445e+01,8.056828e+00,2.990762e+01,3.958638e+01,1.697854e+02
1.288840e+06,1.491712e+01,1.397195e+05,1.617124e+00,9.485710e-01,9.485937e-01,1.429393e-03,1.084187e-08,3.796607e+01,8.056828e+00,2.990924e+01,3.958767e+01,1.697934e+02
1.288850e+06,1.491724e+01,1.397295e+05,1.617240e+00,9.485838e-01,9.485938e-01,1.429502e-03,1.084187e-08,3.796769e+01,8.056828e+00,2.991086e+01,3.958895e+01,1.698014e+02
1.288860e+06,1.491736e+01,1.397395e+05,1.617355e+00,9.485966e-01,9.485939e-01,1.429610e-03,1.084187e-08,3.796931e+01,8.056828e+00,2.991248e+01,3.959024e+01,1.698093e+02
1.288870e+06,1.491747e+01,1.397495e+05,1.617471e+00,9.486094e-01,9.485940e-01,1.429719e-03,1.084187e-08,3.797093e+01,8.056828e+00,2.991411e+01,3.959152e+01,1.698173e+02
1.288880e+06,1.491759e+01,1.397595e+05,1.617587e+00,9.486221e-01,9.485941e-01,1.429827e-03,1.084187e-08,3.797255e+01,8.056828e+00,2.991573e+01,3.959281e+01,1.698253e+02
1.288890e+06,1.491770e+01,1.397695e+05,1.617703e+00,9.486349e-01,9.485942e-01,1.429936e-03,1.084187e-08,3.797418e+01,8.056828e+00,2.991735e+01,3.959409e+01,1.698333e+02
1.288900e+06,1.491782e+01,1.397795e+05,1.617818e+00,9.486477e-01,9.485943e-01,1.430044e-03,1.084187e-08,3.797580e+01,8.056828e+00,2.991897e+01,3.959537e+01,1.698413e+02
1.288910e+06,1.491793e+01,1.397895e+05,1.617934e+00,9.486604e-01,9.485944e-01,1.430152e-03,1.084186e-08,3.797742e+01,8.056828e+00,2.992059e+01,3.959666e+01,1.698493e+02
1.288920e+06,1.491805e+01,1.397995e+05,1.618050e+00,9.486732e-01,9.485945e-01,1.430261e-03,1.084186e-08,3.797904e+01,8.056828e+00,2.992221e+01,3.959794e+01,1.698572e+02
1.288930e+06,1.491817e+01,1.398095e+05,1.618166e+00,9.486860e-01,9.485946e-01,1.430369e-03,1.084186e-08,3.798066e+01,8.056828e+00,2.992383e+01,3.959923e+01,1.698652e+02
1.288940e+06,1.491828e+01,1.398195e+05,1.618281e+00,9.486988e-01,9.485947e-01,1.430478e-03,1.084186e-08,3.798228e+01,8.056828e+00,2.992545e+01,3.960051e+01,1.698732e+02
1.288950e+06,1.491840e+01,1.398295e+05,1.618397e+00,9.487115e-01,9.485948e-01,1.430586e-03,1.084186e-08,3.798390e+01,8.056828e+00,2.992708e+01,3.960180e+01,1.698812e+02
1.288960e+06,1.491851e+01,1.398395e+05,1.618513e+00,9.487243e-01,9.485949e-01,1.430695e-03,1.084186e-08,3.798552e+01,8.056828e+00,2.992870e+01,3.960308e+01,1.698892e+02
1.288970e+06,1.491863e+01,1.398495e+05,1.618629e+00,9.487288e-01,9.485950e-01,1.430803e-03,1.084186e-08,3.798715e+01,8.056828e+00,2.993032e+01,3.960464e+01,1.698972e+02
1.288980e+06,1.491874e+01,1.398595e+05,1.618744e+00,9.487206e-01,9.485951e-01,1.430911e-03,1.084186e-08,3.798789e+01,8.056828e+00,2.993106e+01,3.960570e+01,1.698948e+02
1.288990e+06,1.491886e+01,1.398695e+05,1.618860e+00,9.487078e-01,9.485952e-01,1.431020e-03,1.084186e-08,3.798815e+01,8.056828e+00,2.993132e+01,3.960639e+01,1.698868e+02
1.289000e+06,1.491898e+01,1.398795e+05,1.618976e+00,9.486950e-01,9.485953e-01,1.431128e-03,1.084185e-08,3.798840e+01,8.056828e+00,2.993158e+01,3.960709e+01,1.698788e+02
1.289010e+06,1.491909e+01,1.398895e+05,1.619092e+00,9.486821e-01,9.485954e-01,1.431237e-03,1.084185e-08,3.798866e+01,8.056828e+00,2.993183e+01,3.960779e+01,1.698708e+02
1.289020e+06,1.491921e+01,1.398995e+05,1.619207e+00,9.486693e-01,9.485955e-01,1.431345e-03,1.084185e-08,3.798892e+01,8.056828e+00,2.993209e+01,3.960848e+01,1.698628e+02
1.289030e+06,1.491932e+01,1.399095e+05,1.619323e+00,9.486565e-01,9.485956e-01,1.431454e-03,1.084185e-08,3.798917e+01,8.056828e+00,2.993235e+01,3.960918e+01,1.698548e+02
1.289040e+06,1.491944e+01,1.399195e+05,1.619439e+00,9.486437e-01,9.485957e-01,1.431562e-03,1.084185e-08,3.798943e+01,8.056828e+00,2.993260e+01,3.960988e+01,1.698468e+02
1.289050e+06,1.491955e+01,1.399295e+05,1.619555e+00,9.486309e-01,9.485958e-01,1.431670e-03,1.084185e-08,3.798969e+01,8.056828e+00,2.993286e+01,3.961058e+01,1.698388e+02
1.289060e+06,1.491967e+01,1.399395e+05,1.619670e+00,9.486181e-01,9.485959e-01,1.431779e-03,1.084185e-08,3.798994e+01,8.056828e+00,2.993312e+01,3.961127e+01,1.698308e+02
1.289070e+06,1.491979e+01,1.399495e+05,1.619786e+00,9.486052e-01,9.485960e-01,1.431887e-03,1.084185e-08,3.799020e+01,8.056828e+00,2.993337e+01,3.961197e+01,1.698228e+02
1.289080e+06,1.491990e+01,1.399595e+05,1.619902e+00,9.485924e-01,9.485961e-01,1.431996e-03,1.084184e-08,3.799046e+01,8.056828e+00,2.993363e+01,3.961267e+01,1.698147e+02
1.289090e+06,1.492002e+01,1.399695e+05,1.620018e+00,9.485796e-01,9.485962e-01,1.432104e-03,1.084184e-08,3.799072e+01,8.056828e+00,2.993389e+01,3.961336e+01,1.698067e+02
1.289100e+06,1.492013e+01,1.399795e+05,1.620133e+00,9.485668e-01,9.485963e-01,1.432213e-03,1.084184e-08,3.799097e+01,8.056828e+00,2.993414e+01,3.961406e+01,1.697987e+02
1.289110e+06,1.492025e+01,1.399895e+05,1.620249e+00,9.485540e-01,9.485964e-01,1.432321e-03,1.084184e-08,3.799123e+01,8.056828e+00,2.993440e+01,3.961476e+01,1.697907e+02
1.289120e+06,1.492036e+01,1.399995e+05,1.620365e+00,9.485412e-01,9.485965e-01,1.432429e-03,1.084184e-08,3.799149e+01,8.056828e+00,2.993466e+01,3.961546e+01,1.697827e+02
1.289130e+06,1.492048e+01,1.400095e+05,1.620481e+00,9.485283e-01,9.485966e-01,1.432538e-03,1.084184e-08,3.799174e+01,8.056828e+00,2.993492e+01,3.961615e+01,1.697747e+02
1.289140e+06,1.492060e+01,1.400195e+05,1.620596e+00,9.485155e-01,9.485967e-01,1.432646e-03,1.084184e-08,3.799200e+01,8.056828e+00,2.993517e+01,3.961685e+01,1.697667e+02
1.289150e+06,1.492071e+01,1.400295e+05,1.620712e+00,9.485027e-01,9.485968e-01,1.432755e-03,1.084184e-08,3.799226e+01,8.056828e+00,2.993543e+01,3.961755e+01,1.697587e+02
1.289160e+06,1.492083e+01,1.400395e+05,1.620828e+00,9.484899e-01,9.485970e-01,1.432863e-03,1.084184e-08,3.799251e+01,8.056828e+00,2.993569e+01,3.961825e+01,1.697507e+02
1.289170e+06,1.492094e+01,1.400495e+05,1.620944e+00,9.484771e-01,9.485971e-01,1.432972e-03,1.084183e-08,3.799277e+01,8.056828e+00,2.993594e+01,3.961894e+01,1.697427e+02
1.289180e+06,1.492106e+01,1.400595e+05,1.621059e+00,9.484643e-01,9.485972e-01,1.433080e-03,1.084183e-08,3.799303e+01,8.056828e+00,2.993620e+01,3.961964e+01,1.697346e+02
1.289190e+06,1.492118e+01,1.400695e+05,1.621175e+00,9.484514e-01,9.485973e-01,1.433188e-03,1.084183e-08,3.799328e+01,8.056828e+00,2.993646e+01,3.962034e+01,1.697266e+02
1.289200e+06,1.492129e+01,1.400795e+05,1.621291e+00,9.484386e-01,9.485974e-01,1.433297e-03,1.084183e-08,3.799354e+01,8.056828e+00,2.993671e+01,3.962103e+01,1.697186e+02
1.289210e+06,1.492141e+01,1.400895e+05,1.621407e+00,9.484258e-01,9.485975e-01,1.433405e-03,1.084183e-08,3.799380e+01,8.056828e+00,2.993697e+01,3.962173e+01,1.697106e+02
1.289220e+06,1.492152e+01,1.400995e+05,1.621522e+00,9.484173e-01,9.485976e-01,1.433514e-03,1.084183e-08,3.799405e+01,8.056828e+00,2.993723e+01,3.962229e+01,1.697026e+02
1.289230e+06,1.492164e+01,1.401095e+05,1.621638e+00,9.484197e-01,9.485977e-01,1.433622e-03,1.084183e-08,3.799414e+01,8.056828e+00,2.993731e+01,3.962229e+01,1.697000e+02
1.289240e+06,1.492175e+01,1.401195e+05,1.621754e+00,9.484264e-01,9.485978e-01,1.433731e-03,1.084183e-08,3.799414e+01,8.056828e+00,2.993731e+01,3.962207e+01,1.697000e+02
1.289250e+06,1.492187e+01,1.401295e+05,1.621870e+00,9.484330e-01,9.485979e-01,1.433839e-03,1.084182e-08,3.799414e+01,8.056828e+00,2.993731e+01,3.962185e+01,1.697000e+02
1.289260e+06,1.492199e+01,1.401395e+05,1.621985e+00,9.484396e-01,9.485980e-01,1.433947e-03,1.084182e-08,3.799414e+01,8.056828e+00,2.993731e+01,3.962163e+01,1.697000e+02
1.289270e+06,1.492210e+01,1.401495e+05,1.622101e+00,9.484463e-01,9.485981e-01,1.434056e-03,1.084182e-08,3.799414e+01,8.056828e+00,2.993731e+01,3.962141e+01,1.697000e+02
1.289280e+06,1.492222e+01,1.401595e+05,1.622217e+00,9.484529e-01,9.485982e-01,1.434164e-03,1.084182e-08,3.799414e+01,8.056828e+00,2.993731e+01,3.962119e+01,1.697000e+02
1.289290e+06,1.492233e+01,1.401695e+05,1.622333e+00,9.484595e-01,9.485983e-01,1.434273e-03,1.084182e-08,3.799414e+01,8.056828e+00,2.993731e+01,3.962097e+01,1.697000e+02
1.289300e+06,1.492245e+01,1.401795e+05,1.622448e+00,9.484662e-01,9.485984e-01,1.434381e-03,1.084182e-08,3.799414e+01,8.056828e+00,2.993731e+01,3.962075e+01,1.697000e+02
1.289310e+06,1.492256e+01,1.401895e+05,1.622564e+00,9.484728e-01,9.485985e-01,1.434490e-03,1.084182e-08,3.799414e+01,8.056828e+00,2.993731e+01,3.962053e+01,1.697000e+02
1.289320e+06,1.492268e+01,1.401995e+05,1.622680e+00,9.484794e-01,9.485986e-01,1.434598e-03,1.084182e-08,3.799414e+01,8.056828e+00,2.993731e+01,3.962031e+01,1.697000e+02
1.289330e+06,1.492280e+01,1.402095e+05,1.622796e+00,9.484861e-01,9.485987e-01,1.434706e-03,1.084182e-08,3.799414e+01,8.056828e+00,2.993731e+01,3.962009e+01,1.697000e+02
1.289340e+06,1.492291e+01,1.402195e+05,1.622911e+00,9.484927e-01,9.485988e-01,1.434815e-03,1.084181e-08,3.799414e+01,8.056828e+00,2.993731e+01,3.961986e+01,1.697000e+02
1.289350e+06,1.492303e+01,1.402295e+05,1.623027e+00,9.484993e-01,9.485989e-01,1.434923e-03,1.084181e-08,3.799414e+01,8.056828e+00,2.993731e+01,3.961964e+01,1.697000e+02
1.289360e+06,1.492314e+01,1.402395e+05,1.623143e+00,9.485060e-01,9.485990e-01,1.435032e-03,1.084181e-08,3.799414e+01,8.056828e+00,2.993731e+01,3.961942e+01,1.697000e+02
1.289370e+06,1.492326e+01,1.402495e+05,1.623259e+00,9.485126e-01,9.485991e-01,1.435140e-03,1.084181e-08,3.799414e+01,8.056828e+00,2.993731e+01,3.961920e+01,1.697000e+02
1.289380e+06,1.492337e+01,1.402595e+05,1.623374e+00,9.485192e-01,9.485992e-01,1.435248e-03,1.084181e-08,3.799414e+01,8.056828e+00,2.993731e+01,3.961898e+01,1.697000e+02
1.289390e+06,1.492349e+01,1.402695e+05,1.623490e+00,9.485259e-01,9.485993e-01,1.435357e-03,1.084181e-08,3.799414e+01,8.056828e+00,2.993731e+01,3.961876e+01,1.697000e+02
1.289400e+06,1.492361e+01,1.402796e+05,1.623606e+00,9.485325e-01,9.485994e-01,1.435465e-03,1.084181e-08,3.799414e+01,8.056828e+00,2.993731e+01,3.961854e+01,1.697000e+02
1.289410e+06,1.492372e+01,1.402896e+05,1.623722e+00,9.485391e-01,9.485995e-01,1.435574e-03,1.084181e-08,3.799414e+01,8.056828e+00,2.993731e+01,3.961832e+01,1.697000e+02
1.289420e+06,1.492384e+01,1.402996e+05,1.623837e+00,9.485458e-01,9.485996e-01,1.435682e-03,1.084180e-08,3.799414e+01,8.056828e+00,2.993731e+01,3.961810e+01,1.697000e+02
1.289430e+06,1.492395e+01,1.403096e+05,1.623953e+00,9.485524e-01,9.485997e-01,1.435791e-03,1.084180e-08,3.799414e+01,8.056828e+00,2.993731e+01,3.961788e+01,1.697000e+02
1.289440e+06,1.492407e+01,1.403196e+05,1.624069e+00,9.485590e-01,9.485998e-01,1.435899e-03,1.084180e-08,3.799414e+01,8.056828e+00,2.993731e+01,3.961766e+01,1.697000e+02
1.289450e+06,1.492418e+01,1.403296e+05,1.624185e+00,9.485657e-01,9.485999e-01,1.436007e-03,1.084180e-08,3.799414e+01,8.056828e+00,2.993731e+01,3.961744e+01,1.697000e+02
1.289460e+06,1.492430e+01,1.403396e+05,1.624300e+00,9.485723e-01,9.486000e-01,1.436116e-03,1.084180e-08,3.799414e+01,8.056828e+00,2.993731e+01,3.961722e+01,1.697000e+02
1.289470e+06,1.492442e+01,1.403496e+05,1.624416e+00,9.485789e-01,9.486001e-01,1.436224e-03,1.084180e-08,3.799414e+01,8.056828e+00,2.993731e+01,3.961700e+01,1.697000e+02
1.289480e+06,1.492453e+01,1.403596e+05,1.624532e+00,9.485826e-01,9.486002e-01,1.436333e-03,1.084180e-08,3.799299e+01,8.056648e+00,2.993634e+01,3.961568e+01,1.697000e+02
1.289490e+06,1.492465e+01,1.403696e+05,1.624648e+00,9.485849e-01,9.486003e-01,1.436441e-03,1.084180e-08,3.799137e+01,8.056395e+00,2.993497e+01,3.961390e+01,1.697000e+02
1.289500e+06,1.492476e+01,1.403796e+05,1.624763e+00,9.485873e-01,9.486004e-01,1.436550e-03,1.084180e-08,3.798975e+01,8.056142e+00,2.993361e+01,3.961213e+01,1.697000e+02
1.289510e+06,1.492488e+01,1.403896e+05,1.624879e+00,9.485897e-01,9.486006e-01,1.436658e-03,1.084179e-08,3.798813e+01,8.055889e+00,2.993224e+01,3.961035e+01,1.697000e+02
1.289520e+06,1.492499e+01,1.403996e+05,1.624995e+00,9.485921e-01,9.486007e-01,1.436766e-03,1.084179e-08,3.798651e+01,8.055635e+00,2.993087e+01,3.960858e+01,1.697000e+02
1.289530e+06,1.492511e+01,1.404096e+05,1.625111e+00,9.485944e-01,9.486008e-01,1.436875e-03,1.084179e-08,3.798488e+01,8.055382e+00,2.992950e+01,3.960680e+01,1.697000e+02
1.289540e+06,1.492523e+01,1.404196e+05,1.625226e+00,9.485968e-01,9.486009e-01,1.436983e-03,1.084179e-08,3.798326e+01,8.055129e+00,2.992813e+01,3.960503e+01,1.697000e+02
1.289550e+06,1.492534e+01,1.404296e+05,1.625342e+00,9.485992e-01,9.486010e-01,1.437092e-03,1.084179e-08,3.798164e+01,8.054876e+00,2.992677e+01,3.960325e+01,1.697000e+02
1.289560e+06,1.492546e+01,1.404396e+05,1.625458e+00,9.486015e-01,9.486011e-01,1.437200e-03,1.084179e-08,3.798002e+01,8.054622e+00,2.992540e+01,3.960148e+01,1.697000e+02
1.289570e+06,1.492557e+01,1.404496e+05,1.625574e+00,9.486039e-01,9.486012e-01,1.437309e-03,1.084179e-08,3.797840e+01,8.054369e+00,2.992403e+01,3.959971e+01,1.697000e+02
1.289580e+06,1.492569e+01,1.404596e+05,1.625689e+00,9.486063e-01,9.486013e-01,1.437417e-03,1.084179e-08,3.797678e+01,8.054116e+00,2.992266e+01,3.959793e+01,1.697000e+02
1.289590e+06,1.492581e+01,1.404696e+05,1.625805e+00,9.486087e-01,9.486014e-01,1.437525e-03,1.084178e-08,3.797516e+01,8.053863e+00,2.992129e+01,3.959616e+01,1.697000e+02
1.289600e+06,1.492592e+01,1.404796e+05,1.625921e+00,9.486110e-01,9.486015e-01,1.437634e-03,1.084178e-08,3.797354e+01,8.053609e+00,2.991993e+01,3.959438e+01,1.697000e+02
1.289610e+06,1.492604e+01,1.404896e+05,1.626037e+00,9.486134e-01,9.486016e-01,1.437742e-03,1.084178e-08,3.797191e+01,8.053356e+00,2.991856e+01,3.959261e+01,1.697000e+02
1.289620e+06,1.492615e+01,1.404996e+05,1.626152e+00,9.486158e-01,9.486017e-01,1.437851e-03,1.084178e-08,3.797029e+01,8.053103e+00,2.991719e+01,3.959083e+01,1.697000e+02
1.289630e+06,1.492627e+01,1.405096e+05,1.626268e+00,9.486182e-01,9.486018e-01,1.437959e-03,1.084178e-08,3.796867e+01,8.052850e+00,2.991582e+01,3.958906e+01,1.697000e+02
1.289640e+06,1.492638e+01,1.405196e+05,1.626384e+00,9.486205e-01,9.486019e-01,1.438068e-03,1.084178e-08,3.796705e+01,8.052597e+00,2.991445e+01,3.958729e+01,1.697000e+02
1.289650e+06,1.492650e+01,1.405296e+05,1.626500e+00,9.486229e-01,9.486020e-01,1.438176e-03,1.084178e-08,3.796543e+01,8.052343e+00,2.991309e+01,3.958551e+01,1.697000e+02
1.289660e+06,1.492662e+01,1.405396e+05,1.626615e+00,9.486253e-01,9.486021e-01,1.438284e-03,1.084178e-08,3.796381e+01,8.052090e+00,2.991172e+01,3.958374e+01,1.697000e+02
1.289670e+06,1.492673e+01,1.405496e+05,1.626731e+00,9.486277e-01,9.486022e-01,1.438393e-03,1.084178e-08,3.796219e+01,8.051837e+00,2.991035e+01,3.958196e+01,1.697000e+02
1.289680e+06,1.492685e+01,1.405596e+05,1.626847e+00,9.486300e-01,9.486023e-01,1.438501e-03,1.084177e-08,3.796056e+01,8.051584e+00,2.990898e+01,3.958019e+01,1.697000e+02
1.289690e+06,1.492696e+01,1.405696e+05,1.626963e+00,9.486324e-01,9.486024e-01,1.438610e-03,1.084177e-08,3.795894e+01,8.051330e+00,2.990761e+01,3.957841e+01,1.697000e+02
1.289700e+06,1.492708e+01,1.405796e+05,1.627078e+00,9.486348e-01,9.486025e-01,1.438718e-03,1.084177e-08,3.795732e+01,8.051077e+00,2.990624e+01,3.957664e+01,1.697000e+02
1.289710e+06,1.492719e+01,1.405896e+05,1.627194e+00,9.486371e-01,9.486026e-01,1.438827e-03,1.084177e-08,3.795570e+01,8.050824e+00,2.990488e+01,3.957487e+01,1.697000e+02
1.289720e+06,1.492731e+01,1.405996e+05,1.627310e+00,9.486374e-01,9.486027e-01,1.438935e-03,1.084177e-08,3.795408e+01,8.050571e+00,2.990351e+01,3.957316e+01,1.697000e+02
1.289730e+06,1.492743e+01,1.406096e+05,1.627426e+00,9.486292e-01,9.486028e-01,1.439043e-03,1.084177e-08,3.795408e+01,8.050483e+00,2.990359e+01,3.957343e+01,1.696974e+02
1.289740e+06,1.492754e+01,1.406196e+05,1.627541e+00,9.486171e-01,9.486029e-01,1.439152e-03,1.084177e-08,3.795493e+01,8.050483e+00,2.990445e+01,3.957474e+01,1.696934e+02
1.289750e+06,1.492766e+01,1.406296e+05,1.627657e+00,9.486050e-01,9.486030e-01,1.439260e-03,1.084177e-08,3.795579e+01,8.050483e+00,2.990531e+01,3.957605e+01,1.696894e+02
1.289760e+06,1.492777e+01,1.406396e+05,1.627773e+00,9.485929e-01,9.486031e-01,1.439369e-03,1.084176e-08,3.795665e+01,8.050483e+00,2.990616e+01,3.957735e+01,1.696854e+02
1.289770e+06,1.492789e+01,1.406496e+05,1.627889e+00,9.485808e-01,9.486032e-01,1.439477e-03,1.084176e-08,3.795750e+01,8.050483e+00,2.990702e+01,3.957866e+01,1.696814e+02
1.289780e+06,1.492800e+01,1.406596e+05,1.628004e+00,9.485687e-01,9.486033e-01,1.439585e-03,1.084176e-08,3.795836e+01,8.050483e+00,2.990788e+01,3.957996e+01,1.696774e+02
1.289790e+06,1.492812e+01,1.406696e+05,1.628120e+00,9.485566e-01,9.486034e-01,1.439694e-03,1.084176e-08,3.795921e+01,8.050483e+00,2.990873e+01,3.958127e+01,1.696734e+02
1.289800e+06,1.492824e+01,1.406796e+05,1.628236e+00,9.485445e-01,9.486035e-01,1.439802e-03,1.084176e-08,3.796007e+01,8.050483e+00,2.990959e+01,3.958257e+01,1.696693e+02
1.289810e+06,1.492835e+01,1.406896e+05,1.628352e+00,9.485324e-01,9.486036e-01,1.439911e-03,1.084176e-08,3.796093e+01,8.050483e+00,2.991044e+01,3.958388e+01,1.696653e+02
1.289820e+06,1.492847e+01,1.406996e+05,1.628467e+00,9.485202e-01,9.486037e-01,1.440019e-03,1.084176e-08,3.796178e+01,8.050483e+00,2.991130e+01,3.958518e+01,1.696613e+02
1.289830e+06,1.492858e+01,1.407096e+05,1.628583e+00,9.485081e-01,9.486038e-01,1.440128e-03,1.084176e-08,3.796264e+01,8.050483e+00,2.991216e+01,3.958649e+01,1.696573e+02
1.289840e+06,1.492870e+01,1.407196e+05,1.628699e+00,9.484960e-01,9.486039e-01,1.440236e-03,1.084176e-08,3.796350e+01,8.050483e+00,2.991301e+01,3.958779e+01,1.696533e+02
1.289850e+06,1.492881e+01,1.407296e+05,1.628815e+00,9.484839e-01,9.486040e-01,1.440344e-03,1.084175e-08,3.796435e+01,8.050483e+00,2.991387e+01,3.958910e+01,1.696493e+02
1.289860e+06,1.492893e+01,1.407396e+05,1.628930e+00,9.484718e-01,9.486042e-01,1.440453e-03,1.084175e-08,3.796521e+01,8.050483e+00,2.991473e+01,3.959040e+01,1.696453e+02
1.289870e+06,1.492905e+01,1.407496e+05,1.629046e+00,9.484597e-01,9.486043e-01,1.440561e-03,1.084175e-08,3.796606e+01,8.050483e+00,2.991558e+01,3.959171e+01,1.696413e+02
1.289880e+06,1.492916e+01,1.407596e+05,1.629162e+00,9.484476e-01,9.486044e-01,1.440670e-03,1.084175e-08,3.796692e+01,8.050483e+00,2.991644e+01,3.959301e+01,1.696373e+02
1.289890e+06,1.492928e+01,1.407696e+05,1.629278e+00,9.484355e-01,9.486045e-01,1.440778e-03,1.084175e-08,3.796778e+01,8.050483e+00,2.991729e+01,3.959432e+01,1.696333e+02
1.289900e+06,1.492939e+01,1.407796e+05,1.629393e+00,9.484234e-01,9.486046e-01,1.440887e-03,1.084175e-08,3.796863e+01,8.050483e+00,2.991815e+01,3.959563e+01,1.696293e+02
1.289910e+06,1.492951e+01,1.407896e+05,1.629509e+00,9.484113e-01,9.486047e-01,1.440995e-03,1.084175e-08,3.796949e+01,8.050483e+00,2.991901e+01,3.959693e+01,1.696253e+02
1.289920e+06,1.492962e+01,1.407996e+05,1.629625e+00,9.483991e-01,9.486048e-01,1.441103e-03,1.084175e-08,3.797035e+01,8.050483e+00,2.991986e+01,3.959824e+01,1.696213e+02
1.289930e+06,1.492974e+01,1.408096e+05,1.629741e+00,9.483870e-01,9.486049e-01,1.441212e-03,1.084174e-08,3.797120e+01,8.050483e+00,2.992072e+01,3.959954e+01,1.696173e+02
1.289940e+06,1.492986e+01,1.408196e+05,1.629856e+00,9.483749e-01,9.486050e-01,1.441320e-03,1.084174e-08,3.797206e+01,8.050483e+00,2.992158e+01,3.960085e+01,1.696133e+02
1.289950e+06,1.492997e+01,1.408296e+05,1.629972e+00,9.483628e-01,9.486051e-01,1.441429e-03,1.084174e-08,3.797291e+01,8.050483e+00,2.992243e+01,3.960215e+01,1.696093e+02
1.289960e+06,1.493009e+01,1.408396e+05,1.630088e+00,9.483507e-01,9.486052e-01,1.441537e-03,1.084174e-08,3.797377e+01,8.050483e+00,2.992329e+01,3.960346e+01,1.696053e+02
1.289970e+06,1.493020e+01,1.408496e+05,1.630204e+00,9.483430e-01,9.486053e-01,1.441646e-03,1.084174e-08,3.797463e+01,8.050483e+00,2.992414e+01,3.960462e+01,1.696013e+02
1.289980e+06,1.493032e+01,1.408596e+05,1.630319e+00,9.483558e-01,9.486054e-01,1.441754e-03,1.084174e-08,3.797542e+01,8.050483e+00,2.992494e+01,3.960503e+01,1.696027e+02
1.289990e+06,1.493044e+01,1.408696e+05,1.630435e+00,9.483770e-01,9.486055e-01,1.441862e-03,1.084174e-08,3.797619e+01,8.050483e+00,2.992571e+01,3.960514e+01,1.696067e+02
1.290000e+06,1.493055e+01,1.408796e+05,1.630551e+00,9.483983e-01,9.486056e-01,1.441971e-03,1.084174e-08,3.797696e+01,8.050483e+00,2.992648e+01,3.960524e+01,1.696107e+02
1.290010e+06,1.493067e+01,1.408896e+05,1.630667e+00,9.484196e-01,9.486057e-01,1.442079e-03,1.084174e-08,3.797773e+01,8.050483e+00,2.992724e+01,3.960534e+01,1.696147e+02
1.290020e+06,1.493078e+01,1.408996e+05,1.630782e+00,9.484408e-01,9.486058e-01,1.442188e-03,1.084173e-08,3.797849e+01,8.050483e+00,2.992801e+01,3.960544e+01,1.696187e+02
1.290030e+06,1.493090e+01,1.409096e+05,1.630898e+00,9.484621e-01,9.486059e-01,1.442296e-03,1.084173e-08,3.797926e+01,8.050483e+00,2.992878e+01,3.960554e+01,1.696227e+02
1.290040e+06,1.493101e+01,1.409196e+05,1.631014e+00,9.484834e-01,9.486060e-01,1.442405e-03,1.084173e-08,3.798003e+01,8.050483e+00,2.992955e+01,3.960565e+01,1.696267e+02
1.290050e+06,1.493113e+01,1.409296e+05,1.631130e+00,9.485046e-01,9.486061e-01,1.442513e-03,1.084173e-08,3.798080e+01,8.050483e+00,2.993032e+01,3.960575e+01,1.696307e+02
1.290060e+06,1.493125e+01,1.409396e+05,1.631245e+00,9.485259e-01,9.486062e-01,1.442621e-03,1.084173e-08,3.798157e+01,8.050483e+00,2.993108e+01,3.960585e+01,1.696347e+02
1.290070e+06,1.493136e+01,1.409496e+05,1.631361e+00,9.485472e-01,9.486063e-01,1.442730e-03,1.084173e-08,3.798233e+01,8.050483e+00,2.993185e+01,3.960595e+01,1.696387e+02
1.290080e+06,1.493148e+01,1.409596e+05,1.631477e+00,9.485684e-01,9.486064e-01,1.442838e-03,1.084173e-08,3.798310e+01,8.050483e+00,2.993262e+01,3.960606e+01,1.696426e+02
1.290090e+06,1.493159e+01,1.409696e+05,1.631593e+00,9.485897e-01,9.486065e-01,1.442947e-03,1.084173e-08,3.798387e+01,8.050483e+00,2.993339e+01,3.960616e+01,1.696466e+02
1.290100e+06,1.493171e+01,1.409796e+05,1.631708e+00,9.486109e-01,9.486066e-01,1.443055e-03,1.084172e-08,3.798464e+01,8.050483e+00,2.993416e+01,3.960626e+01,1.696506e+02
1.290110e+06,1.493182e+01,1.409896e+05,1.631824e+00,9.486322e-01,9.486067e-01,1.443164e-03,1.084172e-08,3.798541e+01,8.050483e+00,2.993492e+01,3.960636e+01,1.696546e+02
1.290120e+06,1.493194e+01,1.409996e+05,1.631940e+00,9.486535e-01,9.486068e-01,1.443272e-03,1.084172e-08,3.798617e+01,8.050483e+00,2.993569e+01,3.960646e+01,1.696586e+02
1.290130e+06,1.493206e+01,1.410096e+05,1.632056e+00,9.486747e-01,9.486069e-01,1.443380e-03,1.084172e-08,3.798694e+01,8.050483e+00,2.993646e+01,3.960657e+01,1.696626e+02
1.290140e+06,1.493217e+01,1.410196e+05,1.632171e+00,9.486960e-01,9.486070e-01,1.443489e-03,1.084172e-08,3.798771e+01,8.050483e+00,2.993723e+01,3.960667e+01,1.696666e+02
1.290150e+06,1.493229e+01,1.410296e+05,1.632287e+00,9.487173e-01,9.486071e-01,1.443597e-03,1.084172e-08,3.798848e+01,8.050483e+00,2.993800e+01,3.960677e+01,1.696706e+02
1.290160e+06,1.493240e+01,1.410396e+05,1.632403e+00,9.487385e-01,9.486072e-01,1.443706e-03,1.084172e-08,3.798925e+01,8.050483e+00,2.993876e+01,3.960687e+01,1.696746e+02
1.290170e+06,1.493252e+01,1.410496e+05,1.632519e+00,9.487598e-01,9.486073e-01,1.443814e-03,1.084172e-08,3.799001e+01,8.050483e+00,2.993953e+01,3.960698e+01,1.696786e+02
1.290180e+06,1.493263e+01,1.410596e+05,1.632634e+00,9.487811e-01,9.486074e-01,1.443922e-03,1.084172e-08,3.799078e+01,8.050483e+00,2.994030e+01,3.960708e+01,1.696826e+02
1.290190e+06,1.493275e+01,1.410696e+05,1.632750e+00,9.488023e-01,9.486075e-01,1.444031e-03,1.084171e-08,3.799155e+01,8.050483e+00,2.994107e+01,3.960718e+01,1.696866e+02
1.290200e+06,1.493287e+01,1.410796e+05,1.632866e+00,9.488236e-01,9.486076e-01,1.444139e-03,1.084171e-08,3.799232e+01,8.050483e+00,2.994184e+01,3.960728e+01,1.696905e+02
1.290210e+06,1.493298e+01,1.410896e+05,1.632982e+00,9.488449e-01,9.486078e-01,1.444248e-03,1.084171e-08,3.799309e+01,8.050483e+00,2.994260e+01,3.960738e+01,1.696945e+02
1.290220e+06,1.493310e+01,1.410996e+05,1.633097e+00,9.488641e-01,9.486079e-01,1.444356e-03,1.084171e-08,3.799385e+01,8.050483e+00,2.994337e+01,3.960755e+01,1.696985e+02
1.290230e+06,1.493321e+01,1.411096e+05,1.633213e+00,9.488614e-01,9.486080e-01,1.444465e-03,1.084171e-08,3.799365e+01,8.050643e+00,2.994301e+01,3.960742e+01,1.697000e+02
1.290240e+06,1.493333e+01,1.411196e+05,1.633329e+00,9.488464e-01,9.486081e-01,1.444573e-03,1.084171e-08,3.799288e+01,8.050897e+00,2.994198e+01,3.960709e+01,1.697000e+02
1.290250e+06,1.493344e+01,1.411296e+05,1.633445e+00,9.488315e-01,9.486082e-01,1.444681e-03,1.084171e-08,3.799211e+01,8.051151e+00,2.994096e+01,3.960676e+01,1.697000e+02
1.290260e+06,1.493356e+01,1.411396e+05,1.633560e+00,9.488166e-01,9.486083e-01,1.444790e-03,1.084171e-08,3.799134e+01,8.051405e+00,2.993993e+01,3.960643e+01,1.697000e+02
1.290270e+06,1.493368e+01,1.411496e+05,1.633676e+00,9.488016e-01,9.486084e-01,1.444898e-03,1.084170e-08,3.799057e+01,8.051660e+00,2.993891e+01,3.960610e+01,1.697000e+02
1.290280e+06,1.493379e+01,1.411596e+05,1.633792e+00,9.487867e-01,9.486085e-01,1.445007e-03,1.084170e-08,3.798980e+01,8.051914e+00,2.993788e+01,3.960578e+01,1.697000e+02
1.290290e+06,1.493391e+01,1.411696e+05,1.633908e+00,9.487718e-01,9.486086e-01,1.445115e-03,1.084170e-08,3.798903e+01,8.052168e+00,2.993686e+01,3.960545e+01,1.697000e+02
1.290300e+06,1.493402e+01,1.411796e+05,1.634023e+00,9.487568e-01,9.486087e-01,1.445224e-03,1.084170e-08,3.798826e+01,8.052422e+00,2.993584e+01,3.960512e+01,1.697000e+02
1.290310e+06,1.493414e+01,1.411896e+05,1.634139e+00,9.487419e-01,9.486088e-01,1.445332e-03,1.084170e-08,3.798749e+01,8.052676e+00,2.993481e+01,3.960479e+01,1.697000e+02
1.290320e+06,1.493425e+01,1.411996e+05,1.634255e+00,9.487270e-01,9.486089e-01,1.445440e-03,1.084170e-08,3.798672e+01,8.052930e+00,2.993379e+01,3.960446e+01,1.697000e+02
1.290330e+06,1.493437e+01,1.412096e+05,1.634371e+00,9.487121e-01,9.486090e-01,1.445549e-03,1.084170e-08,3.798595e+01,8.053184e+00,2.993276e+01,3.960413e+01,1.697000e+02
1.290340e+06,1.493449e+01,1.412196e+05,1.634486e+00,9.486971e-01,9.486091e-01,1.445657e-03,1.084170e-08,3.798517e+01,8.053438e+00,2.993174e+01,3.960380e+01,1.697000e+02
1.290350e+06,1.493460e+01,1.412296e+05,1.634602e+00,9.486822e-01,9.486092e-01,1.445766e-03,1.084170e-08,3.798440e+01,8.053693e+00,2.993071e+01,3.960347e+01,1.697000e+02
1.290360e+06,1.493472e+01,1.412396e+05,1.634718e+00,9.486673e-01,9.486093e-01,1.445874e-03,1.084169e-08,3.798363e+01,8.053947e+00,2.992969e+01,3.960314e+01,1.697000e+02
1.290370e+06,1.493483e+01,1.412496e+05,1.634834e+00,9.486523e-01,9.486094e-01,1.445983e-03,1.084169e-08,3.798286e+01,8.054201e+00,2.992866e+01,3.960281e+01,1.697000e+02
1.290380e+06,1.493495e+01,1.412596e+05,1.634949e+00,9.486374e-01,9.486095e-01,1.446091e-03,1.084169e-08,3.798209e+01,8.054455e+00,2.992764e+01,3.960248e+01,1.697000e+02
1.290390e+06,1.493507e+01,1.412696e+05,1.635065e+00,9.486225e-01,9.486096e-01,1.446199e-03,1.084169e-08,3.798132e+01,8.054709e+00,2.992661e+01,3.960215e+01,1.697000e+02
1.290400e+06,1.493518e+01,1.412796e+05,1.635181e+00,9.486075e-01,9.486097e-01,1.446308e-03,1.084169e-08,3.798055e+01,8.054963e+00,2.992559e+01,3.960182e+01,1.697000e+02
1.290410e+06,1.493530e+01,1.412896e+05,1.635297e+00,9.485926e-01,9.486098e-01,1.446416e-03,1.084169e-08,3.797978e+01,8.055217e+00,2.992456e+01,3.960149e+01,1.697000e+02
1.290420e+06,1.493541e+01,1.412996e+05,1.635412e+00,9.485777e-01,9.486099e-01,1.446525e-03,1.084169e-08,3.797901e+01,8.055471e+00,2.992354e+01,3.960116e+01,1.697000e+02
1.290430e+06,1.493553e+01,1.413096e+05,1.635528e+00,9.485627e-01,9.486100e-01,1.446633e-03,1.084169e-08,3.797824e+01,8.055726e+00,2.992251e+01,3.960083e+01,1.697000e+02
1.290440e+06,1.493564e+01,1.413196e+05,1.635644e+00,9.485478e-01,9.486101e-01,1.446742e-03,1.084168e-08,3.797747e+01,8.055980e+00,2.992149e+01,3.960050e+01,1.697000e+02
1.290450e+06,1.493576e+01,1.413296e+05,1.635760e+00,9.485329e-01,9.486102e-01,1.446850e-03,1.084168e-08,3.797670e+01,8.056234e+00,2.992046e+01,3.960017e+01,1.697000e+02
1.290460e+06,1.493588e+01,1.413396e+05,1.635875e+00,9.485180e-01,9.486103e-01,1.446958e-03,1.084168e-08,3.797593e+01,8.056488e+00,2.991944e+01,3.959984e+01,1.697000e+02
1.290470e+06,1.493599e+01,1.413496e+05,1.635991e+00,9.485030e-01,9.486104e-01,1.447067e-03,1.084168e-08,3.797516e+01,8.056742e+00,2.991841e+01,3.959951e+01,1.697000e+02
1.290480e+06,1.493611e+01,1.413596e+05,1.636107e+00,9.484997e-01,9.486105e-01,1.447175e-03,1.084168e-08,3.797524e+01,8.056659e+00,2.991858e+01,3.959971e+01,1.697000e+02
1.290490e+06,1.493622e+01,1.413696e+05,1.636223e+00,9.485023e-01,9.486106e-01,1.447284e-03,1.084168e-08,3.797575e+01,8.056405e+00,2.991935e+01,3.960018e+01,1.697000e+02
1.290500e+06,1.493634e+01,1.413796e+05,1.636338e+00,9.485049e-01,9.486107e-01,1.447392e-03,1.084168e-08,3.797626e+01,8.056151e+00,2.992011e+01,3.960065e+01,1.697000e+02
1.290510e+06,1.493645e+01,1.413896e+05,1.636454e+00,9.485075e-01,9.486108e-01,1.447500e-03,1.084168e-08,3.797678e+01,8.055897e+00,2.992088e+01,3.960112e+01,1.697000e+02
1.290520e+06,1.493657e+01,1.413996e+05,1.636570e+00,9.485101e-01,9.486109e-01,1.447609e-03,1.084168e-08,3.797729e+01,8.055643e+00,2.992165e+01,3.960159e+01,1.697000e+02
1.290530e+06,1.493669e+01,1.414096e+05,1.636686e+00,9.485127e-01,9.486110e-01,1.447717e-03,1.084167e-08,3.797781e+01,8.055388e+00,2.992242e+01,3.960206e+01,1.697000e+02
1.290540e+06,1.493680e+01,1.414196e+05,1.636801e+00,9.485153e-01,9.486111e-01,1.447826e-03,1.084167e-08,3.797832e+01,8.055134e+00,2.992319e+01,3.960253e+01,1.697000e+02
1.290550e+06,1.493692e+01,1.414296e+05,1.636917e+00,9.485178e-01,9.486112e-01,1.447934e-03,1.084167e-08,3.797883e+01,8.054880e+00,2.992395e+01,3.960300e+01,1.697000e+02
1.290560e+06,1.493703e+01,1.414396e+05,1.637033e+00,9.485204e-01,9.486114e-01,1.448043e-03,1.084167e-08,3.797935e+01,8.054626e+00,2.992472e+01,3.960347e+01,1.697000e+02
1.290570e+06,1.493715e+01,1.414496e+05,1.637148e+00,9.485230e-01,9.486115e-01,1.448151e-03,1.084167e-08,3.797986e+01,8.054372e+00,2.992549e+01,3.960394e+01,1.697000e+02
1.290580e+06,1.493726e+01,1.414596e+05,1.637264e+00,9.485256e-01,9.486116e-01,1.448259e-03,1.084167e-08,3.798037e+01,8.054118e+00,2.992626e+01,3.960441e+01,1.697000e+02
1.290590e+06,1.493738e+01,1.414696e+05,1.637380e+00,9.485282e-01,9.486117e-01,1.448368e-03,1.084167e-08,3.798089e+01,8.053864e+00,2.992702e+01,3.960488e+01,1.697000e+02
1.290600e+06,1.493750e+01,1.414796e+05,1.637496e+00,9.485308e-01,9.486118e-01,1.448476e-03,1.084167e-08,3.798140e+01,8.053610e+00,2.992779e+01,3.960534e+01,1.697000e+02
1.290610e+06,1.493761e+01,1.414896e+05,1.637611e+00,9.485334e-01,9.486119e-01,1.448585e-03,1.084166e-08,3.798192e+01,8.053356e+00,2.992856e+01,3.960581e+01,1.697000e+02
1.290620e+06,1.493773e+01,1.414996e+05,1.637727e+00,9.485360e-01,9.486120e-01,1.448693e-03,1.084166e-08,3.798243e+01,8.053101e+00,2.992933e+01,3.960628e+01,1.697000e+02
1.290630e+06,1.493784e+01,1.415096e+05,1.637843e+00,9.485386e-01,9.486121e-01,1.448802e-03,1.084166e-08,3.798294e+01,8.052847e+00,2.993010e+01,3.960675e+01,1.697000e+02
1.290640e+06,1.493796e+01,1.415196e+05,1.637959e+00,9.485412e-01,9.486122e-01,1.448910e-03,1.084166e-08,3.798346e+01,8.052593e+00,2.993086e+01,3.960722e+01,1.697000e+02
1.290650e+06,1.493807e+01,1.415296e+05,1.638074e+00,9.485438e-01,9.486123e-01,1.449018e-03,1.084166e-08,3.798397e+01,8.052339e+00,2.993163e+01,3.960769e+01,1.697000e+02
1.290660e+06,1.493819e+01,1.415396e+05,1.638190e+00,9.485463e-01,9.486124e-01,1.449127e-03,1.084166e-08,3.798449e+01,8.052085e+00,2.993240e+01,3.960816e+01,1.697000e+02
1.290670e+06,1.493831e+01,1.415496e+05,1.638306e+00,9.485489e-01,9.486125e-01,1.449235e-03,1.084166e-08,3.798500e+01,8.051831e+00,2.993317e+01,3.960863e+01,1.697000e+02
1.290680e+06,1.493842e+01,1.415596e+05,1.638422e+00,9.485515e-01,9.486126e-01,1.449344e-03,1.084166e-08,3.798551e+01,8.051577e+00,2.993394e+01,3.960910e+01,1.697000e+02
1.290690e+06,1.493854e+01,1.415696e+05,1.638537e+00,9.485541e-01,9.486127e-01,1.449452e-03,1.084166e-08,3.798603e+01,8.051323e+00,2.993470e+01,3.960957e+01,1.697000e+02
1.290700e+06,1.493865e+01,1.415796e+05,1.638653e+00,9.485567e-01,9.486128e-01,1.449561e-03,1.084165e-08,3.798654e+01,8.051068e+00,2.993547e+01,3.961004e+01,1.697000e+02
1.290710e+06,1.493877e+01,1.415896e+05,1.638769e+00,9.485593e-01,9.486129e-01,1.449669e-03,1.084165e-08,3.798705e+01,8.050814e+00,2.993624e+01,3.961051e+01,1.697000e+02
1.290720e+06,1.493888e+01,1.415996e+05,1.638885e+00,9.485597e-01,9.486130e-01,1.449777e-03,1.084165e-08,3.798757e+01,8.050560e+00,2.993701e+01,3.961105e+01,1.697000e+02
1.290730e+06,1.493900e+01,1.416096e+05,1.639000e+00,9.485573e-01,9.486131e-01,1.449886e-03,1.084165e-08,3.798719e+01,8.050660e+00,2.993653e+01,3.961072e+01,1.696972e+02
1.290740e+06,1.493912e+01,1.416196e+05,1.639116e+00,9.485542e-01,9.486132e-01,1.449994e-03,1.084165e-08,3.798641e+01,8.050915e+00,2.993550e+01,3.960999e+01,1.696932e+02
1.290750e+06,1.493923e+01,1.416296e+05,1.639232e+00,9.485511e-01,9.486133e-01,1.450103e-03,1.084165e-08,3.798564e+01,8.051170e+00,2.993447e+01,3.960927e+01,1.696892e+02
1.290760e+06,1.493935e+01,1.416396e+05,1.639348e+00,9.485480e-01,9.486134e-01,1.450211e-03,1.084165e-08,3.798487e+01,8.051425e+00,2.993344e+01,3.960854e+01,1.696851e+02
1.290770e+06,1.493946e+01,1.416496e+05,1.639463e+00,9.485449e-01,9.486135e-01,1.450320e-03,1.084165e-08,3.798409e+01,8.051680e+00,2.993241e+01,3.960782e+01,1.696811e+02
1.290780e+06,1.493958e+01,1.416596e+05,1.639579e+00,9.485418e-01,9.486136e-01,1.450428e-03,1.084164e-08,3.798332e+01,8.051935e+00,2.993138e+01,3.960709e+01,1.696771e+02
1.290790e+06,1.493969e+01,1.416696e+05,1.639695e+00,9.485387e-01,9.486137e-01,1.450536e-03,1.084164e-08,3.798255e+01,8.052190e+00,2.993036e+01,3.960636e+01,1.696731e+02
1.290800e+06,1.493981e+01,1.416796e+05,1.639811e+00,9.485356e-01,9.486138e-01,1.450645e-03,1.084164e-08,3.798177e+01,8.052445e+00,2.992933e+01,3.960564e+01,1.696691e+02
1.290810e+06,1.493993e+01,1.416896e+05,1.639926e+00,9.485325e-01,9.486139e-01,1.450753e-03,1.084164e-08,3.798100e+01,8.052700e+00,2.992830e+01,3.960491e+01,1.696651e+02
1.290820e+06,1.494004e+01,1.416996e+05,1.640042e+00,9.485294e-01,9.486140e-01,1.450862e-03,1.084164e-08,3.798023e+01,8.052955e+00,2.992727e+01,3.960419e+01,1.696610e+02
1.290830e+06,1.494016e+01,1.417096e+05,1.640158e+00,9.485263e-01,9.486141e-01,1.450970e-03,1.084164e-08,3.797945e+01,8.053210e+00,2.992624e+01,3.960346e+01,1.696570e+02
1.290840e+06,1.494027e+01,1.417196e+05,1.640274e+00,9.485232e-01,9.486142e-01,1.451078e-03,1.084164e-08,3.797868e+01,8.053465e+00,2.992521e+01,3.960273e+01,1.696530e+02
1.290850e+06,1.494039e+01,1.417296e+05,1.640389e+00,9.485201e-01,9.486143e-01,1.451187e-03,1.084164e-08,3.797791e+01,8.053720e+00,2.992419e+01,3.960201e+01,1.696490e+02
1.290860e+06,1.494051e+01,1.417397e+05,1.640505e+00,9.485170e-01,9.486144e-01,1.451295e-03,1.084164e-08,3.797713e+01,8.053975e+00,2.992316e+01,3.960128e+01,1.696450e+02
1.290870e+06,1.494062e+01,1.417497e+05,1.640621e+00,9.485139e-01,9.486145e-01,1.451404e-03,1.084163e-08,3.797636e+01,8.054230e+00,2.992213e+01,3.960056e+01,1.696409e+02
1.290880e+06,1.494074e+01,1.417597e+05,1.640737e+00,9.485108e-01,9.486146e-01,1.451512e-03,1.084163e-08,3.797559e+01,8.054485e+00,2.992110e+01,3.959983e+01,1.696369e+02
1.290890e+06,1.494085e+01,1.417697e+05,1.640852e+00,9.485077e-01,9.486147e-01,1.451621e-03,1.084163e-08,3.797481e+01,8.054740e+00,2.992007e+01,3.959910e+01,1.696329e+02
1.290900e+06,1.494097e+01,1.417797e+05,1.640968e+00,9.485046e-01,9.486148e-01,1.451729e-03,1.084163e-08,3.797404e+01,8.054995e+00,2.991904e+01,3.959838e+01,1.696289e+02
1.290910e+06,1.494108e+01,1.417897e+05,1.641084e+00,9.485015e-01,9.486150e-01,1.451837e-03,1.084163e-08,3.797327e+01,8.055250e+00,2.991802e+01,3.959765e+01,1.696249e+02
1.290920e+06,1.494120e+01,1.417997e+05,1.641200e+00,9.484984e-01,9.486151e-01,1.451946e-03,1.084163e-08,3.797249e+01,8.055505e+00,2.991699e+01,3.959693e+01,1.696208e+02
1.290930e+06,1.494132e+01,1.418097e+05,1.641315e+00,9.484953e-01,9.486152e-01,1.452054e-03,1.084163e-08,3.797172e+01,8.055760e+00,2.991596e+01,3.959620e+01,1.696168e+02
1.290940e+06,1.494143e+01,1.418197e+05,1.641431e+00,9.484922e-01,9.486153e-01,1.452163e-03,1.084163e-08,3.797095e+01,8.056015e+00,2.991493e+01,3.959547e+01,1.696128e+02
1.290950e+06,1.494155e+01,1.418297e+05,1.641547e+00,9.484891e-01,9.486154e-01,1.452271e-03,1.084162e-08,3.797017e+01,8.056270e+00,2.991390e+01,3.959475e+01,1.696088e+02
1.290960e+06,1.494166e+01,1.418397e+05,1.641663e+00,9.484860e-01,9.486155e-01,1.452380e-03,1.084162e-08,3.796940e+01,8.056525e+00,2.991288e+01,3.959402e+01,1.696048e+02
1.290970e+06,1.494178e+01,1.418497e+05,1.641778e+00,9.484804e-01,9.486156e-01,1.452488e-03,1.084162e-08,3.796863e+01,8.056780e+00,2.991185e+01,3.959338e+01,1.696007e+02
1.290980e+06,1.494189e+01,1.418597e+05,1.641894e+00,9.484782e-01,9.486157e-01,1.452596e-03,1.084162e-08,3.796869e+01,8.056828e+00,2.991186e+01,3.959352e+01,1.695935e+02
1.290990e+06,1.494201e+01,1.418697e+05,1.642010e+00,9.484770e-01,9.486158e-01,1.452705e-03,1.084162e-08,3.796895e+01,8.056828e+00,2.991212e+01,3.959382e+01,1.695856e+02
1.291000e+06,1.494213e+01,1.418797e+05,1.642126e+00,9.484759e-01,9.486159e-01,1.452813e-03,1.084162e-08,3.796920e+01,8.056828e+00,2.991237e+01,3.959413e+01,1.695776e+02
1.291010e+06,1.494224e+01,1.418897e+05,1.642241e+00,9.484747e-01,9.486160e-01,1.452922e-03,1.084162e-08,3.796946e+01,8.056828e+00,2.991263e+01,3.959444e+01,1.695697e+02
1.291020e+06,1.494236e+01,1.418997e+05,1.642357e+00,9.484735e-01,9.486161e-01,1.453030e-03,1.084162e-08,3.796971e+01,8.056828e+00,2.991288e+01,3.959475e+01,1.695617e+02
1.291030e+06,1.494247e+01,1.419097e+05,1.642473e+00,9.484723e-01,9.486162e-01,1.453139e-03,1.084162e-08,3.796997e+01,8.056828e+00,2.991314e+01,3.959506e+01,1.695538e+02
1.291040e+06,1.494259e+01,1.419197e+05,1.642589e+00,9.484711e-01,9.486163e-01,1.453247e-03,1.084161e-08,3.797022e+01,8.056828e+00,2.991339e+01,3.959537e+01,1.695458e+02
1.291050e+06,1.494270e+01,1.419297e+05,1.642704e+00,9.484699e-01,9.486164e-01,1.453355e-03,1.084161e-08,3.797048e+01,8.056828e+00,2.991365e+01,3.959568e+01,1.695378e+02
1.291060e+06,1.494282e+01,1.419397e+05,1.642820e+00,9.484687e-01,9.486165e-01,1.453464e-03,1.084161e-08,3.797073e+01,8.056828e+00,2.991390e+01,3.959599e+01,1.695299e+02
1.291070e+06,1.494294e+01,1.419497e+05,1.642936e+00,9.484675e-01,9.486166e-01,1.453572e-03,1.084161e-08,3.797099e+01,8.056828e+00,2.991416e+01,3.959629e+01,1.695219e+02
1.291080e+06,1.494305e+01,1.419597e+05,1.643052e+00,9.484663e-01,9.486167e-01,1.453681e-03,1.084161e-08,3.797124e+01,8.056828e+00,2.991441e+01,3.959660e+01,1.695140e+02
1.291090e+06,1.494317e+01,1.419697e+05,1.643167e+00,9.484651e-01,9.486168e-01,1.453789e-03,1.084161e-08,3.797150e+01,8.056828e+00,2.991467e+01,3.959691e+01,1.695060e+02
1.291100e+06,1.494328e+01,1.419797e+05,1.643283e+00,9.484639e-01,9.486169e-01,1.453897e-03,1.084161e-08,3.797175e+01,8.056828e+00,2.991492e+01,3.959722e+01,1.694981e+02
1.291110e+06,1.494340e+01,1.419897e+05,1.643399e+00,9.484627e-01,9.486170e-01,1.454006e-03,1.084161e-08,3.797201e+01,8.056828e+00,2.991518e+01,3.959753e+01,1.694901e+02
1.291120e+06,1.494351e+01,1.419997e+05,1.643515e+00,9.484615e-01,9.486171e-01,1.454114e-03,1.084160e-08,3.797226e+01,8.056828e+00,2.991543e+01,3.959784e+01,1.694822e+02
1.291130e+06,1.494363e+01,1.420097e+05,1.643630e+00,9.484603e-01,9.486172e-01,1.454223e-03,1.084160e-08,3.797252e+01,8.056828e+00,2.991569e+01,3.959815e+01,1.694742e+02
1.291140e+06,1.494375e+01,1.420197e+05,1.643746e+00,9.484591e-01,9.486173e-01,1.454331e-03,1.084160e-08,3.797277e+01,8.056828e+00,2.991594e+01,3.959846e+01,1.694662e+02
1.291150e+06,1.494386e+01,1.420297e+05,1.643862e+00,9.484579e-01,9.486174e-01,1.454440e-03,1.084160e-08,3.797303e+01,8.056828e+00,2.991620e+01,3.959876e+01,1.694583e+02
1.291160e+06,1.494398e+01,1.420397e+05,1.643978e+00,9.484567e-01,9.486175e-01,1.454548e-03,1.084160e-08,3.797328e+01,8.056828e+00,2.991645e+01,3.959907e+01,1.694503e+02
1.291170e+06,1.494409e+01,1.420497e+05,1.644093e+00,9.484555e-01,9.486176e-01,1.454656e-03,1.084160e-08,3.797354e+01,8.056828e+00,2.991671e+01,3.959938e+01,1.694424e+02
1.291180e+06,1.494421e+01,1.420597e+05,1.644209e+00,9.484543e-01,9.486177e-01,1.454765e-03,1.084160e-08,3.797379e+01,8.056828e+00,2.991697e+01,3.959969e+01,1.694344e+02
1.291190e+06,1.494432e+01,1.420697e+05,1.644325e+00,9.484531e-01,9.486178e-01,1.454873e-03,1.084160e-08,3.797405e+01,8.056828e+00,2.991722e+01,3.960000e+01,1.694265e+02
1.291200e+06,1.494444e+01,1.420797e+05,1.644441e+00,9.484519e-01,9.486179e-01,1.454982e-03,1.084160e-08,3.797430e+01,8.056828e+00,2.991748e+01,3.960031e+01,1.694185e+02
1.291210e+06,1.494456e+01,1.420897e+05,1.644556e+00,9.484508e-01,9.486180e-01,1.455090e-03,1.084159e-08,3.797456e+01,8.056828e+00,2.991773e+01,3.960062e+01,1.694106e+02
1.291220e+06,1.494467e+01,1.420997e+05,1.644672e+00,9.484538e-01,9.486181e-01,1.455199e-03,1.084159e-08,3.797481e+01,8.056828e+00,2.991799e+01,3.960078e+01,1.694026e+02
1.291230e+06,1.494479e+01,1.421097e+05,1.644788e+00,9.484594e-01,9.486182e-01,1.455307e-03,1.084159e-08,3.797490e+01,8.056999e+00,2.991790e+01,3.960068e+01,1.694000e+02
1.291240e+06,1.494490e+01,1.421197e+05,1.644904e+00,9.484651e-01,9.486183e-01,1.455415e-03,1.084159e-08,3.797490e+01,8.057253e+00,2.991764e+01,3.960047e+01,1.694000e+02
1.291250e+06,1.494502e+01,1.421297e+05,1.645019e+00,9.484708e-01,9.486184e-01,1.455524e-03,1.084159e-08,3.797490e+01,8.057507e+00,2.991739e+01,3.960027e+01,1.694000e+02
1.291260e+06,1.494514e+01,1.421397e+05,1.645135e+00,9.484765e-01,9.486186e-01,1.455632e-03,1.084159e-08,3.797490e+01,8.057761e+00,2.991714e+01,3.960007e+01,1.694000e+02
1.291270e+06,1.494525e+01,1.421497e+05,1.645251e+00,9.484822e-01,9.486187e-01,1.455741e-03,1.084159e-08,3.797490e+01,8.058015e+00,2.991688e+01,3.959986e+01,1.694000e+02
1.291280e+06,1.494537e+01,1.421597e+05,1.645367e+00,9.484879e-01,9.486188e-01,1.455849e-03,1.084159e-08,3.797490e+01,8.058269e+00,2.991663e+01,3.959966e+01,1.694000e+02
1.291290e+06,1.494548e+01,1.421697e+05,1.645482e+00,9.484936e-01,9.486189e-01,1.455958e-03,1.084158e-08,3.797490e+01,8.058523e+00,2.991637e+01,3.959946e+01,1.694000e+02
1.291300e+06,1.494560e+01,1.421797e+05,1.645598e+00,9.484993e-01,9.486190e-01,1.456066e-03,1.084158e-08,3.797490e+01,8.058777e+00,2.991612e+01,3.959925e+01,1.694000e+02
1.291310e+06,1.494571e+01,1.421897e+05,1.645714e+00,9.485050e-01,9.486191e-01,1.456174e-03,1.084158e-08,3.797490e+01,8.059032e+00,2.991586e+01,3.959905e+01,1.694000e+02
1.291320e+06,1.494583e+01,1.421997e+05,1.645830e+00,9.485107e-01,9.486192e-01,1.456283e-03,1.084158e-08,3.797490e+01,8.059286e+00,2.991561e+01,3.959885e+01,1.694000e+02
1.291330e+06,1.494595e+01,1.422097e+05,1.645945e+00,9.485164e-01,9.486193e-01,1.456391e-03,1.084158e-08,3.797490e+01,8.059540e+00,2.991536e+01,3.959864e+01,1.694000e+02
1.291340e+06,1.494606e+01,1.422197e+05,1.646061e+00,9.485221e-01,9.486194e-01,1.456500e-03,1.084158e-08,3.797490e+01,8.059794e+00,2.991510e+01,3.959844e+01,1.694000e+02
1.291350e+06,1.494618e+01,1.422297e+05,1.646177e+00,9.485279e-01,9.486195e-01,1.456608e-03,1.084158e-08,3.797490e+01,8.060048e+00,2.991485e+01,3.959823e+01,1.694000e+02
1.291360e+06,1.494629e+01,1.422397e+05,1.646293e+00,9.485336e-01,9.486196e-01,1.456716e-03,1.084158e-08,3.797490e+01,8.060302e+00,2.991459e+01,3.959803e+01,1.694000e+02
1.291370e+06,1.494641e+01,1.422497e+05,1.646408e+00,9.485393e-01,9.486197e-01,1.456825e-03,1.084158e-08,3.797490e+01,8.060556e+00,2.991434e+01,3.959783e+01,1.694000e+02
1.291380e+06,1.494652e+01,1.422597e+05,1.646524e+00,9.485450e-01,9.486198e-01,1.456933e-03,1.084157e-08,3.797490e+01,8.060810e+00,2.991409e+01,3.959762e+01,1.694000e+02
1.291390e+06,1.494664e+01,1.422697e+05,1.646640e+00,9.485507e-01,9.486199e-01,1.457042e-03,1.084157e-08,3.797490e+01,8.061065e+00,2.991383e+01,3.959742e+01,1.694000e+02
1.291400e+06,1.494676e+01,1.422797e+05,1.646756e+00,9.485564e-01,9.486200e-01,1.457150e-03,1.084157e-08,3.797490e+01,8.061319e+00,2.991358e+01,3.959722e+01,1.694000e+02
1.291410e+06,1.494687e+01,1.422897e+05,1.646871e+00,9.485621e-01,9.486201e-01,1.457259e-03,1.084157e-08,3.797490e+01,8.061573e+00,2.991332e+01,3.959701e+01,1.694000e+02
1.291420e+06,1.494699e+01,1.422997e+05,1.646987e+00,9.485678e-01,9.486202e-01,1.457367e-03,1.084157e-08,3.797490e+01,8.061827e+00,2.991307e+01,3.959681e+01,1.694000e+02
1.291430e+06,1.494710e+01,1.423097e+05,1.647103e+00,9.485735e-01,9.486203e-01,1.457475e-03,1.084157e-08,3.797490e+01,8.062081e+00,2.991282e+01,3.959661e+01,1.694000e+02
1.291440e+06,1.494722e+01,1.423197e+05,1.647219e+00,9.485792e-01,9.486204e-01,1.457584e-03,1.084157e-08,3.797490e+01,8.062335e+00,2.991256e+01,3.959640e+01,1.694000e+02
1.291450e+06,1.494733e+01,1.423297e+05,1.647334e+00,9.485849e-01,9.486205e-01,1.457692e-03,1.084157e-08,3.797490e+01,8.062589e+00,2.991231e+01,3.959620e+01,1.694000e+02
1.291460e+06,1.494745e+01,1.423397e+05,1.647450e+00,9.485906e-01,9.486206e-01,1.457801e-03,1.084156e-08,3.797490e+01,8.062843e+00,2.991205e+01,3.959600e+01,1.694000e+02
1.291470e+06,1.494757e+01,1.423497e+05,1.647566e+00,9.485963e-01,9.486207e-01,1.457909e-03,1.084156e-08,3.797490e+01,8.063097e+00,2.991180e+01,3.959579e+01,1.694000e+02
1.291480e+06,1.494768e+01,1.423597e+05,1.647682e+00,9.486014e-01,9.486208e-01,1.458018e-03,1.084156e-08,3.797472e+01,8.063172e+00,2.991154e+01,3.959543e+01,1.694000e+02
1.291490e+06,1.494780e+01,1.423697e+05,1.647797e+00,9.486063e-01,9.486209e-01,1.458126e-03,1.084156e-08,3.797446e+01,8.063172e+00,2.991129e+01,3.959500e+01,1.694000e+02
1.291500e+06,1.494791e+01,1.423797e+05,1.647913e+00,9.486112e-01,9.486210e-01,1.458234e-03,1.084156e-08,3.797420e+01,8.063172e+00,2.991103e+01,3.959457e+01,1.694000e+02
1.291510e+06,1.494803e+01,1.423897e+05,1.648029e+00,9.486160e-01,9.486211e-01,1.458343e-03,1.084156e-08,3.797395e+01,8.063172e+00,2.991078e+01,3.959413e+01,1.694000e+02
1.291520e+06,1.494814e+01,1.423997e+05,1.648145e+00,9.486209e-01,9.486212e-01,1.458451e-03,1.084156e-08,3.797369e+01,8.063172e+00,2.991052e+01,3.959370e+01,1.694000e+02
1.291530e+06,1.494826e+01,1.424097e+05,1.648260e+00,9.486257e-01,9.486213e-01,1.458560e-03,1.084156e-08,3.797344e+01,8.063172e+00,2.991026e+01,3.959327e+01,1.694000e+02
1.291540e+06,1.494838e+01,1.424197e+05,1.648376e+00,9.486306e-01,9.486214e-01,1.458668e-03,1.084156e-08,3.797318e+01,8.063172e+00,2.991001e+01,3.959284e+01,1.694000e+02
1.291550e+06,1.494849e+01,1.424297e+05,1.648492e+00,9.486355e-01,9.486215e-01,1.458777e-03,1.084155e-08,3.797292e+01,8.063172e+00,2.990975e+01,3.959241e+01,1.694000e+02
1.291560e+06,1.494861e+01,1.424397e+05,1.648608e+00,9.486403e-01,9.486216e-01,1.458885e-03,1.084155e-08,3.797267e+01,8.063172e+00,2.990950e+01,3.959198e+01,1.694000e+02
1.291570e+06,1.494872e+01,1.424497e+05,1.648723e+00,9.486452e-01,9.486217e-01,1.458993e-03,1.084155e-08,3.797241e+01,8.063172e+00,2.990924e+01,3.959155e+01,1.694000e+02
1.291580e+06,1.494884e+01,1.424597e+05,1.648839e+00,9.486501e-01,9.486218e-01,1.459102e-03,1.084155e-08,3.797216e+01,8.063172e+00,2.990898e+01,3.959111e+01,1.694000e+02
1.291590e+06,1.494895e+01,1.424697e+05,1.648955e+00,9.486549e-01,9.486219e-01,1.459210e-03,1.084155e-08,3.797190e+01,8.063172e+00,2.990873e+01,3.959068e+01,1.694000e+02
1.291600e+06,1.494907e+01,1.424797e+05,1.649071e+00,9.486598e-01,9.486220e-01,1.459319e-03,1.084155e-08,3.797164e+01,8.063172e+00,2.990847e+01,3.959025e+01,1.694000e+02
1.291610e+06,1.494919e+01,1.424897e+05,1.649186e+00,9.486646e-01,9.486222e-01,1.459427e-03,1.084155e-08,3.797139e+01,8.063172e+00,2.990822e+01,3.958982e+01,1.694000e+02
1.291620e+06,1.494930e+01,1.424997e+05,1.649302e+00,9.486695e-01,9.486223e-01,1.459535e-03,1.084155e-08,3.797113e+01,8.063172e+00,2.990796e+01,3.958939e+01,1.694000e+02
1.291630e+06,1.494942e+01,1.425097e+05,1.649418e+00,9.486744e-01,9.486224e-01,1.459644e-03,1.084154e-08,3.797088e+01,8.063172e+00,2.990770e+01,3.958896e+01,1.694000e+02
1.291640e+06,1.494953e+01,1.425197e+05,1.649534e+00,9.486792e-01,9.486225e-01,1.459752e-03,1.084154e-08,3.797062e+01,8.063172e+00,2.990745e+01,3.958853e+01,1.694000e+02
1.291650e+06,1.494965e+01,1.425297e+05,1.649649e+00,9.486841e-01,9.486226e-01,1.459861e-03,1.084154e-08,3.797036e+01,8.063172e+00,2.990719e+01,3.958809e+01,1.694000e+02
1.291660e+06,1.494977e+01,1.425397e+05,1.649765e+00,9.486890e-01,9.486227e-01,1.459969e-03,1.084154e-08,3.797011e+01,8.063172e+00,2.990694e+01,3.958766e+01,1.694000e+02
1.291670e+06,1.494988e+01,1.425497e+05,1.649881e+00,9.486938e-01,9.486228e-01,1.460078e-03,1.084154e-08,3.796985e+01,8.063172e+00,2.990668e+01,3.958723e+01,1.694000e+02
1.291680e+06,1.495000e+01,1.425597e+05,1.649997e+00,9.486987e-01,9.486229e-01,1.460186e-03,1.084154e-08,3.796960e+01,8.063172e+00,2.990642e+01,3.958680e+01,1.694000e+02
1.291690e+06,1.495011e+01,1.425697e+05,1.650112e+00,9.487035e-01,9.486230e-01,1.460294e-03,1.084154e-08,3.796934e+01,8.063172e+00,2.990617e+01,3.958637e+01,1.694000e+02
1.291700e+06,1.495023e+01,1.425797e+05,1.650228e+00,9.487084e-01,9.486231e-01,1.460403e-03,1.084154e-08,3.796908e+01,8.063172e+00,2.990591e+01,3.958594e+01,1.694000e+02
1.291710e+06,1.495034e+01,1.425897e+05,1.650344e+00,9.487133e-01,9.486232e-01,1.460511e-03,1.084154e-08,3.796883e+01,8.063172e+00,2.990566e+01,3.958551e+01,1.694000e+02
1.291720e+06,1.495046e+01,1.425997e+05,1.650460e+00,9.487202e-01,9.486233e-01,1.460620e-03,1.084153e-08,3.796857e+01,8.063172e+00,2.990540e+01,3.958501e+01,1.694000e+02
1.291730e+06,1.495058e+01,1.426097e+05,1.650575e+00,9.487240e-01,9.486234e-01,1.460728e-03,1.084153e-08,3.796915e+01,8.063172e+00,2.990598e+01,3.958549e+01,1.694026e+02
1.291740e+06,1.495069e+01,1.426197e+05,1.650691e+00,9.487255e-01,9.486235e-01,1.460837e-03,1.084153e-08,3.797018e+01,8.063172e+00,2.990701e+01,3.958652e+01,1.694066e+02
1.291750e+06,1.495081e+01,1.426297e+05,1.650807e+00,9.487271e-01,9.486236e-01,1.460945e-03,1.084153e-08,3.797121e+01,8.063172e+00,2.990803e+01,3.958755e+01,1.694106e+02
1.291760e+06,1.495092e+01,1.426397e+05,1.650923e+00,9.487286e-01,9.486237e-01,1.461053e-03,1.084153e-08,3.797223e+01,8.063172e+00,2.990906e+01,3.958859e+01,1.694146e+02
1.291770e+06,1.495104e+01,1.426497e+05,1.651038e+00,9.487301e-01,9.486238e-01,1.461162e-03,1.084153e-08,3.797326e+01,8.063172e+00,2.991009e+01,3.958962e+01,1.694186e+02
1.291780e+06,1.495115e+01,1.426597e+05,1.651154e+00,9.487317e-01,9.486239e-01,1.461270e-03,1.084153e-08,3.797429e+01,8.063172e+00,2.991112e+01,3.959065e+01,1.694226e+02
1.291790e+06,1.495127e+01,1.426697e+05,1.651270e+00,9.487332e-01,9.486240e-01,1.461379e-03,1.084153e-08,3.797532e+01,8.063172e+00,2.991214e+01,3.959168e+01,1.694266e+02
1.291800e+06,1.495139e+01,1.426797e+05,1.651386e+00,9.487347e-01,9.486241e-01,1.461487e-03,1.084152e-08,3.797634e+01,8.063172e+00,2.991317e+01,3.959271e+01,1.694306e+02
1.291810e+06,1.495150e+01,1.426897e+05,1.651501e+00,9.487363e-01,9.486242e-01,1.461596e-03,1.084152e-08,3.797737e+01,8.063172e+00,2.991420e+01,3.959375e+01,1.694346e+02
1.291820e+06,1.495162e+01,1.426997e+05,1.651617e+00,9.487378e-01,9.486243e-01,1.461704e-03,1.084152e-08,3.797840e+01,8.063172e+00,2.991523e+01,3.959478e+01,1.694387e+02
1.291830e+06,1.495173e+01,1.427097e+05,1.651733e+00,9.487393e-01,9.486244e-01,1.461812e-03,1.084152e-08,3.797943e+01,8.063172e+00,2.991625e+01,3.959581e+01,1.694427e+02
1.291840e+06,1.495185e+01,1.427197e+05,1.651849e+00,9.487408e-01,9.486245e-01,1.461921e-03,1.084152e-08,3.798045e+01,8.063172e+00,2.991728e+01,3.959684e+01,1.694467e+02
1.291850e+06,1.495196e+01,1.427297e+05,1.651964e+00,9.487424e-01,9.486246e-01,1.462029e-03,1.084152e-08,3.798148e+01,8.063172e+00,2.991831e+01,3.959788e+01,1.694507e+02
1.291860e+06,1.495208e+01,1.427397e+05,1.652080e+00,9.487439e-01,9.486247e-01,1.462138e-03,1.084152e-08,3.798251e+01,8.063172e+00,2.991934e+01,3.959891e+01,1.694547e+02
1.291870e+06,1.495220e+01,1.427497e+05,1.652196e+00,9.487454e-01,9.486248e-01,1.462246e-03,1.084152e-08,3.798354e+01,8.063172e+00,2.992036e+01,3.959994e+01,1.694587e+02
1.291880e+06,1.495231e+01,1.427597e+05,1.652312e+00,9.487470e-01,9.486249e-01,1.462354e-03,1.084152e-08,3.798456e+01,8.063172e+00,2.992139e+01,3.960097e+01,1.694627e+02
1.291890e+06,1.495243e+01,1.427697e+05,1.652427e+00,9.487485e-01,9.486250e-01,1.462463e-03,1.084151e-08,3.798559e+01,8.063172e+00,2.992242e+01,3.960200e+01,1.694667e+02
1.291900e+06,1.495254e+01,1.427797e+05,1.652543e+00,9.487500e-01,9.486251e-01,1.462571e-03,1.084151e-08,3.798662e+01,8.063172e+00,2.992345e+01,3.960304e+01,1.694707e+02
1.291910e+06,1.495266e+01,1.427897e+05,1.652659e+00,9.487516e-01,9.486252e-01,1.462680e-03,1.084151e-08,3.798765e+01,8.063172e+00,2.992447e+01,3.960407e+01,1.694747e+02
1.291920e+06,1.495277e+01,1.427997e+05,1.652775e+00,9.487531e-01,9.486253e-01,1.462788e-03,1.084151e-08,3.798867e+01,8.063172e+00,2.992550e+01,3.960510e+01,1.694787e+02
1.291930e+06,1.495289e+01,1.428097e+05,1.652890e+00,9.487546e-01,9.486254e-01,1.462897e-03,1.084151e-08,3.798970e+01,8.063172e+00,2.992653e+01,3.960613e+01,1.694827e+02
1.291940e+06,1.495301e+01,1.428197e+05,1.653006e+00,9.487561e-01,9.486255e-01,1.463005e-03,1.084151e-08,3.799073e+01,8.063172e+00,2.992756e+01,3.960717e+01,1.694867e+02
1.291950e+06,1.495312e+01,1.428297e+05,1.653122e+00,9.487577e-01,9.486256e-01,1.463113e-03,1.084151e-08,3.799176e+01,8.063172e+00,2.992858e+01,3.960820e+01,1.694907e+02
1.291960e+06,1.495324e+01,1.428397e+05,1.653238e+00,9.487592e-01,9.486257e-01,1.463222e-03,1.084151e-08,3.799278e+01,8.063172e+00,2.992961e+01,3.960923e+01,1.694947e+02
1.291970e+06,1.495335e+01,1.428497e+05,1.653353e+00,9.487607e-01,9.486259e-01,1.463330e-03,1.084150e-08,3.799381e+01,8.063172e+00,2.993064e+01,3.961026e+01,1.694987e+02
1.291980e+06,1.495347e+01,1.428597e+05,1.653469e+00,9.487672e-01,9.486260e-01,1.463439e-03,1.084150e-08,3.799431e+01,8.062999e+00,2.993131e+01,3.961058e+01,1.695027e+02
1.291990e+06,1.495358e+01,1.428697e+05,1.653585e+00,9.487760e-01,9.486261e-01,1.463547e-03,1.084150e-08,3.799457e+01,8.062745e+00,2.993183e+01,3.961058e+01,1.695067e+02
1.292000e+06,1.495370e+01,1.428797e+05,1.653701e+00,9.487848e-01,9.486262e-01,1.463656e-03,1.084150e-08,3.799483e+01,8.062491e+00,2.993234e+01,3.961057e+01,1.695107e+02
1.292010e+06,1.495382e+01,1.428897e+05,1.653816e+00,9.487936e-01,9.486263e-01,1.463764e-03,1.084150e-08,3.799508e+01,8.062236e+00,2.993285e+01,3.961056e+01,1.695148e+02
1.292020e+06,1.495393e+01,1.428997e+05,1.653932e+00,9.488024e-01,9.486264e-01,1.463872e-03,1.084150e-08,3.799534e+01,8.061982e+00,2.993336e+01,3.961055e+01,1.695188e+02
1.292030e+06,1.495405e+01,1.429097e+05,1.654048e+00,9.488112e-01,9.486265e-01,1.463981e-03,1.084150e-08,3.799560e+01,8.061728e+00,2.993387e+01,3.961054e+01,1.695228e+02
1.292040e+06,1.495416e+01,1.429197e+05,1.654164e+00,9.488200e-01,9.486266e-01,1.464089e-03,1.084150e-08,3.799585e+01,8.061474e+00,2.993438e+01,3.961054e+01,1.695268e+02
1.292050e+06,1.495428e+01,1.429297e+05,1.654279e+00,9.488288e-01,9.486267e-01,1.464198e-03,1.084150e-08,3.799611e+01,8.061220e+00,2.993489e+01,3.961053e+01,1.695308e+02
1.292060e+06,1.495440e+01,1.429397e+05,1.654395e+00,9.488376e-01,9.486268e-01,1.464306e-03,1.084149e-08,3.799637e+01,8.060966e+00,2.993540e+01,3.961052e+01,1.695348e+02
1.292070e+06,1.495451e+01,1.429497e+05,1.654511e+00,9.488464e-01,9.486269e-01,1.464415e-03,1.084149e-08,3.799663e+01,8.060712e+00,2.993591e+01,3.961051e+01,1.695388e+02
1.292080e+06,1.495463e+01,1.429597e+05,1.654627e+00,9.488552e-01,9.486270e-01,1.464523e-03,1.084149e-08,3.799688e+01,8.060458e+00,2.993642e+01,3.961050e+01,1.695428e+02
1.292090e+06,1.495474e+01,1.429697e+05,1.654742e+00,9.488640e-01,9.486271e-01,1.464631e-03,1.084149e-08,3.799714e+01,8.060204e+00,2.993694e+01,3.961049e+01,1.695468e+02
1.292100e+06,1.495486e+01,1.429797e+05,1.654858e+00,9.488728e-01,9.486272e-01,1.464740e-03,1.084149e-08,3.799740e+01,8.059949e+00,2.993745e+01,3.961049e+01,1.695508e+02
1.292110e+06,1.495497e+01,1.429897e+05,1.654974e+00,9.488816e-01,9.486273e-01,1.464848e-03,1.084149e-08,3.799765e+01,8.059695e+00,2.993796e+01,3.961048e+01,1.695548e+02
1.292120e+06,1.495509e+01,1.429997e+05,1.655090e+00,9.488904e-01,9.486274e-01,1.464957e-03,1.084149e-08,3.799791e+01,8.059441e+00,2.993847e+01,3.961047e+01,1.695588e+02
1.292130e+06,1.495521e+01,1.430097e+05,1.655205e+00,9.488992e-01,9.486275e-01,1.465065e-03,1.084149e-08,3.799817e+01,8.059187e+00,2.993898e+01,3.961046e+01,1.695628e+02
1.292140e+06,1.495532e+01,1.430197e+05,1.655321e+00,9.489080e-01,9.486276e-01,1.465173e-03,1.084148e-08,3.799842e+01,8.058933e+00,2.993949e+01,3.961045e+01,1.695668e+02
1.292150e+06,1.495544e+01,1.430297e+05,1.655437e+00,9.489168e-01,9.486277e-01,1.465282e-03,1.084148e-08,3.799868e+01,8.058679e+00,2.994000e+01,3.961045e+01,1.695708e+02
1.292160e+06,1.495555e+01,1.430397e+05,1.655553e+00,9.489256e-01,9.486278e-01,1.465390e-03,1.084148e-08,3.799894e+01,8.058425e+00,2.994051e+01,3.961044e+01,1.695748e+02
1.292170e+06,1.495567e+01,1.430497e+05,1.655668e+00,9.489344e-01,9.486279e-01,1.465499e-03,1.084148e-08,3.799919e+01,8.058171e+00,2.994102e+01,3.961043e+01,1.695788e+02
1.292180e+06,1.495578e+01,1.430597e+05,1.655784e+00,9.489432e-01,9.486280e-01,1.465607e-03,1.084148e-08,3.799945e+01,8.057916e+00,2.994153e+01,3.961042e+01,1.695828e+02
1.292190e+06,1.495590e+01,1.430697e+05,1.655900e+00,9.489520e-01,9.486281e-01,1.465716e-03,1.084148e-08,3.799971e+01,8.057662e+00,2.994205e+01,3.961041e+01,1.695868e+02
1.292200e+06,1.495602e+01,1.430797e+05,1.656016e+00,9.489608e-01,9.486282e-01,1.465824e-03,1.084148e-08,3.799996e+01,8.057408e+00,2.994256e+01,3.961041e+01,1.695908e+02
1.292210e+06,1.495613e+01,1.430897e+05,1.656131e+00,9.489696e-01,9.486283e-01,1.465932e-03,1.084148e-08,3.800022e+01,8.057154e+00,2.994307e+01,3.961040e+01,1.695949e+02
1.292220e+06,1.495625e+01,1.430997e+05,1.656247e+00,9.489738e-01,9.486284e-01,1.466041e-03,1.084148e-08,3.800048e+01,8.056900e+00,2.994358e+01,3.961054e+01,1.695989e+02
1.292230e+06,1.495636e+01,1.431097e+05,1.656363e+00,9.489682e-01,9.486285e-01,1.466149e-03,1.084147e-08,3.800092e+01,8.056828e+00,2.994409e+01,3.961119e+01,1.695971e+02
1.292240e+06,1.495648e+01,1.431197e+05,1.656479e+00,9.489594e-01,9.486286e-01,1.466258e-03,1.084147e-08,3.800143e+01,8.056828e+00,2.994460e+01,3.961202e+01,1.695932e+02
1.292250e+06,1.495659e+01,1.431297e+05,1.656594e+00,9.489507e-01,9.486287e-01,1.466366e-03,1.084147e-08,3.800194e+01,8.056828e+00,2.994511e+01,3.961286e+01,1.695892e+02
1.292260e+06,1.495671e+01,1.431397e+05,1.656710e+00,9.489419e-01,9.486288e-01,1.466475e-03,1.084147e-08,3.800245e+01,8.056828e+00,2.994563e+01,3.961369e+01,1.695852e+02
1.292270e+06,1.495683e+01,1.431497e+05,1.656826e+00,9.489331e-01,9.486289e-01,1.466583e-03,1.084147e-08,3.800297e+01,8.056828e+00,2.994614e+01,3.961452e+01,1.695812e+02
1.292280e+06,1.495694e+01,1.431597e+05,1.656942e+00,9.489244e-01,9.486290e-01,1.466691e-03,1.084147e-08,3.800348e+01,8.056828e+00,2.994665e+01,3.961535e+01,1.695772e+02
1.292290e+06,1.495706e+01,1.431697e+05,1.657057e+00,9.489156e-01,9.486291e-01,1.466800e-03,1.084147e-08,3.800399e+01,8.056828e+00,2.994716e+01,3.961618e+01,1.695732e+02
1.292300e+06,1.495717e+01,1.431797e+05,1.657173e+00,9.489068e-01,9.486292e-01,1.466908e-03,1.084147e-08,3.800450e+01,8.056828e+00,2.994767e+01,3.961701e+01,1.695692e+02
1.292310e+06,1.495729e+01,1.431897e+05,1.657289e+00,9.488981e-01,9.486293e-01,1.467017e-03,1.084146e-08,3.800501e+01,8.056828e+00,2.994819e+01,3.961784e+01,1.695652e+02
1.292320e+06,1.495740e+01,1.431997e+05,1.657405e+00,9.488893e-01,9.486295e-01,1.467125e-03,1.084146e-08,3.800553e+01,8.056828e+00,2.994870e+01,3.961867e+01,1.695612e+02
1.292330e+06,1.495752e+01,1.432098e+05,1.657520e+00,9.488805e-01,9.486296e-01,1.467233e-03,1.084146e-08,3.800604e+01,8.056828e+00,2.994921e+01,3.961951e+01,1.695572e+02
1.292340e+06,1.495764e+01,1.432198e+05,1.657636e+00,9.488718e-01,9.486297e-01,1.467342e-03,1.084146e-08,3.800655e+01,8.056828e+00,2.994972e+01,3.962034e+01,1.695532e+02
1.292350e+06,1.495775e+01,1.432298e+05,1.657752e+00,9.488630e-01,9.486298e-01,1.467450e-03,1.084146e-08,3.800706e+01,8.056828e+00,2.995023e+01,3.962117e+01,1.695492e+02
1.292360e+06,1.495787e+01,1.432398e+05,1.657868e+00,9.488542e-01,9.486299e-01,1.467559e-03,1.084146e-08,3.800757e+01,8.056828e+00,2.995075e+01,3.962200e+01,1.695453e+02
1.292370e+06,1.495798e+01,1.432498e+05,1.657983e+00,9.488455e-01,9.486300e-01,1.467667e-03,1.084146e-08,3.800809e+01,8.056828e+00,2.995126e+01,3.962283e+01,1.695413e+02
1.292380e+06,1.495810e+01,1.432598e+05,1.658099e+00,9.488367e-01,9.486301e-01,1.467776e-03,1.084146e-08,3.800860e+01,8.056828e+00,2.995177e+01,3.962366e+01,1.695373e+02
1.292390e+06,1.495821e+01,1.432698e+05,1.658215e+00,9.488279e-01,9.486302e-01,1.467884e-03,1.084146e-08,3.800911e+01,8.056828e+00,2.995228e+01,3.962449e+01,1.695333e+02
1.292400e+06,1.495833e+01,1.432798e+05,1.658330e+00,9.488192e-01,9.486303e-01,1.467992e-03,1.084145e-08,3.800962e+01,8.056828e+00,2.995279e+01,3.962532e+01,1.695293e+02
1.292410e+06,1.495845e+01,1.432898e+05,1.658446e+00,9.488104e-01,9.486304e-01,1.468101e-03,1.084145e-08,3.801013e+01,8.056828e+00,2.995331e+01,3.962616e+01,1.695253e+02
1.292420e+06,1.495856e+01,1.432998e+05,1.658562e+00,9.488016e-01,9.486305e-01,1.468209e-03,1.084145e-08,3.801065e+01,8.056828e+00,2.995382e+01,3.962699e+01,1.695213e+02
1.292430e+06,1.495868e+01,1.433098e+05,1.658678e+00,9.487929e-01,9.486306e-01,1.468318e-03,1.084145e-08,3.801116e+01,8.056828e+00,2.995433e+01,3.962782e+01,1.695173e+02
1.292440e+06,1.495879e+01,1.433198e+05,1.658793e+00,9.487841e-01,9.486307e-01,1.468426e-03,1.084145e-08,3.801167e+01,8.056828e+00,2.995484e+01,3.962865e+01,1.695133e+02
1.292450e+06,1.495891e+01,1.433298e+05,1.658909e+00,9.487753e-01,9.486308e-01,1.468535e-03,1.084145e-08,3.801218e+01,8.056828e+00,2.995535e+01,3.962948e+01,1.695093e+02
1.292460e+06,1.495902e+01,1.433398e+05,1.659025e+00,9.487666e-01,9.486309e-01,1.468643e-03,1.084145e-08,3.801269e+01,8.056828e+00,2.995587e+01,3.963031e+01,1.695053e+02
1.292470e+06,1.495914e+01,1.433498e+05,1.659141e+00,9.487620e-01,9.486310e-01,1.468751e-03,1.084145e-08,3.801321e+01,8.056828e+00,2.995638e+01,3.963100e+01,1.695014e+02
1.292480e+06,1.495926e+01,1.433598e+05,1.659256e+00,9.487660e-01,9.486311e-01,1.468860e-03,1.084144e-08,3.801287e+01,8.056828e+00,2.995604e+01,3.963052e+01,1.695026e+02
1.292490e+06,1.495937e+01,1.433698e+05,1.659372e+00,9.487732e-01,9.486312e-01,1.468968e-03,1.084144e-08,3.801210e+01,8.056828e+00,2.995527e+01,3.962946e+01,1.695067e+02
1.292500e+06,1.495949e+01,1.433798e+05,1.659488e+00,9.487805e-01,9.486313e-01,1.469077e-03,1.084144e-08,3.801133e+01,8.056828e+00,2.995450e+01,3.962841e+01,1.695107e+02
1.292510e+06,1.495960e+01,1.433898e+05,1.659604e+00,9.487877e-01,9.486314e-01,1.469185e-03,1.084144e-08,3.801056e+01,8.056828e+00,2.995373e+01,3.962736e+01,1.695147e+02
1.292520e+06,1.495972e+01,1.433998e+05,1.659719e+00,9.487950e-01,9.486315e-01,1.469293e-03,1.084144e-08,3.800979e+01,8.056828e+00,2.995296e+01,3.962630e+01,1.695187e+02
1.292530e+06,1.495984e+01,1.434098e+05,1.659835e+00,9.488022e-01,9.486316e-01,1.469402e-03,1.084144e-08,3.800902e+01,8.056828e+00,2.995219e+01,3.962525e+01,1.695227e+02
1.292540e+06,1.495995e+01,1.434198e+05,1.659951e+00,9.488094e-01,9.486317e-01,1.469510e-03,1.084144e-08,3.800825e+01,8.056828e+00,2.995142e+01,3.962420e+01,1.695267e+02
1.292550e+06,1.496007e+01,1.434298e+05,1.660067e+00,9.488167e-01,9.486318e-01,1.469619e-03,1.084144e-08,3.800748e+01,8.056828e+00,2.995065e+01,3.962314e+01,1.695307e+02
1.292560e+06,1.496018e+01,1.434398e+05,1.660182e+00,9.488239e-01,9.486319e-01,1.469727e-03,1.084144e-08,3.800670e+01,8.056828e+00,2.994988e+01,3.962209e+01,1.695347e+02
1.292570e+06,1.496030e+01,1.434498e+05,1.660298e+00,9.488311e-01,9.486320e-01,1.469836e-03,1.084143e-08,3.800593e+01,8.056828e+00,2.994911e+01,3.962104e+01,1.695387e+02
1.292580e+06,1.496041e+01,1.434598e+05,1.660414e+00,9.488384e-01,9.486321e-01,1.469944e-03,1.084143e-08,3.800516e+01,8.056828e+00,2.994834e+01,3.961999e+01,1.695427e+02
1.292590e+06,1.496053e+01,1.434698e+05,1.660530e+00,9.488456e-01,9.486322e-01,1.470052e-03,1.084143e-08,3.800439e+01,8.056828e+00,2.994757e+01,3.961893e+01,1.695467e+02
1.292600e+06,1.496065e+01,1.434798e+05,1.660645e+00,9.488529e-01,9.486323e-01,1.470161e-03,1.084143e-08,3.800362e+01,8.056828e+00,2.994679e+01,3.961788e+01,1.695507e+02
1.292610e+06,1.496076e+01,1.434898e+05,1.660761e+00,9.488601e-01,9.486324e-01,1.470269e-03,1.084143e-08,3.800285e+01,8.056828e+00,2.994602e+01,3.961683e+01,1.695547e+02
1.292620e+06,1.496088e+01,1.434998e+05,1.660877e+00,9.488673e-01,9.486325e-01,1.470378e-03,1.084143e-08,3.800208e+01,8.056828e+00,2.994525e+01,3.961577e+01,1.695587e+02
1.292630e+06,1.496099e+01,1.435098e+05,1.660993e+00,9.488746e-01,9.486326e-01,1.470486e-03,1.084143e-08,3.800131e+01,8.056828e+00,2.994448e+01,3.961472e+01,1.695627e+02
1.292640e+06,1.496111e+01,1.435198e+05,1.661108e+00,9.488818e-01,9.486327e-01,1.470595e-03,1.084143e-08,3.800054e+01,8.056828e+00,2.994371e+01,3.961367e+01,1.695667e+02
1.292650e+06,1.496122e+01,1.435298e+05,1.661224e+00,9.488890e-01,9.486328e-01,1.470703e-03,1.084142e-08,3.799977e+01,8.056828e+00,2.994294e+01,3.961262e+01,1.695707e+02
1.292660e+06,1.496134e+01,1.435398e+05,1.661340e+00,9.488963e-01,9.486329e-01,1.470811e-03,1.084142e-08,3.799900e+01,8.056828e+00,2.994217e+01,3.961156e+01,1.695747e+02
1.292670e+06,1.496146e+01,1.435498e+05,1.661456e+00,9.489035e-01,9.486331e-01,1.470920e-03,1.084142e-08,3.799823e+01,8.056828e+00,2.994140e+01,3.961051e+01,1.695787e+02
1.292680e+06,1.496157e+01,1.435598e+05,1.661571e+00,9.489108e-01,9.486332e-01,1.471028e-03,1.084142e-08,3.799746e+01,8.056828e+00,2.994063e+01,3.960946e+01,1.695827e+02
1.292690e+06,1.496169e+01,1.435698e+05,1.661687e+00,9.489180e-01,9.486333e-01,1.471137e-03,1.084142e-08,3.799669e+01,8.056828e+00,2.993986e+01,3.960840e+01,1.695868e+02
1.292700e+06,1.496180e+01,1.435798e+05,1.661803e+00,9.489252e-01,9.486334e-01,1.471245e-03,1.084142e-08,3.799592e+01,8.056828e+00,2.993909e+01,3.960735e+01,1.695908e+02
1.292710e+06,1.496192e+01,1.435898e+05,1.661919e+00,9.489325e-01,9.486335e-01,1.471354e-03,1.084142e-08,3.799515e+01,8.056828e+00,2.993832e+01,3.960630e+01,1.695948e+02
1.292720e+06,1.496203e+01,1.435998e+05,1.662034e+00,9.489397e-01,9.486336e-01,1.471462e-03,1.084142e-08,3.799437e+01,8.056828e+00,2.993755e+01,3.960525e+01,1.695988e+02
1.292730e+06,1.496215e+01,1.436098e+05,1.662150e+00,9.489458e-01,9.486337e-01,1.471570e-03,1.084142e-08,3.799319e+01,8.056652e+00,2.993654e+01,3.960380e+01,1.696028e+02
1.292740e+06,1.496227e+01,1.436198e+05,1.662266e+00,9.489514e-01,9.486338e-01,1.471679e-03,1.084141e-08,3.799182e+01,8.056397e+00,2.993542e+01,3.960219e+01,1.696068e+02
1.292750e+06,1.496238e+01,1.436298e+05,1.662382e+00,9.489570e-01,9.486339e-01,1.471787e-03,1.084141e-08,3.799045e+01,8.056143e+00,2.993431e+01,3.960057e+01,1.696108e+02
1.292760e+06,1.496250e+01,1.436398e+05,1.662497e+00,9.489625e-01,9.486340e-01,1.471896e-03,1.084141e-08,3.798908e+01,8.055889e+00,2.993319e+01,3.959896e+01,1.696148e+02
1.292770e+06,1.496261e+01,1.436498e+05,1.662613e+00,9.489681e-01,9.486341e-01,1.472004e-03,1.084141e-08,3.798771e+01,8.055635e+00,2.993207e+01,3.959734e+01,1.696188e+02
1.292780e+06,1.496273e+01,1.436598e+05,1.662729e+00,9.489737e-01,9.486342e-01,1.472112e-03,1.084141e-08,3.798634e+01,8.055381e+00,2.993096e+01,3.959573e+01,1.696228e+02
1.292790e+06,1.496284e+01,1.436698e+05,1.662845e+00,9.489793e-01,9.486343e-01,1.472221e-03,1.084141e-08,3.798497e+01,8.055127e+00,2.992984e+01,3.959411e+01,1.696268e+02
1.292800e+06,1.496296e+01,1.436798e+05,1.662960e+00,9.489848e-01,9.486344e-01,1.472329e-03,1.084141e-08,3.798360e+01,8.054873e+00,2.992873e+01,3.959250e+01,1.696308e+02
1.292810e+06,1.496308e+01,1.436898e+05,1.663076e+00,9.489904e-01,9.486345e-01,1.472438e-03,1.084141e-08,3.798223e+01,8.054619e+00,2.992761e+01,3.959088e+01,1.696348e+02
1.292820e+06,1.496319e+01,1.436998e+05,1.663192e+00,9.489960e-01,9.486346e-01,1.472546e-03,1.084140e-08,3.798086e+01,8.054364e+00,2.992649e+01,3.958926e+01,1.696388e+02
1.292830e+06,1.496331e+01,1.437098e+05,1.663308e+00,9.490016e-01,9.486347e-01,1.472655e-03,1.084140e-08,3.797949e+01,8.054110e+00,2.992538e+01,3.958765e+01,1.696428e+02
1.292840e+06,1.496342e+01,1.437198e+05,1.663423e+00,9.490072e-01,9.486348e-01,1.472763e-03,1.084140e-08,3.797812e+01,8.053856e+00,2.992426e+01,3.958603e+01,1.696468e+02
1.292850e+06,1.496354e+01,1.437298e+05,1.663539e+00,9.490127e-01,9.486349e-01,1.472871e-03,1.084140e-08,3.797675e+01,8.053602e+00,2.992315e+01,3.958442e+01,1.696508e+02
1.292860e+06,1.496365e+01,1.437398e+05,1.663655e+00,9.490183e-01,9.486350e-01,1.472980e-03,1.084140e-08,3.797538e+01,8.053348e+00,2.992203e+01,3.958280e+01,1.696548e+02
1.292870e+06,1.496377e+01,1.437498e+05,1.663771e+00,9.490239e-01,9.486351e-01,1.473088e-03,1.084140e-08,3.797401e+01,8.053094e+00,2.992091e+01,3.958119e+01,1.696588e+02
1.292880e+06,1.496389e+01,1.437598e+05,1.663886e+00,9.490295e-01,9.486352e-01,1.473197e-03,1.084140e-08,3.797264e+01,8.052840e+00,2.991980e+01,3.957957e+01,1.696629e+02
1.292890e+06,1.496400e+01,1.437698e+05,1.664002e+00,9.490351e-01,9.486353e-01,1.473305e-03,1.084140e-08,3.797127e+01,8.052586e+00,2.991868e+01,3.957796e+01,1.696669e+02
1.292900e+06,1.496412e+01,1.437798e+05,1.664118e+00,9.490406e-01,9.486354e-01,1.473414e-03,1.084140e-08,3.796990e+01,8.052331e+00,2.991757e+01,3.957634e+01,1.696709e+02
1.292910e+06,1.496423e+01,1.437898e+05,1.664234e+00,9.490462e-01,9.486355e-01,1.473522e-03,1.084139e-08,3.796853e+01,8.052077e+00,2.991645e+01,3.957473e+01,1.696749e+02
1.292920e+06,1.496435e+01,1.437998e+05,1.664349e+00,9.490518e-01,9.486356e-01,1.473630e-03,1.084139e-08,3.796716e+01,8.051823e+00,2.991533e+01,3.957311e+01,1.696789e+02
1.292930e+06,1.496447e+01,1.438098e+05,1.664465e+00,9.490574e-01,9.486357e-01,1.473739e-03,1.084139e-08,3.796579e+01,8.051569e+00,2.991422e+01,3.957150e+01,1.696829e+02
1.292940e+06,1.496458e+01,1.438198e+05,1.664581e+00,9.490629e-01,9.486358e-01,1.473847e-03,1.084139e-08,3.796442e+01,8.051315e+00,2.991310e+01,3.956988e+01,1.696869e+02
1.292950e+06,1.496470e+01,1.438298e+05,1.664697e+00,9.490685e-01,9.486359e-01,1.473956e-03,1.084139e-08,3.796305e+01,8.051061e+00,2.991199e+01,3.956827e+01,1.696909e+02
1.292960e+06,1.496481e+01,1.438398e+05,1.664812e+00,9.490741e-01,9.486360e-01,1.474064e-03,1.084139e-08,3.796168e+01,8.050807e+00,2.991087e+01,3.956665e+01,1.696949e+02
1.292970e+06,1.496493e+01,1.438498e+05,1.664928e+00,9.490750e-01,9.486361e-01,1.474172e-03,1.084139e-08,3.796031e+01,8.050553e+00,2.990976e+01,3.956519e+01,1.696989e+02
1.292980e+06,1.496504e+01,1.438598e+05,1.665044e+00,9.490606e-01,9.486362e-01,1.474281e-03,1.084139e-08,3.796018e+01,8.050667e+00,2.990951e+01,3.956553e+01,1.696971e+02
1.292990e+06,1.496516e+01,1.438698e+05,1.665160e+00,9.490410e-01,9.486363e-01,1.474389e-03,1.084138e-08,3.796052e+01,8.050921e+00,2.990960e+01,3.956652e+01,1.696931e+02
1.293000e+06,1.496528e+01,1.438798e+05,1.665275e+00,9.490214e-01,9.486364e-01,1.474498e-03,1.084138e-08,3.796086e+01,8.051175e+00,2.990969e+01,3.956752e+01,1.696891e+02
1.293010e+06,1.496539e+01,1.438898e+05,1.665391e+00,9.490019e-01,9.486365e-01,1.474606e-03,1.084138e-08,3.796121e+01,8.051429e+00,2.990978e+01,3.956852e+01,1.696851e+02
1.293020e+06,1.496551e+01,1.438998e+05,1.665507e+00,9.489823e-01,9.486367e-01,1.474715e-03,1.084138e-08,3.796155e+01,8.051683e+00,2.990987e+01,3.956952e+01,1.696811e+02
1.293030e+06,1.496562e+01,1.439098e+05,1.665623e+00,9.489627e-01,9.486368e-01,1.474823e-03,1.084138e-08,3.796189e+01,8.051938e+00,2.990995e+01,3.957052e+01,1.696771e+02
1.293040e+06,1.496574e+01,1.439198e+05,1.665738e+00,9.489431e-01,9.486369e-01,1.474931e-03,1.084138e-08,3.796223e+01,8.052192e+00,2.991004e+01,3.957151e+01,1.696731e+02
1.293050e+06,1.496585e+01,1.439298e+05,1.665854e+00,9.489235e-01,9.486370e-01,1.475040e-03,1.084138e-08,3.796258e+01,8.052446e+00,2.991013e+01,3.957251e+01,1.696691e+02
1.293060e+06,1.496597e+01,1.439398e+05,1.665970e+00,9.489039e-01,9.486371e-01,1.475148e-03,1.084138e-08,3.796292e+01,8.052700e+00,2.991022e+01,3.957351e+01,1.696651e+02
1.293070e+06,1.496609e+01,1.439498e+05,1.666086e+00,9.488844e-01,9.486372e-01,1.475257e-03,1.084138e-08,3.796326e+01,8.052954e+00,2.991031e+01,3.957451e+01,1.696611e+02
1.293080e+06,1.496620e+01,1.439598e+05,1.666201e+00,9.488648e-01,9.486373e-01,1.475365e-03,1.084137e-08,3.796360e+01,8.053208e+00,2.991040e+01,3.957550e+01,1.696570e+02
1.293090e+06,1.496632e+01,1.439698e+05,1.666317e+00,9.488452e-01,9.486374e-01,1.475474e-03,1.084137e-08,3.796395e+01,8.053462e+00,2.991048e+01,3.957650e+01,1.696530e+02
1.293100e+06,1.496643e+01,1.439798e+05,1.666433e+00,9.488256e-01,9.486375e-01,1.475582e-03,1.084137e-08,3.796429e+01,8.053716e+00,2.991057e+01,3.957750e+01,1.696490e+02
1.293110e+06,1.496655e+01,1.439898e+05,1.666549e+00,9.488060e-01,9.486376e-01,1.475690e-03,1.084137e-08,3.796463e+01,8.053971e+00,2.991066e+01,3.957850e+01,1.696450e+02
1.293120e+06,1.496666e+01,1.439998e+05,1.666664e+00,9.487865e-01,9.486377e-01,1.475799e-03,1.084137e-08,3.796497e+01,8.054225e+00,2.991075e+01,3.957950e+01,1.696410e+02
1.293130e+06,1.496678e+01,1.440098e+05,1.666780e+00,9.487669e-01,9.486378e-01,1.475907e-03,1.084137e-08,3.796532e+01,8.054479e+00,2.991084e+01,3.958049e+01,1.696370e+02
1.293140e+06,1.496690e+01,1.440198e+05,1.666896e+00,9.487473e-01,9.486379e-01,1.476016e-03,1.084137e-08,3.796566e+01,8.054733e+00,2.991093e+01,3.958149e+01,1.696330e+02
1.293150e+06,1.496701e+01,1.440298e+05,1.667012e+00,9.487277e-01,9.486380e-01,1.476124e-03,1.084137e-08,3.796600e+01,8.054987e+00,2.991101e+01,3.958249e+01,1.696290e+02
1.293160e+06,1.496713e+01,1.440398e+05,1.667127e+00,9.487081e-01,9.486381e-01,1.476232e-03,1.084136e-08,3.796634e+01,8.055241e+00,2.991110e+01,3.958349e+01,1.696250e+02
1.293170e+06,1.496724e+01,1.440498e+05,1.667243e+00,9.486885e-01,9.486382e-01,1.476341e-03,1.084136e-08,3.796669e+01,8.055495e+00,2.991119e+01,3.958449e+01,1.696210e+02
1.293180e+06,1.496736e+01,1.440598e+05,1.667359e+00,9.486690e-01,9.486383e-01,1.476449e-03,1.084136e-08,3.796703e+01,8.055749e+00,2.991128e+01,3.958548e+01,1.696170e+02
1.293190e+06,1.496747e+01,1.440698e+05,1.667475e+00,9.486494e-01,9.486384e-01,1.476558e-03,1.084136e-08,3.796737e+01,8.056003e+00,2.991137e+01,3.958648e+01,1.696130e+02
1.293200e+06,1.496759e+01,1.440798e+05,1.667590e+00,9.486298e-01,9.486385e-01,1.476666e-03,1.084136e-08,3.796771e+01,8.056258e+00,2.991146e+01,3.958748e+01,1.696090e+02
1.293210e+06,1.496771e+01,1.440898e+05,1.667706e+00,9.486102e-01,9.486386e-01,1.476775e-03,1.084136e-08,3.796806e+01,8.056512e+00,2.991155e+01,3.958848e+01,1.696050e+02
1.293220e+06,1.496782e+01,1.440998e+05,1.667822e+00,9.485906e-01,9.486387e-01,1.476883e-03,1.084136e-08,3.796840e+01,8.056766e+00,2.991163e+01,3.958948e+01,1.696010e+02
1.293230e+06,1.496794e+01,1.441098e+05,1.667938e+00,9.485847e-01,9.486388e-01,1.476991e-03,1.084136e-08,3.796868e+01,8.056828e+00,2.991185e+01,3.958996e+01,1.695970e+02
1.293240e+06,1.496805e+01,1.441198e+05,1.668053e+00,9.485832e-01,9.486389e-01,1.477100e-03,1.084136e-08,3.796893e+01,8.056828e+00,2.991210e+01,3.959028e+01,1.695930e+02
1.293250e+06,1.496817e+01,1.441298e+05,1.668169e+00,9.485817e-01,9.486390e-01,1.477208e-03,1.084135e-08,3.796919e+01,8.056828e+00,2.991236e+01,3.959060e+01,1.695890e+02
1.293260e+06,1.496828e+01,1.441398e+05,1.668285e+00,9.485801e-01,9.486391e-01,1.477317e-03,1.084135e-08,3.796944e+01,8.056828e+00,2.991262e+01,3.959092e+01,1.695850e+02
1.293270e+06,1.496840e+01,1.441498e+05,1.668401e+00,9.485786e-01,9.486392e-01,1.477425e-03,1.084135e-08,3.796970e+01,8.056828e+00,2.991287e+01,3.959124e+01,1.695810e+02
1.293280e+06,1.496852e+01,1.441598e+05,1.668516e+00,9.485771e-01,9.486393e-01,1.477534e-03,1.084135e-08,3.796996e+01,8.056828e+00,2.991313e+01,3.959156e+01,1.695770e+02
1.293290e+06,1.496863e+01,1.441698e+05,1.668632e+00,9.485756e-01,9.486394e-01,1.477642e-03,1.084135e-08,3.797021e+01,8.056828e+00,2.991338e+01,3.959189e+01,1.695730e+02
1.293300e+06,1.496875e+01,1.441798e+05,1.668748e+00,9.485740e-01,9.486395e-01,1.477750e-03,1.084135e-08,3.797047e+01,8.056828e+00,2.991364e+01,3.959221e+01,1.695690e+02
1.293310e+06,1.496886e+01,1.441898e+05,1.668864e+00,9.485725e-01,9.486396e-01,1.477859e-03,1.084135e-08,3.797072e+01,8.056828e+00,2.991390e+01,3.959253e+01,1.695650e+02
1.293320e+06,1.496898e+01,1.441998e+05,1.668979e+00,9.485710e-01,9.486397e-01,1.477967e-03,1.084135e-08,3.797098e+01,8.056828e+00,2.991415e+01,3.959285e+01,1.695611e+02
1.293330e+06,1.496910e+01,1.442098e+05,1.669095e+00,9.485694e-01,9.486398e-01,1.478076e-03,1.084134e-08,3.797124e+01,8.056828e+00,2.991441e+01,3.959317e+01,1.695571e+02
1.293340e+06,1.496921e+01,1.442198e+05,1.669211e+00,9.485679e-01,9.486399e-01,1.478184e-03,1.084134e-08,3.797149e+01,8.056828e+00,2.991466e+01,3.959349e+01,1.695531e+02
1.293350e+06,1.496933e+01,1.442298e+05,1.669327e+00,9.485664e-01,9.486400e-01,1.478292e-03,1.084134e-08,3.797175e+01,8.056828e+00,2.991492e+01,3.959381e+01,1.695491e+02
1.293360e+06,1.496944e+01,1.442398e+05,1.669442e+00,9.485649e-01,9.486401e-01,1.478401e-03,1.084134e-08,3.797200e+01,8.056828e+00,2.991518e+01,3.959413e+01,1.695451e+02
1.293370e+06,1.496956e+01,1.442498e+05,1.669558e+00,9.485633e-01,9.486403e-01,1.478509e-03,1.084134e-08,3.797226e+01,8.056828e+00,2.991543e+01,3.959445e+01,1.695411e+02
1.293380e+06,1.496967e+01,1.442598e+05,1.669674e+00,9.485618e-01,9.486404e-01,1.478618e-03,1.084134e-08,3.797252e+01,8.056828e+00,2.991569e+01,3.959477e+01,1.695371e+02
1.293390e+06,1.496979e+01,1.442698e+05,1.669790e+00,9.485603e-01,9.486405e-01,1.478726e-03,1.084134e-08,3.797277e+01,8.056828e+00,2.991594e+01,3.959509e+01,1.695331e+02
1.293400e+06,1.496991e+01,1.442798e+05,1.669905e+00,9.485587e-01,9.486406e-01,1.478835e-03,1.084134e-08,3.797303e+01,8.056828e+00,2.991620e+01,3.959541e+01,1.695291e+02
1.293410e+06,1.497002e+01,1.442898e+05,1.670021e+00,9.485572e-01,9.486407e-01,1.478943e-03,1.084134e-08,3.797328e+01,8.056828e+00,2.991646e+01,3.959573e+01,1.695251e+02
1.293420e+06,1.497014e+01,1.442998e+05,1.670137e+00,9.485557e-01,9.486408e-01,1.479051e-03,1.084133e-08,3.797354e+01,8.056828e+00,2.991671e+01,3.959605e+01,1.695211e+02
1.293430e+06,1.497025e+01,1.443098e+05,1.670253e+00,9.485542e-01,9.486409e-01,1.479160e-03,1.084133e-08,3.797380e+01,8.056828e+00,2.991697e+01,3.959637e+01,1.695172e+02
1.293440e+06,1.497037e+01,1.443198e+05,1.670368e+00,9.485526e-01,9.486410e-01,1.479268e-03,1.084133e-08,3.797405e+01,8.056828e+00,2.991722e+01,3.959670e+01,1.695132e+02
1.293450e+06,1.497048e+01,1.443298e+05,1.670484e+00,9.485511e-01,9.486411e-01,1.479377e-03,1.084133e-08,3.797431e+01,8.056828e+00,2.991748e+01,3.959702e+01,1.695092e+02
1.293460e+06,1.497060e+01,1.443398e+05,1.670600e+00,9.485496e-01,9.486412e-01,1.479485e-03,1.084133e-08,3.797456e+01,8.056828e+00,2.991774e+01,3.959734e+01,1.695052e+02
1.293470e+06,1.497072e+01,1.443498e+05,1.670716e+00,9.485480e-01,9.486413e-01,1.479594e-03,1.084133e-08,3.797482e+01,8.056828e+00,2.991799e+01,3.959766e+01,1.695012e+02
1.293480e+06,1.497083e+01,1.443598e+05,1.670831e+00,9.485431e-01,9.486414e-01,1.479702e-03,1.084133e-08,3.797580e+01,8.056828e+00,2.991897e+01,3.959885e+01,1.694972e+02
1.293490e+06,1.497095e+01,1.443698e+05,1.670947e+00,9.485367e-01,9.486415e-01,1.479810e-03,1.084133e-08,3.797708e+01,8.056828e+00,2.992026e+01,3.960042e+01,1.694932e+02
1.293500e+06,1.497106e+01,1.443798e+05,1.671063e+00,9.485303e-01,9.486416e-01,1.479919e-03,1.084132e-08,3.797837e+01,8.056828e+00,2.992154e+01,3.960199e+01,1.694892e+02
1.293510e+06,1.497118e+01,1.443898e+05,1.671179e+00,9.485239e-01,9.486417e-01,1.480027e-03,1.084132e-08,3.797965e+01,8.056828e+00,2.992282e+01,3.960356e+01,1.694852e+02
1.293520e+06,1.497129e+01,1.443998e+05,1.671294e+00,9.485174e-01,9.486418e-01,1.480136e-03,1.084132e-08,3.798094e+01,8.056828e+00,2.992411e+01,3.960512e+01,1.694812e+02
1.293530e+06,1.497141e+01,1.444098e+05,1.671410e+00,9.485110e-01,9.486419e-01,1.480244e-03,1.084132e-08,3.798222e+01,8.056828e+00,2.992539e+01,3.960669e+01,1.694772e+02
1.293540e+06,1.497153e+01,1.444198e+05,1.671526e+00,9.485046e-01,9.486420e-01,1.480352e-03,1.084132e-08,3.798351e+01,8.056828e+00,2.992668e+01,3.960826e+01,1.694732e+02
1.293550e+06,1.497164e+01,1.444298e+05,1.671642e+00,9.484982e-01,9.486421e-01,1.480461e-03,1.084132e-08,3.798479e+01,8.056828e+00,2.992796e+01,3.960983e+01,1.694691e+02
1.293560e+06,1.497176e+01,1.444398e+05,1.671757e+00,9.484918e-01,9.486422e-01,1.480569e-03,1.084132e-08,3.798607e+01,8.056828e+00,2.992925e+01,3.961139e+01,1.694651e+02
1.293570e+06,1.497187e+01,1.444498e+05,1.671873e+00,9.484854e-01,9.486423e-01,1.480678e-03,1.084132e-08,3.798736e+01,8.056828e+00,2.993053e+01,3.961296e+01,1.694611e+02
1.293580e+06,1.497199e+01,1.444598e+05,1.671989e+00,9.484790e-01,9.486424e-01,1.480786e-03,1.084132e-08,3.798864e+01,8.056828e+00,2.993182e+01,3.961453e+01,1.694571e+02
1.293590e+06,1.497210e+01,1.444698e+05,1.672105e+00,9.484726e-01,9.486425e-01,1.480895e-03,1.084131e-08,3.798993e+01,8.056828e+00,2.993310e+01,3.961609e+01,1.694531e+02
1.293600e+06,1.497222e+01,1.444798e+05,1.672220e+00,9.484662e-01,9.486426e-01,1.481003e-03,1.084131e-08,3.799121e+01,8.056828e+00,2.993438e+01,3.961766e+01,1.694491e+02
1.293610e+06,1.497234e+01,1.444898e+05,1.672336e+00,9.484598e-01,9.486427e-01,1.481111e-03,1.084131e-08,3.799250e+01,8.056828e+00,2.993567e+01,3.961923e+01,1.694451e+02
1.293620e+06,1.497245e+01,1.444998e+05,1.672452e+00,9.484534e-01,9.486428e-01,1.481220e-03,1.084131e-08,3.799378e+01,8.056828e+00,2.993695e+01,3.962080e+01,1.694411e+02
1.293630e+06,1.497257e+01,1.445098e+05,1.672568e+00,9.484470e-01,9.486429e-01,1.481328e-03,1.084131e-08,3.799507e+01,8.056828e+00,2.993824e+01,3.962236e+01,1.694371e+02
1.293640e+06,1.497268e+01,1.445198e+05,1.672683e+00,9.484406e-01,9.486430e-01,1.481437e-03,1.084131e-08,3.799635e+01,8.056828e+00,2.993952e+01,3.962393e+01,1.694331e+02
1.293650e+06,1.497280e+01,1.445298e+05,1.672799e+00,9.484341e-01,9.486431e-01,1.481545e-03,1.084131e-08,3.799763e+01,8.056828e+00,2.994081e+01,3.962550e+01,1.694291e+02
1.293660e+06,1.497291e+01,1.445398e+05,1.672915e+00,9.484277e-01,9.486432e-01,1.481654e-03,1.084131e-08,3.799892e+01,8.056828e+00,2.994209e+01,3.962707e+01,1.694251e+02
1.293670e+06,1.497303e+01,1.445498e+05,1.673031e+00,9.484213e-01,9.486433e-01,1.481762e-03,1.084130e-08,3.800020e+01,8.056828e+00,2.994338e+01,3.962863e+01,1.694211e+02
1.293680e+06,1.497315e+01,1.445598e+05,1.673146e+00,9.484149e-01,9.486434e-01,1.481870e-03,1.084130e-08,3.800149e+01,8.056828e+00,2.994466e+01,3.963020e+01,1.694171e+02
1.293690e+06,1.497326e+01,1.445698e+05,1.673262e+00,9.484085e-01,9.486435e-01,1.481979e-03,1.084130e-08,3.800277e+01,8.056828e+00,2.994594e+01,3.963177e+01,1.694131e+02
1.293700e+06,1.497338e+01,1.445798e+05,1.673378e+00,9.484021e-01,9.486436e-01,1.482087e-03,1.084130e-08,3.800406e+01,8.056828e+00,2.994723e+01,3.963334e+01,1.694091e+02
1.293710e+06,1.497349e+01,1.445898e+05,1.673494e+00,9.483957e-01,9.486437e-01,1.482196e-03,1.084130e-08,3.800534e+01,8.056828e+00,2.994851e+01,3.963491e+01,1.694051e+02
1.293720e+06,1.497361e+01,1.445998e+05,1.673609e+00,9.483963e-01,9.486439e-01,1.482304e-03,1.084130e-08,3.800663e+01,8.056828e+00,2.994980e+01,3.963624e+01,1.694011e+02
1.293730e+06,1.497373e+01,1.446098e+05,1.673725e+00,9.484162e-01,9.486440e-01,1.482412e-03,1.084130e-08,3.800521e+01,8.056828e+00,2.994838e+01,3.963408e+01,1.694059e+02
1.293740e+06,1.497384e+01,1.446198e+05,1.673841e+00,9.484421e-01,9.486441e-01,1.482521e-03,1.084130e-08,3.800282e+01,8.056828e+00,2.994599e+01,3.963070e+01,1.694138e+02
1.293750e+06,1.497396e+01,1.446298e+05,1.673957e+00,9.484680e-01,9.486442e-01,1.482629e-03,1.084130e-08,3.800043e+01,8.056828e+00,2.994360e+01,3.962732e+01,1.694218e+02
1.293760e+06,1.497407e+01,1.446398e+05,1.674072e+00,9.484939e-01,9.486443e-01,1.482738e-03,1.084129e-08,3.799804e+01,8.056828e+00,2.994121e+01,3.962394e+01,1.694298e+02
1.293770e+06,1.497419e+01,1.446498e+05,1.674188e+00,9.485198e-01,9.486444e-01,1.482846e-03,1.084129e-08,3.799565e+01,8.056828e+00,2.993882e+01,3.962056e+01,1.694378e+02
1.293780e+06,1.497430e+01,1.446598e+05,1.674304e+00,9.485457e-01,9.486445e-01,1.482955e-03,1.084129e-08,3.799326e+01,8.056828e+00,2.993644e+01,3.961718e+01,1.694458e+02
1.293790e+06,1.497442e+01,1.446698e+05,1.674420e+00,9.485716e-01,9.486446e-01,1.483063e-03,1.084129e-08,3.799087e+01,8.056828e+00,2.993405e+01,3.961380e+01,1.694538e+02
1.293800e+06,1.497454e+01,1.446799e+05,1.674535e+00,9.485975e-01,9.486447e-01,1.483171e-03,1.084129e-08,3.798848e+01,8.056828e+00,2.993166e+01,3.961042e+01,1.694617e+02
1.293810e+06,1.497465e+01,1.446899e+05,1.674651e+00,9.486235e-01,9.486448e-01,1.483280e-03,1.084129e-08,3.798610e+01,8.056828e+00,2.992927e+01,3.960704e+01,1.694697e+02
1.293820e+06,1.497477e+01,1.446999e+05,1.674767e+00,9.486494e-01,9.486449e-01,1.483388e-03,1.084129e-08,3.798371e+01,8.056828e+00,2.992688e+01,3.960366e+01,1.694777e+02
1.293830e+06,1.497488e+01,1.447099e+05,1.674883e+00,9.486753e-01,9.486450e-01,1.483497e-03,1.084129e-08,3.798132e+01,8.056828e+00,2.992449e+01,3.960028e+01,1.694857e+02
1.293840e+06,1.497500e+01,1.447199e+05,1.674998e+00,9.487012e-01,9.486451e-01,1.483605e-03,1.084128e-08,3.797893e+01,8.056828e+00,2.992210e+01,3.959690e+01,1.694937e+02
1.293850e+06,1.497511e+01,1.447299e+05,1.675114e+00,9.487271e-01,9.486452e-01,1.483713e-03,1.084128e-08,3.797654e+01,8.056828e+00,2.991971e+01,3.959352e+01,1.695017e+02
1.293860e+06,1.497523e+01,1.447399e+05,1.675230e+00,9.487530e-01,9.486453e-01,1.483822e-03,1.084128e-08,3.797415e+01,8.056828e+00,2.991732e+01,3.959014e+01,1.695096e+02
1.293870e+06,1.497535e+01,1.447499e+05,1.675346e+00,9.487789e-01,9.486454e-01,1.483930e-03,1.084128e-08,3.797176e+01,8.056828e+00,2.991493e+01,3.958676e+01,1.695176e+02
1.293880e+06,1.497546e+01,1.447599e+05,1.675461e+00,9.488048e-01,9.486455e-01,1.484039e-03,1.084128e-08,3.796937e+01,8.056828e+00,2.991254e+01,3.958338e+01,1.695256e+02
1.293890e+06,1.497558e+01,1.447699e+05,1.675577e+00,9.488307e-01,9.486456e-01,1.484147e-03,1.084128e-08,3.796698e+01,8.056828e+00,2.991015e+01,3.958000e+01,1.695336e+02
1.293900e+06,1.497569e+01,1.447799e+05,1.675693e+00,9.488566e-01,9.486457e-01,1.484256e-03,1.084128e-08,3.796459e+01,8.056828e+00,2.990776e+01,3.957662e+01,1.695416e+02
1.293910e+06,1.497581e+01,1.447899e+05,1.675809e+00,9.488825e-01,9.486458e-01,1.484364e-03,1.084128e-08,3.796220e+01,8.056828e+00,2.990537e+01,3.957324e+01,1.695496e+02
1.293920e+06,1.497592e+01,1.447999e+05,1.675924e+00,9.489084e-01,9.486459e-01,1.484472e-03,1.084128e-08,3.795981e+01,8.056828e+00,2.990299e+01,3.956986e+01,1.695575e+02
1.293930e+06,1.497604e+01,1.448099e+05,1.676040e+00,9.489343e-01,9.486460e-01,1.484581e-03,1.084127e-08,3.795742e+01,8.056828e+00,2.990060e+01,3.956649e+01,1.695655e+02
1.293940e+06,1.497616e+01,1.448199e+05,1.676156e+00,9.489602e-01,9.486461e-01,1.484689e-03,1.084127e-08,3.795503e+01,8.056828e+00,2.989821e+01,3.956311e+01,1.695735e+02
1.293950e+06,1.497627e+01,1.448299e+05,1.676272e+00,9.489861e-01,9.486462e-01,1.484798e-03,1.084127e-08,3.795265e+01,8.056828e+00,2.989582e+01,3.955973e+01,1.695815e+02
1.293960e+06,1.497639e+01,1.448399e+05,1.676387e+00,9.490120e-01,9.486463e-01,1.484906e-03,1.084127e-08,3.795026e+01,8.056828e+00,2.989343e+01,3.955635e+01,1.695895e+02
1.293970e+06,1.497650e+01,1.448499e+05,1.676503e+00,9.490358e-01,9.486464e-01,1.485015e-03,1.084127e-08,3.794787e+01,8.056828e+00,2.989104e+01,3.955305e+01,1.695975e+02
1.293980e+06,1.497662e+01,1.448599e+05,1.676619e+00,9.490344e-01,9.486465e-01,1.485123e-03,1.084127e-08,3.794839e+01,8.057001e+00,2.989139e+01,3.955363e+01,1.696027e+02
1.293990e+06,1.497673e+01,1.448699e+05,1.676735e+00,9.490217e-01,9.486466e-01,1.485231e-03,1.084127e-08,3.795027e+01,8.057255e+00,2.989301e+01,3.955602e+01,1.696067e+02
1.294000e+06,1.497685e+01,1.448799e+05,1.676850e+00,9.490090e-01,9.486467e-01,1.485340e-03,1.084127e-08,3.795215e+01,8.057509e+00,2.989464e+01,3.955841e+01,1.696107e+02
1.294010e+06,1.497697e+01,1.448899e+05,1.676966e+00,9.489964e-01,9.486468e-01,1.485448e-03,1.084126e-08,3.795404e+01,8.057763e+00,2.989627e+01,3.956081e+01,1.696147e+02
1.294020e+06,1.497708e+01,1.448999e+05,1.677082e+00,9.489837e-01,9.486469e-01,1.485557e-03,1.084126e-08,3.795592e+01,8.058017e+00,2.989790e+01,3.956320e+01,1.696187e+02
1.294030e+06,1.497720e+01,1.449099e+05,1.677198e+00,9.489710e-01,9.486470e-01,1.485665e-03,1.084126e-08,3.795780e+01,8.058271e+00,2.989953e+01,3.956559e+01,1.696228e+02
1.294040e+06,1.497731e+01,1.449199e+05,1.677313e+00,9.489583e-01,9.486471e-01,1.485773e-03,1.084126e-08,3.795969e+01,8.058525e+00,2.990116e+01,3.956798e+01,1.696268e+02
1.294050e+06,1.497743e+01,1.449299e+05,1.677429e+00,9.489456e-01,9.486472e-01,1.485882e-03,1.084126e-08,3.796157e+01,8.058779e+00,2.990279e+01,3.957038e+01,1.696308e+02
1.294060e+06,1.497754e+01,1.449399e+05,1.677545e+00,9.489330e-01,9.486473e-01,1.485990e-03,1.084126e-08,3.796346e+01,8.059033e+00,2.990442e+01,3.957277e+01,1.696348e+02
1.294070e+06,1.497766e+01,1.449499e+05,1.677661e+00,9.489203e-01,9.486475e-01,1.486099e-03,1.084126e-08,3.796534e+01,8.059288e+00,2.990605e+01,3.957516e+01,1.696388e+02
1.294080e+06,1.497778e+01,1.449599e+05,1.677776e+00,9.489076e-01,9.486476e-01,1.486207e-03,1.084126e-08,3.796722e+01,8.059542e+00,2.990768e+01,3.957755e+01,1.696428e+02
1.294090e+06,1.497789e+01,1.449699e+05,1.677892e+00,9.488949e-01,9.486477e-01,1.486316e-03,1.084126e-08,3.796911e+01,8.059796e+00,2.990931e+01,3.957995e+01,1.696468e+02
1.294100e+06,1.497801e+01,1.449799e+05,1.678008e+00,9.488822e-01,9.486478e-01,1.486424e-03,1.084125e-08,3.797099e+01,8.060050e+00,2.991094e+01,3.958234e+01,1.696508e+02
1.294110e+06,1.497812e+01,1.449899e+05,1.678124e+00,9.488696e-01,9.486479e-01,1.486532e-03,1.084125e-08,3.797287e+01,8.060304e+00,2.991257e+01,3.958473e+01,1.696548e+02
1.294120e+06,1.497824e+01,1.449999e+05,1.678239e+00,9.488569e-01,9.486480e-01,1.486641e-03,1.084125e-08,3.797476e+01,8.060558e+00,2.991420e+01,3.958713e+01,1.696588e+02
1.294130e+06,1.497836e+01,1.450099e+05,1.678355e+00,9.488442e-01,9.486481e-01,1.486749e-03,1.084125e-08,3.797664e+01,8.060812e+00,2.991583e+01,3.958952e+01,1.696628e+02
1.294140e+06,1.497847e+01,1.450199e+05,1.678471e+00,9.488315e-01,9.486482e-01,1.486858e-03,1.084125e-08,3.797853e+01,8.061066e+00,2.991746e+01,3.959191e+01,1.696668e+02
1.294150e+06,1.497859e+01,1.450299e+05,1.678587e+00,9.488189e-01,9.486483e-01,1.486966e-03,1.084125e-08,3.798041e+01,8.061321e+00,2.991909e+01,3.959430e+01,1.696708e+02
1.294160e+06,1.497870e+01,1.450399e+05,1.678702e+00,9.488062e-01,9.486484e-01,1.487075e-03,1.084125e-08,3.798229e+01,8.061575e+00,2.992072e+01,3.959670e+01,1.696748e+02
1.294170e+06,1.497882e+01,1.450499e+05,1.678818e+00,9.487935e-01,9.486485e-01,1.487183e-03,1.084125e-08,3.798418e+01,8.061829e+00,2.992235e+01,3.959909e+01,1.696788e+02
1.294180e+06,1.497893e+01,1.450599e+05,1.678934e+00,9.487808e-01,9.486486e-01,1.487291e-03,1.084124e-08,3.798606e+01,8.062083e+00,2.992398e+01,3.960148e+01,1.696828e+02
1.294190e+06,1.497905e+01,1.450699e+05,1.679049e+00,9.487681e-01,9.486487e-01,1.487400e-03,1.084124e-08,3.798795e+01,8.062337e+00,2.992561e+01,3.960388e+01,1.696868e+02
1.294200e+06,1.497917e+01,1.450799e+05,1.679165e+00,9.487555e-01,9.486488e-01,1.487508e-03,1.084124e-08,3.798983e+01,8.062591e+00,2.992724e+01,3.960627e+01,1.696908e+02
1.294210e+06,1.497928e+01,1.450899e+05,1.679281e+00,9.487428e-01,9.486489e-01,1.487617e-03,1.084124e-08,3.799171e+01,8.062845e+00,2.992887e+01,3.960866e+01,1.696948e+02
1.294220e+06,1.497940e+01,1.450999e+05,1.679397e+00,9.487301e-01,9.486490e-01,1.487725e-03,1.084124e-08,3.799360e+01,8.063099e+00,2.993050e+01,3.961106e+01,1.696988e+02
1.294230e+06,1.497951e+01,1.451099e+05,1.679512e+00,9.487258e-01,9.486491e-01,1.487833e-03,1.084124e-08,3.799396e+01,8.062992e+00,2.993096e+01,3.961158e+01,1.697028e+02
1.294240e+06,1.497963e+01,1.451199e+05,1.679628e+00,9.487250e-01,9.486492e-01,1.487942e-03,1.084124e-08,3.799370e+01,8.062739e+00,2.993096e+01,3.961135e+01,1.697068e+02
1.294250e+06,1.497974e+01,1.451299e+05,1.679744e+00,9.487241e-01,9.486493e-01,1.488050e-03,1.084124e-08,3.799344e+01,8.062485e+00,2.993096e+01,3.961113e+01,1.697108e+02
1.294260e+06,1.497986e+01,1.451399e+05,1.679860e+00,9.487233e-01,9.486494e-01,1.488159e-03,1.084124e-08,3.799319e+01,8.062232e+00,2.993096e+01,3.961090e+01,1.697148e+02
1.294270e+06,1.497998e+01,1.451499e+05,1.679975e+00,9.487224e-01,9.486495e-01,1.488267e-03,1.084123e-08,3.799293e+01,8.061979e+00,2.993095e+01,3.961067e+01,1.697188e+02
1.294280e+06,1.498009e+01,1.451599e+05,1.680091e+00,9.487216e-01,9.486496e-01,1.488376e-03,1.084123e-08,3.799268e+01,8.061726e+00,2.993095e+01,3.961044e+01,1.697228e+02
1.294290e+06,1.498021e+01,1.451699e+05,1.680207e+00,9.487208e-01,9.486497e-01,1.488484e-03,1.084123e-08,3.799242e+01,8.061472e+00,2.993095e+01,3.961022e+01,1.697268e+02
1.294300e+06,1.498032e+01,1.451799e+05,1.680323e+00,9.487199e-01,9.486498e-01,1.488592e-03,1.084123e-08,3.799216e+01,8.061219e+00,2.993094e+01,3.960999e+01,1.697308e+02
1.294310e+06,1.498044e+01,1.451899e+05,1.680438e+00,9.487191e-01,9.486499e-01,1.488701e-03,1.084123e-08,3.799191e+01,8.060966e+00,2.993094e+01,3.960976e+01,1.697348e+02
1.294320e+06,1.498055e+01,1.451999e+05,1.680554e+00,9.487182e-01,9.486500e-01,1.488809e-03,1.084123e-08,3.799165e+01,8.060713e+00,2.993094e+01,3.960953e+01,1.697388e+02
1.294330e+06,1.498067e+01,1.452099e+05,1.680670e+00,9.487174e-01,9.486501e-01,1.488918e-03,1.084123e-08,3.799140e+01,8.060459e+00,2.993094e+01,3.960930e+01,1.697428e+02
1.294340e+06,1.498079e+01,1.452199e+05,1.680786e+00,9.487165e-01,9.486502e-01,1.489026e-03,1.084123e-08,3.799114e+01,8.060206e+00,2.993093e+01,3.960908e+01,1.697467e+02
1.294350e+06,1.498090e+01,1.452299e+05,1.680901e+00,9.487157e-01,9.486503e-01,1.489134e-03,1.084122e-08,3.799088e+01,8.059953e+00,2.993093e+01,3.960885e+01,1.697507e+02
1.294360e+06,1.498102e+01,1.452399e+05,1.681017e+00,9.487148e-01,9.486504e-01,1.489243e-03,1.084122e-08,3.799063e+01,8.059700e+00,2.993093e+01,3.960862e+01,1.697547e+02
1.294370e+06,1.498113e+01,1.452499e+05,1.681133e+00,9.487140e-01,9.486505e-01,1.489351e-03,1.084122e-08,3.799037e+01,8.059447e+00,2.993093e+01,3.960839e+01,1.697587e+02
1.294380e+06,1.498125e+01,1.452599e+05,1.681249e+00,9.487131e-01,9.486506e-01,1.489460e-03,1.084122e-08,3.799012e+01,8.059193e+00,2.993092e+01,3.960816e+01,1.697627e+02
1.294390e+06,1.498136e+01,1.452699e+05,1.681364e+00,9.487123e-01,9.486507e-01,1.489568e-03,1.084122e-08,3.798986e+01,8.058940e+00,2.993092e+01,3.960794e+01,1.697667e+02
1.294400e+06,1.498148e+01,1.452799e+05,1.681480e+00,9.487114e-01,9.486508e-01,1.489677e-03,1.084122e-08,3.798960e+01,8.058687e+00,2.993092e+01,3.960771e+01,1.697707e+02
1.294410e+06,1.498160e+01,1.452899e+05,1.681596e+00,9.487106e-01,9.486509e-01,1.489785e-03,1.084122e-08,3.798935e+01,8.058434e+00,2.993091e+01,3.960748e+01,1.697747e+02
1.294420e+06,1.498171e+01,1.452999e+05,1.681712e+00,9.487097e-01,9.486511e-01,1.489893e-03,1.084122e-08,3.798909e+01,8.058180e+00,2.993091e+01,3.960725e+01,1.697787e+02
1.294430e+06,1.498183e+01,1.453099e+05,1.681827e+00,9.487089e-01,9.486512e-01,1.490002e-03,1.084122e-08,3.798884e+01,8.057927e+00,2.993091e+01,3.960702e+01,1.697827e+02
1.294440e+06,1.498194e+01,1.453199e+05,1.681943e+00,9.487080e-01,9.486513e-01,1.490110e-03,1.084121e-08,3.798858e+01,8.057674e+00,2.993091e+01,3.960680e+01,1.697867e+02
1.294450e+06,1.498206e+01,1.453299e+05,1.682059e+00,9.487072e-01,9.486514e-01,1.490219e-03,1.084121e-08,3.798832e+01,8.057421e+00,2.993090e+01,3.960657e+01,1.697907e+02
1.294460e+06,1.498217e+01,1.453399e+05,1.682175e+00,9.487063e-01,9.486515e-01,1.490327e-03,1.084121e-08,3.798807e+01,8.057167e+00,2.993090e+01,3.960634e+01,1.697946e+02
1.294470e+06,1.498229e+01,1.453499e+05,1.682290e+00,9.487034e-01,9.486516e-01,1.490436e-03,1.084121e-08,3.798781e+01,8.056914e+00,2.993090e+01,3.960618e+01,1.697986e+02
1.294480e+06,1.498241e+01,1.453599e+05,1.682406e+00,9.487030e-01,9.486517e-01,1.490544e-03,1.084121e-08,3.798699e+01,8.056995e+00,2.993000e+01,3.960533e+01,1.698000e+02
1.294490e+06,1.498252e+01,1.453699e+05,1.682522e+00,9.487046e-01,9.486518e-01,1.490652e-03,1.084121e-08,3.798588e+01,8.057249e+00,2.992863e+01,3.960409e+01,1.698000e+02
1.294500e+06,1.498264e+01,1.453799e+05,1.682638e+00,9.487061e-01,9.486519e-01,1.490761e-03,1.084121e-08,3.798476e+01,8.057503e+00,2.992726e+01,3.960285e+01,1.698000e+02
1.294510e+06,1.498275e+01,1.453899e+05,1.682753e+00,9.487077e-01,9.486520e-01,1.490869e-03,1.084121e-08,3.798365e+01,8.057757e+00,2.992589e+01,3.960161e+01,1.698000e+02
1.294520e+06,1.498287e+01,1.453999e+05,1.682869e+00,9.487092e-01,9.486521e-01,1.490978e-03,1.084121e-08,3.798254e+01,8.058011e+00,2.992453e+01,3.960037e+01,1.698000e+02
1.294530e+06,1.498298e+01,1.454099e+05,1.682985e+00,9.487108e-01,9.486522e-01,1.491086e-03,1.084120e-08,3.798143e+01,8.058265e+00,2.992316e+01,3.959913e+01,1.698000e+02
1.294540e+06,1.498310e+01,1.454199e+05,1.683101e+00,9.487124e-01,9.486523e-01,1.491194e-03,1.084120e-08,3.798031e+01,8.058520e+00,2.992179e+01,3.959789e+01,1.698000e+02
1.294550e+06,1.498322e+01,1.454299e+05,1.683216e+00,9.487139e-01,9.486524e-01,1.491303e-03,1.084120e-08,3.797920e+01,8.058774e+00,2.992043e+01,3.959665e+01,1.698000e+02
1.294560e+06,1.498333e+01,1.454399e+05,1.683332e+00,9.487155e-01,9.486525e-01,1.491411e-03,1.084120e-08,3.797809e+01,8.059028e+00,2.991906e+01,3.959541e+01,1.698000e+02
1.294570e+06,1.498345e+01,1.454499e+05,1.683448e+00,9.487170e-01,9.486526e-01,1.491520e-03,1.084120e-08,3.797697e+01,8.059282e+00,2.991769e+01,3.959418e+01,1.698000e+02
1.294580e+06,1.498356e+01,1.454599e+05,1.683564e+00,9.487186e-01,9.486527e-01,1.491628e-03,1.084120e-08,3.797586e+01,8.059536e+00,2.991632e+01,3.959294e+01,1.698000e+02
1.294590e+06,1.498368e+01,1.454699e+05,1.683679e+00,9.487201e-01,9.486528e-01,1.491737e-03,1.084120e-08,3.797475e+01,8.059790e+00,2.991496e+01,3.959170e+01,1.698000e+02
1.294600e+06,1.498380e+01,1.454799e+05,1.683795e+00,9.487217e-01,9.486529e-01,1.491845e-03,1.084120e-08,3.797363e+01,8.060044e+00,2.991359e+01,3.959046e+01,1.698000e+02
1.294610e+06,1.498391e+01,1.454899e+05,1.683911e+00,9.487233e-01,9.486530e-01,1.491953e-03,1.084119e-08,3.797252e+01,8.060298e+00,2.991222e+01,3.958922e+01,1.698000e+02
1.294620e+06,1.498403e+01,1.454999e+05,1.684027e+00,9.487248e-01,9.486531e-01,1.492062e-03,1.084119e-08,3.797141e+01,8.060553e+00,2.991085e+01,3.958798e+01,1.698000e+02
1.294630e+06,1.498414e+01,1.455099e+05,1.684142e+00,9.487264e-01,9.486532e-01,1.492170e-03,1.084119e-08,3.797029e+01,8.060807e+00,2.990949e+01,3.958674e+01,1.698000e+02
1.294640e+06,1.498426e+01,1.455199e+05,1.684258e+00,9.487279e-01,9.486533e-01,1.492279e-03,1.084119e-08,3.796918e+01,8.061061e+00,2.990812e+01,3.958550e+01,1.698000e+02
1.294650e+06,1.498437e+01,1.455299e+05,1.684374e+00,9.487295e-01,9.486534e-01,1.492387e-03,1.084119e-08,3.796807e+01,8.061315e+00,2.990675e+01,3.958427e+01,1.698000e+02
1.294660e+06,1.498449e+01,1.455399e+05,1.684490e+00,9.487311e-01,9.486535e-01,1.492495e-03,1.084119e-08,3.796695e+01,8.061569e+00,2.990539e+01,3.958303e+01,1.698000e+02
1.294670e+06,1.498461e+01,1.455499e+05,1.684605e+00,9.487326e-01,9.486536e-01,1.492604e-03,1.084119e-08,3.796584e+01,8.061823e+00,2.990402e+01,3.958179e+01,1.698000e+02
1.294680e+06,1.498472e+01,1.455599e+05,1.684721e+00,9.487342e-01,9.486537e-01,1.492712e-03,1.084119e-08,3.796473e+01,8.062077e+00,2.990265e+01,3.958055e+01,1.698000e+02
1.294690e+06,1.498484e+01,1.455699e+05,1.684837e+00,9.487357e-01,9.486538e-01,1.492821e-03,1.084119e-08,3.796362e+01,8.062331e+00,2.990128e+01,3.957931e+01,1.698000e+02
1.294700e+06,1.498495e+01,1.455799e+05,1.684953e+00,9.487373e-01,9.486539e-01,1.492929e-03,1.084118e-08,3.796250e+01,8.062586e+00,2.989992e+01,3.957807e+01,1.698000e+02
1.294710e+06,1.498507e+01,1.455899e+05,1.685068e+00,9.487388e-01,9.486540e-01,1.493038e-03,1.084118e-08,3.796139e+01,8.062840e+00,2.989855e+01,3.957683e+01,1.698000e+02
1.294720e+06,1.498518e+01,1.455999e+05,1.685184e+00,9.487404e-01,9.486541e-01,1.493146e-03,1.084118e-08,3.796028e+01,8.063094e+00,2.989718e+01,3.957559e+01,1.698000e+02
1.294730e+06,1.498530e+01,1.456099e+05,1.685300e+00,9.487407e-01,9.486542e-01,1.493254e-03,1.084118e-08,3.796070e+01,8.063172e+00,2.989753e+01,3.957603e+01,1.698000e+02
1.294740e+06,1.498542e+01,1.456199e+05,1.685416e+00,9.487405e-01,9.486543e-01,1.493363e-03,1.084118e-08,3.796181e+01,8.063172e+00,2.989864e+01,3.957721e+01,1.698000e+02
1.294750e+06,1.498553e+01,1.456299e+05,1.685531e+00,9.487403e-01,9.486544e-01,1.493471e-03,1.084118e-08,3.796293e+01,8.063172e+00,2.989975e+01,3.957839e+01,1.698000e+02
1.294760e+06,1.498565e+01,1.456399e+05,1.685647e+00,9.487401e-01,9.486545e-01,1.493580e-03,1.084118e-08,3.796404e+01,8.063172e+00,2.990087e+01,3.957957e+01,1.698000e+02
1.294770e+06,1.498576e+01,1.456499e+05,1.685763e+00,9.487399e-01,9.486547e-01,1.493688e-03,1.084118e-08,3.796515e+01,8.063172e+00,2.990198e+01,3.958075e+01,1.698000e+02
1.294780e+06,1.498588e+01,1.456599e+05,1.685879e+00,9.487397e-01,9.486548e-01,1.493797e-03,1.084117e-08,3.796627e+01,8.063172e+00,2.990309e+01,3.958193e+01,1.698000e+02
1.294790e+06,1.498599e+01,1.456699e+05,1.685994e+00,9.487395e-01,9.486549e-01,1.493905e-03,1.084117e-08,3.796738e+01,8.063172e+00,2.990421e+01,3.958311e+01,1.698000e+02
1.294800e+06,1.498611e+01,1.456799e+05,1.686110e+00,9.487393e-01,9.486550e-01,1.494013e-03,1.084117e-08,3.796849e+01,8.063172e+00,2.990532e+01,3.958429e+01,1.698000e+02
1.294810e+06,1.498623e+01,1.456899e+05,1.686226e+00,9.487391e-01,9.486551e-01,1.494122e-03,1.084117e-08,3.796960e+01,8.063172e+00,2.990643e+01,3.958547e+01,1.698000e+02
1.294820e+06,1.498634e+01,1.456999e+05,1.686342e+00,9.487388e-01,9.486552e-01,1.494230e-03,1.084117e-08,3.797072e+01,8.063172e+00,2.990755e+01,3.958665e+01,1.698000e+02
1.294830e+06,1.498646e+01,1.457099e+05,1.686457e+00,9.487386e-01,9.486553e-01,1.494339e-03,1.084117e-08,3.797183e+01,8.063172e+00,2.990866e+01,3.958783e+01,1.698000e+02
1.294840e+06,1.498657e+01,1.457199e+05,1.686573e+00,9.487384e-01,9.486554e-01,1.494447e-03,1.084117e-08,3.797294e+01,8.063172e+00,2.990977e+01,3.958901e+01,1.698000e+02
1.294850e+06,1.498669e+01,1.457299e+05,1.686689e+00,9.487382e-01,9.486555e-01,1.494555e-03,1.084117e-08,3.797406e+01,8.063172e+00,2.991089e+01,3.959019e+01,1.698000e+02
1.294860e+06,1.498680e+01,1.457399e+05,1.686805e+00,9.487380e-01,9.486556e-01,1.494664e-03,1.084117e-08,3.797517e+01,8.063172e+00,2.991200e+01,3.959137e+01,1.698000e+02
1.294870e+06,1.498692e+01,1.457499e+05,1.686920e+00,9.487378e-01,9.486557e-01,1.494772e-03,1.084116e-08,3.797628e+01,8.063172e+00,2.991311e+01,3.959255e+01,1.698000e+02
1.294880e+06,1.498704e+01,1.457599e+05,1.687036e+00,9.487376e-01,9.486558e-01,1.494881e-03,1.084116e-08,3.797740e+01,8.063172e+00,2.991422e+01,3.959373e+01,1.698000e+02
1.294890e+06,1.498715e+01,1.457699e+05,1.687152e+00,9.487374e-01,9.486559e-01,1.494989e-03,1.084116e-08,3.797851e+01,8.063172e+00,2.991534e+01,3.959491e+01,1.698000e+02
1.294900e+06,1.498727e+01,1.457799e+05,1.687268e+00,9.487372e-01,9.486560e-01,1.495098e-03,1.084116e-08,3.797962e+01,8.063172e+00,2.991645e+01,3.959609e+01,1.698000e+02
1.294910e+06,1.498738e+01,1.457899e+05,1.687383e+00,9.487370e-01,9.486561e-01,1.495206e-03,1.084116e-08,3.798074e+01,8.063172e+00,2.991756e+01,3.959727e+01,1.698000e+02
1.294920e+06,1.498750e+01,1.457999e+05,1.687499e+00,9.487368e-01,9.486562e-01,1.495314e-03,1.084116e-08,3.798185e+01,8.063172e+00,2.991868e+01,3.959845e+01,1.698000e+02
1.294930e+06,1.498761e+01,1.458099e+05,1.687615e+00,9.487365e-01,9.486563e-01,1.495423e-03,1.084116e-08,3.798296e+01,8.063172e+00,2.991979e+01,3.959963e+01,1.698000e+02
1.294940e+06,1.498773e+01,1.458199e+05,1.687731e+00,9.487363e-01,9.486564e-01,1.495531e-03,1.084116e-08,3.798408e+01,8.063172e+00,2.992090e+01,3.960081e+01,1.698000e+02
1.294950e+06,1.498785e+01,1.458299e+05,1.687846e+00,9.487361e-01,9.486565e-01,1.495640e-03,1.084115e-08,3.798519e+01,8.063172e+00,2.992202e+01,3.960199e+01,1.698000e+02
1.294960e+06,1.498796e+01,1.458399e+05,1.687962e+00,9.487359e-01,9.486566e-01,1.495748e-03,1.084115e-08,3.798630e+01,8.063172e+00,2.992313e+01,3.960317e+01,1.698000e+02
1.294970e+06,1.498808e+01,1.458499e+05,1.688078e+00,9.487357e-01,9.486567e-01,1.495856e-03,1.084115e-08,3.798742e+01,8.063172e+00,2.992424e+01,3.960435e+01,1.698000e+02
1.294980e+06,1.498819e+01,1.458599e+05,1.688194e+00,9.487315e-01,9.486568e-01,1.495965e-03,1.084115e-08,3.798692e+01,8.062989e+00,2.992393e+01,3.960398e+01,1.698000e+02
1.294990e+06,1.498831e+01,1.458699e+05,1.688309e+00,9.487259e-01,9.486569e-01,1.496073e-03,1.084115e-08,3.798581e+01,8.062736e+00,2.992308e+01,3.960301e+01,1.698000e+02
1.295000e+06,1.498843e+01,1.458799e+05,1.688425e+00,9.487202e-01,9.486570e-01,1.496182e-03,1.084115e-08,3.798470e+01,8.062483e+00,2.992222e+01,3.960205e+01,1.698000e+02
1.295010e+06,1.498854e+01,1.458899e+05,1.688541e+00,9.487145e-01,9.486571e-01,1.496290e-03,1.084115e-08,3.798359e+01,8.062230e+00,2.992136e+01,3.960108e+01,1.698000e+02
1.295020e+06,1.498866e+01,1.458999e+05,1.688657e+00,9.487088e-01,9.486572e-01,1.496399e-03,1.084115e-08,3.798249e+01,8.061976e+00,2.992051e+01,3.960011e+01,1.698000e+02
1.295030e+06,1.498877e+01,1.459099e+05,1.688772e+00,9.487031e-01,9.486573e-01,1.496507e-03,1.084115e-08,3.798138e+01,8.061723e+00,2.991965e+01,3.959915e+01,1.698000e+02
1.295040e+06,1.498889e+01,1.459199e+05,1.688888e+00,9.486975e-01,9.486574e-01,1.496615e-03,1.084114e-08,3.798027e+01,8.061470e+00,2.991880e+01,3.959818e+01,1.698000e+02
1.295050e+06,1.498900e+01,1.459299e+05,1.689004e+00,9.486918e-01,9.486575e-01,1.496724e-03,1.084114e-08,3.797916e+01,8.061217e+00,2.991794e+01,3.959721e+01,1.698000e+02
1.295060e+06,1.498912e+01,1.459399e+05,1.689120e+00,9.486861e-01,9.486576e-01,1.496832e-03,1.084114e-08,3.797805e+01,8.060963e+00,2.991708e+01,3.959625e+01,1.698000e+02
1.295070e+06,1.498924e+01,1.459499e+05,1.689235e+00,9.486804e-01,9.486577e-01,1.496941e-03,1.084114e-08,3.797694e+01,8.060710e+00,2.991623e+01,3.959528e+01,1.698000e+02
1.295080e+06,1.498935e+01,1.459599e+05,1.689351e+00,9.486747e-01,9.486578e-01,1.497049e-03,1.084114e-08,3.797583e+01,8.060457e+00,2.991537e+01,3.959431e+01,1.698000e+02
1.295090e+06,1.498947e+01,1.459699e+05,1.689467e+00,9.486690e-01,9.486579e-01,1.497158e-03,1.084114e-08,3.797472e+01,8.060204e+00,2.991452e+01,3.959335e+01,1.698000e+02
1.295100e+06,1.498958e+01,1.459799e+05,1.689583e+00,9.486634e-01,9.486580e-01,1.497266e-03,1.084114e-08,3.797361e+01,8.059951e+00,2.991366e+01,3.959238e+01,1.698000e+02
1.295110e+06,1.498970e+01,1.459899e+05,1.689698e+00,9.486577e-01,9.486581e-01,1.497374e-03,1.084114e-08,3.797250e+01,8.059697e+00,2.991280e+01,3.959141e+01,1.698000e+02
1.295120e+06,1.498981e+01,1.459999e+05,1.689814e+00,9.486520e-01,9.486583e-01,1.497483e-03,1.084113e-08,3.797139e+01,8.059444e+00,2.991195e+01,3.959045e+01,1.698000e+02
1.295130e+06,1.498993e+01,1.460099e+05,1.689930e+00,9.486463e-01,9.486584e-01,1.497591e-03,1.084113e-08,3.797028e+01,8.059191e+00,2.991109e+01,3.958948e+01,1.698000e+02
1.295140e+06,1.499005e+01,1.460199e+05,1.690046e+00,9.486406e-01,9.486585e-01,1.497700e-03,1.084113e-08,3.796917e+01,8.058938e+00,2.991024e+01,3.958851e+01,1.698000e+02
1.295150e+06,1.499016e+01,1.460299e+05,1.690161e+00,9.486350e-01,9.486586e-01,1.497808e-03,1.084113e-08,3.796806e+01,8.058684e+00,2.990938e+01,3.958755e+01,1.698000e+02
1.295160e+06,1.499028e+01,1.460399e+05,1.690277e+00,9.486293e-01,9.486587e-01,1.497916e-03,1.084113e-08,3.796695e+01,8.058431e+00,2.990852e+01,3.958658e+01,1.698000e+02
1.295170e+06,1.499039e+01,1.460499e+05,1.690393e+00,9.486236e-01,9.486588e-01,1.498025e-03,1.084113e-08,3.796585e+01,8.058178e+00,2.990767e+01,3.958561e+01,1.698000e+02
1.295180e+06,1.499051e+01,1.460599e+05,1.690509e+00,9.486179e-01,9.486589e-01,1.498133e-03,1.084113e-08,3.796474e+01,8.057925e+00,2.990681e+01,3.958464e+01,1.698000e+02
1.295190e+06,1.499062e+01,1.460699e+05,1.690624e+00,9.486122e-01,9.486590e-01,1.498242e-03,1.084113e-08,3.796363e+01,8.057671e+00,2.990596e+01,3.958368e+01,1.698000e+02
1.295200e+06,1.499074e+01,1.460799e+05,1.690740e+00,9.486066e-01,9.486591e-01,1.498350e-03,1.084113e-08,3.796252e+01,8.057418e+00,2.990510e+01,3.958271e+01,1.698000e+02
1.295210e+06,1.499086e+01,1.460899e+05,1.690856e+00,9.486009e-01,9.486592e-01,1.498459e-03,1.084112e-08,3.796141e+01,8.057165e+00,2.990424e+01,3.958174e+01,1.698000e+02
1.295220e+06,1.499097e+01,1.460999e+05,1.690972e+00,9.485931e-01,9.486593e-01,1.498567e-03,1.084112e-08,3.796030e+01,8.056912e+00,2.990339e+01,3.958085e+01,1.698000e+02
1.295230e+06,1.499109e+01,1.461099e+05,1.691087e+00,9.485820e-01,9.486594e-01,1.498675e-03,1.084112e-08,3.796033e+01,8.056828e+00,2.990350e+01,3.958125e+01,1.697973e+02
1.295240e+06,1.499120e+01,1.461199e+05,1.691203e+00,9.485699e-01,9.486595e-01,1.498784e-03,1.084112e-08,3.796093e+01,8.056828e+00,2.990410e+01,3.958229e+01,1.697933e+02
1.295250e+06,1.499132e+01,1.461299e+05,1.691319e+00,9.485578e-01,9.486596e-01,1.498892e-03,1.084112e-08,3.796153e+01,8.056828e+00,2.990470e+01,3.958332e+01,1.697893e+02
1.295260e+06,1.499143e+01,1.461399e+05,1.691435e+00,9.485457e-01,9.486597e-01,1.499001e-03,1.084112e-08,3.796213e+01,8.056828e+00,2.990530e+01,3.958436e+01,1.697853e+02
1.295270e+06,1.499155e+01,1.461500e+05,1.691550e+00,9.485336e-01,9.486598e-01,1.499109e-03,1.084112e-08,3.796273e+01,8.056828e+00,2.990590e+01,3.958539e+01,1.697813e+02
1.295280e+06,1.499167e+01,1.461600e+05,1.691666e+00,9.485215e-01,9.486599e-01,1.499217e-03,1.084112e-08,3.796333e+01,8.056828e+00,2.990650e+01,3.958643e+01,1.697773e+02
1.295290e+06,1.499178e+01,1.461700e+05,1.691782e+00,9.485094e-01,9.486600e-01,1.499326e-03,1.084111e-08,3.796393e+01,8.056828e+00,2.990710e+01,3.958746e+01,1.697733e+02
1.295300e+06,1.499190e+01,1.461800e+05,1.691898e+00,9.484973e-01,9.486601e-01,1.499434e-03,1.084111e-08,3.796453e+01,8.056828e+00,2.990770e+01,3.958849e+01,1.697693e+02
1.295310e+06,1.499201e+01,1.461900e+05,1.692013e+00,9.484852e-01,9.486602e-01,1.499543e-03,1.084111e-08,3.796513e+01,8.056828e+00,2.990830e+01,3.958953e+01,1.697653e+02
1.295320e+06,1.499213e+01,1.462000e+05,1.692129e+00,9.484731e-01,9.486603e-01,1.499651e-03,1.084111e-08,3.796573e+01,8.056828e+00,2.990890e+01,3.959056e+01,1.697613e+02
1.295330e+06,1.499224e+01,1.462100e+05,1.692245e+00,9.484609e-01,9.486604e-01,1.499760e-03,1.084111e-08,3.796633e+01,8.056828e+00,2.990950e+01,3.959160e+01,1.697573e+02
1.295340e+06,1.499236e+01,1.462200e+05,1.692361e+00,9.484488e-01,9.486605e-01,1.499868e-03,1.084111e-08,3.796692e+01,8.056828e+00,2.991010e+01,3.959263e+01,1.697533e+02
1.295350e+06,1.499248e+01,1.462300e+05,1.692476e+00,9.484367e-01,9.486606e-01,1.499976e-03,1.084111e-08,3.796752e+01,8.056828e+00,2.991070e+01,3.959367e+01,1.697493e+02
1.295360e+06,1.499259e+01,1.462400e+05,1.692592e+00,9.484246e-01,9.486607e-01,1.500085e-03,1.084111e-08,3.796812e+01,8.056828e+00,2.991130e+01,3.959470e+01,1.697453e+02
1.295370e+06,1.499271e+01,1.462500e+05,1.692708e+00,9.484125e-01,9.486608e-01,1.500193e-03,1.084111e-08,3.796872e+01,8.056828e+00,2.991190e+01,3.959574e+01,1.697413e+02
1.295380e+06,1.499282e+01,1.462600e+05,1.692824e+00,9.484004e-01,9.486609e-01,1.500302e-03,1.084110e-08,3.796932e+01,8.056828e+00,2.991249e+01,3.959677e+01,1.697372e+02
1.295390e+06,1.499294e+01,1.462700e+05,1.692939e+00,9.483883e-01,9.486610e-01,1.500410e-03,1.084110e-08,3.796992e+01,8.056828e+00,2.991309e+01,3.959781e+01,1.697332e+02
1.295400e+06,1.499306e+01,1.462800e+05,1.693055e+00,9.483762e-01,9.486611e-01,1.500518e-03,1.084110e-08,3.797052e+01,8.056828e+00,2.991369e+01,3.959884e+01,1.697292e+02
1.295410e+06,1.499317e+01,1.462900e+05,1.693171e+00,9.483641e-01,9.486612e-01,1.500627e-03,1.084110e-08,3.797112e+01,8.056828e+00,2.991429e+01,3.959987e+01,1.697252e+02
1.295420e+06,1.499329e+01,1.463000e+05,1.693287e+00,9.483520e-01,9.486613e-01,1.500735e-03,1.084110e-08,3.797172e+01,8.056828e+00,2.991489e+01,3.960091e+01,1.697212e+02
1.295430e+06,1.499340e+01,1.463100e+05,1.693402e+00,9.483399e-01,9.486614e-01,1.500844e-03,1.084110e-08,3.797232e+01,8.056828e+00,2.991549e+01,3.960194e+01,1.697172e+02
1.295440e+06,1.499352e+01,1.463200e+05,1.693518e+00,9.483278e-01,9.486615e-01,1.500952e-03,1.084110e-08,3.797292e+01,8.056828e+00,2.991609e+01,3.960298e+01,1.697132e+02
1.295450e+06,1.499363e+01,1.463300e+05,1.693634e+00,9.483157e-01,9.486616e-01,1.501061e-03,1.084110e-08,3.797352e+01,8.056828e+00,2.991669e+01,3.960401e+01,1.697092e+02
1.295460e+06,1.499375e+01,1.463400e+05,1.693750e+00,9.483036e-01,9.486617e-01,1.501169e-03,1.084109e-08,3.797412e+01,8.056828e+00,2.991729e+01,3.960505e+01,1.697052e+02
1.295470e+06,1.499387e+01,1.463500e+05,1.693865e+00,9.482937e-01,9.486619e-01,1.501277e-03,1.084109e-08,3.797472e+01,8.056828e+00,2.991789e+01,3.960601e+01,1.697012e+02
1.295480e+06,1.499398e+01,1.463600e+05,1.693981e+00,9.482968e-01,9.486620e-01,1.501386e-03,1.084109e-08,3.797490e+01,8.056828e+00,2.991807e+01,3.960609e+01,1.697000e+02
1.295490e+06,1.499410e+01,1.463700e+05,1.694097e+00,9.483051e-01,9.486621e-01,1.501494e-03,1.084109e-08,3.797490e+01,8.056828e+00,2.991807e+01,3.960582e+01,1.697000e+02
1.295500e+06,1.499421e+01,1.463800e+05,1.694213e+00,9.483134e-01,9.486622e-01,1.501603e-03,1.084109e-08,3.797490e+01,8.056828e+00,2.991807e+01,3.960554e+01,1.697000e+02
1.295510e+06,1.499433e+01,1.463900e+05,1.694328e+00,9.483217e-01,9.486623e-01,1.501711e-03,1.084109e-08,3.797490e+01,8.056828e+00,2.991807e+01,3.960527e+01,1.697000e+02
1.295520e+06,1.499444e+01,1.464000e+05,1.694444e+00,9.483300e-01,9.486624e-01,1.501820e-03,1.084109e-08,3.797490e+01,8.056828e+00,2.991807e+01,3.960499e+01,1.697000e+02
1.295530e+06,1.499456e+01,1.464100e+05,1.694560e+00,9.483383e-01,9.486625e-01,1.501928e-03,1.084109e-08,3.797490e+01,8.056828e+00,2.991807e+01,3.960471e+01,1.697000e+02
1.295540e+06,1.499468e+01,1.464200e+05,1.694676e+00,9.483466e-01,9.486626e-01,1.502036e-03,1.084109e-08,3.797490e+01,8.056828e+00,2.991807e+01,3.960444e+01,1.697000e+02
1.295550e+06,1.499479e+01,1.464300e+05,1.694791e+00,9.483549e-01,9.486627e-01,1.502145e-03,1.084108e-08,3.797490e+01,8.056828e+00,2.991807e+01,3.960416e+01,1.697000e+02
1.295560e+06,1.499491e+01,1.464400e+05,1.694907e+00,9.483631e-01,9.486628e-01,1.502253e-03,1.084108e-08,3.797490e+01,8.056828e+00,2.991807e+01,3.960389e+01,1.697000e+02
1.295570e+06,1.499502e+01,1.464500e+05,1.695023e+00,9.483714e-01,9.486629e-01,1.502362e-03,1.084108e-08,3.797490e+01,8.056828e+00,2.991807e+01,3.960361e+01,1.697000e+02
1.295580e+06,1.499514e+01,1.464600e+05,1.695139e+00,9.483797e-01,9.486630e-01,1.502470e-03,1.084108e-08,3.797490e+01,8.056828e+00,2.991807e+01,3.960334e+01,1.697000e+02
1.295590e+06,1.499525e+01,1.464700e+05,1.695254e+00,9.483880e-01,9.486631e-01,1.502578e-03,1.084108e-08,3.797490e+01,8.056828e+00,2.991807e+01,3.960306e+01,1.697000e+02
1.295600e+06,1.499537e+01,1.464800e+05,1.695370e+00,9.483963e-01,9.486632e-01,1.502687e-03,1.084108e-08,3.797490e+01,8.056828e+00,2.991807e+01,3.960278e+01,1.697000e+02
1.295610e+06,1.499549e+01,1.464900e+05,1.695486e+00,9.484046e-01,9.486633e-01,1.502795e-03,1.084108e-08,3.797490e+01,8.056828e+00,2.991807e+01,3.960251e+01,1.697000e+02
1.295620e+06,1.499560e+01,1.465000e+05,1.695602e+00,9.484129e-01,9.486634e-01,1.502904e-03,1.084108e-08,3.797490e+01,8.056828e+00,2.991807e+01,3.960223e+01,1.697000e+02
1.295630e+06,1.499572e+01,1.465100e+05,1.695717e+00,9.484212e-01,9.486635e-01,1.503012e-03,1.084107e-08,3.797490e+01,8.056828e+00,2.991807e+01,3.960196e+01,1.697000e+02
1.295640e+06,1.499583e+01,1.465200e+05,1.695833e+00,9.484295e-01,9.486636e-01,1.503121e-03,1.084107e-08,3.797490e+01,8.056828e+00,2.991807e+01,3.960168e+01,1.697000e+02
1.295650e+06,1.499595e+01,1.465300e+05,1.695949e+00,9.484377e-01,9.486637e-01,1.503229e-03,1.084107e-08,3.797490e+01,8.056828e+00,2.991807e+01,3.960141e+01,1.697000e+02
1.295660e+06,1.499606e+01,1.465400e+05,1.696065e+00,9.484460e-01,9.486638e-01,1.503337e-03,1.084107e-08,3.797490e+01,8.056828e+00,2.991807e+01,3.960113e+01,1.697000e+02
1.295670e+06,1.499618e+01,1.465500e+05,1.696180e+00,9.484543e-01,9.486639e-01,1.503446e-03,1.084107e-08,3.797490e+01,8.056828e+00,2.991807e+01,3.960085e+01,1.697000e+02
1.295680e+06,1.499630e+01,1.465600e+05,1.696296e+00,9.484626e-01,9.486640e-01,1.503554e-03,1.084107e-08,3.797490e+01,8.056828e+00,2.991807e+01,3.960058e+01,1.697000e+02
1.295690e+06,1.499641e+01,1.465700e+05,1.696412e+00,9.484709e-01,9.486641e-01,1.503663e-03,1.084107e-08,3.797490e+01,8.056828e+00,2.991807e+01,3.960030e+01,1.697000e+02
1.295700e+06,1.499653e+01,1.465800e+05,1.696528e+00,9.484792e-01,9.486642e-01,1.503771e-03,1.084107e-08,3.797490e+01,8.056828e+00,2.991807e+01,3.960003e+01,1.697000e+02
1.295710e+06,1.499664e+01,1.465900e+05,1.696643e+00,9.484875e-01,9.486643e-01,1.503879e-03,1.084107e-08,3.797490e+01,8.056828e+00,2.991807e+01,3.959975e+01,1.697000e+02
1.295720e+06,1.499676e+01,1.466000e+05,1.696759e+00,9.484958e-01,9.486644e-01,1.503988e-03,1.084106e-08,3.797490e+01,8.056828e+00,2.991807e+01,3.959948e+01,1.697000e+02
1.295730e+06,1.499687e+01,1.466100e+05,1.696875e+00,9.485013e-01,9.486645e-01,1.504096e-03,1.084106e-08,3.797490e+01,8.056828e+00,2.991807e+01,3.959929e+01,1.697000e+02
1.295740e+06,1.499699e+01,1.466200e+05,1.696991e+00,9.485058e-01,9.486646e-01,1.504205e-03,1.084106e-08,3.797490e+01,8.056828e+00,2.991807e+01,3.959914e+01,1.697000e+02
1.295750e+06,1.499711e+01,1.466300e+05,1.697106e+00,9.485103e-01,9.486647e-01,1.504313e-03,1.084106e-08,3.797490e+01,8.056828e+00,2.991807e+01,3.959899e+01,1.697000e+02
1.295760e+06,1.499722e+01,1.466400e+05,1.697222e+00,9.485148e-01,9.486648e-01,1.504422e-03,1.084106e-08,3.797490e+01,8.056828e+00,2.991807e+01,3.959884e+01,1.697000e+02
1.295770e+06,1.499734e+01,1.466500e+05,1.697338e+00,9.485193e-01,9.486649e-01,1.504530e-03,1.084106e-08,3.797490e+01,8.056828e+00,2.991807e+01,3.959869e+01,1.697000e+02
1.295780e+06,1.499745e+01,1.466600e+05,1.697454e+00,9.485238e-01,9.486650e-01,1.504638e-03,1.084106e-08,3.797490e+01,8.056828e+00,2.991807e+01,3.959854e+01,1.697000e+02
1.295790e+06,1.499757e+01,1.466700e+05,1.697569e+00,9.485284e-01,9.486651e-01,1.504747e-03,1.084106e-08,3.797490e+01,8.056828e+00,2.991807e+01,3.959839e+01,1.697000e+02
1.295800e+06,1.499769e+01,1.466800e+05,1.697685e+00,9.485329e-01,9.486652e-01,1.504855e-03,1.084105e-08,3.797490e+01,8.056828e+00,2.991807e+01,3.959824e+01,1.697000e+02
1.295810e+06,1.499780e+01,1.466900e+05,1.697801e+00,9.485374e-01,9.486653e-01,1.504964e-03,1.084105e-08,3.797490e+01,8.056828e+00,2.991807e+01,3.959809e+01,1.697000e+02
1.295820e+06,1.499792e+01,1.467000e+05,1.697917e+00,9.485419e-01,9.486655e-01,1.505072e-03,1.084105e-08,3.797490e+01,8.056828e+00,2.991807e+01,3.959794e+01,1.697000e+02
1.295830e+06,1.499803e+01,1.467100e+05,1.698032e+00,9.485464e-01,9.486656e-01,1.505180e-03,1.084105e-08,3.797490e+01,8.056828e+00,2.991807e+01,3.959779e+01,1.697000e+02
1.295840e+06,1.499815e+01,1.467200e+05,1.698148e+00,9.485509e-01,9.486657e-01,1.505289e-03,1.084105e-08,3.797490e+01,8.056828e+00,2.991807e+01,3.959764e+01,1.697000e+02
1.295850e+06,1.499826e+01,1.467300e+05,1.698264e+00,9.485554e-01,9.486658e-01,1.505397e-03,1.084105e-08,3.797490e+01,8.056828e+00,2.991807e+01,3.959749e+01,1.697000e+02
1.295860e+06,1.499838e+01,1.467400e+05,1.698380e+00,9.485599e-01,9.486659e-01,1.505506e-03,1.084105e-08,3.797490e+01,8.056828e+00,2.991807e+01,3.959734e+01,1.697000e+02
1.295870e+06,1.499850e+01,1.467500e+05,1.698495e+00,9.485286e-01,9.486660e-01,1.505614e-03,1.084105e-08,3.797490e+01,8.056828e+00,2.991807e+01,3.959838e+01,1.697000e+02
1.295880e+06,1.499861e+01,1.467600e+05,1.698611e+00,9.484799e-01,9.486661e-01,1.505723e-03,1.084105e-08,3.797490e+01,8.054130e+00,2.992077e+01,3.960015e+01,1.697000e+02
1.295890e+06,1.499873e+01,1.467700e+05,1.698727e+00,9.484799e-01,9.486662e-01,1.505831e-03,1.084104e-08,3.796906e+01,8.050483e+00,2.991858e+01,3.959420e+01,1.697000e+02
1.295900e+06,1.499884e+01,1.467800e+05,1.698843e+00,9.484799e-01,9.486663e-01,1.505939e-03,1.084104e-08,3.795497e+01,8.052935e+00,2.990204e+01,3.957921e+01,1.697000e+02
1.295910e+06,1.499896e+01,1.467900e+05,1.698958e+00,9.484872e-01,9.486664e-01,1.506048e-03,1.084104e-08,3.794968e+01,8.056828e+00,2.989286e+01,3.957318e+01,1.697000e+02
1.295920e+06,1.499907e+01,1.468000e+05,1.699074e+00,9.485467e-01,9.486665e-01,1.506156e-03,1.084104e-08,3.795950e+01,8.056828e+00,2.990268e+01,3.958156e+01,1.697000e+02
1.295930e+06,1.499919e+01,1.468100e+05,1.699190e+00,9.486402e-01,9.486666e-01,1.506265e-03,1.084104e-08,3.796494e+01,8.056828e+00,2.990811e+01,3.958417e+01,1.697000e+02
1.295940e+06,1.499931e+01,1.468200e+05,1.699306e+00,9.486285e-01,9.486667e-01,1.506373e-03,1.084104e-08,3.796347e+01,8.056828e+00,2.990664e+01,3.958302e+01,1.696586e+02
1.295950e+06,1.499942e+01,1.468300e+05,1.699421e+00,9.485990e-01,9.486668e-01,1.506481e-03,1.084104e-08,3.797122e+01,8.056828e+00,2.991439e+01,3.959217e+01,1.696000e+02
1.295960e+06,1.499954e+01,1.468400e+05,1.699537e+00,9.486390e-01,9.486669e-01,1.506590e-03,1.084104e-08,3.797741e+01,8.056828e+00,2.992058e+01,3.959736e+01,1.696392e+02
1.295970e+06,1.499965e+01,1.468500e+05,1.699653e+00,9.486246e-01,9.486670e-01,1.506698e-03,1.084103e-08,3.798131e+01,8.056828e+00,2.992448e+01,3.960196e+01,1.696644e+02
1.295980e+06,1.499977e+01,1.468600e+05,1.699769e+00,9.486136e-01,9.486671e-01,1.506807e-03,1.084103e-08,3.798580e+01,8.056828e+00,2.992897e+01,3.960705e+01,1.696350e+02
1.295990e+06,1.499988e+01,1.468700e+05,1.699884e+00,9.485722e-01,9.486672e-01,1.506915e-03,1.084103e-08,3.799414e+01,8.056828e+00,2.993731e+01,3.961722e+01,1.696598e+02
1.296000e+06,1.500000e+01,1.468800e+05,1.700000e+00,9.484765e-01,9.486673e-01,1.507024e-03,1.084103e-08,3.799414e+01,8.056828e+00,2.993731e+01,3.962040e+01,1.696000e+02
